0 729 0.00000e+00
  1     729
2.360912e-02 2.069762e+03 -3.907984e+03 1.000000e+00
8.547359e+00 3.018225e+03 -4.082537e+03 1.000000e+00
1.747293e+01 2.978139e+03 -4.186780e+03 1.000000e+00
2.280112e+01 3.912378e+03 -4.255493e+03 1.000000e+00
2.734858e+01 3.726482e+03 -4.248546e+03 9.992651e-01
3.027646e+01 4.688746e+03 -4.219229e+03 9.950333e-01
3.205707e+01 4.295396e+03 -4.110946e+03 9.787423e-01
2.664659e+01 5.366452e+03 -4.168970e+03 9.366232e-01
2.527815e+01 4.537927e+03 -4.115748e+03 8.571537e-01
-4.982320e-01 2.074960e+03 -3.914607e+03 1.000000e+00
8.821753e+00 3.027778e+03 -4.083334e+03 1.000000e+00
1.750658e+01 2.981902e+03 -4.187049e+03 1.000000e+00
2.303380e+01 3.918751e+03 -4.261099e+03 1.000000e+00
2.425511e+01 3.730033e+03 -4.248996e+03 9.992651e-01
2.399710e+01 4.689352e+03 -4.219105e+03 9.950333e-01
2.246719e+01 4.296622e+03 -4.119825e+03 9.787423e-01
2.768928e+01 5.362170e+03 -4.165732e+03 9.366232e-01
2.591766e+01 4.539865e+03 -4.115388e+03 8.571537e-01
2.853494e+00 2.081683e+03 -3.920157e+03 1.000000e+00
1.035817e+01 3.035284e+03 -4.086625e+03 1.000000e+00
1.440077e+01 2.988556e+03 -4.188809e+03 1.000000e+00
1.988219e+01 3.923973e+03 -4.263893e+03 1.000000e+00
2.687825e+01 3.733220e+03 -4.254110e+03 9.992651e-01
2.952335e+01 4.692703e+03 -4.225944e+03 9.950333e-01
2.961532e+01 4.296986e+03 -4.132663e+03 9.787423e-01
2.577009e+01 5.368305e+03 -4.161079e+03 9.366232e-01
2.435559e+01 4.537518e+03 -4.112615e+03 8.571537e-01
1.445949e+00 2.095690e+03 -3.922923e+03 1.000000e+00
8.848773e+00 3.035727e+03 -4.092541e+03 1.000000e+00
1.576459e+01 3.001556e+03 -4.195987e+03 1.000000e+00
1.987415e+01 3.923344e+03 -4.265173e+03 1.000000e+00
2.111825e+01 3.741635e+03 -4.262610e+03 9.992651e-01
2.070213e+01 4.691339e+03 -4.236483e+03 9.950333e-01
1.677916e+01 4.304986e+03 -4.144449e+03 9.787423e-01
2.022100e+01 5.364536e+03 -4.159503e+03 9.366232e-01
2.046176e+01 4.542913e+03 -4.111959e+03 8.571537e-01
1.544845e+00 2.100380e+03 -3.930401e+03 1.000000e+00
7.774066e+00 3.049049e+03 -4.097319e+03 1.000000e+00
1.567811e+01 3.001343e+03 -4.199430e+03 1.000000e+00
1.923288e+01 3.937229e+03 -4.273391e+03 1.000000e+00
2.052032e+01 3.737595e+03 -4.269161e+03 9.992651e-01
2.440729e+01 4.700747e+03 -4.246412e+03 9.950333e-01
2.228341e+01 4.299179e+03 -4.162670e+03 9.787423e-01
2.026901e+01 5.366943e+03 -4.162452e+03 9.366232e-01
2.052996e+01 4.536701e+03 -4.115457e+03 8.571537e-01
-1.050837e+00 2.110114e+03 -3.938221e+03 1.000000e+00
5.766176e+00 3.056305e+03 -4.104056e+03 1.000000e+00
6.020278e+00 3.008673e+03 -4.204050e+03 1.000000e+00
1.104289e+01 3.942122e+03 -4.278375e+03 1.000000e+00
1.428889e+01 3.743283e+03 -4.272850e+03 9.992651e-01
1.783989e+01 4.701979e+03 -4.251076e+03 9.950333e-01
1.505818e+01 4.304951e+03 -4.171938e+03 9.787423e-01
1.539508e+01 5.367147e+03 -4.166719e+03 9.366232e-01
1.621923e+01 4.540324e+03 -4.116386e+03 8.571537e-01
7.089082e-01 2.113500e+03 -3.945273e+03 1.000000e+00
3.935649e+00 3.068880e+03 -4.110352e+03 1.000000e+00
7.912673e+00 3.014656e+03 -4.213151e+03 1.000000e+00
1.197370e+01 3.950259e+03 -4.282402e+03 1.000000e+00
1.231906e+01 3.748526e+03 -4.278655e+03 9.992651e-01
1.222740e+01 4.707284e+03 -4.256909e+03 9.950333e-01
1.162713e+01 4.305752e+03 -4.175878e+03 9.787423e-01
1.132663e+01 5.365811e+03 -4.173748e+03 9.366232e-01
1.243694e+01 4.538133e+03 -4.119547e+03 8.571537e-01
-1.254578e+00 2.141531e+03 -3.950270e+03 1.000000e+00
3.436030e+00 3.066662e+03 -4.115746e+03 1.000000e+00
4.937156e+00 3.034506e+03 -4.218894e+03 1.000000e+00
3.292663e+00 3.958189e+03 -4.291182e+03 1.000000e+00
3.454912e+00 3.754180e+03 -4.284838e+03 9.992651e-01
6.684926e+00 4.725158e+03 -4.261496e+03 9.950333e-01
6.978710e+00 4.291204e+03 -4.181505e+03 9.787423e-01
5.938198e+00 5.392524e+03 -4.180684e+03 9.366232e-01
6.612785e+00 4.514413e+03 -4.126241e+03 8.571537e-01
0.000000e+00 2.185429e+03 -3.950458e+03 1.000000e+00
0.000000e+00 3.051121e+03 -4.119350e+03 1.000000e+00
0.000000e+00 3.070596e+03 -4.221357e+03 1.000000e+00
0.000000e+00 3.955927e+03 -4.297376e+03 1.000000e+00
0.000000e+00 3.781734e+03 -4.287419e+03 9.992651e-01
0.000000e+00 4.735556e+03 -4.262410e+03 9.950333e-01
0.000000e+00 4.306461e+03 -4.185423e+03 9.787423e-01
0.000000e+00 5.414035e+03 -4.183552e+03 9.366232e-01
0.000000e+00 4.522874e+03 -4.129574e+03 8.571537e-01
3.384584e-01 2.568047e+03 -3.961879e+03 1.000000e+00
9.201644e+00 2.581456e+03 -4.008888e+03 1.000000e+00
1.786903e+01 3.509077e+03 -4.262094e+03 1.000000e+00
2.300910e+01 3.397751e+03 -4.140574e+03 1.000000e+00
2.737778e+01 4.318568e+03 -4.357373e+03 9.992651e-01
3.017938e+01 4.031172e+03 -4.044693e+03 9.950333e-01
3.191488e+01 5.007627e+03 -4.237021e+03 9.787423e-01
2.722469e+01 4.591284e+03 -4.059399e+03 9.366232e-01
2.578433e+01 5.292308e+03 -4.020618e+03 8.571537e-01
4.154220e-01 2.580565e+03 -3.967852e+03 1.000000e+00
9.399581e+00 2.586578e+03 -4.010448e+03 1.000000e+00
1.788224e+01 3.517103e+03 -4.261575e+03 1.000000e+00
2.358696e+01 3.402106e+03 -4.146372e+03 1.000000e+00
2.518943e+01 4.324071e+03 -4.356221e+03 9.992651e-01
2.490372e+01 4.034942e+03 -4.046533e+03 9.950333e-01
2.292658e+01 5.007112e+03 -4.243759e+03 9.787423e-01
2.759599e+01 4.592572e+03 -4.056725e+03 9.366232e-01
2.570775e+01 5.287549e+03 -4.019242e+03 8.571537e-01
2.842859e+00 2.589133e+03 -3.973605e+03 1.000000e+00
1.059523e+01 2.592846e+03 -4.013376e+03 1.000000e+00
1.483801e+01 3.523267e+03 -4.263388e+03 1.000000e+00
2.040457e+01 3.407347e+03 -4.148965e+03 1.000000e+00
2.626768e+01 4.326469e+03 -4.361393e+03 9.992651e-01
2.931493e+01 4.035547e+03 -4.052239e+03 9.950333e-01
3.002004e+01 5.011069e+03 -4.256061e+03 9.787423e-01
2.703181e+01 4.591549e+03 -4.050541e+03 9.366232e-01
2.534714e+01 5.291085e+03 -4.014414e+03 8.571537e-01
2.330696e+00 2.590306e+03 -3.975844e+03 1.000000e+00
9.332512e+00 2.607008e+03 -4.020018e+03 1.000000e+00
1.618435e+01 3.523688e+03 -4.268770e+03 1.000000e+00
2.022939e+01 3.418775e+03 -4.152295e+03 1.000000e+00
2.220006e+01 4.323952e+03 -4.367329e+03 9.992651e-01
2.142811e+01 4.043353e+03 -4.063840e+03 9.950333e-01
1.746668e+01 5.008774e+03 -4.264884e+03 9.787423e-01
2.002345e+01 4.596807e+03 -4.049074e+03 9.366232e-01
2.034477e+01 5.287265e+03 -4.011554e+03 8.571537e-01
1.532432e+00 2.602592e+03 -3.983946e+03 1.000000e+00
8.104945e+00 2.609807e+03 -4.023858e+03 1.000000e+00
1.603850e+01 3.537185e+03 -4.272950e+03 1.000000e+00
1.930541e+01 3.416496e+03 -4.159126e+03 1.000000e+00
2.077251e+01 4.337182e+03 -4.374480e+03 9.992651e-01
2.358670e+01 4.039032e+03 -4.073042e+03 9.950333e-01
2.271727e+01 5.018886e+03 -4.282413e+03 9.787423e-01
2.109629e+01 4.591361e+03 -4.052191e+03 9.366232e-01
2.104961e+01 5.291122e+03 -4.014341e+03 8.571537e-01
-3.586594e-01 2.609299e+03 -3.989670e+03 1.000000e+00
5.844771e+00 2.618509e+03 -4.032629e+03 1.000000e+00
6.197430e+00 3.543271e+03 -4.274862e+03 1.000000e+00
1.133155e+01 3.423463e+03 -4.166877e+03 1.000000e+00
1.489059e+01 4.339302e+03 -4.374405e+03 9.992651e-01
1.836070e+01 4.043464e+03 -4.081424e+03 9.950333e-01
1.624327e+01 5.020065e+03 -4.284767e+03 9.787423e-01
1.576418e+01 4.597969e+03 -4.055412e+03 9.366232e-01
1.667464e+01 5.289190e+03 -4.013186e+03 8.571537e-01
7.932408e-01 2.623611e+03 -3.997858e+03 1.000000e+00
4.089038e+00 2.624118e+03 -4.037178e+03 1.000000e+00
8.332252e+00 3.554704e+03 -4.285907e+03 1.000000e+00
1.210574e+01 3.429907e+03 -4.167768e+03 1.000000e+00
1.235598e+01 4.346034e+03 -4.383474e+03 9.992651e-01
1.208710e+01 4.048549e+03 -4.081881e+03 9.950333e-01
1.177399e+01 5.024873e+03 -4.293667e+03 9.787423e-01
1.098264e+01 4.596740e+03 -4.062013e+03 9.366232e-01
1.249698e+01 5.290221e+03 -4.015354e+03 8.571537e-01
-7.870275e-01 2.615128e+03 -4.003586e+03 1.000000e+00
3.617821e+00 2.648229e+03 -4.041294e+03 1.000000e+00
4.866999e+00 3.556927e+03 -4.292957e+03 1.000000e+00
3.567133e+00 3.442419e+03 -4.174827e+03 1.000000e+00
3.767853e+00 4.358020e+03 -4.391350e+03 9.992651e-01
6.820155e+00 4.044635e+03 -4.084321e+03 9.950333e-01
7.337044e+00 5.048737e+03 -4.301308e+03 9.787423e-01
6.620338e+00 4.575415e+03 -4.067612e+03 9.366232e-01
6.986547e+00 5.317343e+03 -4.021123e+03 8.571537e-01
0.000000e+00 2.594270e+03 -3.999476e+03 1.000000e+00
0.000000e+00 2.689366e+03 -4.050071e+03 1.000000e+00
0.000000e+00 3.548026e+03 -4.288974e+03 1.000000e+00
0.000000e+00 3.475959e+03 -4.188410e+03 1.000000e+00
0.000000e+00 4.362426e+03 -4.384389e+03 9.992651e-01
0.000000e+00 4.066865e+03 -4.096514e+03 9.950333e-01
0.000000e+00 5.064957e+03 -4.292717e+03 9.787423e-01
0.000000e+00 4.586145e+03 -4.070875e+03 9.366232e-01
0.000000e+00 5.336436e+03 -4.022881e+03 8.571537e-01
5.936548e-01 2.166897e+03 -3.807053e+03 1.000000e+00
9.904367e+00 3.091562e+03 -4.169135e+03 1.000000e+00
1.809243e+01 3.052926e+03 -4.023565e+03 1.000000e+00
2.310550e+01 3.945501e+03 -4.373433e+03 1.000000e+00
2.740384e+01 3.753875e+03 -3.994115e+03 9.992651e-01
2.987736e+01 4.647981e+03 -4.372526e+03 9.950333e-01
3.118279e+01 4.278658e+03 -3.752254e+03 9.787423e-01
2.794090e+01 5.333706e+03 -4.004641e+03 9.366232e-01
2.652938e+01 4.423328e+03 -3.731085e+03 8.571537e-01
2.059517e+00 2.174111e+03 -3.813214e+03 1.000000e+00
1.093541e+01 3.102676e+03 -4.169987e+03 1.000000e+00
1.869886e+01 3.055948e+03 -4.024929e+03 1.000000e+00
2.462919e+01 3.952246e+03 -4.375034e+03 1.000000e+00
2.691541e+01 3.759913e+03 -3.995363e+03 9.992651e-01
2.738079e+01 4.652792e+03 -4.370810e+03 9.950333e-01
2.487222e+01 4.283216e+03 -3.760817e+03 9.787423e-01
2.823902e+01 5.329757e+03 -3.998884e+03 9.366232e-01
2.591732e+01 4.423395e+03 -3.728249e+03 8.571537e-01
2.399657e+00 2.180705e+03 -3.818037e+03 1.000000e+00
9.795203e+00 3.109818e+03 -4.173484e+03 1.000000e+00
1.515566e+01 3.061718e+03 -4.025629e+03 1.000000e+00
2.054751e+01 3.956367e+03 -4.378797e+03 1.000000e+00
2.488569e+01 3.761890e+03 -3.998125e+03 9.992651e-01
2.808075e+01 4.653687e+03 -4.377573e+03 9.950333e-01
2.898726e+01 4.280843e+03 -3.769409e+03 9.787423e-01
2.814724e+01 5.333428e+03 -3.989866e+03 9.366232e-01
2.646386e+01 4.418092e+03 -3.720665e+03 8.571537e-01
3.758370e+00 2.193099e+03 -3.823137e+03 1.000000e+00
1.096637e+01 3.111589e+03 -4.176203e+03 1.000000e+00
1.764139e+01 3.075879e+03 -4.033991e+03 1.000000e+00
2.138096e+01 3.956079e+03 -4.378854e+03 1.000000e+00
2.415382e+01 3.770088e+03 -4.007144e+03 9.992651e-01
2.355858e+01 4.650250e+03 -4.382911e+03 9.950333e-01
2.045040e+01 4.288006e+03 -3.780948e+03 9.787423e-01
2.083884e+01 5.328682e+03 -3.986002e+03 9.366232e-01
2.080521e+01 4.421328e+03 -3.714763e+03 8.571537e-01
1.452319e+00 2.198403e+03 -3.828807e+03 1.000000e+00
7.494742e+00 3.125832e+03 -4.182374e+03 1.000000e+00
1.524279e+01 3.073953e+03 -4.035784e+03 1.000000e+00
1.864271e+01 3.970116e+03 -4.386823e+03 1.000000e+00
2.076628e+01 3.767300e+03 -4.011666e+03 9.992651e-01
2.192517e+01 4.661521e+03 -4.393676e+03 9.950333e-01
2.276333e+01 4.288630e+03 -3.791974e+03 9.787423e-01
2.251864e+01 5.334532e+03 -3.987725e+03 9.366232e-01
2.188941e+01 4.416295e+03 -3.714278e+03 8.571537e-01
7.584342e-01 2.208713e+03 -3.839030e+03 1.000000e+00
6.637654e+00 3.132121e+03 -4.185440e+03 1.000000e+00
7.753177e+00 3.081351e+03 -4.043763e+03 1.000000e+00
1.246394e+01 3.975980e+03 -4.386075e+03 1.000000e+00
1.647844e+01 3.771713e+03 -4.021462e+03 9.992651e-01
1.977976e+01 4.661856e+03 -4.388493e+03 9.950333e-01
1.867474e+01 4.292734e+03 -3.803918e+03 9.787423e-01
1.685625e+01 5.336623e+03 -3.984304e+03 9.366232e-01
1.757852e+01 4.418800e+03 -3.710828e+03 8.571537e-01
8.687298e-01 2.212831e+03 -3.843145e+03 1.000000e+00
3.609959e+00 3.145315e+03 -4.194952e+03 1.000000e+00
8.232995e+00 3.090286e+03 -4.047763e+03 1.000000e+00
1.127511e+01 3.983405e+03 -4.394769e+03 1.000000e+00
1.241727e+01 3.778772e+03 -4.019363e+03 9.992651e-01
1.136056e+01 4.667835e+03 -4.399794e+03 9.950333e-01
1.270320e+01 4.296982e+03 -3.798656e+03 9.787423e-01
1.149959e+01 5.339966e+03 -3.990652e+03 9.366232e-01
1.305751e+01 4.416873e+03 -3.710002e+03 8.571537e-01
-1.912986e-01 2.240882e+03 -3.846399e+03 1.000000e+00
4.068351e+00 3.141766e+03 -4.201590e+03 1.000000e+00
5.012591e+00 3.108627e+03 -4.051630e+03 1.000000e+00
4.593454e+00 3.988423e+03 -4.404783e+03 1.000000e+00
4.315657e+00 3.785105e+03 -4.022604e+03 9.992651e-01
7.427763e+00 4.682010e+03 -4.407521e+03 9.950333e-01
7.712762e+00 4.283951e+03 -3.798616e+03 9.787423e-01
7.743073e+00 5.365297e+03 -3.996105e+03 9.366232e-01
7.612161e+00 4.394956e+03 -3.711941e+03 8.571537e-01
0.000000e+00 2.285239e+03 -3.854097e+03 1.000000e+00
0.000000e+00 3.126896e+03 -4.195417e+03 1.000000e+00
0.000000e+00 3.145402e+03 -4.065222e+03 1.000000e+00
0.000000e+00 3.988396e+03 -4.396073e+03 1.000000e+00
0.000000e+00 3.814316e+03 -4.041452e+03 9.992651e-01
0.000000e+00 4.691733e+03 -4.389374e+03 9.950333e-01
0.000000e+00 4.298771e+03 -3.819752e+03 9.787423e-01
0.000000e+00 5.383737e+03 -3.991973e+03 9.366232e-01
0.000000e+00 4.402510e+03 -3.712844e+03 8.571537e-01
1.332722e+00 2.661472e+03 -4.004571e+03 1.000000e+00
1.078754e+01 2.682996e+03 -3.874035e+03 1.000000e+00
1.834491e+01 3.567980e+03 -4.300326e+03 1.000000e+00
2.355202e+01 3.459831e+03 -3.928249e+03 1.000000e+00
2.768885e+01 4.301556e+03 -4.392139e+03 9.992651e-01
2.962745e+01 4.027932e+03 -3.706233e+03 9.950333e-01
3.047348e+01 4.889990e+03 -4.208146e+03 9.787423e-01
2.891541e+01 4.560881e+03 -3.612324e+03 9.366232e-01
2.734838e+01 4.958217e+03 -3.386134e+03 8.571537e-01
3.822771e+00 2.673504e+03 -4.008226e+03 1.000000e+00
1.284816e+01 2.688594e+03 -3.876580e+03 1.000000e+00
1.978899e+01 3.575575e+03 -4.300497e+03 1.000000e+00
2.560736e+01 3.462104e+03 -3.929660e+03 1.000000e+00
2.976215e+01 4.309333e+03 -4.388582e+03 9.992651e-01
3.050408e+01 4.033096e+03 -3.709327e+03 9.950333e-01
2.855365e+01 4.892965e+03 -4.206313e+03 9.787423e-01
2.948448e+01 4.559296e+03 -3.606906e+03 9.366232e-01
2.693150e+01 4.952361e+03 -3.377774e+03 8.571537e-01
2.303262e+00 2.682918e+03 -4.014021e+03 1.000000e+00
9.042584e+00 2.694860e+03 -3.878066e+03 1.000000e+00
1.574058e+01 3.581381e+03 -4.302929e+03 1.000000e+00
2.072166e+01 3.466395e+03 -3.930816e+03 1.000000e+00
2.366368e+01 4.311002e+03 -4.392046e+03 9.992651e-01
2.620262e+01 4.032350e+03 -3.713341e+03 9.950333e-01
2.649410e+01 4.892908e+03 -4.213960e+03 9.787423e-01
2.911637e+01 4.552858e+03 -3.595724e+03 9.366232e-01
2.709420e+01 4.951149e+03 -3.366014e+03 8.571537e-01
5.071002e+00 2.684874e+03 -4.016369e+03 1.000000e+00
1.278723e+01 2.707621e+03 -3.884103e+03 1.000000e+00
1.946197e+01 3.582582e+03 -4.304550e+03 1.000000e+00
2.298587e+01 3.479443e+03 -3.937890e+03 1.000000e+00
2.625601e+01 4.306333e+03 -4.393151e+03 9.992651e-01
2.703592e+01 4.039501e+03 -3.722806e+03 9.950333e-01
2.525531e+01 4.887457e+03 -4.217583e+03 9.787423e-01
2.279151e+01 4.555888e+03 -3.590046e+03 9.366232e-01
2.190589e+01 4.942199e+03 -3.356729e+03 8.571537e-01
1.782567e+00 2.697827e+03 -4.024692e+03 1.000000e+00
7.007936e+00 2.710338e+03 -3.886990e+03 1.000000e+00
1.381670e+01 3.596003e+03 -4.309999e+03 1.000000e+00
1.804752e+01 3.475807e+03 -3.940184e+03 1.000000e+00
2.036360e+01 4.320713e+03 -4.401229e+03 9.992651e-01
2.056283e+01 4.035320e+03 -3.727137e+03 9.950333e-01
2.141752e+01 4.898554e+03 -4.227797e+03 9.787423e-01
2.414171e+01 4.552631e+03 -3.586544e+03 9.366232e-01
2.279688e+01 4.943802e+03 -3.351885e+03 8.571537e-01
1.699366e+00 2.705459e+03 -4.027656e+03 1.000000e+00
7.291204e+00 2.719624e+03 -3.898124e+03 1.000000e+00
1.019196e+01 3.602282e+03 -4.307440e+03 1.000000e+00
1.413225e+01 3.482607e+03 -3.950653e+03 1.000000e+00
1.902143e+01 4.324185e+03 -4.395193e+03 9.992651e-01
2.165366e+01 4.037658e+03 -3.738719e+03 9.950333e-01
2.270573e+01 4.897901e+03 -4.216940e+03 9.787423e-01
1.921399e+01 4.557005e+03 -3.582341e+03 9.366232e-01
1.886402e+01 4.939593e+03 -3.342947e+03 8.571537e-01
7.672917e-01 2.718978e+03 -4.037810e+03 1.000000e+00
3.539445e+00 2.726017e+03 -3.899531e+03 1.000000e+00
7.626741e+00 3.614090e+03 -4.319887e+03 1.000000e+00
1.051140e+01 3.490086e+03 -3.947594e+03 1.000000e+00
1.196131e+01 4.329561e+03 -4.405634e+03 9.992651e-01
1.157107e+01 4.043453e+03 -3.730685e+03 9.950333e-01
1.245246e+01 4.903271e+03 -4.227423e+03 9.787423e-01
1.303309e+01 4.557919e+03 -3.581424e+03 9.366232e-01
1.385143e+01 4.938901e+03 -3.338647e+03 8.571537e-01
5.964411e-01 2.710352e+03 -4.043526e+03 1.000000e+00
3.988707e+00 2.749997e+03 -3.902603e+03 1.000000e+00
5.711709e+00 3.614713e+03 -4.327563e+03 1.000000e+00
5.475553e+00 3.502005e+03 -3.951892e+03 1.000000e+00
5.761170e+00 4.340125e+03 -4.413408e+03 9.992651e-01
7.766921e+00 4.039718e+03 -3.732114e+03 9.950333e-01
9.324203e+00 4.922425e+03 -4.231463e+03 9.787423e-01
8.750417e+00 4.538655e+03 -3.581743e+03 9.366232e-01
8.599461e+00 4.960136e+03 -3.337810e+03 8.571537e-01
0.000000e+00 2.689596e+03 -4.032059e+03 1.000000e+00
0.000000e+00 2.790150e+03 -3.918489e+03 1.000000e+00
0.000000e+00 3.605665e+03 -4.313976e+03 1.000000e+00
0.000000e+00 3.535920e+03 -3.974581e+03 1.000000e+00
0.000000e+00 4.345702e+03 -4.392891e+03 9.992651e-01
0.000000e+00 4.061209e+03 -3.760076e+03 9.950333e-01
0.000000e+00 4.936456e+03 -4.202895e+03 9.787423e-01
0.000000e+00 4.546979e+03 -3.584014e+03 9.366232e-01
0.000000e+00 4.974745e+03 -3.334651e+03 8.571537e-01
2.919385e+00 2.292371e+03 -3.692353e+03 1.000000e+00
1.220756e+01 3.175844e+03 -4.156832e+03 1.000000e+00
1.931923e+01 3.141913e+03 -3.829091e+03 1.000000e+00
2.498932e+01 3.963307e+03 -4.326291e+03 1.000000e+00
2.873801e+01 3.775770e+03 -3.686884e+03 9.992651e-01
3.014501e+01 4.544053e+03 -4.244498e+03 9.950333e-01
3.064930e+01 4.192319e+03 -3.251377e+03 9.787423e-01
3.014597e+01 5.035242e+03 -3.412146e+03 9.366232e-01
2.808076e+01 4.027561e+03 -2.818973e+03 8.571537e-01
5.249541e+00 2.298414e+03 -3.696018e+03 1.000000e+00
1.431526e+01 3.185007e+03 -4.157722e+03 1.000000e+00
2.050994e+01 3.144397e+03 -3.831334e+03 1.000000e+00
2.646127e+01 3.969743e+03 -4.322271e+03 1.000000e+00
3.184093e+01 3.777736e+03 -3.686247e+03 9.992651e-01
3.372441e+01 4.548175e+03 -4.239760e+03 9.950333e-01
3.243691e+01 4.193736e+03 -3.250947e+03 9.787423e-01
3.131490e+01 5.028981e+03 -3.401509e+03 9.366232e-01
2.802533e+01 4.021269e+03 -2.807629e+03 8.571537e-01
3.489085e+00 2.306953e+03 -3.699537e+03 1.000000e+00
9.725796e+00 3.192708e+03 -4.161299e+03 1.000000e+00
1.734855e+01 3.150156e+03 -3.830718e+03 1.000000e+00
2.182487e+01 3.974735e+03 -4.324588e+03 1.000000e+00
2.423031e+01 3.778720e+03 -3.686173e+03 9.992651e-01
2.490269e+01 4.548918e+03 -4.243952e+03 9.950333e-01
2.469384e+01 4.187739e+03 -3.254163e+03 9.787423e-01
2.959453e+01 5.024359e+03 -3.387675e+03 9.366232e-01
2.745837e+01 4.009007e+03 -2.793416e+03 8.571537e-01
5.121236e+00 2.319527e+03 -3.706458e+03 1.000000e+00
1.418666e+01 3.194342e+03 -4.161179e+03 1.000000e+00
2.012031e+01 3.162649e+03 -3.837118e+03 1.000000e+00
2.388604e+01 3.973004e+03 -4.324002e+03 1.000000e+00
2.787809e+01 3.788179e+03 -3.694190e+03 9.992651e-01
3.001007e+01 4.542074e+03 -4.242297e+03 9.950333e-01
2.992733e+01 4.190654e+03 -3.262634e+03 9.787423e-01
2.513851e+01 5.013192e+03 -3.377192e+03 9.366232e-01
2.336081e+01 4.006327e+03 -2.781290e+03 8.571537e-01
3.310823e+00 2.323021e+03 -3.710065e+03 1.000000e+00
7.560055e+00 3.208679e+03 -4.167823e+03 1.000000e+00
1.377033e+01 3.161349e+03 -3.838079e+03 1.000000e+00
1.871701e+01 3.986397e+03 -4.329301e+03 1.000000e+00
2.077587e+01 3.784264e+03 -3.695032e+03 9.992651e-01
2.046617e+01 4.552125e+03 -4.250635e+03 9.950333e-01
2.085165e+01 4.188558e+03 -3.259257e+03 9.787423e-01
2.553172e+01 5.013968e+03 -3.370827e+03 9.366232e-01
2.361639e+01 3.997550e+03 -2.771078e+03 8.571537e-01
1.586090e+00 2.333612e+03 -3.721619e+03 1.000000e+00
7.730264e+00 3.216439e+03 -4.167471e+03 1.000000e+00
1.149904e+01 3.170133e+03 -3.848167e+03 1.000000e+00
1.595157e+01 3.992774e+03 -4.322657e+03 1.000000e+00
2.017950e+01 3.787685e+03 -3.706844e+03 9.992651e-01
2.433131e+01 4.553543e+03 -4.236870e+03 9.950333e-01
2.592327e+01 4.189727e+03 -3.269263e+03 9.787423e-01
2.186700e+01 5.008885e+03 -3.358006e+03 9.366232e-01
2.028223e+01 3.994432e+03 -2.759549e+03 8.571537e-01
1.700979e+00 2.338158e+03 -3.723217e+03 1.000000e+00
3.837867e+00 3.228323e+03 -4.178242e+03 1.000000e+00
8.198267e+00 3.178118e+03 -3.846791e+03 1.000000e+00
1.043387e+01 3.999273e+03 -4.334326e+03 1.000000e+00
1.283539e+01 3.793867e+03 -3.696954e+03 9.992651e-01
1.186574e+01 4.556035e+03 -4.247758e+03 9.950333e-01
1.351735e+01 4.190602e+03 -3.254017e+03 9.787423e-01
1.504131e+01 5.010108e+03 -3.354751e+03 9.366232e-01
1.483439e+01 3.988068e+03 -2.750982e+03 8.571537e-01
2.617800e-01 2.366715e+03 -3.726172e+03 1.000000e+00
4.144824e+00 3.224535e+03 -4.183484e+03 1.000000e+00
5.641431e+00 3.197110e+03 -3.851239e+03 1.000000e+00
6.399954e+00 4.004291e+03 -4.339997e+03 1.000000e+00
6.477809e+00 3.800755e+03 -3.700189e+03 9.992651e-01
9.016641e+00 4.568995e+03 -4.252116e+03 9.950333e-01
9.883797e+00 4.178576e+03 -3.251537e+03 9.787423e-01
1.024406e+01 5.028194e+03 -3.352990e+03 9.366232e-01
9.661967e+00 3.964683e+03 -2.745847e+03 8.571537e-01
0.000000e+00 2.409284e+03 -3.739987e+03 1.000000e+00
0.000000e+00 3.208627e+03 -4.168040e+03 1.000000e+00
0.000000e+00 3.232649e+03 -3.874742e+03 1.000000e+00
0.000000e+00 4.002003e+03 -4.317106e+03 1.000000e+00
0.000000e+00 3.827843e+03 -3.732285e+03 9.992651e-01
0.000000e+00 4.576814e+03 -4.217244e+03 9.950333e-01
0.000000e+00 4.192196e+03 -3.285366e+03 9.787423e-01
0.000000e+00 5.039275e+03 -3.342830e+03 9.366232e-01
0.000000e+00 3.969363e+03 -2.742558e+03 8.571537e-01
5.082128e+00 2.769332e+03 -3.963535e+03 1.000000e+00
1.438926e+01 2.797109e+03 -3.693001e+03 1.000000e+00
2.137610e+01 3.616569e+03 -4.195955e+03 1.000000e+00
2.750362e+01 3.507425e+03 -3.638357e+03 1.000000e+00
3.102383e+01 4.237367e+03 -4.187596e+03 9.992651e-01
3.208303e+01 3.949546e+03 -3.235492e+03 9.950333e-01
3.196935e+01 4.601935e+03 -3.793017e+03 9.787423e-01
3.136668e+01 4.153405e+03 -2.807006e+03 9.366232e-01
2.845947e+01 4.226131e+03 -2.325706e+03 8.571537e-01
6.073736e+00 2.778633e+03 -3.964574e+03 1.000000e+00
1.511343e+01 2.800823e+03 -3.694512e+03 1.000000e+00
2.095290e+01 3.623911e+03 -4.195577e+03 1.000000e+00
2.648970e+01 3.507580e+03 -3.635037e+03 1.000000e+00
3.297458e+01 4.241535e+03 -4.181298e+03 9.992651e-01
3.485881e+01 3.946855e+03 -3.233699e+03 9.950333e-01
3.497524e+01 4.598646e+03 -3.781185e+03 9.787423e-01
3.308658e+01 4.145580e+03 -2.794791e+03 9.366232e-01
2.897646e+01 4.213809e+03 -2.310802e+03 8.571537e-01
5.760342e+00 2.786944e+03 -3.969199e+03 1.000000e+00
1.233260e+01 2.808182e+03 -3.695257e+03 1.000000e+00
2.019328e+01 3.630656e+03 -4.196674e+03 1.000000e+00
2.479958e+01 3.511779e+03 -3.633120e+03 1.000000e+00
2.675228e+01 4.244313e+03 -4.181896e+03 9.992651e-01
2.635343e+01 3.943189e+03 -3.234126e+03 9.950333e-01
2.489730e+01 4.596630e+03 -3.781814e+03 9.787423e-01
2.940991e+01 4.129159e+03 -2.781154e+03 9.366232e-01
2.705516e+01 4.204497e+03 -2.295167e+03 8.571537e-01
4.866296e+00 2.789859e+03 -3.971040e+03 1.000000e+00
1.442413e+01 2.820326e+03 -3.700271e+03 1.000000e+00
1.982967e+01 3.630644e+03 -4.194542e+03 1.000000e+00
2.320560e+01 3.522778e+03 -3.639798e+03 1.000000e+00
2.807025e+01 4.237968e+03 -4.178200e+03 9.992651e-01
3.106605e+01 3.949436e+03 -3.240650e+03 9.950333e-01
3.206791e+01 4.585034e+03 -3.777659e+03 9.787423e-01
2.742027e+01 4.122198e+03 -2.771224e+03 9.366232e-01
2.461251e+01 4.188021e+03 -2.281365e+03 8.571537e-01
5.634193e+00 2.803409e+03 -3.978160e+03 1.000000e+00
9.826424e+00 2.821776e+03 -3.702005e+03 1.000000e+00
1.530767e+01 3.644228e+03 -4.199492e+03 1.000000e+00
2.194244e+01 3.518966e+03 -3.637478e+03 1.000000e+00
2.293162e+01 4.249099e+03 -4.184180e+03 9.992651e-01
2.297977e+01 3.944530e+03 -3.236193e+03 9.950333e-01
2.198477e+01 4.587281e+03 -3.781155e+03 9.787423e-01
2.630407e+01 4.111266e+03 -2.759258e+03 9.366232e-01
2.361942e+01 4.180699e+03 -2.269528e+03 8.571537e-01
1.115880e+00 2.811833e+03 -3.978148e+03 1.000000e+00
7.001589e+00 2.831667e+03 -3.714010e+03 1.000000e+00
1.228081e+01 3.651955e+03 -4.192724e+03 1.000000e+00
1.586395e+01 3.525886e+03 -3.648454e+03 1.000000e+00
2.051409e+01 4.253019e+03 -4.171528e+03 9.992651e-01
2.490976e+01 3.945314e+03 -3.246294e+03 9.950333e-01
2.832064e+01 4.583752e+03 -3.760300e+03 9.787423e-01
2.408261e+01 4.104437e+03 -2.749519e+03 9.366232e-01
2.159179e+01 4.168870e+03 -2.255028e+03 8.571537e-01
2.816063e+00 2.824002e+03 -3.989346e+03 1.000000e+00
5.759212e+00 2.838231e+03 -3.710916e+03 1.000000e+00
9.269585e+00 3.661291e+03 -4.205207e+03 1.000000e+00
1.265541e+01 3.532002e+03 -3.641070e+03 1.000000e+00
1.433007e+01 4.255793e+03 -4.179786e+03 9.992651e-01
1.495898e+01 3.946698e+03 -3.231725e+03 9.950333e-01
1.399980e+01 4.581948e+03 -3.766704e+03 9.787423e-01
1.728655e+01 4.097377e+03 -2.738288e+03 9.366232e-01
1.551520e+01 4.162005e+03 -2.244819e+03 8.571537e-01
1.652247e-01 2.816227e+03 -3.992388e+03 1.000000e+00
3.474988e+00 2.862748e+03 -3.715519e+03 1.000000e+00
5.284493e+00 3.661569e+03 -4.208605e+03 1.000000e+00
6.428088e+00 3.545185e+03 -3.644869e+03 1.000000e+00
7.086737e+00 4.265369e+03 -4.181054e+03 9.992651e-01
8.675912e+00 3.945611e+03 -3.234892e+03 9.950333e-01
1.204567e+01 4.597877e+03 -3.761794e+03 9.787423e-01
1.079047e+01 4.074494e+03 -2.734056e+03 9.366232e-01
1.061713e+01 4.173911e+03 -2.238252e+03 8.571537e-01
0.000000e+00 2.796758e+03 -3.974056e+03 1.000000e+00
0.000000e+00 2.900614e+03 -3.738689e+03 1.000000e+00
0.000000e+00 3.651559e+03 -4.185490e+03 1.000000e+00
0.000000e+00 3.575892e+03 -3.676190e+03 1.000000e+00
0.000000e+00 4.267171e+03 -4.147568e+03 9.992651e-01
0.000000e+00 3.963945e+03 -3.273820e+03 9.950333e-01
0.000000e+00 4.607519e+03 -3.714706e+03 9.787423e-01
0.000000e+00 4.077100e+03 -2.736641e+03 9.366232e-01
0.000000e+00 4.181576e+03 -2.230399e+03 8.571537e-01
7.435735e+00 2.428605e+03 -3.523509e+03 1.000000e+00
1.687987e+01 3.255097e+03 -4.022493e+03 1.000000e+00
2.429116e+01 3.213431e+03 -3.546529e+03 1.000000e+00
3.036903e+01 3.937650e+03 -4.075864e+03 1.000000e+00
3.417030e+01 3.723948e+03 -3.240233e+03 9.992651e-01
3.514675e+01 4.305898e+03 -3.802727e+03 9.950333e-01
3.443937e+01 3.865925e+03 -2.513650e+03 9.787423e-01
3.219975e+01 4.254513e+03 -2.512611e+03 9.366232e-01
2.836325e+01 3.227851e+03 -1.752468e+03 8.571537e-01
7.310327e+00 2.434682e+03 -3.525400e+03 1.000000e+00
1.628318e+01 3.263007e+03 -4.020649e+03 1.000000e+00
2.175970e+01 3.215826e+03 -3.547070e+03 1.000000e+00
2.689383e+01 3.942472e+03 -4.068106e+03 1.000000e+00
3.295269e+01 3.720400e+03 -3.235677e+03 9.992651e-01
3.486547e+01 4.305196e+03 -3.792056e+03 9.950333e-01
3.521571e+01 3.856919e+03 -2.504306e+03 9.787423e-01
3.418078e+01 4.240641e+03 -2.495165e+03 9.366232e-01
2.899582e+01 3.213446e+03 -1.738599e+03 8.571537e-01
8.890510e+00 2.443930e+03 -3.527468e+03 1.000000e+00
1.518530e+01 3.269673e+03 -4.023389e+03 1.000000e+00
2.341772e+01 3.220475e+03 -3.543325e+03 1.000000e+00
2.892348e+01 3.947891e+03 -4.067396e+03 1.000000e+00
3.046487e+01 3.719316e+03 -3.232832e+03 9.992651e-01
2.997180e+01 4.304777e+03 -3.789200e+03 9.950333e-01
2.791471e+01 3.846544e+03 -2.502016e+03 9.787423e-01
2.855350e+01 4.226803e+03 -2.481243e+03 9.366232e-01
2.631825e+01 3.194403e+03 -1.724739e+03 8.571537e-01
4.699392e+00 2.455709e+03 -3.533914e+03 1.000000e+00
1.492230e+01 3.270787e+03 -4.020862e+03 1.000000e+00
2.014076e+01 3.232590e+03 -3.547093e+03 1.000000e+00
2.225637e+01 3.944773e+03 -4.063936e+03 1.000000e+00
2.730130e+01 3.727462e+03 -3.236576e+03 9.992651e-01
3.030260e+01 4.293972e+03 -3.781978e+03 9.950333e-01
3.107556e+01 3.843625e+03 -2.506951e+03 9.787423e-01
2.843654e+01 4.205404e+03 -2.469920e+03 9.366232e-01
2.495353e+01 3.184574e+03 -1.712191e+03 8.571537e-01
7.951872e+00 2.456102e+03 -3.535219e+03 1.000000e+00
1.242771e+01 3.284883e+03 -4.025810e+03 1.000000e+00
1.787508e+01 3.231710e+03 -3.546221e+03 1.000000e+00
2.525922e+01 3.954865e+03 -4.066066e+03 1.000000e+00
2.729204e+01 3.722854e+03 -3.230985e+03 9.992651e-01
2.678113e+01 4.298590e+03 -3.785760e+03 9.950333e-01
2.605346e+01 3.834037e+03 -2.494877e+03 9.787423e-01
2.633829e+01 4.193658e+03 -2.459231e+03 9.366232e-01
2.325185e+01 3.168945e+03 -1.699977e+03 8.571537e-01
1.305217e+00 2.467651e+03 -3.547092e+03 1.000000e+00
7.210046e+00 3.293460e+03 -4.022181e+03 1.000000e+00
1.219633e+01 3.238800e+03 -3.555964e+03 1.000000e+00
1.651827e+01 3.960982e+03 -4.053308e+03 1.000000e+00
1.952485e+01 3.726036e+03 -3.242008e+03 9.992651e-01
2.478152e+01 4.298226e+03 -3.763742e+03 9.950333e-01
2.730852e+01 3.829483e+03 -2.501278e+03 9.787423e-01
2.499315e+01 4.177712e+03 -2.444666e+03 9.366232e-01
2.184005e+01 3.157975e+03 -1.687813e+03 8.571537e-01
3.991536e+00 2.473527e+03 -3.545353e+03 1.000000e+00
7.079707e+00 3.303947e+03 -4.032308e+03 1.000000e+00
1.162057e+01 3.246092e+03 -3.549229e+03 1.000000e+00
1.460018e+01 3.966910e+03 -4.064653e+03 1.000000e+00
1.750141e+01 3.728332e+03 -3.224845e+03 9.992651e-01
1.795442e+01 4.297261e+03 -3.772703e+03 9.950333e-01
1.775231e+01 3.822222e+03 -2.479240e+03 9.787423e-01
1.860704e+01 4.168027e+03 -2.435022e+03 9.366232e-01
1.611303e+01 3.144779e+03 -1.677151e+03 8.571537e-01
-1.653452e-02 2.500047e+03 -3.550093e+03 1.000000e+00
3.382169e+00 3.299343e+03 -4.032776e+03 1.000000e+00
4.356246e+00 3.265020e+03 -3.555417e+03 1.000000e+00
6.667021e+00 3.969514e+03 -4.061457e+03 1.000000e+00
6.849756e+00 3.734740e+03 -3.229609e+03 9.992651e-01
9.164019e+00 4.308919e+03 -3.765832e+03 9.950333e-01
1.139586e+01 3.810427e+03 -2.479993e+03 9.787423e-01
1.202195e+01 4.176149e+03 -2.428421e+03 9.366232e-01
1.067232e+01 3.118444e+03 -1.670786e+03 8.571537e-01
0.000000e+00 2.542627e+03 -3.571802e+03 1.000000e+00
0.000000e+00 3.285262e+03 -4.008767e+03 1.000000e+00
0.000000e+00 3.299586e+03 -3.588072e+03 1.000000e+00
0.000000e+00 3.965104e+03 -4.025627e+03 1.000000e+00
0.000000e+00 3.760427e+03 -3.272297e+03 9.992651e-01
0.000000e+00 4.312829e+03 -3.714753e+03 9.950333e-01
0.000000e+00 3.819152e+03 -2.523008e+03 9.787423e-01
0.000000e+00 4.180690e+03 -2.415723e+03 9.366232e-01
0.000000e+00 3.117628e+03 -1.666440e+03 8.571537e-01
9.768636e+00 2.871637e+03 -3.813342e+03 1.000000e+00
1.930051e+01 2.895137e+03 -3.421566e+03 1.000000e+00
2.694739e+01 3.627007e+03 -3.921577e+03 1.000000e+00
3.298687e+01 3.485774e+03 -3.205701e+03 1.000000e+00
3.696104e+01 4.057750e+03 -3.726765e+03 9.992651e-01
3.819124e+01 3.685084e+03 -2.578452e+03 9.950333e-01
3.662846e+01 4.010056e+03 -3.063998e+03 9.787423e-01
3.227588e+01 3.261734e+03 -1.893609e+03 9.366232e-01
2.768168e+01 3.183600e+03 -1.380939e+03 8.571537e-01
9.863243e+00 2.880673e+03 -3.812339e+03 1.000000e+00
1.865917e+01 2.899319e+03 -3.420196e+03 1.000000e+00
2.462744e+01 3.634174e+03 -3.917180e+03 1.000000e+00
2.874307e+01 3.484411e+03 -3.200624e+03 1.000000e+00
3.367267e+01 4.058518e+03 -3.714497e+03 9.992651e-01
3.535969e+01 3.677804e+03 -2.569176e+03 9.950333e-01
3.483715e+01 4.000418e+03 -3.048876e+03 9.787423e-01
3.346642e+01 3.243221e+03 -1.877231e+03 9.366232e-01
2.827660e+01 3.166355e+03 -1.368030e+03 8.571537e-01
1.091468e+01 2.885914e+03 -3.814661e+03 1.000000e+00
1.778220e+01 2.906581e+03 -3.419711e+03 1.000000e+00
2.500154e+01 3.638091e+03 -3.914333e+03 1.000000e+00
3.191485e+01 3.484380e+03 -3.195227e+03 1.000000e+00
3.417434e+01 4.061116e+03 -3.710400e+03 9.992651e-01
3.299083e+01 3.668637e+03 -2.563187e+03 9.950333e-01
3.123530e+01 3.994435e+03 -3.041879e+03 9.787423e-01
2.753558e+01 3.220582e+03 -1.866383e+03 9.366232e-01
2.516537e+01 3.152566e+03 -1.356045e+03 8.571537e-01
6.907351e+00 2.889705e+03 -3.815962e+03 1.000000e+00
1.657915e+01 2.918119e+03 -3.421183e+03 1.000000e+00
2.275304e+01 3.637231e+03 -3.909818e+03 1.000000e+00
2.360337e+01 3.494325e+03 -3.197479e+03 1.000000e+00
2.768934e+01 4.054806e+03 -3.701638e+03 9.992651e-01
2.979850e+01 3.669790e+03 -2.566852e+03 9.950333e-01
2.853221e+01 3.976599e+03 -3.031950e+03 9.787423e-01
2.817940e+01 3.207217e+03 -1.859040e+03 9.366232e-01
2.424100e+01 3.131611e+03 -1.345343e+03 8.571537e-01
9.229809e+00 2.904479e+03 -3.820951e+03 1.000000e+00
1.407338e+01 2.916989e+03 -3.420027e+03 1.000000e+00
1.890811e+01 3.649006e+03 -3.912329e+03 1.000000e+00
2.755064e+01 3.491657e+03 -3.191067e+03 1.000000e+00
2.971681e+01 4.058791e+03 -3.702828e+03 9.992651e-01
3.103242e+01 3.662760e+03 -2.553944e+03 9.950333e-01
3.000915e+01 3.969576e+03 -3.035950e+03 9.787423e-01
2.537811e+01 3.187757e+03 -1.846989e+03 9.366232e-01
2.239656e+01 3.118018e+03 -1.335873e+03 8.571537e-01
3.211464e+00 2.911599e+03 -3.816509e+03 1.000000e+00
9.002894e+00 2.926439e+03 -3.432793e+03 1.000000e+00
1.482057e+01 3.655290e+03 -3.900348e+03 1.000000e+00
1.732748e+01 3.495485e+03 -3.199261e+03 1.000000e+00
2.130598e+01 4.060077e+03 -3.683918e+03 9.992651e-01
2.392149e+01 3.661202e+03 -2.560564e+03 9.950333e-01
2.569942e+01 3.959631e+03 -3.009293e+03 9.787423e-01
2.490295e+01 3.173314e+03 -1.838868e+03 9.366232e-01
2.097912e+01 3.100976e+03 -1.325542e+03 8.571537e-01
4.073101e+00 2.924062e+03 -3.828901e+03 1.000000e+00
7.965680e+00 2.933506e+03 -3.423844e+03 1.000000e+00
1.217494e+01 3.664089e+03 -3.911683e+03 1.000000e+00
1.666228e+01 3.500060e+03 -3.186061e+03 1.000000e+00
1.878126e+01 4.062562e+03 -3.689379e+03 9.992651e-01
2.124928e+01 3.657932e+03 -2.541234e+03 9.950333e-01
1.999803e+01 3.952067e+03 -3.014902e+03 9.787423e-01
1.906262e+01 3.156656e+03 -1.825996e+03 9.366232e-01
1.631636e+01 3.088890e+03 -1.317100e+03 8.571537e-01
8.482031e-01 2.915693e+03 -3.827526e+03 1.000000e+00
3.507653e+00 2.955214e+03 -3.430688e+03 1.000000e+00
4.889860e+00 3.661312e+03 -3.906801e+03 1.000000e+00
6.847466e+00 3.511559e+03 -3.191720e+03 1.000000e+00
7.790504e+00 4.066690e+03 -3.678788e+03 9.992651e-01
9.314912e+00 3.655097e+03 -2.545045e+03 9.950333e-01
1.313485e+01 3.961997e+03 -2.998080e+03 9.787423e-01
1.174819e+01 3.130259e+03 -1.821824e+03 9.366232e-01
1.042175e+01 3.094692e+03 -1.311476e+03 8.571537e-01
0.000000e+00 2.898507e+03 -3.802575e+03 1.000000e+00
0.000000e+00 2.994146e+03 -3.461891e+03 1.000000e+00
0.000000e+00 3.653658e+03 -3.873781e+03 1.000000e+00
0.000000e+00 3.542383e+03 -3.231175e+03 1.000000e+00
0.000000e+00 4.067253e+03 -3.631773e+03 9.992651e-01
0.000000e+00 3.673905e+03 -2.592998e+03 9.950333e-01
0.000000e+00 3.966069e+03 -2.934007e+03 9.787423e-01
0.000000e+00 3.128690e+03 -1.824818e+03 9.366232e-01
0.000000e+00 3.096928e+03 -1.305481e+03 8.571537e-01
1.245864e+01 2.548295e+03 -3.264659e+03 1.000000e+00
2.169466e+01 3.296818e+03 -3.741569e+03 1.000000e+00
2.927453e+01 3.224704e+03 -3.132602e+03 1.000000e+00
3.494585e+01 3.813259e+03 -3.611593e+03 1.000000e+00
3.884476e+01 3.518844e+03 -2.625512e+03 9.992651e-01
3.973426e+01 3.851006e+03 -3.108971e+03 9.950333e-01
3.762051e+01 3.217135e+03 -1.671776e+03 9.787423e-01
3.124157e+01 3.118806e+03 -1.665048e+03 9.366232e-01
2.647897e+01 2.268475e+03 -1.012489e+03 8.571537e-01
1.358809e+01 2.555005e+03 -3.265921e+03 1.000000e+00
2.207693e+01 3.303001e+03 -3.735017e+03 1.000000e+00
2.901741e+01 3.226021e+03 -3.128989e+03 1.000000e+00
3.254646e+01 3.816492e+03 -3.601620e+03 1.000000e+00
3.583627e+01 3.512870e+03 -2.614526e+03 9.992651e-01
3.729833e+01 3.844924e+03 -3.092129e+03 9.950333e-01
3.530133e+01 3.203856e+03 -1.659496e+03 9.787423e-01
3.144227e+01 3.096994e+03 -1.650354e+03 9.366232e-01
2.672387e+01 2.251420e+03 -1.001766e+03 8.571537e-01
1.265697e+01 2.563398e+03 -3.265471e+03 1.000000e+00
1.981380e+01 3.307473e+03 -3.734227e+03 1.000000e+00
2.568243e+01 3.227964e+03 -3.123779e+03 1.000000e+00
3.307017e+01 3.819121e+03 -3.593646e+03 1.000000e+00
3.581318e+01 3.506471e+03 -2.608330e+03 9.992651e-01
3.427232e+01 3.841119e+03 -3.081202e+03 9.950333e-01
3.202190e+01 3.187477e+03 -1.651272e+03 9.787423e-01
2.703914e+01 3.081937e+03 -1.639500e+03 9.366232e-01
2.371661e+01 2.231236e+03 -9.929036e+02 8.571537e-01
1.050940e+01 2.574649e+03 -3.268370e+03 1.000000e+00
1.977595e+01 3.309096e+03 -3.730144e+03 1.000000e+00
2.650531e+01 3.237337e+03 -3.123397e+03 1.000000e+00
2.777324e+01 3.814784e+03 -3.585001e+03 1.000000e+00
3.001644e+01 3.510978e+03 -2.608219e+03 9.992651e-01
3.142694e+01 3.829106e+03 -3.069235e+03 9.950333e-01
2.777481e+01 3.179477e+03 -1.655599e+03 9.787423e-01
2.598947e+01 3.059687e+03 -1.630000e+03 9.366232e-01
2.287922e+01 2.219495e+03 -9.862336e+02 8.571537e-01
9.835237e+00 2.573980e+03 -3.267676e+03 1.000000e+00
1.489651e+01 3.321733e+03 -3.732594e+03 1.000000e+00
1.960171e+01 3.235883e+03 -3.117292e+03 1.000000e+00
2.691024e+01 3.819848e+03 -3.585145e+03 1.000000e+00
3.130294e+01 3.506264e+03 -2.595104e+03 9.992651e-01
3.124530e+01 3.824200e+03 -3.069222e+03 9.950333e-01
3.182518e+01 3.165741e+03 -1.638964e+03 9.787423e-01
2.491440e+01 3.043449e+03 -1.622530e+03 9.366232e-01
2.137381e+01 2.202963e+03 -9.782541e+02 8.571537e-01
6.087542e+00 2.583958e+03 -3.278954e+03 1.000000e+00
1.237810e+01 3.328172e+03 -3.724067e+03 1.000000e+00
1.817024e+01 3.242310e+03 -3.125646e+03 1.000000e+00
2.125478e+01 3.821927e+03 -3.566424e+03 1.000000e+00
2.327775e+01 3.505811e+03 -2.601449e+03 9.992651e-01
2.632067e+01 3.817743e+03 -3.043354e+03 9.950333e-01
2.454766e+01 3.156691e+03 -1.641951e+03 9.787423e-01
2.284851e+01 3.024792e+03 -1.611249e+03 9.366232e-01
1.951373e+01 2.190833e+03 -9.711860e+02 8.571537e-01
4.453176e+00 2.590676e+03 -3.272795e+03 1.000000e+00
7.994266e+00 3.338685e+03 -3.733530e+03 1.000000e+00
1.236521e+01 3.247179e+03 -3.112724e+03 1.000000e+00
1.652689e+01 3.827939e+03 -3.574928e+03 1.000000e+00
1.995000e+01 3.503979e+03 -2.580194e+03 9.992651e-01
2.124188e+01 3.816001e+03 -3.049243e+03 9.950333e-01
2.207928e+01 3.145276e+03 -1.619044e+03 9.787423e-01
1.902869e+01 3.009997e+03 -1.602972e+03 9.366232e-01
1.577716e+01 2.175189e+03 -9.649888e+02 8.571537e-01
1.444400e+00 2.614858e+03 -3.280251e+03 1.000000e+00
4.267384e+00 3.333122e+03 -3.727234e+03 1.000000e+00
6.123554e+00 3.263414e+03 -3.120817e+03 1.000000e+00
7.942911e+00 3.826096e+03 -3.560774e+03 1.000000e+00
9.046620e+00 3.507782e+03 -2.587111e+03 9.992651e-01
1.175507e+01 3.819988e+03 -3.026532e+03 9.950333e-01
1.226099e+01 3.129105e+03 -1.624108e+03 9.787423e-01
1.194105e+01 3.012868e+03 -1.594946e+03 9.366232e-01
9.812065e+00 2.149843e+03 -9.611103e+02 8.571537e-01
0.000000e+00 2.655936e+03 -3.310148e+03 1.000000e+00
0.000000e+00 3.320288e+03 -3.694064e+03 1.000000e+00
0.000000e+00 3.299032e+03 -3.160488e+03 1.000000e+00
0.000000e+00 3.821824e+03 -3.514945e+03 1.000000e+00
0.000000e+00 3.533924e+03 -2.635375e+03 9.992651e-01
0.000000e+00 3.822465e+03 -2.962767e+03 9.950333e-01
0.000000e+00 3.137495e+03 -1.678177e+03 9.787423e-01
0.000000e+00 3.011685e+03 -1.582262e+03 9.366232e-01
0.000000e+00 2.147639e+03 -9.591229e+02 8.571537e-01
