0 729 0.00000e+00
  1     729
0.000000e+00 2.020270e+03 -3.857992e+03 1.000000e+00
0.000000e+00 2.902021e+03 -4.039865e+03 1.000000e+00
0.000000e+00 2.915914e+03 -4.153851e+03 1.000000e+00
0.000000e+00 3.824656e+03 -4.244247e+03 1.000000e+00
0.000000e+00 3.659523e+03 -4.238202e+03 9.992651e-01
0.000000e+00 4.638253e+03 -4.229637e+03 9.950333e-01
0.000000e+00 4.230899e+03 -4.151584e+03 9.787423e-01
0.000000e+00 5.359522e+03 -4.155727e+03 9.366232e-01
0.000000e+00 4.480487e+03 -4.109993e+03 8.571537e-01
-6.633080e+00 2.004176e+03 -3.866102e+03 1.000000e+00
-5.576369e+00 2.949178e+03 -4.045512e+03 1.000000e+00
-4.069195e+00 2.917142e+03 -4.158836e+03 1.000000e+00
1.883897e+00 3.864557e+03 -4.248655e+03 1.000000e+00
5.486615e+00 3.675219e+03 -4.248562e+03 9.992651e-01
6.910564e+00 4.668773e+03 -4.242534e+03 9.950333e-01
5.350188e+00 4.261167e+03 -4.166601e+03 9.787423e-01
9.149257e+00 5.375622e+03 -4.163060e+03 9.366232e-01
1.215521e+01 4.511604e+03 -4.114654e+03 8.571537e-01
-1.152811e+01 2.001010e+03 -3.876521e+03 1.000000e+00
-5.937986e+00 2.976118e+03 -4.056439e+03 1.000000e+00
-2.907241e-01 2.924688e+03 -4.170336e+03 1.000000e+00
2.211468e+00 3.881473e+03 -4.257552e+03 1.000000e+00
7.140817e+00 3.693264e+03 -4.264931e+03 9.992651e-01
1.330781e+01 4.670539e+03 -4.262267e+03 9.950333e-01
1.569085e+01 4.289069e+03 -4.193043e+03 9.787423e-01
2.294855e+01 5.356700e+03 -4.169117e+03 9.366232e-01
2.332990e+01 4.541562e+03 -4.117921e+03 8.571537e-01
-9.868703e+00 2.020266e+03 -3.885229e+03 1.000000e+00
-3.225445e+00 2.982201e+03 -4.063705e+03 1.000000e+00
6.374691e+00 2.939081e+03 -4.177654e+03 1.000000e+00
1.547085e+01 3.889118e+03 -4.267871e+03 1.000000e+00
2.054635e+01 3.702240e+03 -4.272024e+03 9.992651e-01
2.419503e+01 4.676553e+03 -4.270627e+03 9.950333e-01
2.762698e+01 4.292991e+03 -4.205701e+03 9.787423e-01
2.804002e+01 5.361288e+03 -4.166802e+03 9.366232e-01
2.663947e+01 4.542522e+03 -4.117377e+03 8.571537e-01
-8.075735e+00 2.030652e+03 -3.890631e+03 1.000000e+00
-1.971278e-01 2.991198e+03 -4.068807e+03 1.000000e+00
4.743438e+00 2.949281e+03 -4.182441e+03 1.000000e+00
1.265785e+01 3.894965e+03 -4.270162e+03 1.000000e+00
2.074054e+01 3.708016e+03 -4.275162e+03 9.992651e-01
2.401770e+01 4.680284e+03 -4.268422e+03 9.950333e-01
2.858359e+01 4.292048e+03 -4.196515e+03 9.787423e-01
2.840731e+01 5.361941e+03 -4.164394e+03 9.366232e-01
2.748326e+01 4.539249e+03 -4.116651e+03 8.571537e-01
-7.671371e+00 2.042683e+03 -3.893899e+03 1.000000e+00
1.436192e+00 2.994732e+03 -4.073125e+03 1.000000e+00
1.195678e+01 2.961449e+03 -4.185863e+03 1.000000e+00
1.946709e+01 3.893948e+03 -4.264877e+03 1.000000e+00
2.675883e+01 3.718687e+03 -4.269538e+03 9.992651e-01
3.258294e+01 4.677177e+03 -4.255825e+03 9.950333e-01
3.691464e+01 4.298614e+03 -4.172979e+03 9.787423e-01
3.048506e+01 5.360085e+03 -4.161393e+03 9.366232e-01
2.835121e+01 4.543733e+03 -4.113349e+03 8.571537e-01
-5.079170e+00 2.046805e+03 -3.901463e+03 1.000000e+00
5.140599e+00 3.008641e+03 -4.074950e+03 1.000000e+00
1.487738e+01 2.961918e+03 -4.183056e+03 1.000000e+00
2.274011e+01 3.905079e+03 -4.264865e+03 1.000000e+00
2.572277e+01 3.717586e+03 -4.259025e+03 9.992651e-01
2.787697e+01 4.684899e+03 -4.238548e+03 9.950333e-01
3.004549e+01 4.295081e+03 -4.149381e+03 9.787423e-01
2.648250e+01 5.367913e+03 -4.161700e+03 9.366232e-01
2.589924e+01 4.539702e+03 -4.113645e+03 8.571537e-01
-2.083529e-01 2.058711e+03 -3.905116e+03 1.000000e+00
7.210132e+00 3.013459e+03 -4.078536e+03 1.000000e+00
1.335439e+01 2.969724e+03 -4.184178e+03 1.000000e+00
2.043069e+01 3.908486e+03 -4.261071e+03 1.000000e+00
2.833823e+01 3.722839e+03 -4.252215e+03 9.992651e-01
2.893830e+01 4.685283e+03 -4.227221e+03 9.950333e-01
3.101617e+01 4.294910e+03 -4.127420e+03 9.787423e-01
2.300136e+01 5.361419e+03 -4.167164e+03 9.366232e-01
2.364712e+01 4.540434e+03 -4.115903e+03 8.571537e-01
2.360912e-02 2.069762e+03 -3.907984e+03 1.000000e+00
8.547359e+00 3.018225e+03 -4.082537e+03 1.000000e+00
1.747293e+01 2.978139e+03 -4.186780e+03 1.000000e+00
2.280112e+01 3.912378e+03 -4.255493e+03 1.000000e+00
2.734858e+01 3.726482e+03 -4.248546e+03 9.992651e-01
3.027646e+01 4.688746e+03 -4.219229e+03 9.950333e-01
3.205707e+01 4.295396e+03 -4.110946e+03 9.787423e-01
2.664659e+01 5.366452e+03 -4.168970e+03 9.366232e-01
2.527815e+01 4.537927e+03 -4.115748e+03 8.571537e-01
0.000000e+00 2.442738e+03 -3.912531e+03 1.000000e+00
0.000000e+00 2.524758e+03 -3.967268e+03 1.000000e+00
0.000000e+00 3.404160e+03 -4.229925e+03 1.000000e+00
0.000000e+00 3.334282e+03 -4.129228e+03 1.000000e+00
0.000000e+00 4.248455e+03 -4.349972e+03 9.992651e-01
0.000000e+00 3.967900e+03 -4.054787e+03 9.950333e-01
0.000000e+00 4.991714e+03 -4.279417e+03 9.787423e-01
0.000000e+00 4.537051e+03 -4.052039e+03 9.366232e-01
0.000000e+00 5.297891e+03 -4.026140e+03 8.571537e-01
-6.536108e+00 2.490972e+03 -3.924755e+03 1.000000e+00
-5.444221e+00 2.517136e+03 -3.967358e+03 1.000000e+00
-3.708222e+00 3.448315e+03 -4.241426e+03 1.000000e+00
2.072630e+00 3.342186e+03 -4.126056e+03 1.000000e+00
5.469765e+00 4.283098e+03 -4.369154e+03 9.992651e-01
7.202379e+00 3.989830e+03 -4.056660e+03 9.950333e-01
6.334318e+00 5.015439e+03 -4.304463e+03 9.787423e-01
9.474491e+00 4.567610e+03 -4.057104e+03 9.366232e-01
1.250058e+01 5.312208e+03 -4.029852e+03 8.571537e-01
-1.109333e+01 2.522002e+03 -3.933390e+03 1.000000e+00
-5.663938e+00 2.520010e+03 -3.980445e+03 1.000000e+00
-2.726802e-01 3.471795e+03 -4.250053e+03 1.000000e+00
2.474157e+00 3.355399e+03 -4.138298e+03 1.000000e+00
7.556811e+00 4.293952e+03 -4.381126e+03 9.992651e-01
1.332720e+01 4.013672e+03 -4.080798e+03 9.950333e-01
1.550138e+01 5.006362e+03 -4.325508e+03 9.787423e-01
2.338930e+01 4.596186e+03 -4.064158e+03 9.366232e-01
2.357597e+01 5.291470e+03 -4.031501e+03 8.571537e-01
-9.653271e+00 2.526523e+03 -3.940280e+03 1.000000e+00
-2.753908e+00 2.536995e+03 -3.990167e+03 1.000000e+00
6.932104e+00 3.478435e+03 -4.253938e+03 1.000000e+00
1.557605e+01 3.366331e+03 -4.152537e+03 1.000000e+00
2.071391e+01 4.301188e+03 -4.383193e+03 9.992651e-01
2.448955e+01 4.018942e+03 -4.095180e+03 9.950333e-01
2.844748e+01 5.009559e+03 -4.330879e+03 9.787423e-01
2.878152e+01 4.597436e+03 -4.061219e+03 9.366232e-01
2.714008e+01 5.292673e+03 -4.029056e+03 8.571537e-01
-7.440708e+00 2.536913e+03 -3.946968e+03 1.000000e+00
2.747079e-01 2.547541e+03 -3.993534e+03 1.000000e+00
5.291083e+00 3.486303e+03 -4.260614e+03 1.000000e+00
1.307451e+01 3.374286e+03 -4.152791e+03 1.000000e+00
2.095972e+01 4.305921e+03 -4.388314e+03 9.992651e-01
2.441897e+01 4.021892e+03 -4.089964e+03 9.950333e-01
2.803227e+01 5.011129e+03 -4.325774e+03 9.787423e-01
2.807002e+01 4.592377e+03 -4.058360e+03 9.366232e-01
2.730182e+01 5.293538e+03 -4.027347e+03 8.571537e-01
-7.261219e+00 2.543506e+03 -3.948791e+03 1.000000e+00
1.689210e+00 2.560115e+03 -3.999427e+03 1.000000e+00
1.221212e+01 3.487738e+03 -4.261892e+03 1.000000e+00
1.999619e+01 3.386522e+03 -4.149771e+03 1.000000e+00
2.661502e+01 4.303598e+03 -4.380086e+03 9.992651e-01
3.326371e+01 4.030041e+03 -4.079664e+03 9.950333e-01
3.777003e+01 5.004812e+03 -4.299960e+03 9.787423e-01
3.177280e+01 4.596909e+03 -4.054531e+03 9.366232e-01
2.920007e+01 5.289273e+03 -4.022075e+03 8.571537e-01
-4.148252e+00 2.557803e+03 -3.956251e+03 1.000000e+00
5.845566e+00 2.562194e+03 -4.000709e+03 1.000000e+00
1.532898e+01 3.499347e+03 -4.259780e+03 1.000000e+00
2.310499e+01 3.385332e+03 -4.148570e+03 1.000000e+00
2.603326e+01 4.313629e+03 -4.370239e+03 9.992651e-01
2.804908e+01 4.026037e+03 -4.062112e+03 9.950333e-01
2.959457e+01 5.009029e+03 -4.276222e+03 9.787423e-01
2.627204e+01 4.594002e+03 -4.052537e+03 9.366232e-01
2.571210e+01 5.293364e+03 -4.020860e+03 8.571537e-01
-3.670297e-02 2.563962e+03 -3.958969e+03 1.000000e+00
7.717250e+00 2.572192e+03 -4.005194e+03 1.000000e+00
1.379349e+01 3.504769e+03 -4.259700e+03 1.000000e+00
2.080213e+01 3.392300e+03 -4.145874e+03 1.000000e+00
2.882928e+01 4.317385e+03 -4.361236e+03 9.992651e-01
2.949122e+01 4.031115e+03 -4.053246e+03 9.950333e-01
3.145096e+01 5.006704e+03 -4.253484e+03 9.787423e-01
2.334464e+01 4.593798e+03 -4.058871e+03 9.366232e-01
2.403403e+01 5.288629e+03 -4.022714e+03 8.571537e-01
3.384584e-01 2.568047e+03 -3.961879e+03 1.000000e+00
9.201644e+00 2.581456e+03 -4.008888e+03 1.000000e+00
1.786903e+01 3.509077e+03 -4.262094e+03 1.000000e+00
2.300910e+01 3.397751e+03 -4.140574e+03 1.000000e+00
2.737778e+01 4.318568e+03 -4.357373e+03 9.992651e-01
3.017938e+01 4.031172e+03 -4.044693e+03 9.950333e-01
3.191488e+01 5.007627e+03 -4.237021e+03 9.787423e-01
2.722469e+01 4.591284e+03 -4.059399e+03 9.366232e-01
2.578433e+01 5.292308e+03 -4.020618e+03 8.571537e-01
0.000000e+00 2.117805e+03 -3.761574e+03 1.000000e+00
0.000000e+00 2.974264e+03 -4.127039e+03 1.000000e+00
0.000000e+00 2.988548e+03 -3.996755e+03 1.000000e+00
0.000000e+00 3.856869e+03 -4.360737e+03 1.000000e+00
0.000000e+00 3.694548e+03 -3.993257e+03 9.992651e-01
0.000000e+00 4.601426e+03 -4.383989e+03 9.950333e-01
0.000000e+00 4.231770e+03 -3.798205e+03 9.787423e-01
0.000000e+00 5.343029e+03 -4.010873e+03 9.366232e-01
0.000000e+00 4.385481e+03 -3.757554e+03 8.571537e-01
-6.188808e+00 2.101476e+03 -3.761474e+03 1.000000e+00
-5.576665e+00 3.021561e+03 -4.141095e+03 1.000000e+00
-3.256491e+00 2.989757e+03 -3.991404e+03 1.000000e+00
1.717372e+00 3.895459e+03 -4.378418e+03 1.000000e+00
5.591360e+00 3.707449e+03 -3.986839e+03 9.992651e-01
7.001814e+00 4.630456e+03 -4.414019e+03 9.950333e-01
7.778161e+00 4.258880e+03 -3.792629e+03 9.787423e-01
1.029538e+01 5.358921e+03 -4.018913e+03 9.366232e-01
1.334451e+01 4.413295e+03 -3.757789e+03 8.571537e-01
-1.048827e+01 2.097796e+03 -3.774033e+03 1.000000e+00
-4.600200e+00 3.050080e+03 -4.149060e+03 1.000000e+00
4.695162e-01 2.999058e+03 -4.005737e+03 1.000000e+00
3.823386e+00 3.914302e+03 -4.383484e+03 1.000000e+00
8.918722e+00 3.724666e+03 -4.006765e+03 9.992651e-01
1.444943e+01 4.635042e+03 -4.426020e+03 9.950333e-01
1.617941e+01 4.287049e+03 -3.823750e+03 9.787423e-01
2.412095e+01 5.340595e+03 -4.021180e+03 9.366232e-01
2.419382e+01 4.439067e+03 -3.758018e+03 8.571537e-01
-9.337469e+00 2.116415e+03 -3.785467e+03 1.000000e+00
-2.595808e+00 3.056575e+03 -4.152889e+03 1.000000e+00
7.008986e+00 3.010968e+03 -4.016714e+03 1.000000e+00
1.499123e+01 3.922265e+03 -4.387124e+03 1.000000e+00
2.060808e+01 3.732385e+03 -4.021459e+03 9.992651e-01
2.394490e+01 4.639359e+03 -4.425256e+03 9.950333e-01
2.872697e+01 4.288559e+03 -3.842253e+03 9.787423e-01
2.968197e+01 5.340223e+03 -4.013707e+03 9.366232e-01
2.790639e+01 4.437559e+03 -3.752988e+03 8.571537e-01
-6.638398e+00 2.125875e+03 -3.788027e+03 1.000000e+00
1.696300e+00 3.066226e+03 -4.160363e+03 1.000000e+00
7.194517e+00 3.021469e+03 -4.018325e+03 1.000000e+00
1.454413e+01 3.927284e+03 -4.393289e+03 1.000000e+00
2.215552e+01 3.738134e+03 -4.017806e+03 9.992651e-01
2.612438e+01 4.642757e+03 -4.429236e+03 9.950333e-01
2.866525e+01 4.286476e+03 -3.828126e+03 9.787423e-01
2.828553e+01 5.337914e+03 -4.012245e+03 9.366232e-01
2.756495e+01 4.432132e+03 -3.748098e+03 8.571537e-01
-6.436067e+00 2.138552e+03 -3.793733e+03 1.000000e+00
1.616593e+00 3.070104e+03 -4.161676e+03 1.000000e+00
1.212170e+01 3.035535e+03 -4.023381e+03 1.000000e+00
2.035198e+01 3.926788e+03 -4.385671e+03 1.000000e+00
2.631829e+01 3.749402e+03 -4.014547e+03 9.992651e-01
3.331254e+01 4.637984e+03 -4.412092e+03 9.950333e-01
3.739377e+01 4.287778e+03 -3.810400e+03 9.787423e-01
3.290895e+01 5.332180e+03 -4.004839e+03 9.366232e-01
3.016739e+01 4.432867e+03 -3.740961e+03 8.571537e-01
-2.710608e+00 2.144573e+03 -3.799161e+03 1.000000e+00
7.451860e+00 3.083184e+03 -4.164688e+03 1.000000e+00
1.595845e+01 3.033200e+03 -4.019242e+03 1.000000e+00
2.403191e+01 3.937741e+03 -4.384995e+03 1.000000e+00
2.692982e+01 3.747464e+03 -4.003360e+03 9.992651e-01
2.914453e+01 4.644523e+03 -4.396299e+03 9.950333e-01
3.020046e+01 4.279430e+03 -3.785021e+03 9.787423e-01
2.672375e+01 5.336624e+03 -4.000036e+03 9.366232e-01
2.601526e+01 4.426895e+03 -3.737061e+03 8.571537e-01
-5.940603e-02 2.156854e+03 -3.803632e+03 1.000000e+00
8.450844e+00 3.088115e+03 -4.166355e+03 1.000000e+00
1.487375e+01 3.043711e+03 -4.021831e+03 1.000000e+00
2.176423e+01 3.942866e+03 -4.377920e+03 1.000000e+00
2.954643e+01 3.753710e+03 -3.998678e+03 9.992651e-01
3.008602e+01 4.648681e+03 -4.381124e+03 9.950333e-01
3.209917e+01 4.283645e+03 -3.768979e+03 9.787423e-01
2.410562e+01 5.332265e+03 -4.004864e+03 9.366232e-01
2.488580e+01 4.427736e+03 -3.736640e+03 8.571537e-01
5.936548e-01 2.166897e+03 -3.807053e+03 1.000000e+00
9.904367e+00 3.091562e+03 -4.169135e+03 1.000000e+00
1.809243e+01 3.052926e+03 -4.023565e+03 1.000000e+00
2.310550e+01 3.945501e+03 -4.373433e+03 1.000000e+00
2.740384e+01 3.753875e+03 -3.994115e+03 9.992651e-01
2.987736e+01 4.647981e+03 -4.372526e+03 9.950333e-01
3.118279e+01 4.278658e+03 -3.752254e+03 9.787423e-01
2.794090e+01 5.333706e+03 -4.004641e+03 9.366232e-01
2.652938e+01 4.423328e+03 -3.731085e+03 8.571537e-01
0.000000e+00 2.533524e+03 -3.955483e+03 1.000000e+00
0.000000e+00 2.624685e+03 -3.841622e+03 1.000000e+00
0.000000e+00 3.458995e+03 -4.272470e+03 1.000000e+00
0.000000e+00 3.396993e+03 -3.924792e+03 1.000000e+00
0.000000e+00 4.236652e+03 -4.390317e+03 9.992651e-01
0.000000e+00 3.973079e+03 -3.736043e+03 9.950333e-01
0.000000e+00 4.885322e+03 -4.243726e+03 9.787423e-01
0.000000e+00 4.532267e+03 -3.634707e+03 9.366232e-01
0.000000e+00 4.995353e+03 -3.443623e+03 8.571537e-01
-5.939373e+00 2.582218e+03 -3.973102e+03 1.000000e+00
-5.159168e+00 2.618411e+03 -3.833560e+03 1.000000e+00
-2.813391e+00 3.504194e+03 -4.293397e+03 1.000000e+00
1.352852e+00 3.404068e+03 -3.911503e+03 1.000000e+00
5.312111e+00 4.269152e+03 -4.420168e+03 9.992651e-01
7.322480e+00 3.992564e+03 -3.720711e+03 9.950333e-01
8.009026e+00 4.905870e+03 -4.282441e+03 9.787423e-01
1.212273e+01 4.558789e+03 -3.632228e+03 9.366232e-01
1.431651e+01 5.006104e+03 -3.441695e+03 8.571537e-01
-9.239110e+00 2.613198e+03 -3.979967e+03 1.000000e+00
-3.532477e+00 2.621397e+03 -3.847867e+03 1.000000e+00
1.944340e+00 3.529438e+03 -4.298810e+03 1.000000e+00
5.902451e+00 3.417295e+03 -3.926590e+03 1.000000e+00
1.139293e+01 4.280555e+03 -4.426842e+03 9.992651e-01
1.609936e+01 4.015193e+03 -3.743944e+03 9.950333e-01
1.916458e+01 4.900205e+03 -4.297026e+03 9.787423e-01
2.539327e+01 4.582692e+03 -3.635952e+03 9.366232e-01
2.513614e+01 4.983975e+03 -3.436175e+03 8.571537e-01
-8.361186e+00 2.619155e+03 -3.983762e+03 1.000000e+00
-1.963285e+00 2.637712e+03 -3.860782e+03 1.000000e+00
6.762557e+00 3.535885e+03 -4.297868e+03 1.000000e+00
1.447030e+01 3.426814e+03 -3.942873e+03 1.000000e+00
1.965294e+01 4.288552e+03 -4.424219e+03 9.992651e-01
2.357259e+01 4.018266e+03 -3.762889e+03 9.950333e-01
2.717978e+01 4.901192e+03 -4.291769e+03 9.787423e-01
3.045760e+01 4.579053e+03 -3.630929e+03 9.366232e-01
2.868027e+01 4.979879e+03 -3.426198e+03 8.571537e-01
-5.722620e+00 2.629234e+03 -3.991587e+03 1.000000e+00
3.276635e+00 2.647760e+03 -3.860967e+03 1.000000e+00
1.021769e+01 3.544177e+03 -4.307099e+03 1.000000e+00
1.693628e+01 3.434669e+03 -3.939097e+03 1.000000e+00
2.408612e+01 4.291530e+03 -4.430835e+03 9.992651e-01
2.905523e+01 4.021581e+03 -3.751725e+03 9.950333e-01
3.117558e+01 4.900177e+03 -4.293844e+03 9.787423e-01
2.941613e+01 4.571199e+03 -3.625578e+03 9.366232e-01
2.826902e+01 4.975795e+03 -3.418407e+03 8.571537e-01
-5.346436e+00 2.635112e+03 -3.992508e+03 1.000000e+00
2.147231e+00 2.661198e+03 -3.867241e+03 1.000000e+00
1.202595e+01 3.545681e+03 -4.304323e+03 1.000000e+00
2.058088e+01 3.448534e+03 -3.939595e+03 1.000000e+00
2.660547e+01 4.288344e+03 -4.417382e+03 9.992651e-01
3.242002e+01 4.028434e+03 -3.744323e+03 9.950333e-01
3.595781e+01 4.891336e+03 -4.267855e+03 9.787423e-01
3.373886e+01 4.569796e+03 -3.619373e+03 9.366232e-01
3.103048e+01 4.966942e+03 -3.407031e+03 8.571537e-01
-1.181713e+00 2.650083e+03 -3.999071e+03 1.000000e+00
9.357957e+00 2.664589e+03 -3.867499e+03 1.000000e+00
1.703650e+01 3.556259e+03 -4.303521e+03 1.000000e+00
2.489474e+01 3.445841e+03 -3.933267e+03 1.000000e+00
2.864718e+01 4.299432e+03 -4.409190e+03 9.992651e-01
3.105917e+01 4.022950e+03 -3.726159e+03 9.950333e-01
3.238883e+01 4.893419e+03 -4.244276e+03 9.787423e-01
2.809826e+01 4.562087e+03 -3.612685e+03 9.366232e-01
2.700217e+01 4.967629e+03 -3.398216e+03 8.571537e-01
2.984280e-01 2.656248e+03 -4.000490e+03 1.000000e+00
9.272210e+00 2.674059e+03 -3.871921e+03 1.000000e+00
1.643987e+01 3.563112e+03 -4.300673e+03 1.000000e+00
2.384296e+01 3.453412e+03 -3.931287e+03 1.000000e+00
2.958605e+01 4.303076e+03 -4.397387e+03 9.992651e-01
3.123543e+01 4.029771e+03 -3.716385e+03 9.950333e-01
3.240677e+01 4.894090e+03 -4.221788e+03 9.787423e-01
2.578048e+01 4.564799e+03 -3.615629e+03 9.366232e-01
2.564711e+01 4.960833e+03 -3.394033e+03 8.571537e-01
1.332722e+00 2.661472e+03 -4.004571e+03 1.000000e+00
1.078754e+01 2.682996e+03 -3.874035e+03 1.000000e+00
1.834491e+01 3.567980e+03 -4.300326e+03 1.000000e+00
2.355202e+01 3.459831e+03 -3.928249e+03 1.000000e+00
2.768885e+01 4.301556e+03 -4.392139e+03 9.992651e-01
2.962745e+01 4.027932e+03 -3.706233e+03 9.950333e-01
3.047348e+01 4.889990e+03 -4.208146e+03 9.787423e-01
2.891541e+01 4.560881e+03 -3.612324e+03 9.366232e-01
2.734838e+01 4.958217e+03 -3.386134e+03 8.571537e-01
0.000000e+00 2.239550e+03 -3.656488e+03 1.000000e+00
0.000000e+00 3.053958e+03 -4.119035e+03 1.000000e+00
0.000000e+00 3.077573e+03 -3.820999e+03 1.000000e+00
0.000000e+00 3.874558e+03 -4.314145e+03 1.000000e+00
0.000000e+00 3.718590e+03 -3.711674e+03 9.992651e-01
0.000000e+00 4.507380e+03 -4.267796e+03 9.950333e-01
0.000000e+00 4.159399e+03 -3.319137e+03 9.787423e-01
0.000000e+00 5.078094e+03 -3.459095e+03 9.366232e-01
0.000000e+00 4.038900e+03 -2.902969e+03 8.571537e-01
-4.691187e+00 2.226223e+03 -3.648951e+03 1.000000e+00
-4.353188e+00 3.102535e+03 -4.140587e+03 1.000000e+00
-1.680397e+00 3.080135e+03 -3.805839e+03 1.000000e+00
1.342117e+00 3.914720e+03 -4.343748e+03 1.000000e+00
5.715848e+00 3.732179e+03 -3.689163e+03 9.992651e-01
7.472121e+00 4.534660e+03 -4.310053e+03 9.950333e-01
9.344876e+00 4.182170e+03 -3.295095e+03 9.787423e-01
1.370482e+01 5.089298e+03 -3.463096e+03 9.366232e-01
1.535400e+01 4.058616e+03 -2.895980e+03 8.571537e-01
-8.251499e+00 2.222130e+03 -3.661391e+03 1.000000e+00
-2.215734e+00 3.131579e+03 -4.147253e+03 1.000000e+00
2.930652e+00 3.088326e+03 -3.818568e+03 1.000000e+00
8.392468e+00 3.933260e+03 -4.348845e+03 1.000000e+00
1.331496e+01 3.747555e+03 -3.705647e+03 9.992651e-01
1.904027e+01 4.538205e+03 -4.316375e+03 9.950333e-01
2.219254e+01 4.206367e+03 -3.318977e+03 9.787423e-01
2.703562e+01 5.068705e+03 -3.459671e+03 9.366232e-01
2.631037e+01 4.075821e+03 -2.887622e+03 8.571537e-01
-5.983131e+00 2.240324e+03 -3.673680e+03 1.000000e+00
-5.502430e-01 3.139193e+03 -4.148307e+03 1.000000e+00
7.649833e+00 3.100479e+03 -3.831771e+03 1.000000e+00
1.456753e+01 3.941517e+03 -4.345054e+03 1.000000e+00
1.980160e+01 3.754367e+03 -3.724337e+03 9.992651e-01
2.301711e+01 4.542592e+03 -4.307438e+03 9.950333e-01
2.635530e+01 4.206849e+03 -3.337235e+03 9.787423e-01
3.120383e+01 5.061245e+03 -3.447915e+03 9.366232e-01
2.923301e+01 4.068021e+03 -2.875077e+03 8.571537e-01
-5.191508e+00 2.250400e+03 -3.673267e+03 1.000000e+00
5.035460e+00 3.148387e+03 -4.156679e+03 1.000000e+00
1.279596e+01 3.109890e+03 -3.829649e+03 1.000000e+00
1.934818e+01 3.945718e+03 -4.352813e+03 1.000000e+00
2.615898e+01 3.761162e+03 -3.714222e+03 9.992651e-01
3.225706e+01 4.542871e+03 -4.313102e+03 9.950333e-01
3.422927e+01 4.203041e+03 -3.319670e+03 9.787423e-01
3.106915e+01 5.055009e+03 -3.442930e+03 9.366232e-01
2.928798e+01 4.056673e+03 -2.863570e+03 8.571537e-01
-3.181150e+00 2.264374e+03 -3.680896e+03 1.000000e+00
3.505768e+00 3.151752e+03 -4.154761e+03 1.000000e+00
1.318762e+01 3.123260e+03 -3.833551e+03 1.000000e+00
2.152423e+01 3.944884e+03 -4.343610e+03 1.000000e+00
2.763500e+01 3.771206e+03 -3.711182e+03 9.992651e-01
3.173475e+01 4.536197e+03 -4.291043e+03 9.950333e-01
3.462749e+01 4.201309e+03 -3.309149e+03 9.787423e-01
3.453333e+01 5.044327e+03 -3.430773e+03 9.366232e-01
3.162260e+01 4.050333e+03 -2.850821e+03 8.571537e-01
1.014313e-01 2.271042e+03 -3.683083e+03 1.000000e+00
1.129864e+01 3.165504e+03 -4.158001e+03 1.000000e+00
1.844217e+01 3.123253e+03 -3.828744e+03 1.000000e+00
2.591739e+01 3.957600e+03 -4.339164e+03 1.000000e+00
3.050427e+01 3.766829e+03 -3.698059e+03 9.992651e-01
3.375708e+01 4.544609e+03 -4.275797e+03 9.950333e-01
3.532798e+01 4.192310e+03 -3.282170e+03 9.787423e-01
3.017513e+01 5.043632e+03 -3.421483e+03 9.366232e-01
2.823796e+01 4.038077e+03 -2.838591e+03 8.571537e-01
1.191115e+00 2.280853e+03 -3.687376e+03 1.000000e+00
1.035699e+01 3.170674e+03 -4.156188e+03 1.000000e+00
1.855522e+01 3.132117e+03 -3.830793e+03 1.000000e+00
2.591615e+01 3.960682e+03 -4.329720e+03 1.000000e+00
3.008980e+01 3.772404e+03 -3.692740e+03 9.992651e-01
3.215186e+01 4.546122e+03 -4.255190e+03 9.950333e-01
3.317526e+01 4.197115e+03 -3.265868e+03 9.787423e-01
2.779425e+01 5.039006e+03 -3.418311e+03 9.366232e-01
2.677143e+01 4.036107e+03 -2.830174e+03 8.571537e-01
2.919385e+00 2.292371e+03 -3.692353e+03 1.000000e+00
1.220756e+01 3.175844e+03 -4.156832e+03 1.000000e+00
1.931923e+01 3.141913e+03 -3.829091e+03 1.000000e+00
2.498932e+01 3.963307e+03 -4.326291e+03 1.000000e+00
2.873801e+01 3.775770e+03 -3.686884e+03 9.992651e-01
3.014501e+01 4.544053e+03 -4.244498e+03 9.950333e-01
3.064930e+01 4.192319e+03 -3.251377e+03 9.787423e-01
3.014597e+01 5.035242e+03 -3.412146e+03 9.366232e-01
2.808076e+01 4.027561e+03 -2.818973e+03 8.571537e-01
0.000000e+00 2.637067e+03 -3.916333e+03 1.000000e+00
0.000000e+00 2.737031e+03 -3.681952e+03 1.000000e+00
0.000000e+00 3.508736e+03 -4.176320e+03 1.000000e+00
0.000000e+00 3.447030e+03 -3.658827e+03 1.000000e+00
0.000000e+00 4.176190e+03 -4.201478e+03 9.992651e-01
0.000000e+00 3.907567e+03 -3.304629e+03 9.950333e-01
0.000000e+00 4.617473e+03 -3.843223e+03 9.787423e-01
0.000000e+00 4.176814e+03 -2.881180e+03 9.366232e-01
0.000000e+00 4.318966e+03 -2.429668e+03 8.571537e-01
-3.433825e+00 2.685930e+03 -3.939570e+03 1.000000e+00
-2.272838e+00 2.733241e+03 -3.665461e+03 1.000000e+00
-1.645769e-01 3.554732e+03 -4.205505e+03 1.000000e+00
2.567953e+00 3.456239e+03 -3.635030e+03 1.000000e+00
6.634601e+00 4.210959e+03 -4.239302e+03 9.992651e-01
9.529732e+00 3.926646e+03 -3.273483e+03 9.950333e-01
9.393187e+00 4.635301e+03 -3.892864e+03 9.787423e-01
1.621554e+01 4.194187e+03 -2.869693e+03 9.366232e-01
1.583333e+01 4.322141e+03 -2.423718e+03 8.571537e-01
-6.774083e+00 2.716671e+03 -3.947071e+03 1.000000e+00
-1.836072e+00 2.735397e+03 -3.675968e+03 1.000000e+00
4.287079e+00 3.579321e+03 -4.211021e+03 1.000000e+00
9.723210e+00 3.467188e+03 -3.647327e+03 1.000000e+00
1.511333e+01 4.220824e+03 -4.243908e+03 9.992651e-01
2.043361e+01 3.943403e+03 -3.287005e+03 9.950333e-01
2.606868e+01 4.625411e+03 -3.900746e+03 9.787423e-01
2.848628e+01 4.208233e+03 -2.865579e+03 9.366232e-01
2.727353e+01 4.294681e+03 -2.411040e+03 8.571537e-01
-2.988428e+00 2.724439e+03 -3.947009e+03 1.000000e+00
2.563288e+00 2.750508e+03 -3.691083e+03 1.000000e+00
9.325160e+00 3.587489e+03 -4.205444e+03 1.000000e+00
1.694875e+01 3.476736e+03 -3.663001e+03 1.000000e+00
2.115199e+01 4.228183e+03 -4.235572e+03 9.992651e-01
2.476863e+01 3.946215e+03 -3.304305e+03 9.950333e-01
2.611570e+01 4.624483e+03 -3.885349e+03 9.787423e-01
3.182866e+01 4.197767e+03 -2.857719e+03 9.366232e-01
2.920577e+01 4.282014e+03 -2.394840e+03 8.571537e-01
-4.514174e+00 2.734749e+03 -3.955146e+03 1.000000e+00
6.368073e+00 2.760497e+03 -3.687193e+03 1.000000e+00
1.485455e+01 3.594233e+03 -4.215537e+03 1.000000e+00
2.044967e+01 3.483613e+03 -3.653645e+03 1.000000e+00
2.795151e+01 4.230473e+03 -4.240950e+03 9.992651e-01
3.408002e+01 3.948242e+03 -3.287706e+03 9.950333e-01
3.680415e+01 4.619748e+03 -3.888597e+03 9.787423e-01
3.313744e+01 4.185249e+03 -2.846584e+03 9.366232e-01
3.032901e+01 4.270674e+03 -2.381876e+03 8.571537e-01
-3.848224e-01 2.739477e+03 -3.955060e+03 1.000000e+00
6.040676e+00 2.774923e+03 -3.692198e+03 1.000000e+00
1.551104e+01 3.594238e+03 -4.208417e+03 1.000000e+00
2.419484e+01 3.495943e+03 -3.655036e+03 1.000000e+00
2.973698e+01 4.225623e+03 -4.222531e+03 9.992651e-01
3.241656e+01 3.950715e+03 -3.281658e+03 9.950333e-01
3.464865e+01 4.609194e+03 -3.859098e+03 9.787423e-01
3.498453e+01 4.176197e+03 -2.836589e+03 9.366232e-01
3.174746e+01 4.255715e+03 -2.365445e+03 8.571537e-01
1.762690e+00 2.754539e+03 -3.959247e+03 1.000000e+00
1.273687e+01 2.778897e+03 -3.690757e+03 1.000000e+00
2.028401e+01 3.607022e+03 -4.206704e+03 1.000000e+00
2.695412e+01 3.494495e+03 -3.644016e+03 1.000000e+00
3.256561e+01 4.237156e+03 -4.212557e+03 9.992651e-01
3.635861e+01 3.943806e+03 -3.260710e+03 9.950333e-01
3.797766e+01 4.611154e+03 -3.835377e+03 9.787423e-01
3.290148e+01 4.163238e+03 -2.823903e+03 9.366232e-01
2.931813e+01 4.248705e+03 -2.350587e+03 8.571537e-01
2.929843e+00 2.761884e+03 -3.959149e+03 1.000000e+00
1.197070e+01 2.786813e+03 -3.692301e+03 1.000000e+00
2.072368e+01 3.611317e+03 -4.201053e+03 1.000000e+00
2.802679e+01 3.499542e+03 -3.641313e+03 1.000000e+00
3.078419e+01 4.237238e+03 -4.196095e+03 9.992651e-01
3.384316e+01 3.947562e+03 -3.247086e+03 9.950333e-01
3.420844e+01 4.605853e+03 -3.807962e+03 9.787423e-01
2.970934e+01 4.162886e+03 -2.816140e+03 9.366232e-01
2.762734e+01 4.235983e+03 -2.338493e+03 8.571537e-01
5.082128e+00 2.769332e+03 -3.963535e+03 1.000000e+00
1.438926e+01 2.797109e+03 -3.693001e+03 1.000000e+00
2.137610e+01 3.616569e+03 -4.195955e+03 1.000000e+00
2.750362e+01 3.507425e+03 -3.638357e+03 1.000000e+00
3.102383e+01 4.237367e+03 -4.187596e+03 9.992651e-01
3.208303e+01 3.949546e+03 -3.235492e+03 9.950333e-01
3.196935e+01 4.601935e+03 -3.793017e+03 9.787423e-01
3.136668e+01 4.153405e+03 -2.807006e+03 9.366232e-01
2.845947e+01 4.226131e+03 -2.325706e+03 8.571537e-01
0.000000e+00 2.373966e+03 -3.509969e+03 1.000000e+00
0.000000e+00 3.133292e+03 -3.992399e+03 1.000000e+00
0.000000e+00 3.155625e+03 -3.570202e+03 1.000000e+00
0.000000e+00 3.853967e+03 -4.075793e+03 1.000000e+00
0.000000e+00 3.679827e+03 -3.308334e+03 9.992651e-01
0.000000e+00 4.292942e+03 -3.848314e+03 9.950333e-01
0.000000e+00 3.868265e+03 -2.635453e+03 9.787423e-01
0.000000e+00 4.361231e+03 -2.604497e+03 9.366232e-01
0.000000e+00 3.299044e+03 -1.858939e+03 8.571537e-01
-1.666171e+00 2.362216e+03 -3.493467e+03 1.000000e+00
-4.516870e-01 3.180396e+03 -4.021377e+03 1.000000e+00
2.353797e+00 3.158757e+03 -3.544105e+03 1.000000e+00
4.355808e+00 3.895473e+03 -4.115167e+03 1.000000e+00
8.698248e+00 3.692839e+03 -3.270545e+03 9.992651e-01
1.136773e+01 4.319957e+03 -3.899916e+03 9.950333e-01
1.244250e+01 3.887956e+03 -2.594853e+03 9.787423e-01
1.707123e+01 4.362151e+03 -2.605507e+03 9.366232e-01
1.635848e+01 3.310373e+03 -1.849719e+03 8.571537e-01
-5.116757e+00 2.360133e+03 -3.502321e+03 1.000000e+00
-2.412795e-01 3.209619e+03 -4.028322e+03 1.000000e+00
5.080595e+00 3.164934e+03 -3.551485e+03 1.000000e+00
1.154513e+01 3.914031e+03 -4.121878e+03 1.000000e+00
1.583853e+01 3.704865e+03 -3.278016e+03 9.992651e-01
2.193142e+01 4.318647e+03 -3.903927e+03 9.950333e-01
2.687535e+01 3.901769e+03 -2.602385e+03 9.787423e-01
2.967359e+01 4.334208e+03 -2.596772e+03 9.366232e-01
2.728728e+01 3.317115e+03 -1.837094e+03 8.571537e-01
-1.852099e-01 2.376610e+03 -3.515012e+03 1.000000e+00
5.737494e+00 3.218402e+03 -4.025663e+03 1.000000e+00
1.259291e+01 3.176643e+03 -3.565390e+03 1.000000e+00
1.950008e+01 3.921021e+03 -4.110535e+03 1.000000e+00
2.481031e+01 3.711181e+03 -3.296290e+03 9.992651e-01
2.747116e+01 4.320334e+03 -3.884895e+03 9.950333e-01
2.920877e+01 3.898687e+03 -2.615397e+03 9.787423e-01
3.223517e+01 4.318977e+03 -2.581260e+03 9.366232e-01
2.888790e+01 3.301755e+03 -1.822516e+03 8.571537e-01
-2.991499e+00 2.386296e+03 -3.510961e+03 1.000000e+00
7.913381e+00 3.226191e+03 -4.033159e+03 1.000000e+00
1.670342e+01 3.185600e+03 -3.558370e+03 1.000000e+00
2.184335e+01 3.924415e+03 -4.117490e+03 1.000000e+00
2.855576e+01 3.715047e+03 -3.278306e+03 9.992651e-01
3.502662e+01 4.317440e+03 -3.888921e+03 9.950333e-01
3.721391e+01 3.891159e+03 -2.592782e+03 9.787423e-01
3.468527e+01 4.305594e+03 -2.570485e+03 9.366232e-01
3.068870e+01 3.283995e+03 -1.808795e+03 8.571537e-01
3.440188e+00 2.403806e+03 -3.518115e+03 1.000000e+00
9.056500e+00 3.228836e+03 -4.028441e+03 1.000000e+00
1.847174e+01 3.197712e+03 -3.559258e+03 1.000000e+00
2.782177e+01 3.923457e+03 -4.104785e+03 1.000000e+00
3.276040e+01 3.720643e+03 -3.274868e+03 9.992651e-01
3.476625e+01 4.308306e+03 -3.861016e+03 9.950333e-01
3.670883e+01 3.884193e+03 -2.582693e+03 9.787423e-01
3.531952e+01 4.288487e+03 -2.553768e+03 9.366232e-01
3.135044e+01 3.269745e+03 -1.793864e+03 8.571537e-01
3.123595e+00 2.409673e+03 -3.517378e+03 1.000000e+00
1.491376e+01 3.243050e+03 -4.029370e+03 1.000000e+00
2.227918e+01 3.197492e+03 -3.552345e+03 1.000000e+00
2.836746e+01 3.934743e+03 -4.095365e+03 1.000000e+00
3.469563e+01 3.715300e+03 -3.258813e+03 9.992651e-01
3.851500e+01 4.315048e+03 -3.842956e+03 9.950333e-01
3.973405e+01 3.872841e+03 -2.552120e+03 9.787423e-01
3.511228e+01 4.280356e+03 -2.537892e+03 9.366232e-01
2.986452e+01 3.250507e+03 -1.779164e+03 8.571537e-01
5.504061e+00 2.417523e+03 -3.519840e+03 1.000000e+00
1.425083e+01 3.249821e+03 -4.023644e+03 1.000000e+00
2.316842e+01 3.204328e+03 -3.552440e+03 1.000000e+00
3.009950e+01 3.935496e+03 -4.082392e+03 1.000000e+00
3.253808e+01 3.719321e+03 -3.248747e+03 9.992651e-01
3.543486e+01 4.309010e+03 -3.818302e+03 9.950333e-01
3.579119e+01 3.869967e+03 -2.530304e+03 9.787423e-01
3.091097e+01 4.267054e+03 -2.523542e+03 9.366232e-01
2.813380e+01 3.241754e+03 -1.765705e+03 8.571537e-01
7.435735e+00 2.428605e+03 -3.523509e+03 1.000000e+00
1.687987e+01 3.255097e+03 -4.022493e+03 1.000000e+00
2.429116e+01 3.213431e+03 -3.546529e+03 1.000000e+00
3.036903e+01 3.937650e+03 -4.075864e+03 1.000000e+00
3.417030e+01 3.723948e+03 -3.240233e+03 9.992651e-01
3.514675e+01 4.305898e+03 -3.802727e+03 9.950333e-01
3.443937e+01 3.865925e+03 -2.513650e+03 9.787423e-01
3.219975e+01 4.254513e+03 -2.512611e+03 9.366232e-01
2.836325e+01 3.227851e+03 -1.752468e+03 8.571537e-01
0.000000e+00 2.741522e+03 -3.776506e+03 1.000000e+00
0.000000e+00 2.840510e+03 -3.441663e+03 1.000000e+00
0.000000e+00 3.527447e+03 -3.915671e+03 1.000000e+00
0.000000e+00 3.440740e+03 -3.269424e+03 1.000000e+00
0.000000e+00 4.018763e+03 -3.760050e+03 9.992651e-01
0.000000e+00 3.683270e+03 -2.697544e+03 9.950333e-01
0.000000e+00 4.077802e+03 -3.139239e+03 9.787423e-01
0.000000e+00 3.357813e+03 -2.000672e+03 9.366232e-01
0.000000e+00 3.322784e+03 -1.478144e+03 8.571537e-01
-6.917793e-01 2.788927e+03 -3.805014e+03 1.000000e+00
1.469950e+00 2.835883e+03 -3.415592e+03 1.000000e+00
4.342946e+00 3.570954e+03 -3.952082e+03 1.000000e+00
6.861436e+00 3.448700e+03 -3.233915e+03 1.000000e+00
1.046668e+01 4.052246e+03 -3.806727e+03 9.992651e-01
1.369090e+01 3.696561e+03 -2.650345e+03 9.950333e-01
1.318148e+01 4.091294e+03 -3.198627e+03 9.787423e-01
1.815434e+01 3.364602e+03 -1.986620e+03 9.366232e-01
1.611047e+01 3.319456e+03 -1.472409e+03 8.571537e-01
-2.116879e+00 2.819998e+03 -3.813032e+03 1.000000e+00
2.212161e+00 2.839221e+03 -3.420217e+03 1.000000e+00
7.930256e+00 3.595966e+03 -3.959324e+03 1.000000e+00
1.299846e+01 3.457690e+03 -3.237469e+03 1.000000e+00
1.824718e+01 4.061292e+03 -3.812522e+03 9.992651e-01
2.266937e+01 3.706938e+03 -2.650850e+03 9.950333e-01
2.764177e+01 4.073642e+03 -3.204283e+03 9.787423e-01
2.976380e+01 3.366955e+03 -1.976884e+03 9.366232e-01
2.627780e+01 3.287413e+03 -1.460829e+03 8.571537e-01
1.809105e+00 2.827782e+03 -3.807994e+03 1.000000e+00
8.560305e+00 2.853059e+03 -3.436038e+03 1.000000e+00
1.484141e+01 3.603392e+03 -3.948267e+03 1.000000e+00
2.301976e+01 3.465532e+03 -3.251205e+03 1.000000e+00
2.724975e+01 4.063427e+03 -3.796731e+03 9.992651e-01
3.125974e+01 3.706882e+03 -2.662855e+03 9.950333e-01
3.226996e+01 4.065794e+03 -3.177360e+03 9.787423e-01
3.186647e+01 3.349121e+03 -1.966969e+03 9.366232e-01
2.834771e+01 3.269122e+03 -1.446492e+03 8.571537e-01
1.595896e-01 2.838842e+03 -3.817073e+03 1.000000e+00
1.053121e+01 2.861421e+03 -3.425728e+03 1.000000e+00
2.014492e+01 3.608432e+03 -3.956592e+03 1.000000e+00
2.381494e+01 3.471154e+03 -3.236391e+03 1.000000e+00
3.060409e+01 4.062757e+03 -3.798422e+03 9.992651e-01
3.483970e+01 3.702107e+03 -2.640764e+03 9.950333e-01
3.629592e+01 4.055659e+03 -3.177214e+03 9.787423e-01
3.533195e+01 3.328673e+03 -1.951880e+03 9.366232e-01
3.007284e+01 3.252510e+03 -1.433937e+03 8.571537e-01
6.537340e+00 2.842170e+03 -3.814140e+03 1.000000e+00
1.278689e+01 2.877587e+03 -3.428960e+03 1.000000e+00
2.091866e+01 3.608559e+03 -3.944988e+03 1.000000e+00
3.114696e+01 3.479244e+03 -3.234917e+03 1.000000e+00
3.555389e+01 4.058614e+03 -3.775346e+03 9.992651e-01
3.765800e+01 3.698470e+03 -2.634950e+03 9.950333e-01
3.939212e+01 4.040616e+03 -3.140541e+03 9.787423e-01
3.484823e+01 3.311418e+03 -1.938817e+03 9.366232e-01
3.044188e+01 3.232292e+03 -1.419289e+03 8.571537e-01
5.930536e+00 2.855237e+03 -3.814301e+03 1.000000e+00
1.705457e+01 2.879812e+03 -3.425714e+03 1.000000e+00
2.544939e+01 3.619765e+03 -3.938765e+03 1.000000e+00
3.040907e+01 3.474503e+03 -3.220892e+03 1.000000e+00
3.646563e+01 4.064313e+03 -3.760612e+03 9.992651e-01
4.075002e+01 3.688059e+03 -2.609148e+03 9.950333e-01
4.032871e+01 4.036769e+03 -3.116191e+03 9.787423e-01
3.596101e+01 3.289279e+03 -1.920899e+03 9.366232e-01
2.953905e+01 3.219174e+03 -1.405829e+03 8.571537e-01
8.772803e+00 2.865461e+03 -3.812215e+03 1.000000e+00
1.755506e+01 2.886582e+03 -3.423248e+03 1.000000e+00
2.570733e+01 3.624631e+03 -3.929976e+03 1.000000e+00
3.260595e+01 3.480355e+03 -3.214084e+03 1.000000e+00
3.532957e+01 4.060185e+03 -3.739242e+03 9.992651e-01
3.670380e+01 3.687275e+03 -2.592889e+03 9.950333e-01
3.655533e+01 4.020784e+03 -3.085903e+03 9.787423e-01
3.154548e+01 3.277589e+03 -1.904869e+03 9.366232e-01
2.767041e+01 3.199385e+03 -1.392950e+03 8.571537e-01
9.768636e+00 2.871637e+03 -3.813342e+03 1.000000e+00
1.930051e+01 2.895137e+03 -3.421566e+03 1.000000e+00
2.694739e+01 3.627007e+03 -3.921577e+03 1.000000e+00
3.298687e+01 3.485774e+03 -3.205701e+03 1.000000e+00
3.696104e+01 4.057750e+03 -3.726765e+03 9.992651e-01
3.819124e+01 3.685084e+03 -2.578452e+03 9.950333e-01
3.662846e+01 4.010056e+03 -3.063998e+03 9.787423e-01
3.227588e+01 3.261734e+03 -1.893609e+03 9.366232e-01
2.768168e+01 3.183600e+03 -1.380939e+03 8.571537e-01
0.000000e+00 2.497435e+03 -3.284704e+03 1.000000e+00
0.000000e+00 3.183854e+03 -3.725260e+03 1.000000e+00
0.000000e+00 3.181711e+03 -3.196688e+03 1.000000e+00
0.000000e+00 3.750035e+03 -3.632254e+03 1.000000e+00
0.000000e+00 3.510103e+03 -2.739863e+03 9.992651e-01
0.000000e+00 3.883456e+03 -3.169107e+03 9.950333e-01
0.000000e+00 3.287088e+03 -1.835701e+03 9.787423e-01
0.000000e+00 3.284110e+03 -1.764394e+03 9.366232e-01
0.000000e+00 2.373908e+03 -1.090718e+03 8.571537e-01
6.841640e-01 2.487255e+03 -3.258320e+03 1.000000e+00
3.064034e+00 3.229625e+03 -3.760973e+03 1.000000e+00
6.263190e+00 3.182585e+03 -3.160137e+03 1.000000e+00
9.108913e+00 3.789417e+03 -3.678050e+03 1.000000e+00
1.235351e+01 3.518709e+03 -2.691471e+03 9.992651e-01
1.393492e+01 3.905079e+03 -3.228020e+03 9.950333e-01
1.576681e+01 3.296547e+03 -1.777989e+03 9.787423e-01
1.747021e+01 3.279597e+03 -1.766181e+03 9.366232e-01
1.542207e+01 2.378524e+03 -1.084103e+03 8.571537e-01
1.042652e+00 2.486553e+03 -3.260650e+03 1.000000e+00
5.981986e+00 3.257821e+03 -3.769169e+03 1.000000e+00
1.142200e+01 3.188300e+03 -3.159143e+03 1.000000e+00
1.625141e+01 3.807417e+03 -3.687027e+03 1.000000e+00
2.036514e+01 3.526278e+03 -2.686606e+03 9.992651e-01
2.544983e+01 3.900297e+03 -3.235410e+03 9.950333e-01
2.703823e+01 3.301242e+03 -1.770416e+03 9.787423e-01
2.827121e+01 3.245740e+03 -1.757462e+03 9.366232e-01
2.476657e+01 2.379347e+03 -1.075165e+03 8.571537e-01
3.761337e+00 2.501347e+03 -3.273198e+03 1.000000e+00
1.093000e+01 3.265235e+03 -3.760644e+03 1.000000e+00
1.746013e+01 3.199257e+03 -3.172277e+03 1.000000e+00
2.470417e+01 3.809542e+03 -3.669186e+03 1.000000e+00
3.027294e+01 3.529392e+03 -2.700049e+03 9.992651e-01
3.233887e+01 3.893987e+03 -3.207665e+03 9.950333e-01
3.472567e+01 3.290279e+03 -1.777915e+03 9.787423e-01
3.171278e+01 3.224385e+03 -1.741710e+03 9.366232e-01
2.716908e+01 2.361267e+03 -1.064313e+03 8.571537e-01
4.669276e+00 2.511307e+03 -3.264928e+03 1.000000e+00
1.459965e+01 3.272815e+03 -3.766601e+03 1.000000e+00
2.370772e+01 3.204287e+03 -3.158294e+03 1.000000e+00
2.835189e+01 3.811212e+03 -3.672822e+03 1.000000e+00
3.227108e+01 3.527396e+03 -2.678050e+03 9.992651e-01
3.688869e+01 3.886514e+03 -3.206456e+03 9.950333e-01
3.512362e+01 3.274275e+03 -1.752864e+03 9.787423e-01
3.354823e+01 3.204064e+03 -1.728944e+03 9.366232e-01
2.858616e+01 2.339815e+03 -1.054118e+03 8.571537e-01
9.426502e+00 2.528620e+03 -3.268916e+03 1.000000e+00
1.646680e+01 3.274284e+03 -3.757671e+03 1.000000e+00
2.396237e+01 3.214835e+03 -3.157466e+03 1.000000e+00
3.330180e+01 3.809594e+03 -3.652948e+03 1.000000e+00
3.843160e+01 3.527395e+03 -2.673696e+03 9.992651e-01
3.920568e+01 3.876716e+03 -3.174884e+03 9.950333e-01
4.060154e+01 3.260408e+03 -1.743895e+03 9.787423e-01
3.422252e+01 3.180244e+03 -1.711036e+03 9.366232e-01
2.877436e+01 2.321440e+03 -1.043740e+03 8.571537e-01
9.646320e+00 2.532594e+03 -3.266815e+03 1.000000e+00
1.991847e+01 3.285555e+03 -3.753499e+03 1.000000e+00
2.882635e+01 3.213256e+03 -3.147364e+03 1.000000e+00
3.338114e+01 3.815642e+03 -3.640246e+03 1.000000e+00
3.827291e+01 3.517951e+03 -2.652458e+03 9.992651e-01
4.234346e+01 3.872769e+03 -3.153606e+03 9.950333e-01
4.088845e+01 3.241493e+03 -1.710727e+03 9.787423e-01
3.427823e+01 3.162336e+03 -1.695163e+03 9.366232e-01
2.852208e+01 2.299261e+03 -1.031705e+03 8.571537e-01
1.243626e+01 2.539631e+03 -3.266369e+03 1.000000e+00
2.158356e+01 3.292770e+03 -3.745252e+03 1.000000e+00
2.864675e+01 3.218768e+03 -3.141079e+03 1.000000e+00
3.557498e+01 3.815369e+03 -3.625089e+03 1.000000e+00
3.853610e+01 3.519027e+03 -2.637295e+03 9.992651e-01
3.804945e+01 3.860259e+03 -3.128119e+03 9.950333e-01
3.640678e+01 3.231067e+03 -1.690468e+03 9.787423e-01
3.104985e+01 3.137027e+03 -1.678441e+03 9.366232e-01
2.632528e+01 2.285625e+03 -1.021410e+03 8.571537e-01
1.245864e+01 2.548295e+03 -3.264659e+03 1.000000e+00
2.169466e+01 3.296818e+03 -3.741569e+03 1.000000e+00
2.927453e+01 3.224704e+03 -3.132602e+03 1.000000e+00
3.494585e+01 3.813259e+03 -3.611593e+03 1.000000e+00
3.884476e+01 3.518844e+03 -2.625512e+03 9.992651e-01
3.973426e+01 3.851006e+03 -3.108971e+03 9.950333e-01
3.762051e+01 3.217135e+03 -1.671776e+03 9.787423e-01
3.124157e+01 3.118806e+03 -1.665048e+03 9.366232e-01
2.647897e+01 2.268475e+03 -1.012489e+03 8.571537e-01
