0 729 0.00000e+00
  1     729
6.816286e+00 -2.511517e+03 1.713318e+03 1.000000e+00
-3.364027e-01 -2.295819e+03 1.852313e+03 1.000000e+00
-8.288438e+00 -2.232835e+03 1.699473e+03 1.000000e+00
-1.768608e+01 -1.866225e+03 1.824661e+03 1.000000e+00
-2.977695e+01 -1.692686e+03 1.436301e+03 1.000000e+00
-4.103609e+01 -1.055398e+03 1.632466e+03 1.000000e+00
-4.795544e+01 -4.409668e+02 1.012884e+03 1.000000e+00
-5.188969e+01 6.642343e+02 1.231188e+03 1.000000e+00
-5.206092e+01 1.617765e+03 5.391453e+02 1.000000e+00
6.227704e+00 -2.515740e+03 1.715159e+03 1.000000e+00
-7.595710e-01 -2.297298e+03 1.852781e+03 1.000000e+00
-7.377754e+00 -2.228075e+03 1.698917e+03 1.000000e+00
-1.595695e+01 -1.857296e+03 1.820202e+03 1.000000e+00
-2.866454e+01 -1.676932e+03 1.432297e+03 1.000000e+00
-4.132595e+01 -1.033059e+03 1.625017e+03 1.000000e+00
-4.859166e+01 -4.103263e+02 1.008007e+03 1.000000e+00
-5.020721e+01 6.920117e+02 1.223767e+03 1.000000e+00
-4.816276e+01 1.650707e+03 5.338525e+02 1.000000e+00
5.990182e+00 -2.519881e+03 1.717051e+03 1.000000e+00
-8.067310e-01 -2.297527e+03 1.852928e+03 1.000000e+00
-9.245353e+00 -2.224708e+03 1.697911e+03 1.000000e+00
-1.853956e+01 -1.849996e+03 1.816663e+03 1.000000e+00
-2.813630e+01 -1.661458e+03 1.430372e+03 1.000000e+00
-3.662090e+01 -1.009025e+03 1.617515e+03 1.000000e+00
-4.243459e+01 -3.838790e+02 1.003262e+03 1.000000e+00
-4.848164e+01 7.232015e+02 1.213026e+03 1.000000e+00
-5.128584e+01 1.683498e+03 5.289306e+02 1.000000e+00
4.665391e+00 -2.522404e+03 1.718204e+03 1.000000e+00
-1.466839e+00 -2.298301e+03 1.853921e+03 1.000000e+00
-6.875270e+00 -2.222842e+03 1.696537e+03 1.000000e+00
-1.333930e+01 -1.843858e+03 1.815552e+03 1.000000e+00
-2.435037e+01 -1.646237e+03 1.424961e+03 1.000000e+00
-3.656303e+01 -9.813599e+02 1.613012e+03 1.000000e+00
-4.326672e+01 -3.557857e+02 9.951890e+02 1.000000e+00
-4.362138e+01 7.550179e+02 1.206733e+03 1.000000e+00
-4.174689e+01 1.714525e+03 5.213704e+02 1.000000e+00
4.206057e+00 -2.524319e+03 1.720394e+03 1.000000e+00
-4.620306e-01 -2.303122e+03 1.854001e+03 1.000000e+00
-6.694020e+00 -2.220467e+03 1.696625e+03 1.000000e+00
-1.403186e+01 -1.837666e+03 1.812224e+03 1.000000e+00
-2.303869e+01 -1.635384e+03 1.421057e+03 1.000000e+00
-3.021484e+01 -9.635733e+02 1.606765e+03 1.000000e+00
-3.545627e+01 -3.290849e+02 9.900786e+02 1.000000e+00
-3.824736e+01 7.771171e+02 1.201367e+03 1.000000e+00
-3.846527e+01 1.742694e+03 5.171186e+02 1.000000e+00
3.204032e+00 -2.529963e+03 1.722154e+03 1.000000e+00
-1.749939e+00 -2.306189e+03 1.853493e+03 1.000000e+00
-6.069259e+00 -2.220635e+03 1.696353e+03 1.000000e+00
-1.216899e+01 -1.833364e+03 1.808818e+03 1.000000e+00
-1.802866e+01 -1.628453e+03 1.422396e+03 1.000000e+00
-2.448404e+01 -9.501628e+02 1.599393e+03 1.000000e+00
-2.791485e+01 -3.103920e+02 9.888716e+02 1.000000e+00
-3.085355e+01 8.026834e+02 1.189939e+03 1.000000e+00
-3.181102e+01 1.771427e+03 5.161699e+02 1.000000e+00
2.158023e+00 -2.542841e+03 1.718419e+03 1.000000e+00
1.268471e-01 -2.302849e+03 1.858684e+03 1.000000e+00
-3.484603e+00 -2.229257e+03 1.690137e+03 1.000000e+00
-6.126288e+00 -1.826791e+03 1.815511e+03 1.000000e+00
-1.257346e+01 -1.627089e+03 1.407694e+03 1.000000e+00
-1.781105e+01 -9.305608e+02 1.610105e+03 1.000000e+00
-2.237086e+01 -2.988923e+02 9.688769e+02 1.000000e+00
-2.181429e+01 8.310114e+02 1.203253e+03 1.000000e+00
-2.046378e+01 1.788944e+03 4.933108e+02 1.000000e+00
1.914625e+00 -2.535386e+03 1.732208e+03 1.000000e+00
-2.669117e-01 -2.325735e+03 1.843411e+03 1.000000e+00
-2.263696e+00 -2.220218e+03 1.708469e+03 1.000000e+00
-4.803526e+00 -1.845582e+03 1.788366e+03 1.000000e+00
-8.945249e+00 -1.609879e+03 1.445020e+03 1.000000e+00
-1.044847e+01 -9.416192e+02 1.560658e+03 1.000000e+00
-1.304233e+01 -2.719897e+02 1.016458e+03 1.000000e+00
-1.380308e+01 8.300703e+02 1.148029e+03 1.000000e+00
-1.353319e+01 1.822032e+03 5.488453e+02 1.000000e+00
0.000000e+00 -2.525819e+03 1.749192e+03 1.000000e+00
0.000000e+00 -2.357615e+03 1.823609e+03 1.000000e+00
0.000000e+00 -2.209549e+03 1.732150e+03 1.000000e+00
0.000000e+00 -1.873384e+03 1.754155e+03 1.000000e+00
0.000000e+00 -1.594327e+03 1.496615e+03 1.000000e+00
0.000000e+00 -9.660789e+02 1.498077e+03 1.000000e+00
0.000000e+00 -2.483466e+02 1.082481e+03 1.000000e+00
0.000000e+00 8.185444e+02 1.075169e+03 1.000000e+00
0.000000e+00 1.856810e+03 6.253168e+02 1.000000e+00
-4.693492e-01 -2.433096e+03 1.405379e+03 1.000000e+00
-6.603703e+00 -2.448669e+03 1.282580e+03 1.000000e+00
-1.304996e+01 -2.100581e+03 1.370875e+03 1.000000e+00
-2.027756e+01 -1.965799e+03 1.116215e+03 1.000000e+00
-2.884833e+01 -1.473416e+03 1.276326e+03 1.000000e+00
-3.641133e+01 -1.061378e+03 7.710546e+02 1.000000e+00
-4.093058e+01 -1.202617e+02 1.013267e+03 1.000000e+00
-4.237873e+01 6.922059e+02 4.058425e+02 1.000000e+00
-4.065077e+01 1.974110e+03 7.224801e+02 1.000000e+00
-1.343698e+00 -2.435274e+03 1.404965e+03 1.000000e+00
-8.189992e+00 -2.447900e+03 1.281247e+03 1.000000e+00
-1.297865e+01 -2.098248e+03 1.369582e+03 1.000000e+00
-1.823586e+01 -1.956209e+03 1.112266e+03 1.000000e+00
-2.885208e+01 -1.456155e+03 1.270367e+03 1.000000e+00
-3.830585e+01 -1.034384e+03 7.679460e+02 1.000000e+00
-4.189512e+01 -9.008163e+01 1.007813e+03 1.000000e+00
-4.289793e+01 7.298632e+02 4.022977e+02 1.000000e+00
-4.146376e+01 2.006052e+03 7.180155e+02 1.000000e+00
-1.012286e-01 -2.437272e+03 1.404869e+03 1.000000e+00
-5.076748e+00 -2.447376e+03 1.280113e+03 1.000000e+00
-1.309775e+01 -2.094612e+03 1.366363e+03 1.000000e+00
-2.103012e+01 -1.946053e+03 1.110329e+03 1.000000e+00
-2.674490e+01 -1.439471e+03 1.265552e+03 1.000000e+00
-3.252361e+01 -1.011627e+03 7.651180e+02 1.000000e+00
-3.669617e+01 -5.913896e+01 1.001521e+03 1.000000e+00
-3.776319e+01 7.631938e+02 3.994951e+02 1.000000e+00
-3.679493e+01 2.039554e+03 7.101975e+02 1.000000e+00
-1.281214e+00 -2.441195e+03 1.404557e+03 1.000000e+00
-7.973932e+00 -2.447648e+03 1.278722e+03 1.000000e+00
-1.166243e+01 -2.090669e+03 1.364294e+03 1.000000e+00
-1.591056e+01 -1.937791e+03 1.107602e+03 1.000000e+00
-2.474367e+01 -1.425548e+03 1.263111e+03 1.000000e+00
-3.249095e+01 -9.949030e+02 7.596246e+02 1.000000e+00
-3.663893e+01 -3.293157e+01 9.965608e+02 1.000000e+00
-3.750923e+01 7.923632e+02 3.956174e+02 1.000000e+00
-3.545220e+01 2.072655e+03 7.065291e+02 1.000000e+00
-1.185984e+00 -2.448191e+03 1.403987e+03 1.000000e+00
-4.757451e+00 -2.447111e+03 1.278114e+03 1.000000e+00
-9.494081e+00 -2.089919e+03 1.363149e+03 1.000000e+00
-1.566518e+01 -1.932329e+03 1.104292e+03 1.000000e+00
-2.225089e+01 -1.412283e+03 1.258375e+03 1.000000e+00
-2.792876e+01 -9.738591e+02 7.557651e+02 1.000000e+00
-3.106112e+01 -1.063405e+01 9.916498e+02 1.000000e+00
-3.246611e+01 8.228725e+02 3.914602e+02 1.000000e+00
-3.195006e+01 2.098021e+03 7.047970e+02 1.000000e+00
-5.294194e-01 -2.452960e+03 1.404123e+03 1.000000e+00
-4.819009e+00 -2.448999e+03 1.277670e+03 1.000000e+00
-9.105737e+00 -2.089620e+03 1.360056e+03 1.000000e+00
-1.266210e+01 -1.927836e+03 1.103755e+03 1.000000e+00
-1.841692e+01 -1.399430e+03 1.253056e+03 1.000000e+00
-2.268513e+01 -9.556622e+02 7.560230e+02 1.000000e+00
-2.454658e+01 1.249146e+01 9.853914e+02 1.000000e+00
-2.284301e+01 8.474558e+02 3.917972e+02 1.000000e+00
-2.354420e+01 2.122125e+03 6.939759e+02 1.000000e+00
-9.716667e-01 -2.453155e+03 1.407579e+03 1.000000e+00
-3.517436e+00 -2.462288e+03 1.272697e+03 1.000000e+00
-4.951117e+00 -2.085618e+03 1.364129e+03 1.000000e+00
-9.321788e+00 -1.933726e+03 1.094519e+03 1.000000e+00
-1.254612e+01 -1.388910e+03 1.261976e+03 1.000000e+00
-1.724524e+01 -9.522671e+02 7.397521e+02 1.000000e+00
-1.982906e+01 3.462938e+01 9.968959e+02 1.000000e+00
-2.285125e+01 8.580737e+02 3.733213e+02 1.000000e+00
-1.934081e+01 2.148278e+03 7.088622e+02 1.000000e+00
-2.367967e-01 -2.479908e+03 1.395359e+03 1.000000e+00
-1.157907e+00 -2.452334e+03 1.286894e+03 1.000000e+00
-3.244730e+00 -2.106375e+03 1.345802e+03 1.000000e+00
-5.448511e+00 -1.919532e+03 1.117590e+03 1.000000e+00
-7.850185e+00 -1.405746e+03 1.222374e+03 1.000000e+00
-1.093987e+01 -9.269196e+02 7.827834e+02 1.000000e+00
-9.726108e+00 2.986234e+01 9.464161e+02 1.000000e+00
-9.059763e+00 8.901356e+02 4.225164e+02 1.000000e+00
-8.908342e+00 2.149264e+03 6.546903e+02 1.000000e+00
0.000000e+00 -2.513162e+03 1.379788e+03 1.000000e+00
0.000000e+00 -2.438025e+03 1.305093e+03 1.000000e+00
0.000000e+00 -2.135869e+03 1.322751e+03 1.000000e+00
0.000000e+00 -1.902665e+03 1.149474e+03 1.000000e+00
0.000000e+00 -1.431472e+03 1.171803e+03 1.000000e+00
0.000000e+00 -9.010035e+02 8.420042e+02 1.000000e+00
0.000000e+00 1.433921e+01 8.821376e+02 1.000000e+00
0.000000e+00 9.238749e+02 4.914623e+02 1.000000e+00
0.000000e+00 2.141755e+03 5.786578e+02 1.000000e+00
-7.035145e+00 -2.586656e+03 9.248206e+02 1.000000e+00
-1.232500e+01 -2.302152e+03 9.845701e+02 1.000000e+00
-1.721740e+01 -2.223241e+03 7.848323e+02 1.000000e+00
-2.193762e+01 -1.770340e+03 8.760008e+02 1.000000e+00
-2.766838e+01 -1.550239e+03 5.060708e+02 1.000000e+00
-3.260384e+01 -8.034216e+02 7.399005e+02 1.000000e+00
-3.435870e+01 -1.598715e+02 2.102549e+02 1.000000e+00
-3.343805e+01 9.989610e+02 5.353423e+02 1.000000e+00
-3.087071e+01 1.924408e+03 -3.119613e+01 1.000000e+00
-6.798946e+00 -2.588808e+03 9.226138e+02 1.000000e+00
-1.337159e+01 -2.301339e+03 9.814023e+02 1.000000e+00
-1.748818e+01 -2.217122e+03 7.826147e+02 1.000000e+00
-2.033807e+01 -1.760815e+03 8.722924e+02 1.000000e+00
-2.622243e+01 -1.531562e+03 5.010988e+02 1.000000e+00
-3.364465e+01 -7.807081e+02 7.352922e+02 1.000000e+00
-3.493287e+01 -1.296989e+02 2.096139e+02 1.000000e+00
-3.155244e+01 1.030451e+03 5.343642e+02 1.000000e+00
-2.881496e+01 1.963181e+03 -3.251222e+01 1.000000e+00
-7.445650e+00 -2.593144e+03 9.211482e+02 1.000000e+00
-1.036020e+01 -2.300878e+03 9.789734e+02 1.000000e+00
-1.555303e+01 -2.211562e+03 7.791640e+02 1.000000e+00
-2.264776e+01 -1.753072e+03 8.679769e+02 1.000000e+00
-2.757789e+01 -1.516194e+03 4.991962e+02 1.000000e+00
-2.903043e+01 -7.558150e+02 7.306578e+02 1.000000e+00
-3.044255e+01 -1.026812e+02 2.088448e+02 1.000000e+00
-3.221807e+01 1.060412e+03 5.303575e+02 1.000000e+00
-3.023623e+01 1.994626e+03 -3.271272e+01 1.000000e+00
-6.094744e+00 -2.596968e+03 9.195333e+02 1.000000e+00
-1.208369e+01 -2.300639e+03 9.768639e+02 1.000000e+00
-1.559794e+01 -2.208024e+03 7.755455e+02 1.000000e+00
-1.762436e+01 -1.745241e+03 8.647415e+02 1.000000e+00
-2.316117e+01 -1.502149e+03 4.959997e+02 1.000000e+00
-2.888560e+01 -7.290613e+02 7.282956e+02 1.000000e+00
-3.038629e+01 -7.502608e+01 2.045422e+02 1.000000e+00
-3.026453e+01 1.087640e+03 5.262672e+02 1.000000e+00
-2.665612e+01 2.019504e+03 -3.230656e+01 1.000000e+00
-5.743773e+00 -2.597569e+03 9.177691e+02 1.000000e+00
-9.438611e+00 -2.304030e+03 9.741714e+02 1.000000e+00
-1.274426e+01 -2.205593e+03 7.739706e+02 1.000000e+00
-1.619356e+01 -1.737372e+03 8.617377e+02 1.000000e+00
-2.058711e+01 -1.488136e+03 4.910988e+02 1.000000e+00
-2.512738e+01 -7.110472e+02 7.237254e+02 1.000000e+00
-2.673622e+01 -4.938697e+01 2.023591e+02 1.000000e+00
-2.420140e+01 1.114079e+03 5.250311e+02 1.000000e+00
-2.394006e+01 2.051798e+03 -3.510304e+01 1.000000e+00
-4.128708e+00 -2.603298e+03 9.170112e+02 1.000000e+00
-7.163752e+00 -2.307264e+03 9.725001e+02 1.000000e+00
-1.015224e+01 -2.204469e+03 7.714005e+02 1.000000e+00
-1.556379e+01 -1.734841e+03 8.576562e+02 1.000000e+00
-1.832563e+01 -1.480637e+03 4.923054e+02 1.000000e+00
-1.962940e+01 -6.947820e+02 7.175961e+02 1.000000e+00
-2.023020e+01 -3.057051e+01 2.040777e+02 1.000000e+00
-2.207057e+01 1.135262e+03 5.187474e+02 1.000000e+00
-1.842313e+01 2.077545e+03 -3.235948e+01 1.000000e+00
-3.530983e+00 -2.616479e+03 9.119045e+02 1.000000e+00
-6.520577e+00 -2.302721e+03 9.754039e+02 1.000000e+00
-8.181403e+00 -2.213173e+03 7.646649e+02 1.000000e+00
-8.444219e+00 -1.726751e+03 8.623757e+02 1.000000e+00
-1.315907e+01 -1.479729e+03 4.795471e+02 1.000000e+00
-1.594717e+01 -6.723972e+02 7.294327e+02 1.000000e+00
-1.726778e+01 -1.789908e+01 1.869558e+02 1.000000e+00
-1.585985e+01 1.164947e+03 5.318165e+02 1.000000e+00
-1.558355e+01 2.094301e+03 -4.885786e+01 1.000000e+00
-1.260949e+00 -2.605017e+03 9.225894e+02 1.000000e+00
-2.398337e+00 -2.328840e+03 9.603632e+02 1.000000e+00
-3.888671e+00 -2.201940e+03 7.805355e+02 1.000000e+00
-6.104059e+00 -1.746818e+03 8.370672e+02 1.000000e+00
-8.323589e+00 -1.457813e+03 5.129269e+02 1.000000e+00
-1.026272e+01 -6.869940e+02 6.841769e+02 1.000000e+00
-1.083791e+01 9.042741e+00 2.330216e+02 1.000000e+00
-8.881393e+00 1.164308e+03 4.817301e+02 1.000000e+00
-8.783305e+00 2.130270e+03 8.359674e-01 1.000000e+00
0.000000e+00 -2.591901e+03 9.376458e+02 1.000000e+00
0.000000e+00 -2.364466e+03 9.421097e+02 1.000000e+00
0.000000e+00 -2.187186e+03 8.012231e+02 1.000000e+00
0.000000e+00 -1.779635e+03 8.054393e+02 1.000000e+00
0.000000e+00 -1.437378e+03 5.604904e+02 1.000000e+00
0.000000e+00 -7.149494e+02 6.250941e+02 1.000000e+00
0.000000e+00 3.258423e+01 2.966478e+02 1.000000e+00
0.000000e+00 1.145022e+03 4.138748e+02 1.000000e+00
0.000000e+00 2.165118e+03 7.178020e+01 1.000000e+00
-1.283845e+01 -2.421906e+03 6.656639e+02 1.000000e+00
-1.741554e+01 -2.431544e+03 4.865395e+02 1.000000e+00
-2.052974e+01 -2.021376e+03 5.234805e+02 1.000000e+00
-2.317743e+01 -1.881361e+03 2.551731e+02 1.000000e+00
-2.662016e+01 -1.315477e+03 4.158077e+02 1.000000e+00
-2.850524e+01 -8.921465e+02 -2.941654e+01 1.000000e+00
-2.764563e+01 9.478574e+01 2.842997e+02 1.000000e+00
-2.506258e+01 8.848211e+02 -2.206571e+02 1.000000e+00
-2.167732e+01 2.176586e+03 2.059072e+02 1.000000e+00
-1.222433e+01 -2.424304e+03 6.623491e+02 1.000000e+00
-1.703026e+01 -2.429293e+03 4.824063e+02 1.000000e+00
-2.089287e+01 -2.017570e+03 5.195789e+02 1.000000e+00
-2.251761e+01 -1.872303e+03 2.516630e+02 1.000000e+00
-2.357640e+01 -1.298790e+03 4.122539e+02 1.000000e+00
-2.677600e+01 -8.624974e+02 -3.286688e+01 1.000000e+00
-2.932363e+01 1.232363e+02 2.816256e+02 1.000000e+00
-2.779961e+01 9.124114e+02 -2.195170e+02 1.000000e+00
-2.048409e+01 2.202690e+03 2.109230e+02 1.000000e+00
-1.316248e+01 -2.425392e+03 6.592595e+02 1.000000e+00
-1.640997e+01 -2.429070e+03 4.789657e+02 1.000000e+00
-1.887143e+01 -2.014385e+03 5.154317e+02 1.000000e+00
-2.259174e+01 -1.860947e+03 2.476092e+02 1.000000e+00
-2.882991e+01 -1.282864e+03 4.079032e+02 1.000000e+00
-2.912849e+01 -8.419203e+02 -3.373248e+01 1.000000e+00
-2.482030e+01 1.521861e+02 2.790802e+02 1.000000e+00
-2.118856e+01 9.431273e+02 -2.174337e+02 1.000000e+00
-2.193276e+01 2.233487e+03 2.088743e+02 1.000000e+00
-1.022235e+01 -2.427378e+03 6.561843e+02 1.000000e+00
-1.472758e+01 -2.429697e+03 4.754094e+02 1.000000e+00
-1.868751e+01 -2.011158e+03 5.113918e+02 1.000000e+00
-2.017947e+01 -1.852569e+03 2.437151e+02 1.000000e+00
-2.000976e+01 -1.267610e+03 4.050941e+02 1.000000e+00
-2.204376e+01 -8.260691e+02 -3.570844e+01 1.000000e+00
-2.457460e+01 1.778260e+02 2.773410e+02 1.000000e+00
-2.424233e+01 9.774424e+02 -2.183391e+02 1.000000e+00
-1.979374e+01 2.266962e+03 2.050684e+02 1.000000e+00
-9.730466e+00 -2.433811e+03 6.531367e+02 1.000000e+00
-1.363939e+01 -2.427714e+03 4.714910e+02 1.000000e+00
-1.551000e+01 -2.009561e+03 5.085392e+02 1.000000e+00
-1.668439e+01 -1.848745e+03 2.409025e+02 1.000000e+00
-2.062580e+01 -1.254784e+03 4.016593e+02 1.000000e+00
-2.309025e+01 -8.021070e+02 -3.929783e+01 1.000000e+00
-2.162528e+01 2.013834e+02 2.746985e+02 1.000000e+00
-1.947728e+01 1.002194e+03 -2.198686e+02 1.000000e+00
-1.595477e+01 2.290531e+03 2.084116e+02 1.000000e+00
-8.217052e+00 -2.439213e+03 6.510421e+02 1.000000e+00
-9.455682e+00 -2.430047e+03 4.697004e+02 1.000000e+00
-1.240447e+01 -2.009896e+03 5.046173e+02 1.000000e+00
-1.590095e+01 -1.841972e+03 2.385869e+02 1.000000e+00
-1.924568e+01 -1.244637e+03 3.967955e+02 1.000000e+00
-1.885489e+01 -7.886239e+02 -3.717408e+01 1.000000e+00
-1.885359e+01 2.231442e+02 2.698277e+02 1.000000e+00
-1.657892e+01 1.027666e+03 -2.150290e+02 1.000000e+00
-1.609067e+01 2.313107e+03 2.013624e+02 1.000000e+00
-4.454110e+00 -2.438545e+03 6.528786e+02 1.000000e+00
-8.457047e+00 -2.443003e+03 4.634596e+02 1.000000e+00
-8.977163e+00 -2.004161e+03 5.072049e+02 1.000000e+00
-9.226645e+00 -1.847131e+03 2.292048e+02 1.000000e+00
-9.809361e+00 -1.230766e+03 4.048046e+02 1.000000e+00
-1.272154e+01 -7.862783e+02 -5.084758e+01 1.000000e+00
-1.173053e+01 2.454996e+02 2.827430e+02 1.000000e+00
-1.217271e+01 1.040050e+03 -2.308929e+02 1.000000e+00
-8.836571e+00 2.340104e+03 2.168728e+02 1.000000e+00
-3.889271e+00 -2.468364e+03 6.410162e+02 1.000000e+00
-3.664670e+00 -2.429159e+03 4.742228e+02 1.000000e+00
-5.649071e+00 -2.027333e+03 4.901564e+02 1.000000e+00
-8.311447e+00 -1.831070e+03 2.505990e+02 1.000000e+00
-9.249468e+00 -1.249746e+03 3.685860e+02 1.000000e+00
-1.129707e+01 -7.550580e+02 -1.245154e+01 1.000000e+00
-1.144684e+01 2.415687e+02 2.383259e+02 1.000000e+00
-9.462732e+00 1.071657e+03 -1.837164e+02 1.000000e+00
-8.038279e+00 2.342326e+03 1.678686e+02 1.000000e+00
0.000000e+00 -2.506309e+03 6.268835e+02 1.000000e+00
0.000000e+00 -2.411877e+03 4.907909e+02 1.000000e+00
0.000000e+00 -2.061720e+03 4.677305e+02 1.000000e+00
0.000000e+00 -1.810557e+03 2.805843e+02 1.000000e+00
0.000000e+00 -1.281251e+03 3.228535e+02 1.000000e+00
0.000000e+00 -7.257076e+02 4.134540e+01 1.000000e+00
0.000000e+00 2.243683e+02 1.776001e+02 1.000000e+00
0.000000e+00 1.108534e+03 -1.166840e+02 1.000000e+00
0.000000e+00 2.333464e+03 9.645008e+01 1.000000e+00
-1.797338e+01 -2.557644e+03 2.511825e+02 1.000000e+00
-2.161945e+01 -2.215467e+03 2.483450e+02 1.000000e+00
-2.351756e+01 -2.144326e+03 1.523061e+01 1.000000e+00
-2.439077e+01 -1.643329e+03 7.890228e+01 1.000000e+00
-2.550352e+01 -1.428297e+03 -2.725204e+02 1.000000e+00
-2.480267e+01 -6.453682e+02 -1.276824e+01 1.000000e+00
-2.173832e+01 -4.432021e+01 -4.644970e+02 1.000000e+00
-1.778952e+01 1.110394e+03 -5.585352e+01 1.000000e+00
-1.323330e+01 1.984558e+03 -5.249290e+02 1.000000e+00
-1.727415e+01 -2.559650e+03 2.472828e+02 1.000000e+00
-2.139847e+01 -2.215464e+03 2.423595e+02 1.000000e+00
-2.482505e+01 -2.139564e+03 1.080979e+01 1.000000e+00
-2.577041e+01 -1.635516e+03 7.509092e+01 1.000000e+00
-2.560014e+01 -1.416111e+03 -2.753202e+02 1.000000e+00
-2.358193e+01 -6.286546e+02 -1.359483e+01 1.000000e+00
-2.266629e+01 -1.371705e+01 -4.658772e+02 1.000000e+00
-2.145313e+01 1.144690e+03 -5.499766e+01 1.000000e+00
-1.915171e+01 2.014177e+03 -5.228812e+02 1.000000e+00
-1.732675e+01 -2.562771e+03 2.428532e+02 1.000000e+00
-2.020397e+01 -2.214020e+03 2.376185e+02 1.000000e+00
-2.046237e+01 -2.133650e+03 6.368877e+00 1.000000e+00
-2.099142e+01 -1.627937e+03 7.035458e+01 1.000000e+00
-2.326714e+01 -1.398825e+03 -2.790111e+02 1.000000e+00
-2.541859e+01 -6.043365e+02 -1.684443e+01 1.000000e+00
-2.095633e+01 1.246297e+01 -4.632659e+02 1.000000e+00
-1.402571e+01 1.173923e+03 -5.566758e+01 1.000000e+00
-8.087350e+00 2.043930e+03 -5.185497e+02 1.000000e+00
-1.489673e+01 -2.566656e+03 2.382172e+02 1.000000e+00
-1.845024e+01 -2.213094e+03 2.335862e+02 1.000000e+00
-2.210896e+01 -2.129402e+03 1.281702e+00 1.000000e+00
-2.381096e+01 -1.620119e+03 6.632858e+01 1.000000e+00
-2.353170e+01 -1.385262e+03 -2.821271e+02 1.000000e+00
-2.102859e+01 -5.803367e+02 -1.959218e+01 1.000000e+00
-2.049941e+01 3.601067e+01 -4.617203e+02 1.000000e+00
-1.871039e+01 1.196463e+03 -5.511663e+01 1.000000e+00
-1.511068e+01 2.072946e+03 -5.151729e+02 1.000000e+00
-1.363688e+01 -2.568630e+03 2.347202e+02 1.000000e+00
-1.612702e+01 -2.216717e+03 2.289732e+02 1.000000e+00
-1.742117e+01 -2.127080e+03 -3.012714e+00 1.000000e+00
-1.734532e+01 -1.614086e+03 6.322200e+01 1.000000e+00
-1.911427e+01 -1.377835e+03 -2.846632e+02 1.000000e+00
-1.903187e+01 -5.676808e+02 -1.998720e+01 1.000000e+00
-1.656808e+01 6.012336e+01 -4.645582e+02 1.000000e+00
-1.413328e+01 1.224028e+03 -5.481170e+01 1.000000e+00
-1.202137e+01 2.098351e+03 -5.148992e+02 1.000000e+00
-1.005397e+01 -2.572053e+03 2.315337e+02 1.000000e+00
-1.266925e+01 -2.219721e+03 2.255027e+02 1.000000e+00
-1.394571e+01 -2.124891e+03 -5.543795e+00 1.000000e+00
-1.499608e+01 -1.610064e+03 5.802676e+01 1.000000e+00
-1.521277e+01 -1.363093e+03 -2.861156e+02 1.000000e+00
-1.787832e+01 -5.484509e+02 -2.597390e+01 1.000000e+00
-1.641937e+01 7.967127e+01 -4.590735e+02 1.000000e+00
-1.181485e+01 1.245572e+03 -5.940685e+01 1.000000e+00
-7.751519e+00 2.127131e+03 -5.085393e+02 1.000000e+00
-8.132787e+00 -2.586281e+03 2.252723e+02 1.000000e+00
-9.363078e+00 -2.215547e+03 2.269977e+02 1.000000e+00
-1.157375e+01 -2.135219e+03 -1.332894e+01 1.000000e+00
-1.271440e+01 -1.603531e+03 6.196095e+01 1.000000e+00
-1.424012e+01 -1.365938e+03 -2.973930e+02 1.000000e+00
-1.112677e+01 -5.270237e+02 -1.588066e+01 1.000000e+00
-1.186174e+01 8.638250e+01 -4.732936e+02 1.000000e+00
-1.243798e+01 1.269067e+03 -4.420702e+01 1.000000e+00
-1.129849e+01 2.140643e+03 -5.224772e+02 1.000000e+00
-3.596903e+00 -2.572149e+03 2.333725e+02 1.000000e+00
-5.158823e+00 -2.244200e+03 2.131565e+02 1.000000e+00
-5.138001e+00 -2.119575e+03 -2.956428e-01 1.000000e+00
-5.250945e+00 -1.625111e+03 3.878356e+01 1.000000e+00
-7.548894e+00 -1.343978e+03 -2.665747e+02 1.000000e+00
-8.047681e+00 -5.422928e+02 -5.343061e+01 1.000000e+00
-6.130677e+00 1.179823e+02 -4.326453e+02 1.000000e+00
-2.869486e+00 1.270028e+03 -8.846214e+01 1.000000e+00
-2.507463e+00 2.174062e+03 -4.749943e+02 1.000000e+00
0.000000e+00 -2.552856e+03 2.460920e+02 1.000000e+00
0.000000e+00 -2.283009e+03 1.962534e+02 1.000000e+00
0.000000e+00 -2.098203e+03 1.939765e+01 1.000000e+00
0.000000e+00 -1.655684e+03 8.920678e+00 1.000000e+00
0.000000e+00 -1.314174e+03 -2.239713e+02 1.000000e+00
0.000000e+00 -5.687078e+02 -1.063364e+02 1.000000e+00
0.000000e+00 1.528298e+02 -3.725891e+02 1.000000e+00
0.000000e+00 1.257594e+03 -1.512941e+02 1.000000e+00
0.000000e+00 2.217197e+03 -4.081483e+02 1.000000e+00
-2.260799e+01 -2.329187e+03 4.670893e+01 1.000000e+00
-2.552272e+01 -2.343405e+03 -1.779512e+02 1.000000e+00
-2.627836e+01 -1.891568e+03 -1.849519e+02 1.000000e+00
-2.626068e+01 -1.773167e+03 -4.650175e+02 1.000000e+00
-2.519056e+01 -1.180014e+03 -3.166609e+02 1.000000e+00
-2.207705e+01 -7.946132e+02 -7.219323e+02 1.000000e+00
-1.802040e+01 1.886485e+02 -3.705519e+02 1.000000e+00
-1.298129e+01 9.053550e+02 -7.982761e+02 1.000000e+00
-7.197683e+00 2.158863e+03 -2.887192e+02 1.000000e+00
-2.127509e+01 -2.330699e+03 4.040026e+01 1.000000e+00
-2.510095e+01 -2.341045e+03 -1.838242e+02 1.000000e+00
-2.621973e+01 -1.885297e+03 -1.904521e+02 1.000000e+00
-2.626098e+01 -1.762513e+03 -4.702066e+02 1.000000e+00
-2.521794e+01 -1.161997e+03 -3.186270e+02 1.000000e+00
-2.160378e+01 -7.681289e+02 -7.232914e+02 1.000000e+00
-1.612509e+01 2.133246e+02 -3.680104e+02 1.000000e+00
-1.050474e+01 9.352198e+02 -7.962183e+02 1.000000e+00
-6.339440e+00 2.197497e+03 -2.841510e+02 1.000000e+00
-2.247525e+01 -2.332691e+03 3.472872e+01 1.000000e+00
-2.400030e+01 -2.340996e+03 -1.890252e+02 1.000000e+00
-2.455680e+01 -1.883068e+03 -1.964172e+02 1.000000e+00
-2.415919e+01 -1.754540e+03 -4.744759e+02 1.000000e+00
-2.296998e+01 -1.150898e+03 -3.223072e+02 1.000000e+00
-2.169271e+01 -7.493163e+02 -7.245375e+02 1.000000e+00
-2.020859e+01 2.373340e+02 -3.685035e+02 1.000000e+00
-1.575411e+01 9.600953e+02 -7.914081e+02 1.000000e+00
-8.829651e+00 2.225465e+03 -2.813813e+02 1.000000e+00
-1.782574e+01 -2.334297e+03 2.983884e+01 1.000000e+00
-2.142645e+01 -2.341697e+03 -1.947715e+02 1.000000e+00
-2.294666e+01 -1.880770e+03 -2.014453e+02 1.000000e+00
-2.249560e+01 -1.746589e+03 -4.790079e+02 1.000000e+00
-2.344886e+01 -1.138211e+03 -3.266885e+02 1.000000e+00
-1.988835e+01 -7.339572e+02 -7.240149e+02 1.000000e+00
-1.449585e+01 2.609808e+02 -3.705664e+02 1.000000e+00
-9.786236e+00 9.871768e+02 -7.865883e+02 1.000000e+00
-4.960863e+00 2.247684e+03 -2.784861e+02 1.000000e+00
-1.709068e+01 -2.338449e+03 2.479474e+01 1.000000e+00
-1.920501e+01 -2.340050e+03 -2.002472e+02 1.000000e+00
-2.017693e+01 -1.878203e+03 -2.057373e+02 1.000000e+00
-2.045114e+01 -1.739996e+03 -4.838920e+02 1.000000e+00
-1.868407e+01 -1.122142e+03 -3.284434e+02 1.000000e+00
-1.772507e+01 -7.135749e+02 -7.263164e+02 1.000000e+00
-1.570707e+01 2.811611e+02 -3.684978e+02 1.000000e+00
-1.125888e+01 1.012806e+03 -7.864881e+02 1.000000e+00
-8.057284e+00 2.278814e+03 -2.748012e+02 1.000000e+00
-1.321691e+01 -2.345181e+03 2.052050e+01 1.000000e+00
-1.452168e+01 -2.341811e+03 -2.037007e+02 1.000000e+00
-1.603610e+01 -1.881317e+03 -2.109074e+02 1.000000e+00
-1.501948e+01 -1.737852e+03 -4.859010e+02 1.000000e+00
-1.567734e+01 -1.118855e+03 -3.341007e+02 1.000000e+00
-1.448399e+01 -7.010896e+02 -7.258199e+02 1.000000e+00
-1.347447e+01 2.983440e+02 -3.730048e+02 1.000000e+00
-9.913157e+00 1.031644e+03 -7.796627e+02 1.000000e+00
-6.048798e+00 2.293757e+03 -2.789355e+02 1.000000e+00
-9.197360e+00 -2.342855e+03 2.088874e+01 1.000000e+00
-1.109517e+01 -2.354211e+03 -2.108730e+02 1.000000e+00
-1.152743e+01 -1.873820e+03 -2.096920e+02 1.000000e+00
-1.362663e+01 -1.740796e+03 -4.954759e+02 1.000000e+00
-1.317783e+01 -1.103351e+03 -3.269376e+02 1.000000e+00
-1.126495e+01 -6.981700e+02 -7.369139e+02 1.000000e+00
-8.401020e+00 3.259169e+02 -3.622094e+02 1.000000e+00
-7.655431e+00 1.047157e+03 -7.920632e+02 1.000000e+00
-4.442051e+00 2.323900e+03 -2.613865e+02 1.000000e+00
-5.826019e+00 -2.375131e+03 1.009032e+01 1.000000e+00
-5.903360e+00 -2.337428e+03 -2.022583e+02 1.000000e+00
-6.648750e+00 -1.900215e+03 -2.251424e+02 1.000000e+00
-6.257676e+00 -1.721912e+03 -4.779342e+02 1.000000e+00
-6.053063e+00 -1.120404e+03 -3.577973e+02 1.000000e+00
-8.865751e+00 -6.696334e+02 -7.028137e+02 1.000000e+00
-6.191517e+00 3.161828e+02 -3.981415e+02 1.000000e+00
-3.374064e+00 1.079126e+03 -7.506194e+02 1.000000e+00
-3.623418e+00 2.327277e+03 -3.055416e+02 1.000000e+00
0.000000e+00 -2.418587e+03 -2.746106e+00 1.000000e+00
0.000000e+00 -2.316110e+03 -1.882029e+02 1.000000e+00
0.000000e+00 -1.940402e+03 -2.443563e+02 1.000000e+00
0.000000e+00 -1.702015e+03 -4.509861e+02 1.000000e+00
0.000000e+00 -1.156462e+03 -4.009193e+02 1.000000e+00
0.000000e+00 -6.409564e+02 -6.541258e+02 1.000000e+00
0.000000e+00 2.888694e+02 -4.508534e+02 1.000000e+00
0.000000e+00 1.109736e+03 -6.899319e+02 1.000000e+00
0.000000e+00 2.308207e+03 -3.726162e+02 1.000000e+00
-2.656826e+01 -2.463639e+03 -3.038140e+02 1.000000e+00
-2.865265e+01 -2.075948e+03 -3.590008e+02 1.000000e+00
-2.901899e+01 -2.020963e+03 -6.202616e+02 1.000000e+00
-2.782221e+01 -1.495825e+03 -5.899549e+02 1.000000e+00
-2.493784e+01 -1.317172e+03 -9.345692e+02 1.000000e+00
-2.030439e+01 -5.364123e+02 -6.816006e+02 1.000000e+00
-1.498331e+01 -1.142110e+01 -1.088002e+03 1.000000e+00
-8.519482e+00 1.109548e+03 -6.407377e+02 1.000000e+00
-1.636304e+00 1.897515e+03 -1.041318e+03 1.000000e+00
-2.594103e+01 -2.466485e+03 -3.098012e+02 1.000000e+00
-2.802858e+01 -2.075263e+03 -3.664551e+02 1.000000e+00
-2.812934e+01 -2.018201e+03 -6.262638e+02 1.000000e+00
-2.661603e+01 -1.487975e+03 -5.956106e+02 1.000000e+00
-2.522709e+01 -1.307313e+03 -9.389910e+02 1.000000e+00
-1.975122e+01 -5.222632e+02 -6.797399e+02 1.000000e+00
-1.235121e+01 1.425529e+01 -1.087343e+03 1.000000e+00
-6.146029e+00 1.134142e+03 -6.356416e+02 1.000000e+00
-4.008422e-01 1.917183e+03 -1.036115e+03 1.000000e+00
-2.498480e+01 -2.467656e+03 -3.160203e+02 1.000000e+00
-2.752013e+01 -2.073582e+03 -3.736371e+02 1.000000e+00
-2.819412e+01 -2.013666e+03 -6.323459e+02 1.000000e+00
-2.745260e+01 -1.481003e+03 -6.007043e+02 1.000000e+00
-2.381212e+01 -1.292983e+03 -9.420356e+02 1.000000e+00
-2.108456e+01 -5.033741e+02 -6.815944e+02 1.000000e+00
-1.797420e+01 3.808504e+01 -1.085214e+03 1.000000e+00
-1.163792e+01 1.161971e+03 -6.326309e+02 1.000000e+00
-4.316029e+00 1.944740e+03 -1.029261e+03 1.000000e+00
-2.244137e+01 -2.471250e+03 -3.225279e+02 1.000000e+00
-2.419617e+01 -2.072857e+03 -3.795552e+02 1.000000e+00
-2.373664e+01 -2.009790e+03 -6.384949e+02 1.000000e+00
-2.268960e+01 -1.476098e+03 -6.058747e+02 1.000000e+00
-2.190561e+01 -1.279749e+03 -9.446929e+02 1.000000e+00
-1.839627e+01 -4.838221e+02 -6.852469e+02 1.000000e+00
-1.210366e+01 5.795773e+01 -1.081677e+03 1.000000e+00
-6.237967e+00 1.184759e+03 -6.317365e+02 1.000000e+00
-1.189189e+00 1.972460e+03 -1.021806e+03 1.000000e+00
-1.928533e+01 -2.474797e+03 -3.276592e+02 1.000000e+00
-2.119939e+01 -2.075397e+03 -3.855367e+02 1.000000e+00
-2.301768e+01 -2.008247e+03 -6.442401e+02 1.000000e+00
-2.209169e+01 -1.470595e+03 -6.099931e+02 1.000000e+00
-1.991105e+01 -1.273486e+03 -9.497085e+02 1.000000e+00
-1.627700e+01 -4.714380e+02 -6.845952e+02 1.000000e+00
-1.315292e+01 7.914580e+01 -1.082397e+03 1.000000e+00
-8.094242e+00 1.205180e+03 -6.275024e+02 1.000000e+00
-2.417140e+00 1.990672e+03 -1.019463e+03 1.000000e+00
-1.592148e+01 -2.476780e+03 -3.318259e+02 1.000000e+00
-1.738422e+01 -2.078516e+03 -3.909200e+02 1.000000e+00
-1.676419e+01 -2.005266e+03 -6.485273e+02 1.000000e+00
-1.761121e+01 -1.467892e+03 -6.153163e+02 1.000000e+00
-1.639117e+01 -1.262004e+03 -9.498477e+02 1.000000e+00
-1.472830e+01 -4.567035e+02 -6.899779e+02 1.000000e+00
-1.104652e+01 9.947968e+01 -1.078483e+03 1.000000e+00
-8.765315e+00 1.226569e+03 -6.317729e+02 1.000000e+00
-4.858074e+00 2.020141e+03 -1.009245e+03 1.000000e+00
-1.050197e+01 -2.491497e+03 -3.392500e+02 1.000000e+00
-1.219912e+01 -2.074950e+03 -3.908458e+02 1.000000e+00
-1.296304e+01 -2.016321e+03 -6.561480e+02 1.000000e+00
-1.121177e+01 -1.460444e+03 -6.131562e+02 1.000000e+00
-1.139325e+01 -1.264461e+03 -9.620450e+02 1.000000e+00
-1.004645e+01 -4.380423e+02 -6.802410e+02 1.000000e+00
-7.712225e+00 1.014592e+02 -1.089707e+03 1.000000e+00
-2.574688e+00 1.249459e+03 -6.177241e+02 1.000000e+00
-5.241802e-01 2.029697e+03 -1.021404e+03 1.000000e+00
-6.756269e+00 -2.473962e+03 -3.333398e+02 1.000000e+00
-7.032904e+00 -2.105892e+03 -4.032437e+02 1.000000e+00
-7.352816e+00 -1.998201e+03 -6.464236e+02 1.000000e+00
-8.597466e+00 -1.483850e+03 -6.321113e+02 1.000000e+00
-8.071277e+00 -1.241313e+03 -9.371102e+02 1.000000e+00
-7.067466e+00 -4.516127e+02 -7.131680e+02 1.000000e+00
-6.754833e+00 1.319972e+02 -1.053729e+03 1.000000e+00
-5.014585e+00 1.245736e+03 -6.534162e+02 1.000000e+00
-4.367578e+00 2.062703e+03 -9.804003e+02 1.000000e+00
0.000000e+00 -2.450375e+03 -3.222094e+02 1.000000e+00
0.000000e+00 -2.147411e+03 -4.177152e+02 1.000000e+00
0.000000e+00 -1.972118e+03 -6.305485e+02 1.000000e+00
0.000000e+00 -1.519918e+03 -6.575413e+02 1.000000e+00
0.000000e+00 -1.211456e+03 -8.977328e+02 1.000000e+00
0.000000e+00 -4.775909e+02 -7.612828e+02 1.000000e+00
0.000000e+00 1.693024e+02 -1.000840e+03 1.000000e+00
0.000000e+00 1.228792e+03 -7.109171e+02 1.000000e+00
0.000000e+00 2.108453e+03 -9.173086e+02 1.000000e+00
-2.999464e+01 -2.187327e+03 -4.562933e+02 1.000000e+00
-3.155052e+01 -2.209897e+03 -7.170654e+02 1.000000e+00
-3.132707e+01 -1.729144e+03 -7.665109e+02 1.000000e+00
-2.928100e+01 -1.639039e+03 -1.061208e+03 1.000000e+00
-2.518002e+01 -1.034022e+03 -9.435811e+02 1.000000e+00
-1.950943e+01 -7.121246e+02 -1.338105e+03 1.000000e+00
-1.273372e+01 2.377719e+02 -9.926693e+02 1.000000e+00
-4.919946e+00 8.500144e+02 -1.380037e+03 1.000000e+00
2.961639e+00 2.046588e+03 -8.287498e+02 1.000000e+00
-3.004178e+01 -2.188607e+03 -4.650510e+02 1.000000e+00
-3.237599e+01 -2.210404e+03 -7.240447e+02 1.000000e+00
-3.062872e+01 -1.723812e+03 -7.733296e+02 1.000000e+00
-2.898348e+01 -1.632931e+03 -1.067941e+03 1.000000e+00
-2.820183e+01 -1.021156e+03 -9.476958e+02 1.000000e+00
-2.357577e+01 -6.960323e+02 -1.339423e+03 1.000000e+00
-1.393719e+01 2.524473e+02 -9.870159e+02 1.000000e+00
-4.553648e+00 8.746130e+02 -1.376423e+03 1.000000e+00
1.513459e+00 2.078287e+03 -8.216251e+02 1.000000e+00
-2.746490e+01 -2.191115e+03 -4.721046e+02 1.000000e+00
-2.824349e+01 -2.209532e+03 -7.315250e+02 1.000000e+00
-2.984653e+01 -1.720430e+03 -7.810534e+02 1.000000e+00
-2.772743e+01 -1.625243e+03 -1.073061e+03 1.000000e+00
-2.120947e+01 -1.010423e+03 -9.521602e+02 1.000000e+00
-1.541521e+01 -6.791995e+02 -1.340435e+03 1.000000e+00
-1.141006e+01 2.740139e+02 -9.852380e+02 1.000000e+00
-5.777302e+00 8.973290e+02 -1.371985e+03 1.000000e+00
2.518707e+00 2.104168e+03 -8.161537e+02 1.000000e+00
-2.634572e+01 -2.192613e+03 -4.787045e+02 1.000000e+00
-2.860658e+01 -2.209646e+03 -7.385590e+02 1.000000e+00
-2.673917e+01 -1.719095e+03 -7.880185e+02 1.000000e+00
-2.561399e+01 -1.617846e+03 -1.078516e+03 1.000000e+00
-2.580212e+01 -1.001940e+03 -9.563442e+02 1.000000e+00
-2.091440e+01 -6.631580e+02 -1.340448e+03 1.000000e+00
-1.473531e+01 2.961794e+02 -9.876935e+02 1.000000e+00
-7.210969e+00 9.194839e+02 -1.365520e+03 1.000000e+00
-6.980123e-01 2.125714e+03 -8.126424e+02 1.000000e+00
-2.073481e+01 -2.195425e+03 -4.859193e+02 1.000000e+00
-2.299772e+01 -2.210814e+03 -7.450617e+02 1.000000e+00
-2.376323e+01 -1.717084e+03 -7.930673e+02 1.000000e+00
-2.224713e+01 -1.613675e+03 -1.085327e+03 1.000000e+00
-1.903707e+01 -9.911956e+02 -9.597639e+02 1.000000e+00
-1.620901e+01 -6.505723e+02 -1.343500e+03 1.000000e+00
-1.017960e+01 3.085130e+02 -9.844235e+02 1.000000e+00
-3.673790e+00 9.400442e+02 -1.363332e+03 1.000000e+00
3.002537e+00 2.152417e+03 -8.062314e+02 1.000000e+00
-1.856264e+01 -2.201588e+03 -4.916858e+02 1.000000e+00
-1.870495e+01 -2.210856e+03 -7.496335e+02 1.000000e+00
-1.870590e+01 -1.719220e+03 -8.002079e+02 1.000000e+00
-1.863459e+01 -1.608528e+03 -1.087939e+03 1.000000e+00
-1.701244e+01 -9.852193e+02 -9.656394e+02 1.000000e+00
-1.205047e+01 -6.366728e+02 -1.341854e+03 1.000000e+00
-9.118920e+00 3.249425e+02 -9.886997e+02 1.000000e+00
-5.372058e+00 9.628146e+02 -1.356181e+03 1.000000e+00
-3.724876e+00 2.167399e+03 -8.105215e+02 1.000000e+00
-1.174875e+01 -2.199185e+03 -4.927020e+02 1.000000e+00
-1.442509e+01 -2.223133e+03 -7.576962e+02 1.000000e+00
-1.419113e+01 -1.713185e+03 -7.996156e+02 1.000000e+00
-1.322496e+01 -1.616001e+03 -1.097930e+03 1.000000e+00
-1.260393e+01 -9.735770e+02 -9.592611e+02 1.000000e+00
-1.271745e+01 -6.352047e+02 -1.353710e+03 1.000000e+00
-9.742217e+00 3.482714e+02 -9.781794e+02 1.000000e+00
-6.134527e+00 9.689917e+02 -1.366769e+03 1.000000e+00
7.172993e-01 2.194208e+03 -7.929601e+02 1.000000e+00
-7.703249e+00 -2.233348e+03 -5.023606e+02 1.000000e+00
-7.125401e+00 -2.204010e+03 -7.521863e+02 1.000000e+00
-7.340811e+00 -1.741084e+03 -8.125125e+02 1.000000e+00
-7.735431e+00 -1.594875e+03 -1.084656e+03 1.000000e+00
-5.755777e+00 -9.928442e+02 -9.846167e+02 1.000000e+00
-4.831810e+00 -6.082615e+02 -1.326598e+03 1.000000e+00
-2.884268e+00 3.379588e+02 -1.009459e+03 1.000000e+00
-1.459216e+00 9.988537e+02 -1.330566e+03 1.000000e+00
-1.650360e+00 2.195946e+03 -8.275117e+02 1.000000e+00
0.000000e+00 -2.278535e+03 -5.140579e+02 1.000000e+00
0.000000e+00 -2.178406e+03 -7.394263e+02 1.000000e+00
0.000000e+00 -1.782603e+03 -8.303843e+02 1.000000e+00
0.000000e+00 -1.566468e+03 -1.061509e+03 1.000000e+00
0.000000e+00 -1.026778e+03 -1.020930e+03 1.000000e+00
0.000000e+00 -5.761996e+02 -1.282764e+03 1.000000e+00
0.000000e+00 3.141443e+02 -1.058551e+03 1.000000e+00
0.000000e+00 1.039048e+03 -1.276098e+03 1.000000e+00
0.000000e+00 2.178467e+03 -8.886818e+02 1.000000e+00
-3.304217e+01 -2.334315e+03 -7.451539e+02 1.000000e+00
-3.421046e+01 -1.906881e+03 -8.471971e+02 1.000000e+00
-3.357676e+01 -1.871250e+03 -1.133045e+03 1.000000e+00
-3.096064e+01 -1.329484e+03 -1.140109e+03 1.000000e+00
-2.637787e+01 -1.196612e+03 -1.493848e+03 1.000000e+00
-1.996674e+01 -4.285696e+02 -1.276081e+03 1.000000e+00
-1.215605e+01 1.074057e+01 -1.679266e+03 1.000000e+00
-3.296623e+00 1.073236e+03 -1.239763e+03 1.000000e+00
5.435983e+00 1.733774e+03 -1.609316e+03 1.000000e+00
-3.226225e+01 -2.335354e+03 -7.536321e+02 1.000000e+00
-3.468233e+01 -1.904060e+03 -8.561702e+02 1.000000e+00
-3.285806e+01 -1.869480e+03 -1.139637e+03 1.000000e+00
-2.843649e+01 -1.318897e+03 -1.147250e+03 1.000000e+00
-2.612385e+01 -1.182821e+03 -1.500233e+03 1.000000e+00
-2.217358e+01 -4.100491e+02 -1.277309e+03 1.000000e+00
-1.407385e+01 3.434237e+01 -1.677382e+03 1.000000e+00
-3.432739e+00 1.092828e+03 -1.231917e+03 1.000000e+00
6.811625e+00 1.754987e+03 -1.601988e+03 1.000000e+00
-3.114374e+01 -2.336825e+03 -7.616943e+02 1.000000e+00
-3.135841e+01 -1.903932e+03 -8.640829e+02 1.000000e+00
-3.185209e+01 -1.866015e+03 -1.147794e+03 1.000000e+00
-3.221630e+01 -1.314993e+03 -1.154201e+03 1.000000e+00
-2.668690e+01 -1.174371e+03 -1.503712e+03 1.000000e+00
-1.795387e+01 -3.966418e+02 -1.279568e+03 1.000000e+00
-1.105706e+01 4.981652e+01 -1.675627e+03 1.000000e+00
-4.061338e+00 1.113268e+03 -1.227153e+03 1.000000e+00
2.290706e+00 1.777388e+03 -1.594718e+03 1.000000e+00
-2.740800e+01 -2.339342e+03 -7.695748e+02 1.000000e+00
-3.067248e+01 -1.903918e+03 -8.716769e+02 1.000000e+00
-2.901169e+01 -1.862412e+03 -1.155330e+03 1.000000e+00
-2.500137e+01 -1.312485e+03 -1.160943e+03 1.000000e+00
-2.325169e+01 -1.164411e+03 -1.507061e+03 1.000000e+00
-1.953203e+01 -3.846905e+02 -1.282258e+03 1.000000e+00
-1.233431e+01 6.659913e+01 -1.673496e+03 1.000000e+00
-4.545997e+00 1.134970e+03 -1.226751e+03 1.000000e+00
4.438667e+00 1.801683e+03 -1.585015e+03 1.000000e+00
-2.450307e+01 -2.343276e+03 -7.763582e+02 1.000000e+00
-2.473841e+01 -1.903562e+03 -8.790914e+02 1.000000e+00
-2.527951e+01 -1.861792e+03 -1.161694e+03 1.000000e+00
-2.422539e+01 -1.305562e+03 -1.166128e+03 1.000000e+00
-2.102346e+01 -1.153810e+03 -1.514779e+03 1.000000e+00
-1.708417e+01 -3.693397e+02 -1.283749e+03 1.000000e+00
-1.243885e+01 8.684280e+01 -1.674228e+03 1.000000e+00
-4.289338e+00 1.151697e+03 -1.220842e+03 1.000000e+00
2.056309e+00 1.817398e+03 -1.581038e+03 1.000000e+00
-1.908051e+01 -2.346275e+03 -7.809099e+02 1.000000e+00
-2.096237e+01 -1.908317e+03 -8.860463e+02 1.000000e+00
-2.034000e+01 -1.859938e+03 -1.167103e+03 1.000000e+00
-2.019675e+01 -1.306874e+03 -1.172996e+03 1.000000e+00
-1.858116e+01 -1.148679e+03 -1.514715e+03 1.000000e+00
-1.389904e+01 -3.631514e+02 -1.290137e+03 1.000000e+00
-7.018248e+00 9.951012e+01 -1.668433e+03 1.000000e+00
-2.736473e+00 1.163613e+03 -1.224860e+03 1.000000e+00
1.009509e+00 1.843055e+03 -1.570792e+03 1.000000e+00
-1.376003e+01 -2.359583e+03 -7.892126e+02 1.000000e+00
-1.490229e+01 -1.903881e+03 -8.871625e+02 1.000000e+00
-1.457793e+01 -1.869561e+03 -1.175378e+03 1.000000e+00
-1.276728e+01 -1.297082e+03 -1.171892e+03 1.000000e+00
-1.211898e+01 -1.150321e+03 -1.526264e+03 1.000000e+00
-1.003527e+01 -3.442864e+02 -1.280752e+03 1.000000e+00
-9.491397e+00 1.048654e+02 -1.681332e+03 1.000000e+00
-6.220902e+00 1.190131e+03 -1.211605e+03 1.000000e+00
-7.134178e-01 1.853423e+03 -1.578992e+03 1.000000e+00
-7.714607e+00 -2.339763e+03 -7.860626e+02 1.000000e+00
-8.305539e+00 -1.936042e+03 -8.977945e+02 1.000000e+00
-8.967919e+00 -1.849911e+03 -1.169125e+03 1.000000e+00
-8.256131e+00 -1.322144e+03 -1.186689e+03 1.000000e+00
-6.758387e+00 -1.125097e+03 -1.508959e+03 1.000000e+00
-7.011105e+00 -3.607067e+02 -1.308455e+03 1.000000e+00
-4.566866e+00 1.326019e+02 -1.652646e+03 1.000000e+00
-5.790698e-01 1.185061e+03 -1.241003e+03 1.000000e+00
-1.450358e+00 1.879957e+03 -1.544599e+03 1.000000e+00
0.000000e+00 -2.312288e+03 -7.766481e+02 1.000000e+00
0.000000e+00 -1.980711e+03 -9.112034e+02 1.000000e+00
0.000000e+00 -1.823122e+03 -1.155591e+03 1.000000e+00
0.000000e+00 -1.362966e+03 -1.207947e+03 1.000000e+00
0.000000e+00 -1.095558e+03 -1.476674e+03 1.000000e+00
0.000000e+00 -3.961942e+02 -1.351365e+03 1.000000e+00
0.000000e+00 1.633765e+02 -1.603499e+03 1.000000e+00
0.000000e+00 1.161896e+03 -1.292850e+03 1.000000e+00
0.000000e+00 1.922899e+03 -1.490136e+03 1.000000e+00
