0 729 0.00000e+00
  1     729
-4.385214e+01 -1.474640e+03 -1.907974e+03 1.000000e+00
-4.323685e+01 -7.884678e+02 -2.175181e+03 1.000000e+00
-4.150054e+01 -8.916362e+02 -2.425395e+03 1.000000e+00
-3.784771e+01 -1.244376e+02 -2.666837e+03 1.000000e+00
-3.393086e+01 -6.821839e+01 -2.917675e+03 1.000000e+00
-2.805494e+01 9.145830e+02 -3.192871e+03 1.000000e+00
-1.965604e+01 1.038693e+03 -3.459678e+03 1.000000e+00
-9.852732e+00 2.009315e+03 -3.708720e+03 1.000000e+00
2.360912e-02 2.069762e+03 -3.907984e+03 1.000000e+00
-4.363184e+01 -1.471287e+03 -1.919545e+03 1.000000e+00
-4.349809e+01 -7.884047e+02 -2.186058e+03 1.000000e+00
-4.069576e+01 -8.864540e+02 -2.437412e+03 1.000000e+00
-3.774937e+01 -1.208116e+02 -2.680821e+03 1.000000e+00
-3.549186e+01 -6.335027e+01 -2.930263e+03 1.000000e+00
-2.837586e+01 9.241259e+02 -3.202313e+03 1.000000e+00
-1.891504e+01 1.044593e+03 -3.466732e+03 1.000000e+00
-9.403666e+00 2.021194e+03 -3.715930e+03 1.000000e+00
-4.982320e-01 2.074960e+03 -3.914607e+03 1.000000e+00
-3.847785e+01 -1.469904e+03 -1.929740e+03 1.000000e+00
-3.890950e+01 -7.883164e+02 -2.197951e+03 1.000000e+00
-4.114232e+01 -8.824556e+02 -2.449451e+03 1.000000e+00
-3.988355e+01 -1.177360e+02 -2.693193e+03 1.000000e+00
-3.363145e+01 -5.788874e+01 -2.939596e+03 1.000000e+00
-2.306607e+01 9.328521e+02 -3.211417e+03 1.000000e+00
-1.730971e+01 1.050323e+03 -3.476450e+03 1.000000e+00
-8.967483e+00 2.030939e+03 -3.722200e+03 1.000000e+00
2.853494e+00 2.081683e+03 -3.920157e+03 1.000000e+00
-3.670845e+01 -1.470585e+03 -1.939933e+03 1.000000e+00
-3.707991e+01 -7.875472e+02 -2.208842e+03 1.000000e+00
-3.642767e+01 -8.797790e+02 -2.461044e+03 1.000000e+00
-3.447187e+01 -1.158042e+02 -2.702680e+03 1.000000e+00
-3.203770e+01 -5.081749e+01 -2.952099e+03 1.000000e+00
-2.833059e+01 9.358021e+02 -3.220961e+03 1.000000e+00
-1.769026e+01 1.062610e+03 -3.484798e+03 1.000000e+00
-7.200233e+00 2.033726e+03 -3.730047e+03 1.000000e+00
1.445949e+00 2.095690e+03 -3.922923e+03 1.000000e+00
-3.083990e+01 -1.472190e+03 -1.949720e+03 1.000000e+00
-2.995542e+01 -7.865059e+02 -2.217781e+03 1.000000e+00
-3.083018e+01 -8.796538e+02 -2.469440e+03 1.000000e+00
-3.276272e+01 -1.114886e+02 -2.715150e+03 1.000000e+00
-3.103378e+01 -4.784542e+01 -2.962564e+03 1.000000e+00
-2.082734e+01 9.430790e+02 -3.231086e+03 1.000000e+00
-1.470418e+01 1.069088e+03 -3.493693e+03 1.000000e+00
-7.993903e+00 2.043313e+03 -3.736719e+03 1.000000e+00
1.544845e+00 2.100380e+03 -3.930401e+03 1.000000e+00
-2.325587e+01 -1.467650e+03 -1.956016e+03 1.000000e+00
-2.093042e+01 -7.933818e+02 -2.226362e+03 1.000000e+00
-2.712947e+01 -8.730850e+02 -2.479285e+03 1.000000e+00
-3.046722e+01 -1.151451e+02 -2.722901e+03 1.000000e+00
-2.574145e+01 -3.869371e+01 -2.969653e+03 1.000000e+00
-1.946920e+01 9.453344e+02 -3.238764e+03 1.000000e+00
-9.150116e+00 1.079321e+03 -3.503780e+03 1.000000e+00
-5.277931e+00 2.049379e+03 -3.745517e+03 1.000000e+00
-1.050837e+00 2.110114e+03 -3.938221e+03 1.000000e+00
-1.773565e+01 -1.484088e+03 -1.963117e+03 1.000000e+00
-1.839082e+01 -7.818760e+02 -2.231845e+03 1.000000e+00
-1.635202e+01 -8.858446e+02 -2.486218e+03 1.000000e+00
-1.710471e+01 -1.022171e+02 -2.729770e+03 1.000000e+00
-1.885501e+01 -4.573945e+01 -2.978352e+03 1.000000e+00
-1.634304e+01 9.593337e+02 -3.246711e+03 1.000000e+00
-1.030861e+01 1.079252e+03 -3.509508e+03 1.000000e+00
-3.095840e+00 2.064839e+03 -3.753253e+03 1.000000e+00
7.089082e-01 2.113500e+03 -3.945273e+03 1.000000e+00
-8.602947e+00 -1.457668e+03 -1.967532e+03 1.000000e+00
-6.791161e+00 -8.149147e+02 -2.236136e+03 1.000000e+00
-1.024314e+01 -8.582054e+02 -2.488771e+03 1.000000e+00
-1.032534e+01 -1.301211e+02 -2.735520e+03 1.000000e+00
-6.546579e+00 -1.552568e+01 -2.984572e+03 1.000000e+00
-6.773114e+00 9.384428e+02 -3.255537e+03 1.000000e+00
-4.761563e+00 1.111074e+03 -3.514565e+03 1.000000e+00
-3.759572e+00 2.051272e+03 -3.755548e+03 1.000000e+00
-1.254578e+00 2.141531e+03 -3.950270e+03 1.000000e+00
0.000000e+00 -1.411664e+03 -1.967349e+03 1.000000e+00
0.000000e+00 -8.695716e+02 -2.238570e+03 1.000000e+00
0.000000e+00 -8.114397e+02 -2.491222e+03 1.000000e+00
0.000000e+00 -1.790480e+02 -2.734429e+03 1.000000e+00
0.000000e+00 3.059603e+01 -2.987908e+03 1.000000e+00
0.000000e+00 9.001613e+02 -3.259106e+03 1.000000e+00
0.000000e+00 1.157983e+03 -3.516802e+03 1.000000e+00
0.000000e+00 2.024356e+03 -3.757450e+03 1.000000e+00
0.000000e+00 2.185429e+03 -3.950458e+03 1.000000e+00
-4.368274e+01 -1.041604e+03 -1.927487e+03 1.000000e+00
-4.306490e+01 -1.165844e+03 -2.180944e+03 1.000000e+00
-4.127298e+01 -4.517936e+02 -2.446450e+03 1.000000e+00
-3.750804e+01 -5.021078e+02 -2.662053e+03 1.000000e+00
-3.335946e+01 3.858710e+02 -2.949168e+03 1.000000e+00
-2.734400e+01 5.386104e+02 -3.167784e+03 1.000000e+00
-1.916556e+01 1.515261e+03 -3.500841e+03 1.000000e+00
-9.322234e+00 1.614874e+03 -3.662890e+03 1.000000e+00
3.384584e-01 2.568047e+03 -3.961879e+03 1.000000e+00
-4.338763e+01 -1.042302e+03 -1.939023e+03 1.000000e+00
-4.324113e+01 -1.161776e+03 -2.191894e+03 1.000000e+00
-4.025833e+01 -4.500640e+02 -2.458267e+03 1.000000e+00
-3.723487e+01 -4.968844e+02 -2.676158e+03 1.000000e+00
-3.507232e+01 3.930198e+02 -2.961342e+03 1.000000e+00
-2.788812e+01 5.446547e+02 -3.177671e+03 1.000000e+00
-1.828182e+01 1.526542e+03 -3.507299e+03 1.000000e+00
-8.448328e+00 1.620421e+03 -3.670331e+03 1.000000e+00
4.154220e-01 2.580565e+03 -3.967852e+03 1.000000e+00
-3.837618e+01 -1.042673e+03 -1.949173e+03 1.000000e+00
-3.876176e+01 -1.159303e+03 -2.203876e+03 1.000000e+00
-4.092726e+01 -4.483653e+02 -2.470143e+03 1.000000e+00
-3.942576e+01 -4.919827e+02 -2.688655e+03 1.000000e+00
-3.286497e+01 3.983791e+02 -2.970537e+03 1.000000e+00
-2.221301e+01 5.505992e+02 -3.186837e+03 1.000000e+00
-1.689655e+01 1.536637e+03 -3.517037e+03 1.000000e+00
-8.843398e+00 1.626123e+03 -3.676339e+03 1.000000e+00
2.842859e+00 2.589133e+03 -3.973605e+03 1.000000e+00
-3.654128e+01 -1.042571e+03 -1.959256e+03 1.000000e+00
-3.669782e+01 -1.158404e+03 -2.214841e+03 1.000000e+00
-3.589442e+01 -4.462705e+02 -2.481614e+03 1.000000e+00
-3.398447e+01 -4.874949e+02 -2.698408e+03 1.000000e+00
-3.173779e+01 4.004551e+02 -2.982679e+03 1.000000e+00
-2.803542e+01 5.609130e+02 -3.196703e+03 1.000000e+00
-1.685555e+01 1.540898e+03 -3.524840e+03 1.000000e+00
-6.200432e+00 1.639304e+03 -3.684817e+03 1.000000e+00
2.330696e+00 2.590306e+03 -3.975844e+03 1.000000e+00
-3.072554e+01 -1.042634e+03 -1.969281e+03 1.000000e+00
-2.989288e+01 -1.159265e+03 -2.223503e+03 1.000000e+00
-3.073529e+01 -4.435611e+02 -2.490380e+03 1.000000e+00
-3.227436e+01 -4.863449e+02 -2.710323e+03 1.000000e+00
-3.022845e+01 4.068110e+02 -2.993863e+03 1.000000e+00
-2.013505e+01 5.660986e+02 -3.206110e+03 1.000000e+00
-1.464620e+01 1.549730e+03 -3.534538e+03 1.000000e+00
-8.003579e+00 1.645194e+03 -3.690605e+03 1.000000e+00
1.532432e+00 2.602592e+03 -3.983946e+03 1.000000e+00
-2.319819e+01 -1.050751e+03 -1.975207e+03 1.000000e+00
-2.070430e+01 -1.153876e+03 -2.232525e+03 1.000000e+00
-2.665297e+01 -4.486902e+02 -2.499758e+03 1.000000e+00
-3.010954e+01 -4.783977e+02 -2.718749e+03 1.000000e+00
-2.563712e+01 4.057380e+02 -3.000036e+03 1.000000e+00
-1.933183e+01 5.754304e+02 -3.214972e+03 1.000000e+00
-8.581584e+00 1.553945e+03 -3.543164e+03 1.000000e+00
-4.384755e+00 1.655842e+03 -3.701008e+03 1.000000e+00
-3.586594e-01 2.609299e+03 -3.989670e+03 1.000000e+00
-1.770824e+01 -1.040017e+03 -1.982356e+03 1.000000e+00
-1.837240e+01 -1.168346e+03 -2.237939e+03 1.000000e+00
-1.628832e+01 -4.362141e+02 -2.506844e+03 1.000000e+00
-1.683265e+01 -4.888222e+02 -2.725413e+03 1.000000e+00
-1.818193e+01 4.195813e+02 -3.009148e+03 1.000000e+00
-1.577428e+01 5.726881e+02 -3.222334e+03 1.000000e+00
-1.031693e+01 1.569008e+03 -3.549462e+03 1.000000e+00
-3.359600e+00 1.658459e+03 -3.707814e+03 1.000000e+00
7.932408e-01 2.623611e+03 -3.997858e+03 1.000000e+00
-8.625851e+00 -1.074775e+03 -1.986933e+03 1.000000e+00
-6.754380e+00 -1.141205e+03 -2.242062e+03 1.000000e+00
-1.003907e+01 -4.666355e+02 -2.509608e+03 1.000000e+00
-1.027147e+01 -4.607804e+02 -2.730855e+03 1.000000e+00
-6.587585e+00 3.946292e+02 -3.015853e+03 1.000000e+00
-6.759892e+00 6.045908e+02 -3.230289e+03 1.000000e+00
-4.336727e+00 1.551723e+03 -3.555354e+03 1.000000e+00
-3.403041e+00 1.689303e+03 -3.709368e+03 1.000000e+00
-7.870275e-01 2.615128e+03 -4.003586e+03 1.000000e+00
0.000000e+00 -1.131759e+03 -1.986204e+03 1.000000e+00
0.000000e+00 -1.094842e+03 -2.245143e+03 1.000000e+00
0.000000e+00 -5.178795e+02 -2.511190e+03 1.000000e+00
0.000000e+00 -4.139682e+02 -2.731178e+03 1.000000e+00
0.000000e+00 3.499688e+02 -3.017201e+03 1.000000e+00
0.000000e+00 6.509460e+02 -3.236015e+03 1.000000e+00
0.000000e+00 1.519624e+03 -3.554628e+03 1.000000e+00
0.000000e+00 1.736132e+03 -3.714949e+03 1.000000e+00
0.000000e+00 2.594270e+03 -3.999476e+03 1.000000e+00
-4.341975e+01 -1.409923e+03 -1.928583e+03 1.000000e+00
-4.267334e+01 -7.301122e+02 -2.213454e+03 1.000000e+00
-4.086874e+01 -8.194044e+02 -2.433657e+03 1.000000e+00
-3.714622e+01 -5.740751e+01 -2.710031e+03 1.000000e+00
-3.268282e+01 2.054334e+01 -2.894879e+03 1.000000e+00
-2.638270e+01 1.006470e+03 -3.251661e+03 1.000000e+00
-1.842926e+01 1.144183e+03 -3.401544e+03 1.000000e+00
-8.506675e+00 2.103767e+03 -3.777595e+03 1.000000e+00
5.936548e-01 2.166897e+03 -3.807053e+03 1.000000e+00
-4.308295e+01 -1.406417e+03 -1.940136e+03 1.000000e+00
-4.268890e+01 -7.295090e+02 -2.224247e+03 1.000000e+00
-3.969822e+01 -8.151981e+02 -2.445720e+03 1.000000e+00
-3.646576e+01 -5.371879e+01 -2.723288e+03 1.000000e+00
-3.390064e+01 2.739300e+01 -2.907594e+03 1.000000e+00
-2.701136e+01 1.017105e+03 -3.261053e+03 1.000000e+00
-1.760315e+01 1.150284e+03 -3.408663e+03 1.000000e+00
-7.198985e+00 2.114114e+03 -3.783791e+03 1.000000e+00
2.059517e+00 2.174111e+03 -3.813214e+03 1.000000e+00
-3.807164e+01 -1.404822e+03 -1.950344e+03 1.000000e+00
-3.850662e+01 -7.289050e+02 -2.236158e+03 1.000000e+00
-4.042823e+01 -8.112784e+02 -2.457682e+03 1.000000e+00
-3.890853e+01 -5.060152e+01 -2.735488e+03 1.000000e+00
-3.223336e+01 3.284306e+01 -2.916997e+03 1.000000e+00
-2.165742e+01 1.024699e+03 -3.270104e+03 1.000000e+00
-1.591749e+01 1.157706e+03 -3.418041e+03 1.000000e+00
-8.508662e+00 2.123013e+03 -3.790357e+03 1.000000e+00
2.399657e+00 2.180705e+03 -3.818037e+03 1.000000e+00
-3.639639e+01 -1.405780e+03 -1.960628e+03 1.000000e+00
-3.625055e+01 -7.278903e+02 -2.246819e+03 1.000000e+00
-3.516505e+01 -8.080902e+02 -2.469415e+03 1.000000e+00
-3.311642e+01 -4.816835e+01 -2.745001e+03 1.000000e+00
-3.079538e+01 3.897102e+01 -2.929640e+03 1.000000e+00
-2.719360e+01 1.027843e+03 -3.278899e+03 1.000000e+00
-1.616932e+01 1.170929e+03 -3.426878e+03 1.000000e+00
-4.938237e+00 2.126168e+03 -3.796992e+03 1.000000e+00
3.758370e+00 2.193099e+03 -3.823137e+03 1.000000e+00
-3.029310e+01 -1.407013e+03 -1.970087e+03 1.000000e+00
-2.983791e+01 -7.265029e+02 -2.256221e+03 1.000000e+00
-3.060245e+01 -8.083083e+02 -2.477430e+03 1.000000e+00
-3.181873e+01 -4.372662e+01 -2.757946e+03 1.000000e+00
-2.943025e+01 4.206948e+01 -2.939029e+03 1.000000e+00
-1.952790e+01 1.036491e+03 -3.290512e+03 1.000000e+00
-1.448044e+01 1.176977e+03 -3.434301e+03 1.000000e+00
-7.912259e+00 2.136343e+03 -3.804589e+03 1.000000e+00
1.452319e+00 2.198403e+03 -3.828807e+03 1.000000e+00
-2.316548e+01 -1.401982e+03 -1.976826e+03 1.000000e+00
-2.058310e+01 -7.333147e+02 -2.264440e+03 1.000000e+00
-2.595039e+01 -8.011857e+02 -2.487881e+03 1.000000e+00
-2.930532e+01 -4.719688e+01 -2.764933e+03 1.000000e+00
-2.504889e+01 5.093180e+01 -2.947571e+03 1.000000e+00
-1.895419e+01 1.037791e+03 -3.296457e+03 1.000000e+00
-8.138644e+00 1.187193e+03 -3.446341e+03 1.000000e+00
-3.490896e+00 2.142946e+03 -3.811004e+03 1.000000e+00
7.584342e-01 2.208713e+03 -3.839030e+03 1.000000e+00
-1.755751e+01 -1.418311e+03 -1.983703e+03 1.000000e+00
-1.841547e+01 -7.218985e+02 -2.270167e+03 1.000000e+00
-1.614915e+01 -8.133326e+02 -2.494508e+03 1.000000e+00
-1.673408e+01 -3.456704e+01 -2.772457e+03 1.000000e+00
-1.741488e+01 4.498314e+01 -2.955227e+03 1.000000e+00
-1.494465e+01 1.052705e+03 -3.305578e+03 1.000000e+00
-1.019132e+01 1.187146e+03 -3.450491e+03 1.000000e+00
-3.932307e+00 2.158286e+03 -3.820447e+03 1.000000e+00
8.687298e-01 2.212831e+03 -3.843145e+03 1.000000e+00
-8.623917e+00 -1.391719e+03 -1.987884e+03 1.000000e+00
-6.794814e+00 -7.541994e+02 -2.274656e+03 1.000000e+00
-9.699310e+00 -7.852574e+02 -2.496847e+03 1.000000e+00
-9.990620e+00 -6.292233e+01 -2.778649e+03 1.000000e+00
-6.687737e+00 7.434572e+01 -2.960841e+03 1.000000e+00
-6.694472e+00 1.031950e+03 -3.314216e+03 1.000000e+00
-3.853428e+00 1.219527e+03 -3.455051e+03 1.000000e+00
-2.959035e+00 2.145860e+03 -3.824038e+03 1.000000e+00
-1.912986e-01 2.240882e+03 -3.846399e+03 1.000000e+00
0.000000e+00 -1.345790e+03 -1.988560e+03 1.000000e+00
0.000000e+00 -8.081682e+02 -2.275965e+03 1.000000e+00
0.000000e+00 -7.378616e+02 -2.500555e+03 1.000000e+00
0.000000e+00 -1.107411e+02 -2.775958e+03 1.000000e+00
0.000000e+00 1.200891e+02 -2.967520e+03 1.000000e+00
0.000000e+00 9.931924e+02 -3.312607e+03 1.000000e+00
0.000000e+00 1.266841e+03 -3.462537e+03 1.000000e+00
0.000000e+00 2.120379e+03 -3.820164e+03 1.000000e+00
0.000000e+00 2.285239e+03 -3.854097e+03 1.000000e+00
-4.311212e+01 -9.819183e+02 -1.966801e+03 1.000000e+00
-4.216168e+01 -1.084946e+03 -2.199211e+03 1.000000e+00
-4.033144e+01 -3.836825e+02 -2.482656e+03 1.000000e+00
-3.675810e+01 -4.116426e+02 -2.661532e+03 1.000000e+00
-3.185371e+01 4.731544e+02 -2.992988e+03 1.000000e+00
-2.537232e+01 6.562910e+02 -3.129164e+03 1.000000e+00
-1.737321e+01 1.622010e+03 -3.544552e+03 1.000000e+00
-7.493625e+00 1.734676e+03 -3.584175e+03 1.000000e+00
1.332722e+00 2.661472e+03 -4.004571e+03 1.000000e+00
-4.267839e+01 -9.819272e+02 -1.978370e+03 1.000000e+00
-4.210455e+01 -1.080974e+03 -2.209914e+03 1.000000e+00
-3.901185e+01 -3.818770e+02 -2.494676e+03 1.000000e+00
-3.581589e+01 -4.070908e+02 -2.674443e+03 1.000000e+00
-3.217107e+01 4.814968e+02 -3.004698e+03 1.000000e+00
-2.564898e+01 6.640911e+02 -3.139815e+03 1.000000e+00
-1.687489e+01 1.632837e+03 -3.550554e+03 1.000000e+00
-6.059391e+00 1.739306e+03 -3.591051e+03 1.000000e+00
3.822771e+00 2.673504e+03 -4.008226e+03 1.000000e+00
-3.782436e+01 -9.820574e+02 -1.988615e+03 1.000000e+00
-3.809747e+01 -1.078234e+03 -2.221814e+03 1.000000e+00
-3.976864e+01 -3.798312e+02 -2.506528e+03 1.000000e+00
-3.812867e+01 -4.021478e+02 -2.686527e+03 1.000000e+00
-3.190739e+01 4.863859e+02 -3.013792e+03 1.000000e+00
-2.112948e+01 6.712243e+02 -3.148926e+03 1.000000e+00
-1.491206e+01 1.642205e+03 -3.560078e+03 1.000000e+00
-7.341558e+00 1.746156e+03 -3.596512e+03 1.000000e+00
2.303262e+00 2.682918e+03 -4.014021e+03 1.000000e+00
-3.611862e+01 -9.816629e+02 -1.998519e+03 1.000000e+00
-3.582320e+01 -1.077254e+03 -2.232903e+03 1.000000e+00
-3.441502e+01 -3.774943e+02 -2.517607e+03 1.000000e+00
-3.217728e+01 -3.974078e+02 -2.697001e+03 1.000000e+00
-2.915494e+01 4.886213e+02 -3.024815e+03 1.000000e+00
-2.620830e+01 6.809020e+02 -3.159492e+03 1.000000e+00
-1.529092e+01 1.646797e+03 -3.566079e+03 1.000000e+00
-4.223809e+00 1.759146e+03 -3.605548e+03 1.000000e+00
5.071002e+00 2.684874e+03 -4.016369e+03 1.000000e+00
-2.984911e+01 -9.812961e+02 -2.008862e+03 1.000000e+00
-2.968042e+01 -1.077777e+03 -2.241329e+03 1.000000e+00
-3.037543e+01 -3.747536e+02 -2.527103e+03 1.000000e+00
-3.118783e+01 -3.967704e+02 -2.707717e+03 1.000000e+00
-2.864908e+01 4.960800e+02 -3.036900e+03 1.000000e+00
-1.896416e+01 6.853913e+02 -3.168191e+03 1.000000e+00
-1.400651e+01 1.657597e+03 -3.576259e+03 1.000000e+00
-7.182275e+00 1.763985e+03 -3.609702e+03 1.000000e+00
1.782567e+00 2.697827e+03 -4.024692e+03 1.000000e+00
-2.306633e+01 -9.895906e+02 -2.014559e+03 1.000000e+00
-2.073472e+01 -1.071895e+03 -2.250848e+03 1.000000e+00
-2.510704e+01 -3.794149e+02 -2.536016e+03 1.000000e+00
-2.817099e+01 -3.884561e+02 -2.717012e+03 1.000000e+00
-2.425341e+01 4.944164e+02 -3.042109e+03 1.000000e+00
-1.814357e+01 6.950352e+02 -3.178252e+03 1.000000e+00
-8.046782e+00 1.662110e+03 -3.583510e+03 1.000000e+00
-2.907806e+00 1.774801e+03 -3.621789e+03 1.000000e+00
1.699366e+00 2.705459e+03 -4.027656e+03 1.000000e+00
-1.740600e+01 -9.790867e+02 -2.021485e+03 1.000000e+00
-1.825449e+01 -1.085494e+03 -2.256225e+03 1.000000e+00
-1.617112e+01 -3.675468e+02 -2.543296e+03 1.000000e+00
-1.637346e+01 -3.981278e+02 -2.723402e+03 1.000000e+00
-1.673386e+01 5.085733e+02 -3.051695e+03 1.000000e+00
-1.392396e+01 6.931486e+02 -3.184321e+03 1.000000e+00
-1.012041e+01 1.675995e+03 -3.591742e+03 1.000000e+00
-3.896780e+00 1.778379e+03 -3.625906e+03 1.000000e+00
7.672917e-01 2.718978e+03 -4.037810e+03 1.000000e+00
-8.550687e+00 -1.012922e+03 -2.026186e+03 1.000000e+00
-7.049980e+00 -1.058090e+03 -2.260067e+03 1.000000e+00
-9.096192e+00 -3.971270e+02 -2.546353e+03 1.000000e+00
-9.612336e+00 -3.700181e+02 -2.728806e+03 1.000000e+00
-6.943673e+00 4.831372e+02 -3.058727e+03 1.000000e+00
-6.587974e+00 7.244650e+02 -3.190365e+03 1.000000e+00
-3.238451e+00 1.659712e+03 -3.598375e+03 1.000000e+00
-2.785742e+00 1.811274e+03 -3.627533e+03 1.000000e+00
5.964411e-01 2.710352e+03 -4.043526e+03 1.000000e+00
0.000000e+00 -1.068749e+03 -2.025054e+03 1.000000e+00
0.000000e+00 -1.012511e+03 -2.263723e+03 1.000000e+00
0.000000e+00 -4.465555e+02 -2.546541e+03 1.000000e+00
0.000000e+00 -3.230962e+02 -2.731855e+03 1.000000e+00
0.000000e+00 4.382053e+02 -3.057051e+03 1.000000e+00
0.000000e+00 7.708577e+02 -3.198852e+03 1.000000e+00
0.000000e+00 1.628680e+03 -3.592786e+03 1.000000e+00
0.000000e+00 1.857974e+03 -3.639919e+03 1.000000e+00
0.000000e+00 2.689596e+03 -4.032059e+03 1.000000e+00
-4.269862e+01 -1.323434e+03 -1.955561e+03 1.000000e+00
-4.145535e+01 -6.583282e+02 -2.249502e+03 1.000000e+00
-3.950037e+01 -7.231642e+02 -2.444807e+03 1.000000e+00
-3.602227e+01 2.445197e+01 -2.743119e+03 1.000000e+00
-3.072013e+01 1.383739e+02 -2.875311e+03 1.000000e+00
-2.417909e+01 1.120476e+03 -3.279677e+03 1.000000e+00
-1.593308e+01 1.280442e+03 -3.339740e+03 1.000000e+00
-6.041222e+00 2.215787e+03 -3.790943e+03 1.000000e+00
2.919385e+00 2.292371e+03 -3.692353e+03 1.000000e+00
-4.216639e+01 -1.319749e+03 -1.966694e+03 1.000000e+00
-4.121935e+01 -6.567840e+02 -2.260351e+03 1.000000e+00
-3.843750e+01 -7.200017e+02 -2.456954e+03 1.000000e+00
-3.494597e+01 2.915972e+01 -2.754725e+03 1.000000e+00
-3.019651e+01 1.449311e+02 -2.887706e+03 1.000000e+00
-2.416468e+01 1.130901e+03 -3.289066e+03 1.000000e+00
-1.575539e+01 1.287219e+03 -3.347328e+03 1.000000e+00
-5.108730e+00 2.225508e+03 -3.795662e+03 1.000000e+00
5.249541e+00 2.298414e+03 -3.696018e+03 1.000000e+00
-3.738573e+01 -1.317820e+03 -1.976942e+03 1.000000e+00
-3.774891e+01 -6.558524e+02 -2.272242e+03 1.000000e+00
-3.852607e+01 -7.163164e+02 -2.468736e+03 1.000000e+00
-3.711679e+01 3.292783e+01 -2.766174e+03 1.000000e+00
-3.107428e+01 1.510440e+02 -2.897236e+03 1.000000e+00
-2.079063e+01 1.137502e+03 -3.297755e+03 1.000000e+00
-1.338190e+01 1.296734e+03 -3.356224e+03 1.000000e+00
-5.424190e+00 2.233679e+03 -3.801510e+03 1.000000e+00
3.489085e+00 2.306953e+03 -3.699537e+03 1.000000e+00
-3.585511e+01 -1.318686e+03 -1.987463e+03 1.000000e+00
-3.515065e+01 -6.543954e+02 -2.282537e+03 1.000000e+00
-3.358105e+01 -7.128196e+02 -2.480531e+03 1.000000e+00
-3.126119e+01 3.526687e+01 -2.775765e+03 1.000000e+00
-2.753039e+01 1.573945e+02 -2.909246e+03 1.000000e+00
-2.448924e+01 1.141510e+03 -3.306287e+03 1.000000e+00
-1.466267e+01 1.309584e+03 -3.364156e+03 1.000000e+00
-3.605127e+00 2.236575e+03 -3.806822e+03 1.000000e+00
5.121236e+00 2.319527e+03 -3.706458e+03 1.000000e+00
-2.913604e+01 -1.319309e+03 -1.996603e+03 1.000000e+00
-2.954366e+01 -6.524014e+02 -2.292458e+03 1.000000e+00
-2.989134e+01 -7.133101e+02 -2.488491e+03 1.000000e+00
-3.018688e+01 3.983001e+01 -2.788446e+03 1.000000e+00
-2.758164e+01 1.596974e+02 -2.917743e+03 1.000000e+00
-1.838453e+01 1.151588e+03 -3.319027e+03 1.000000e+00
-1.305382e+01 1.314209e+03 -3.369788e+03 1.000000e+00
-5.698328e+00 2.248663e+03 -3.814674e+03 1.000000e+00
3.310823e+00 2.323021e+03 -3.710065e+03 1.000000e+00
-2.314741e+01 -1.313920e+03 -2.003932e+03 1.000000e+00
-2.086588e+01 -6.595508e+02 -2.300323e+03 1.000000e+00
-2.426133e+01 -7.055984e+02 -2.499210e+03 1.000000e+00
-2.685299e+01 3.686990e+01 -2.795135e+03 1.000000e+00
-2.316838e+01 1.687664e+02 -2.927369e+03 1.000000e+00
-1.701786e+01 1.152911e+03 -3.323560e+03 1.000000e+00
-7.993484e+00 1.324922e+03 -3.383292e+03 1.000000e+00
-2.749170e+00 2.255909e+03 -3.818976e+03 1.000000e+00
1.586090e+00 2.333612e+03 -3.721619e+03 1.000000e+00
-1.710668e+01 -1.329922e+03 -2.010161e+03 1.000000e+00
-1.800344e+01 -6.481828e+02 -2.306341e+03 1.000000e+00
-1.596416e+01 -7.163716e+02 -2.505556e+03 1.000000e+00
-1.604716e+01 4.850119e+01 -2.803354e+03 1.000000e+00
-1.571442e+01 1.635623e+02 -2.933326e+03 1.000000e+00
-1.296721e+01 1.167353e+03 -3.334177e+03 1.000000e+00
-9.924498e+00 1.325296e+03 -3.386135e+03 1.000000e+00
-3.652015e+00 2.270282e+03 -3.829589e+03 1.000000e+00
1.700979e+00 2.338158e+03 -3.723217e+03 1.000000e+00
-8.525270e+00 -1.303214e+03 -2.014256e+03 1.000000e+00
-7.198112e+00 -6.793284e+02 -2.310745e+03 1.000000e+00
-8.732286e+00 -6.881741e+02 -2.507975e+03 1.000000e+00
-8.888485e+00 2.029004e+01 -2.809872e+03 1.000000e+00
-7.484991e+00 1.926173e+02 -2.938805e+03 1.000000e+00
-6.242340e+00 1.146597e+03 -3.341390e+03 1.000000e+00
-2.762781e+00 1.358238e+03 -3.390240e+03 1.000000e+00
-2.060434e+00 2.259920e+03 -3.834039e+03 1.000000e+00
2.617800e-01 2.366715e+03 -3.726172e+03 1.000000e+00
0.000000e+00 -1.257695e+03 -2.016292e+03 1.000000e+00
0.000000e+00 -7.321266e+02 -2.310626e+03 1.000000e+00
0.000000e+00 -6.415413e+02 -2.512690e+03 1.000000e+00
0.000000e+00 -2.625459e+01 -2.806427e+03 1.000000e+00
0.000000e+00 2.377139e+02 -2.948425e+03 1.000000e+00
0.000000e+00 1.108869e+03 -3.334475e+03 1.000000e+00
0.000000e+00 1.405996e+03 -3.402154e+03 1.000000e+00
0.000000e+00 2.235490e+03 -3.825867e+03 1.000000e+00
0.000000e+00 2.409284e+03 -3.739987e+03 1.000000e+00
-4.222272e+01 -9.079501e+02 -2.005963e+03 1.000000e+00
-4.072656e+01 -9.816215e+02 -2.218806e+03 1.000000e+00
-3.838610e+01 -2.999761e+02 -2.511295e+03 1.000000e+00
-3.495125e+01 -2.981963e+02 -2.659440e+03 1.000000e+00
-2.922186e+01 5.824037e+02 -3.014107e+03 1.000000e+00
-2.274793e+01 8.031111e+02 -3.082632e+03 1.000000e+00
-1.413972e+01 1.747483e+03 -3.541356e+03 1.000000e+00
-4.177689e+00 1.878697e+03 -3.482051e+03 1.000000e+00
5.082128e+00 2.769332e+03 -3.963535e+03 1.000000e+00
-4.128714e+01 -9.065405e+02 -2.017187e+03 1.000000e+00
-4.048072e+01 -9.785147e+02 -2.229767e+03 1.000000e+00
-3.759691e+01 -2.970587e+02 -2.522977e+03 1.000000e+00
-3.419279e+01 -2.943851e+02 -2.671077e+03 1.000000e+00
-2.849676e+01 5.903148e+02 -3.024638e+03 1.000000e+00
-2.256409e+01 8.103744e+02 -3.093724e+03 1.000000e+00
-1.445209e+01 1.757402e+03 -3.546878e+03 1.000000e+00
-3.941173e+00 1.885516e+03 -3.487656e+03 1.000000e+00
6.073736e+00 2.778633e+03 -3.964574e+03 1.000000e+00
-3.724927e+01 -9.063965e+02 -2.027471e+03 1.000000e+00
-3.710968e+01 -9.759060e+02 -2.241707e+03 1.000000e+00
-3.718267e+01 -2.944287e+02 -2.534229e+03 1.000000e+00
-3.535445e+01 -2.895057e+02 -2.682604e+03 1.000000e+00
-2.979517e+01 5.955557e+02 -3.033580e+03 1.000000e+00
-1.987903e+01 8.189550e+02 -3.102394e+03 1.000000e+00
-1.163141e+01 1.765653e+03 -3.555193e+03 1.000000e+00
-2.859752e+00 1.894986e+03 -3.491938e+03 1.000000e+00
5.760342e+00 2.786944e+03 -3.969199e+03 1.000000e+00
-3.534025e+01 -9.062006e+02 -2.037354e+03 1.000000e+00
-3.454092e+01 -9.746348e+02 -2.252411e+03 1.000000e+00
-3.259082e+01 -2.918399e+02 -2.545193e+03 1.000000e+00
-3.050813e+01 -2.845860e+02 -2.693252e+03 1.000000e+00
-2.618083e+01 5.977836e+02 -3.043605e+03 1.000000e+00
-2.287540e+01 8.290353e+02 -3.112375e+03 1.000000e+00
-1.331975e+01 1.771333e+03 -3.560130e+03 1.000000e+00
-3.563991e+00 1.906285e+03 -3.500520e+03 1.000000e+00
4.866296e+00 2.789859e+03 -3.971040e+03 1.000000e+00
-2.856402e+01 -9.056219e+02 -2.047601e+03 1.000000e+00
-2.909564e+01 -9.745745e+02 -2.260884e+03 1.000000e+00
-2.935020e+01 -2.888091e+02 -2.555387e+03 1.000000e+00
-2.880870e+01 -2.844747e+02 -2.702339e+03 1.000000e+00
-2.580726e+01 6.053818e+02 -3.056407e+03 1.000000e+00
-1.756961e+01 8.320615e+02 -3.119881e+03 1.000000e+00
-1.176124e+01 1.784071e+03 -3.570501e+03 1.000000e+00
-3.529205e+00 1.909244e+03 -3.503007e+03 1.000000e+00
5.634193e+00 2.803409e+03 -3.978160e+03 1.000000e+00
-2.305183e+01 -9.137526e+02 -2.053426e+03 1.000000e+00
-2.121196e+01 -9.682631e+02 -2.270749e+03 1.000000e+00
-2.339117e+01 -2.936116e+02 -2.563427e+03 1.000000e+00
-2.555425e+01 -2.758039e+02 -2.712507e+03 1.000000e+00
-2.175145e+01 6.049296e+02 -3.060890e+03 1.000000e+00
-1.605779e+01 8.422499e+02 -3.131313e+03 1.000000e+00
-7.822499e+00 1.788182e+03 -3.575273e+03 1.000000e+00
-2.656022e+00 1.920950e+03 -3.516212e+03 1.000000e+00
1.115880e+00 2.811833e+03 -3.978148e+03 1.000000e+00
-1.698078e+01 -9.028872e+02 -2.060311e+03 1.000000e+00
-1.733736e+01 -9.809969e+02 -2.275640e+03 1.000000e+00
-1.590416e+01 -2.820926e+02 -2.571269e+03 1.000000e+00
-1.514396e+01 -2.840064e+02 -2.718375e+03 1.000000e+00
-1.478078e+01 6.172340e+02 -3.070694e+03 1.000000e+00
-1.208388e+01 8.404692e+02 -3.136322e+03 1.000000e+00
-9.420835e+00 1.801830e+03 -3.585027e+03 1.000000e+00
-3.116118e+00 1.924688e+03 -3.518407e+03 1.000000e+00
2.816063e+00 2.824002e+03 -3.989346e+03 1.000000e+00
-8.408559e+00 -9.358648e+02 -2.064877e+03 1.000000e+00
-7.512574e+00 -9.531653e+02 -2.279391e+03 1.000000e+00
-8.335709e+00 -3.113773e+02 -2.574474e+03 1.000000e+00
-8.379878e+00 -2.555573e+02 -2.723974e+03 1.000000e+00
-7.684781e+00 5.918228e+02 -3.077761e+03 1.000000e+00
-6.046405e+00 8.718552e+02 -3.140808e+03 1.000000e+00
-1.865438e+00 1.787422e+03 -3.590485e+03 1.000000e+00
-1.591117e+00 1.956770e+03 -3.522120e+03 1.000000e+00
1.652247e-01 2.816227e+03 -3.992388e+03 1.000000e+00
0.000000e+00 -9.903376e+02 -2.063504e+03 1.000000e+00
0.000000e+00 -9.082436e+02 -2.283760e+03 1.000000e+00
0.000000e+00 -3.601302e+02 -2.573007e+03 1.000000e+00
0.000000e+00 -2.095451e+02 -2.730034e+03 1.000000e+00
0.000000e+00 5.485349e+02 -3.072979e+03 1.000000e+00
0.000000e+00 9.188629e+02 -3.151604e+03 1.000000e+00
0.000000e+00 1.757738e+03 -3.579878e+03 1.000000e+00
0.000000e+00 2.002902e+03 -3.541151e+03 1.000000e+00
0.000000e+00 2.796758e+03 -3.974056e+03 1.000000e+00
-4.169287e+01 -1.215321e+03 -1.983383e+03 1.000000e+00
-3.980002e+01 -5.696753e+02 -2.280182e+03 1.000000e+00
-3.710162e+01 -6.073422e+02 -2.451556e+03 1.000000e+00
-3.340831e+01 1.246368e+02 -2.759748e+03 1.000000e+00
-2.738065e+01 2.796585e+02 -2.844199e+03 1.000000e+00
-2.086196e+01 1.253524e+03 -3.271350e+03 1.000000e+00
-1.201837e+01 1.440119e+03 -3.250389e+03 1.000000e+00
-1.995757e+00 2.339557e+03 -3.732368e+03 1.000000e+00
7.435735e+00 2.428605e+03 -3.523509e+03 1.000000e+00
-4.067401e+01 -1.213023e+03 -1.994237e+03 1.000000e+00
-3.925505e+01 -5.668315e+02 -2.290926e+03 1.000000e+00
-3.684222e+01 -6.045670e+02 -2.463786e+03 1.000000e+00
-3.308925e+01 1.296013e+02 -2.769516e+03 1.000000e+00
-2.686812e+01 2.860153e+02 -2.855993e+03 1.000000e+00
-2.101465e+01 1.262626e+03 -3.280017e+03 1.000000e+00
-1.250410e+01 1.448139e+03 -3.257278e+03 1.000000e+00
-2.359115e+00 2.349603e+03 -3.735232e+03 1.000000e+00
7.310327e+00 2.434682e+03 -3.525400e+03 1.000000e+00
-3.667618e+01 -1.211419e+03 -2.004760e+03 1.000000e+00
-3.659393e+01 -5.652079e+02 -2.302369e+03 1.000000e+00
-3.539033e+01 -6.006682e+02 -2.475145e+03 1.000000e+00
-3.311375e+01 1.330156e+02 -2.780227e+03 1.000000e+00
-2.792271e+01 2.934606e+02 -2.865234e+03 1.000000e+00
-1.822394e+01 1.269148e+03 -3.287930e+03 1.000000e+00
-9.593037e+00 1.459031e+03 -3.264670e+03 1.000000e+00
-6.433179e-01 2.356317e+03 -3.739471e+03 1.000000e+00
8.890510e+00 2.443930e+03 -3.527468e+03 1.000000e+00
-3.481505e+01 -1.211230e+03 -2.015172e+03 1.000000e+00
-3.379864e+01 -5.641087e+02 -2.312365e+03 1.000000e+00
-3.167139e+01 -5.972106e+02 -2.486162e+03 1.000000e+00
-2.941177e+01 1.357553e+02 -2.790502e+03 1.000000e+00
-2.529990e+01 2.998050e+02 -2.875636e+03 1.000000e+00
-2.090096e+01 1.274354e+03 -3.295588e+03 1.000000e+00
-1.192855e+01 1.470443e+03 -3.271841e+03 1.000000e+00
-2.130089e+00 2.360606e+03 -3.743807e+03 1.000000e+00
4.699392e+00 2.455709e+03 -3.533914e+03 1.000000e+00
-2.785697e+01 -1.211476e+03 -2.023856e+03 1.000000e+00
-2.850851e+01 -5.619989e+02 -2.322539e+03 1.000000e+00
-2.824698e+01 -5.970464e+02 -2.494411e+03 1.000000e+00
-2.735108e+01 1.404729e+02 -2.802055e+03 1.000000e+00
-2.332401e+01 3.011925e+02 -2.883540e+03 1.000000e+00
-1.624006e+01 1.285506e+03 -3.307945e+03 1.000000e+00
-1.011442e+01 1.472902e+03 -3.276298e+03 1.000000e+00
-1.502837e+00 2.375468e+03 -3.751100e+03 1.000000e+00
7.951872e+00 2.456102e+03 -3.535219e+03 1.000000e+00
-2.325647e+01 -1.206393e+03 -2.031944e+03 1.000000e+00
-2.132693e+01 -5.685514e+02 -2.329693e+03 1.000000e+00
-2.277769e+01 -5.889182e+02 -2.505311e+03 1.000000e+00
-2.394832e+01 1.375027e+02 -2.807713e+03 1.000000e+00
-2.038897e+01 3.108961e+02 -2.894904e+03 1.000000e+00
-1.506756e+01 1.287655e+03 -3.311010e+03 1.000000e+00
-7.314119e+00 1.483665e+03 -3.290398e+03 1.000000e+00
-2.216280e+00 2.381890e+03 -3.751865e+03 1.000000e+00
1.305217e+00 2.467651e+03 -3.547092e+03 1.000000e+00
-1.634100e+01 -1.221331e+03 -2.037240e+03 1.000000e+00
-1.666557e+01 -5.569334e+02 -2.336292e+03 1.000000e+00
-1.540021e+01 -5.989803e+02 -2.510978e+03 1.000000e+00
-1.436043e+01 1.490167e+02 -2.816776e+03 1.000000e+00
-1.348918e+01 3.055137e+02 -2.899543e+03 1.000000e+00
-1.143140e+01 1.300418e+03 -3.322344e+03 1.000000e+00
-8.483238e+00 1.484479e+03 -3.291978e+03 1.000000e+00
-2.666543e+00 2.395938e+03 -3.763612e+03 1.000000e+00
3.991536e+00 2.473527e+03 -3.545353e+03 1.000000e+00
-8.681812e+00 -1.194498e+03 -2.041415e+03 1.000000e+00
-7.745711e+00 -5.875407e+02 -2.340395e+03 1.000000e+00
-8.174408e+00 -5.703624e+02 -2.513819e+03 1.000000e+00
-7.746349e+00 1.212563e+02 -2.823098e+03 1.000000e+00
-7.786325e+00 3.347263e+02 -2.905535e+03 1.000000e+00
-5.198107e+00 1.281443e+03 -3.326679e+03 1.000000e+00
-1.295171e+00 1.516051e+03 -3.297333e+03 1.000000e+00
-6.979437e-01 2.386348e+03 -3.766636e+03 1.000000e+00
-1.653452e-02 2.500047e+03 -3.550093e+03 1.000000e+00
0.000000e+00 -1.150278e+03 -2.045026e+03 1.000000e+00
0.000000e+00 -6.393461e+02 -2.338701e+03 1.000000e+00
0.000000e+00 -5.245883e+02 -2.519538e+03 1.000000e+00
0.000000e+00 7.588638e+01 -2.818658e+03 1.000000e+00
0.000000e+00 3.802265e+02 -2.917771e+03 1.000000e+00
0.000000e+00 1.246872e+03 -3.314519e+03 1.000000e+00
0.000000e+00 1.563008e+03 -3.314151e+03 1.000000e+00
0.000000e+00 2.363234e+03 -3.752530e+03 1.000000e+00
0.000000e+00 2.542627e+03 -3.571802e+03 1.000000e+00
-4.097244e+01 -8.173307e+02 -2.040969e+03 1.000000e+00
-3.881043e+01 -8.588985e+02 -2.234000e+03 1.000000e+00
-3.569366e+01 -1.985700e+02 -2.526985e+03 1.000000e+00
-3.155717e+01 -1.654915e+02 -2.643484e+03 1.000000e+00
-2.533098e+01 7.074423e+02 -3.005564e+03 1.000000e+00
-1.856465e+01 9.696623e+02 -3.008806e+03 1.000000e+00
-9.456068e+00 1.887702e+03 -3.477487e+03 1.000000e+00
3.467486e-01 2.031813e+03 -3.325640e+03 1.000000e+00
9.768636e+00 2.871637e+03 -3.813342e+03 1.000000e+00
-3.967046e+01 -8.144606e+02 -2.051468e+03 1.000000e+00
-3.825174e+01 -8.566898e+02 -2.245334e+03 1.000000e+00
-3.561023e+01 -1.945790e+02 -2.537945e+03 1.000000e+00
-3.137720e+01 -1.609037e+02 -2.654134e+03 1.000000e+00
-2.502555e+01 7.152979e+02 -3.014666e+03 1.000000e+00
-1.853252e+01 9.780117e+02 -3.019060e+03 1.000000e+00
-1.018013e+01 1.897443e+03 -3.481196e+03 1.000000e+00
3.890335e-01 2.040662e+03 -3.329745e+03 1.000000e+00
9.863243e+00 2.880673e+03 -3.812339e+03 1.000000e+00
-3.635284e+01 -8.137238e+02 -2.061908e+03 1.000000e+00
-3.560180e+01 -8.538370e+02 -2.256647e+03 1.000000e+00
-3.372786e+01 -1.920354e+02 -2.548779e+03 1.000000e+00
-3.084688e+01 -1.560191e+02 -2.664589e+03 1.000000e+00
-2.591860e+01 7.203391e+02 -3.023506e+03 1.000000e+00
-1.625757e+01 9.874999e+02 -3.026367e+03 1.000000e+00
-7.792450e+00 1.904138e+03 -3.488087e+03 1.000000e+00
1.326150e+00 2.050393e+03 -3.332188e+03 1.000000e+00
1.091468e+01 2.885914e+03 -3.814661e+03 1.000000e+00
-3.414448e+01 -8.136691e+02 -2.071735e+03 1.000000e+00
-3.294200e+01 -8.514035e+02 -2.266666e+03 1.000000e+00
-3.047668e+01 -1.899394e+02 -2.559280e+03 1.000000e+00
-2.790001e+01 -1.516945e+02 -2.674879e+03 1.000000e+00
-2.343287e+01 7.249318e+02 -3.032768e+03 1.000000e+00
-1.871794e+01 9.966438e+02 -3.034760e+03 1.000000e+00
-9.289083e+00 1.910227e+03 -3.492462e+03 1.000000e+00
2.345375e-01 2.060848e+03 -3.338987e+03 1.000000e+00
6.907351e+00 2.889705e+03 -3.815962e+03 1.000000e+00
-2.717698e+01 -8.128144e+02 -2.081522e+03 1.000000e+00
-2.764353e+01 -8.509814e+02 -2.275292e+03 1.000000e+00
-2.729595e+01 -1.867845e+02 -2.569502e+03 1.000000e+00
-2.553929e+01 -1.512331e+02 -2.682816e+03 1.000000e+00
-2.146237e+01 7.333120e+02 -3.044667e+03 1.000000e+00
-1.460978e+01 9.982943e+02 -3.041546e+03 1.000000e+00
-8.431804e+00 1.924325e+03 -3.501377e+03 1.000000e+00
-3.973656e-01 2.062053e+03 -3.340882e+03 1.000000e+00
9.229809e+00 2.904479e+03 -3.820951e+03 1.000000e+00
-2.312930e+01 -8.200672e+02 -2.087534e+03 1.000000e+00
-2.154265e+01 -8.445325e+02 -2.285042e+03 1.000000e+00
-2.168946e+01 -1.909872e+02 -2.576381e+03 1.000000e+00
-2.211504e+01 -1.423715e+02 -2.693680e+03 1.000000e+00
-1.850163e+01 7.318985e+02 -3.047984e+03 1.000000e+00
-1.341109e+01 1.009016e+03 -3.054401e+03 1.000000e+00
-6.309681e+00 1.927890e+03 -3.503440e+03 1.000000e+00
-5.945469e-01 2.073716e+03 -3.353307e+03 1.000000e+00
3.211464e+00 2.911599e+03 -3.816509e+03 1.000000e+00
-1.599813e+01 -8.093483e+02 -2.094342e+03 1.000000e+00
-1.567057e+01 -8.562922e+02 -2.289370e+03 1.000000e+00
-1.495227e+01 -1.789596e+02 -2.584792e+03 1.000000e+00
-1.374757e+01 -1.504600e+02 -2.698866e+03 1.000000e+00
-1.270522e+01 7.432741e+02 -3.058331e+03 1.000000e+00
-1.063392e+01 1.007521e+03 -3.057565e+03 1.000000e+00
-7.794761e+00 1.940380e+03 -3.514646e+03 1.000000e+00
-2.064176e+00 2.079508e+03 -3.351800e+03 1.000000e+00
4.073101e+00 2.924062e+03 -3.828901e+03 1.000000e+00
-8.508889e+00 -8.417195e+02 -2.098746e+03 1.000000e+00
-8.279574e+00 -8.282072e+02 -2.293173e+03 1.000000e+00
-7.784356e+00 -2.080033e+02 -2.587986e+03 1.000000e+00
-7.128194e+00 -1.222503e+02 -2.705012e+03 1.000000e+00
-6.858987e+00 7.198364e+02 -3.063602e+03 1.000000e+00
-4.451854e+00 1.037128e+03 -3.062721e+03 1.000000e+00
-5.820442e-02 1.926539e+03 -3.517365e+03 1.000000e+00
-3.384697e-01 2.108488e+03 -3.359026e+03 1.000000e+00
8.482031e-01 2.915693e+03 -3.827526e+03 1.000000e+00
0.000000e+00 -8.942217e+02 -2.097047e+03 1.000000e+00
0.000000e+00 -7.838215e+02 -2.298348e+03 1.000000e+00
0.000000e+00 -2.557393e+02 -2.584400e+03 1.000000e+00
0.000000e+00 -7.606957e+01 -2.714221e+03 1.000000e+00
0.000000e+00 6.805248e+02 -3.054519e+03 1.000000e+00
0.000000e+00 1.083776e+03 -3.077654e+03 1.000000e+00
0.000000e+00 1.898844e+03 -3.501047e+03 1.000000e+00
0.000000e+00 2.152994e+03 -3.384452e+03 1.000000e+00
0.000000e+00 2.898507e+03 -3.802575e+03 1.000000e+00
-4.009749e+01 -1.089461e+03 -2.007022e+03 1.000000e+00
-3.765637e+01 -4.640742e+02 -2.299321e+03 1.000000e+00
-3.422096e+01 -4.720822e+02 -2.445948e+03 1.000000e+00
-2.945690e+01 2.409969e+02 -2.751439e+03 1.000000e+00
-2.315051e+01 4.369124e+02 -2.787366e+03 1.000000e+00
-1.582033e+01 1.400230e+03 -3.212000e+03 1.000000e+00
-6.552126e+00 1.608325e+03 -3.109958e+03 1.000000e+00
3.214156e+00 2.462380e+03 -3.582110e+03 1.000000e+00
1.245864e+01 2.548295e+03 -3.264659e+03 1.000000e+00
-3.876585e+01 -1.087854e+03 -2.017514e+03 1.000000e+00
-3.675711e+01 -4.600042e+02 -2.310050e+03 1.000000e+00
-3.410390e+01 -4.691001e+02 -2.457342e+03 1.000000e+00
-2.890323e+01 2.466506e+02 -2.759949e+03 1.000000e+00
-2.217986e+01 4.446111e+02 -2.798234e+03 1.000000e+00
-1.563239e+01 1.408569e+03 -3.218817e+03 1.000000e+00
-6.872403e+00 1.617553e+03 -3.115350e+03 1.000000e+00
3.841113e+00 2.472097e+03 -3.582199e+03 1.000000e+00
1.358809e+01 2.555005e+03 -3.265921e+03 1.000000e+00
-3.579385e+01 -1.086203e+03 -2.028098e+03 1.000000e+00
-3.478057e+01 -4.581506e+02 -2.320682e+03 1.000000e+00
-3.187861e+01 -4.648947e+02 -2.467969e+03 1.000000e+00
-2.900448e+01 2.493145e+02 -2.769882e+03 1.000000e+00
-2.405175e+01 4.522803e+02 -2.806448e+03 1.000000e+00
-1.424796e+01 1.414339e+03 -3.225970e+03 1.000000e+00
-5.822727e+00 1.628147e+03 -3.120292e+03 1.000000e+00
3.046952e+00 2.477198e+03 -3.584795e+03 1.000000e+00
1.265697e+01 2.563398e+03 -3.265471e+03 1.000000e+00
-3.330360e+01 -1.084810e+03 -2.037714e+03 1.000000e+00
-3.149496e+01 -4.567431e+02 -2.330541e+03 1.000000e+00
-2.911607e+01 -4.614642e+02 -2.477866e+03 1.000000e+00
-2.528909e+01 2.522486e+02 -2.780021e+03 1.000000e+00
-2.087478e+01 4.584803e+02 -2.815208e+03 1.000000e+00
-1.531257e+01 1.421214e+03 -3.232759e+03 1.000000e+00
-6.206394e+00 1.637373e+03 -3.125887e+03 1.000000e+00
3.572751e+00 2.481412e+03 -3.587972e+03 1.000000e+00
1.050940e+01 2.574649e+03 -3.268370e+03 1.000000e+00
-2.655430e+01 -1.084913e+03 -2.046010e+03 1.000000e+00
-2.711468e+01 -4.544523e+02 -2.340542e+03 1.000000e+00
-2.600436e+01 -4.609692e+02 -2.486108e+03 1.000000e+00
-2.435871e+01 2.572616e+02 -2.789838e+03 1.000000e+00
-1.978069e+01 4.599594e+02 -2.822767e+03 1.000000e+00
-1.319873e+01 1.433201e+03 -3.243303e+03 1.000000e+00
-6.852286e+00 1.637960e+03 -3.129611e+03 1.000000e+00
7.161359e-01 2.497315e+03 -3.593556e+03 1.000000e+00
9.835237e+00 2.573980e+03 -3.267676e+03 1.000000e+00
-2.306530e+01 -1.080302e+03 -2.054609e+03 1.000000e+00
-2.088276e+01 -4.596365e+02 -2.346707e+03 1.000000e+00
-2.053789e+01 -4.528779e+02 -2.496802e+03 1.000000e+00
-1.944570e+01 2.539627e+02 -2.794431e+03 1.000000e+00
-1.626809e+01 4.693419e+02 -2.835160e+03 1.000000e+00
-1.117653e+01 1.433820e+03 -3.244529e+03 1.000000e+00
-4.405934e+00 1.649265e+03 -3.143534e+03 1.000000e+00
1.647070e+00 2.503203e+03 -3.590118e+03 1.000000e+00
6.087542e+00 2.583958e+03 -3.278954e+03 1.000000e+00
-1.509685e+01 -1.093716e+03 -2.058912e+03 1.000000e+00
-1.543135e+01 -4.479452e+02 -2.353954e+03 1.000000e+00
-1.432085e+01 -4.626949e+02 -2.501453e+03 1.000000e+00
-1.361585e+01 2.658356e+02 -2.804550e+03 1.000000e+00
-1.213918e+01 4.637868e+02 -2.837532e+03 1.000000e+00
-9.947648e+00 1.445605e+03 -3.256975e+03 1.000000e+00
-6.635947e+00 1.652165e+03 -3.142122e+03 1.000000e+00
-1.613526e+00 2.516220e+03 -3.602265e+03 1.000000e+00
4.453176e+00 2.590676e+03 -3.272795e+03 1.000000e+00
-8.848189e+00 -1.066867e+03 -2.063347e+03 1.000000e+00
-7.967965e+00 -4.779594e+02 -2.357475e+03 1.000000e+00
-7.574399e+00 -4.346818e+02 -2.505357e+03 1.000000e+00
-6.080005e+00 2.391787e+02 -2.809131e+03 1.000000e+00
-5.512342e+00 4.923727e+02 -2.844871e+03 1.000000e+00
-3.286967e+00 1.427376e+03 -3.258302e+03 1.000000e+00
1.887981e-01 1.680193e+03 -3.149940e+03 1.000000e+00
4.088657e-01 2.506199e+03 -3.602067e+03 1.000000e+00
1.444400e+00 2.614858e+03 -3.280251e+03 1.000000e+00
0.000000e+00 -1.023943e+03 -2.067969e+03 1.000000e+00
0.000000e+00 -5.266328e+02 -2.354509e+03 1.000000e+00
0.000000e+00 -3.896832e+02 -2.512257e+03 1.000000e+00
0.000000e+00 1.960547e+02 -2.802356e+03 1.000000e+00
0.000000e+00 5.387752e+02 -2.861100e+03 1.000000e+00
0.000000e+00 1.394528e+03 -3.240903e+03 1.000000e+00
0.000000e+00 1.723884e+03 -3.172956e+03 1.000000e+00
0.000000e+00 2.483787e+03 -3.580603e+03 1.000000e+00
0.000000e+00 2.655936e+03 -3.310148e+03 1.000000e+00
