0 729 0.00000e+00
  1     729
0.000000e+00 1.395658e+03 6.900529e+02 1.000000e+00
0.000000e+00 2.680345e+03 7.552209e+02 1.000000e+00
0.000000e+00 3.841680e+03 2.844963e+02 1.000000e+00
0.000000e+00 5.202981e+03 4.418849e+02 1.000000e+00
0.000000e+00 6.361870e+03 6.804565e+00 9.992651e-01
0.000000e+00 7.631534e+03 2.464806e+02 9.950333e-01
0.000000e+00 8.678805e+03 -1.882330e+02 9.787423e-01
0.000000e+00 9.742531e+03 5.071743e+01 9.366232e-01
0.000000e+00 9.782862e+03 1.541002e+01 8.571537e-01
-9.444504e+00 1.392564e+03 6.079238e+02 1.000000e+00
-9.924659e+00 2.725774e+03 8.377176e+02 1.000000e+00
-9.016981e+00 3.859433e+03 1.938108e+02 1.000000e+00
-8.900620e+00 5.259250e+03 5.330284e+02 1.000000e+00
-1.049755e+01 6.398768e+03 -9.192171e+01 9.992651e-01
-9.575383e+00 7.689361e+03 3.415826e+02 9.950333e-01
-8.672970e+00 8.728593e+03 -3.161369e+02 9.787423e-01
-7.551744e-01 9.793317e+03 5.876152e+01 9.366232e-01
-1.399000e+00 9.829746e+03 1.302150e+01 8.571537e-01
-2.464060e+01 1.402858e+03 5.466490e+02 1.000000e+00
-2.645926e+01 2.768122e+03 8.926925e+02 1.000000e+00
-2.218375e+01 3.881170e+03 1.323515e+02 1.000000e+00
-1.715620e+01 5.302514e+03 5.936245e+02 1.000000e+00
-1.038005e+01 6.426167e+03 -1.578622e+02 9.992651e-01
-7.737444e+00 7.721156e+03 4.002195e+02 9.950333e-01
-3.835711e+00 8.755914e+03 -3.990178e+02 9.787423e-01
-1.183881e+00 9.804418e+03 6.459397e+01 9.366232e-01
-1.013826e+00 9.845422e+03 1.288887e+01 8.571537e-01
-3.132418e+01 1.437567e+03 5.652281e+02 1.000000e+00
-2.746967e+01 2.796358e+03 8.652602e+02 1.000000e+00
-2.610199e+01 3.921223e+03 1.546117e+02 1.000000e+00
-2.279415e+01 5.327768e+03 5.647708e+02 1.000000e+00
-1.780833e+01 6.455972e+03 -1.283986e+02 9.992651e-01
-1.121789e+01 7.735715e+03 3.668624e+02 9.950333e-01
-7.217887e+00 8.769849e+03 -3.611196e+02 9.787423e-01
-3.544171e+00 9.806834e+03 6.098568e+01 9.366232e-01
-2.706004e+00 9.851013e+03 1.368783e+01 8.571537e-01
-3.882484e+01 1.469237e+03 5.581362e+02 1.000000e+00
-3.729200e+01 2.831022e+03 8.645865e+02 1.000000e+00
-3.246949e+01 3.955092e+03 1.454824e+02 1.000000e+00
-2.719285e+01 5.355128e+03 5.659355e+02 1.000000e+00
-2.235142e+01 6.482956e+03 -1.347054e+02 9.992651e-01
-1.505416e+01 7.751248e+03 3.748821e+02 9.950333e-01
-6.986489e+00 8.775064e+03 -3.683057e+02 9.787423e-01
-1.785454e+00 9.811168e+03 6.017783e+01 9.366232e-01
-1.691187e+00 9.851315e+03 1.220984e+01 8.571537e-01
-4.783508e+01 1.507196e+03 5.532418e+02 1.000000e+00
-4.491605e+01 2.867911e+03 8.588040e+02 1.000000e+00
-3.937032e+01 3.986467e+03 1.456080e+02 1.000000e+00
-3.149680e+01 5.381393e+03 5.620312e+02 1.000000e+00
-2.357991e+01 6.502887e+03 -1.357197e+02 9.992651e-01
-1.604939e+01 7.763532e+03 3.757724e+02 9.950333e-01
-8.762355e+00 8.780863e+03 -3.636926e+02 9.787423e-01
-1.619767e+00 9.815385e+03 6.090985e+01 9.366232e-01
-1.392380e+00 9.853036e+03 1.241638e+01 8.571537e-01
-4.559664e+01 1.545497e+03 5.505577e+02 1.000000e+00
-4.301930e+01 2.903483e+03 8.503641e+02 1.000000e+00
-4.030115e+01 4.018980e+03 1.429479e+02 1.000000e+00
-3.492277e+01 5.410127e+03 5.577520e+02 1.000000e+00
-2.651079e+01 6.520819e+03 -1.340324e+02 9.992651e-01
-1.872087e+01 7.785851e+03 3.689159e+02 9.950333e-01
-1.121169e+01 8.798303e+03 -3.592727e+02 9.787423e-01
-1.718246e+00 9.819733e+03 6.100758e+01 9.366232e-01
-1.449504e+00 9.856453e+03 1.210781e+01 8.571537e-01
-5.256466e+01 1.581359e+03 5.448688e+02 1.000000e+00
-4.986104e+01 2.935531e+03 8.441411e+02 1.000000e+00
-4.242210e+01 4.048774e+03 1.388731e+02 1.000000e+00
-3.482241e+01 5.435101e+03 5.522431e+02 1.000000e+00
-2.727324e+01 6.542035e+03 -1.328409e+02 9.992651e-01
-1.704838e+01 7.801856e+03 3.679175e+02 9.950333e-01
-7.552676e+00 8.809356e+03 -3.560920e+02 9.787423e-01
-2.122887e+00 9.819909e+03 6.059116e+01 9.366232e-01
-1.745479e+00 9.860013e+03 1.169179e+01 8.571537e-01
-5.206092e+01 1.617765e+03 5.391453e+02 1.000000e+00
-4.888256e+01 2.970929e+03 8.376949e+02 1.000000e+00
-4.322795e+01 4.078942e+03 1.384134e+02 1.000000e+00
-3.583510e+01 5.462011e+03 5.449128e+02 1.000000e+00
-2.771226e+01 6.562022e+03 -1.322063e+02 9.992651e-01
-1.954651e+01 7.810010e+03 3.669207e+02 9.950333e-01
-1.138955e+01 8.810783e+03 -3.524837e+02 9.787423e-01
-3.877682e+00 9.821869e+03 5.849112e+01 9.366232e-01
-2.819871e+00 9.861848e+03 1.092866e+01 8.571537e-01
0.000000e+00 1.689883e+03 6.315504e+02 1.000000e+00
0.000000e+00 2.780387e+03 2.143343e+02 1.000000e+00
0.000000e+00 4.131952e+03 3.950459e+02 1.000000e+00
0.000000e+00 5.273910e+03 -1.529397e+01 1.000000e+00
0.000000e+00 6.584185e+03 2.587862e+02 9.992651e-01
0.000000e+00 7.649365e+03 -1.214648e+02 9.950333e-01
0.000000e+00 8.797625e+03 2.558804e+02 9.787423e-01
0.000000e+00 9.714670e+03 -1.204500e+01 9.366232e-01
0.000000e+00 9.846582e+03 1.039419e+01 8.571537e-01
-8.738387e+00 1.729534e+03 7.100659e+02 1.000000e+00
-8.087933e+00 2.783442e+03 1.293651e+02 1.000000e+00
-8.535637e+00 4.178192e+03 4.815191e+02 1.000000e+00
-6.273921e+00 5.295387e+03 -1.050822e+02 1.000000e+00
-2.975267e+00 6.641863e+03 3.554158e+02 9.992651e-01
-3.253452e-01 7.692118e+03 -2.130093e+02 9.950333e-01
5.233588e+00 8.850437e+03 3.891462e+02 9.787423e-01
-2.036359e-01 9.763204e+03 -2.090820e+01 9.366232e-01
-2.921083e-01 9.894183e+03 1.085376e+01 8.571537e-01
-1.594482e+01 1.774975e+03 7.613041e+02 1.000000e+00
-1.539801e+01 2.803504e+03 6.977068e+01 1.000000e+00
-1.355843e+01 4.222153e+03 5.400431e+02 1.000000e+00
-9.069690e+00 5.320111e+03 -1.618049e+02 1.000000e+00
-6.948536e+00 6.681060e+03 4.188679e+02 9.992651e-01
-3.182276e+00 7.718807e+03 -2.688708e+02 9.950333e-01
-2.486001e+00 8.867208e+03 4.764150e+02 9.787423e-01
-1.203984e+00 9.780199e+03 -2.573314e+01 9.366232e-01
-3.533044e-01 9.901896e+03 1.248211e+01 8.571537e-01
-2.504107e+01 1.803839e+03 7.382289e+02 1.000000e+00
-2.039213e+01 2.843667e+03 9.352545e+01 1.000000e+00
-1.601984e+01 4.249964e+03 5.145793e+02 1.000000e+00
-1.511763e+01 5.356504e+03 -1.359152e+02 1.000000e+00
-1.172272e+01 6.698162e+03 3.915443e+02 9.992651e-01
-8.129279e+00 7.739938e+03 -2.387764e+02 9.950333e-01
-5.927054e+00 8.874516e+03 4.343413e+02 9.787423e-01
-1.987875e+00 9.785408e+03 -2.359228e+01 9.366232e-01
-1.742020e+00 9.903068e+03 1.203618e+01 8.571537e-01
-3.027947e+01 1.836367e+03 7.414494e+02 1.000000e+00
-2.960629e+01 2.872239e+03 8.826076e+01 1.000000e+00
-2.691038e+01 4.276017e+03 5.176261e+02 1.000000e+00
-2.024508e+01 5.382391e+03 -1.422852e+02 1.000000e+00
-1.371478e+01 6.716003e+03 3.983219e+02 9.992651e-01
-8.808093e+00 7.755046e+03 -2.439658e+02 9.950333e-01
-3.715091e+00 8.885930e+03 4.440689e+02 9.787423e-01
-2.235069e+00 9.784431e+03 -2.634228e+01 9.366232e-01
-1.950308e+00 9.905824e+03 9.724701e+00 8.571537e-01
-3.428976e+01 1.871411e+03 7.348282e+02 1.000000e+00
-3.041514e+01 2.906098e+03 8.789028e+01 1.000000e+00
-2.433834e+01 4.308347e+03 5.142940e+02 1.000000e+00
-1.991051e+01 5.410125e+03 -1.391403e+02 1.000000e+00
-1.650755e+01 6.740208e+03 3.948601e+02 9.992651e-01
-1.257511e+01 7.771457e+03 -2.419260e+02 9.950333e-01
-7.247342e+00 8.894213e+03 4.470981e+02 9.787423e-01
3.349559e-01 9.783323e+03 -2.574553e+01 9.366232e-01
1.974488e-01 9.907077e+03 9.064163e+00 8.571537e-01
-4.021336e+01 1.903102e+03 7.299117e+02 1.000000e+00
-3.690771e+01 2.938682e+03 8.810863e+01 1.000000e+00
-3.283654e+01 4.340445e+03 5.099648e+02 1.000000e+00
-2.735081e+01 5.435091e+03 -1.388698e+02 1.000000e+00
-1.993928e+01 6.762814e+03 3.938025e+02 9.992651e-01
-1.034980e+01 7.780396e+03 -2.370578e+02 9.950333e-01
-4.183604e+00 8.896326e+03 4.431530e+02 9.787423e-01
3.350324e-01 9.785626e+03 -2.338102e+01 9.366232e-01
6.242120e-02 9.908671e+03 9.511276e+00 8.571537e-01
-3.957922e+01 1.936073e+03 7.278127e+02 1.000000e+00
-3.559500e+01 2.973918e+03 8.577350e+01 1.000000e+00
-3.079117e+01 4.370780e+03 5.075076e+02 1.000000e+00
-2.431724e+01 5.462800e+03 -1.382350e+02 1.000000e+00
-1.811975e+01 6.783385e+03 3.928761e+02 9.992651e-01
-1.310328e+01 7.794470e+03 -2.316107e+02 9.950333e-01
-6.560374e+00 8.903294e+03 4.424143e+02 9.787423e-01
-7.028042e-01 9.792060e+03 -2.271609e+01 9.366232e-01
-2.428222e-01 9.910180e+03 1.009235e+01 8.571537e-01
-4.065077e+01 1.974110e+03 7.224801e+02 1.000000e+00
-3.728409e+01 3.010500e+03 8.536005e+01 1.000000e+00
-3.226013e+01 4.403402e+03 5.032734e+02 1.000000e+00
-2.602404e+01 5.489959e+03 -1.353693e+02 1.000000e+00
-1.978893e+01 6.806121e+03 3.869355e+02 9.992651e-01
-1.334724e+01 7.813711e+03 -2.278484e+02 9.950333e-01
-6.945451e+00 8.916490e+03 4.421130e+02 9.787423e-01
-1.252626e+00 9.796476e+03 -2.301775e+01 9.366232e-01
-9.756868e-01 9.913654e+03 1.014025e+01 8.571537e-01
0.000000e+00 1.712885e+03 7.193975e+01 1.000000e+00
0.000000e+00 3.001397e+03 2.835765e+02 1.000000e+00
0.000000e+00 4.104545e+03 -8.445749e+01 1.000000e+00
0.000000e+00 5.451320e+03 2.013012e+02 1.000000e+00
0.000000e+00 6.539563e+03 -1.771208e+02 9.992651e-01
0.000000e+00 7.774444e+03 1.697607e+02 9.950333e-01
0.000000e+00 8.746480e+03 -2.629221e+02 9.787423e-01
0.000000e+00 9.777947e+03 1.845760e+01 9.366232e-01
0.000000e+00 9.793163e+03 -6.116549e+00 8.571537e-01
-4.454932e+00 1.711866e+03 -2.499732e+00 1.000000e+00
-2.803703e+00 3.056591e+03 3.646539e+02 1.000000e+00
-2.724025e+00 4.129091e+03 -1.710113e+02 1.000000e+00
-1.504285e+00 5.512752e+03 2.936134e+02 1.000000e+00
4.038406e-01 6.573238e+03 -2.687376e+02 9.992651e-01
7.949653e-01 7.831729e+03 2.622328e+02 9.950333e-01
-3.044224e+00 8.793450e+03 -3.880651e+02 9.787423e-01
1.997495e+00 9.825401e+03 2.993952e+01 9.366232e-01
2.181232e-01 9.840209e+03 -7.476438e+00 8.571537e-01
-9.303880e+00 1.720614e+03 -5.264397e+01 1.000000e+00
-9.088824e+00 3.103123e+03 4.187283e+02 1.000000e+00
-5.172917e+00 4.156230e+03 -2.266493e+02 1.000000e+00
-3.203425e+00 5.557894e+03 3.538818e+02 1.000000e+00
-1.012322e+00 6.600294e+03 -3.256230e+02 9.992651e-01
-1.654562e+00 7.861770e+03 3.192580e+02 9.950333e-01
-2.142967e-01 8.819123e+03 -4.668930e+02 9.787423e-01
1.847837e-02 9.832658e+03 3.830025e+01 9.366232e-01
-2.728942e-01 9.855002e+03 -7.959673e+00 8.571537e-01
-1.772743e+01 1.754929e+03 -3.332463e+01 1.000000e+00
-1.563976e+01 3.124100e+03 3.970320e+02 1.000000e+00
-1.244421e+01 4.189321e+03 -1.985236e+02 1.000000e+00
-8.415249e+00 5.578925e+03 3.280912e+02 1.000000e+00
-6.954252e+00 6.632233e+03 -2.986052e+02 9.992651e-01
-4.054191e+00 7.875162e+03 2.918884e+02 9.950333e-01
-2.508959e+00 8.833578e+03 -4.323499e+02 9.787423e-01
-2.861199e+00 9.832712e+03 3.359175e+01 9.366232e-01
-1.674102e+00 9.858022e+03 -8.852520e+00 8.571537e-01
-2.156714e+01 1.789085e+03 -3.538120e+01 1.000000e+00
-1.595727e+01 3.162988e+03 4.025931e+02 1.000000e+00
-1.434902e+01 4.224415e+03 -2.036752e+02 1.000000e+00
-1.314963e+01 5.604978e+03 3.344209e+02 1.000000e+00
-1.003831e+01 6.652191e+03 -3.052316e+02 9.992651e-01
-7.794705e+00 7.886097e+03 2.989648e+02 9.950333e-01
-5.036546e+00 8.835773e+03 -4.453016e+02 9.787423e-01
-1.845900e+00 9.835876e+03 2.983868e+01 9.366232e-01
-9.461201e-01 9.858359e+03 -1.176753e+01 8.571537e-01
-2.615846e+01 1.820488e+03 -3.207141e+01 1.000000e+00
-2.518478e+01 3.195349e+03 3.989479e+02 1.000000e+00
-2.076474e+01 4.250477e+03 -2.006853e+02 1.000000e+00
-1.443523e+01 5.626562e+03 3.330390e+02 1.000000e+00
-8.168458e+00 6.667838e+03 -2.999379e+02 9.992651e-01
-3.754735e+00 7.900255e+03 2.953979e+02 9.950333e-01
-4.864466e-01 8.844322e+03 -4.400434e+02 9.787423e-01
1.885243e+00 9.841354e+03 2.857260e+01 9.366232e-01
1.507896e+00 9.861525e+03 -1.159396e+01 8.571537e-01
-2.716097e+01 1.860435e+03 -3.271544e+01 1.000000e+00
-2.297394e+01 3.228315e+03 3.976106e+02 1.000000e+00
-1.843268e+01 4.278178e+03 -1.957297e+02 1.000000e+00
-1.508176e+01 5.655373e+03 3.317778e+02 1.000000e+00
-1.272075e+01 6.688218e+03 -2.978799e+02 9.992651e-01
-9.113177e+00 7.920202e+03 2.932129e+02 9.950333e-01
-4.107115e+00 8.859505e+03 -4.324206e+02 9.787423e-01
2.823559e+00 9.845627e+03 3.198996e+01 9.366232e-01
1.692445e+00 9.864710e+03 -9.447651e+00 8.571537e-01
-3.209110e+01 1.897406e+03 -3.253176e+01 1.000000e+00
-2.782577e+01 3.261491e+03 3.986503e+02 1.000000e+00
-2.313446e+01 4.311380e+03 -1.948885e+02 1.000000e+00
-1.718253e+01 5.680535e+03 3.317745e+02 1.000000e+00
-1.104007e+01 6.708505e+03 -2.945388e+02 9.992651e-01
-4.867080e+00 7.932522e+03 2.924417e+02 9.950333e-01
-1.535853e+00 8.866753e+03 -4.287075e+02 9.787423e-01
9.170291e-01 9.844790e+03 3.489494e+01 9.366232e-01
4.610179e-01 9.866937e+03 -8.807115e+00 8.571537e-01
-3.087071e+01 1.924408e+03 -3.119613e+01 1.000000e+00
-2.703213e+01 3.287560e+03 3.962393e+02 1.000000e+00
-2.293625e+01 4.334876e+03 -1.929872e+02 1.000000e+00
-1.822744e+01 5.700260e+03 3.306338e+02 1.000000e+00
-1.304853e+01 6.725075e+03 -2.877751e+02 9.992651e-01
-8.044183e+00 7.944531e+03 2.902804e+02 9.950333e-01
-3.691729e+00 8.870754e+03 -4.239601e+02 9.787423e-01
5.426006e-01 9.845576e+03 3.555933e+01 9.366232e-01
5.035993e-01 9.867009e+03 -8.572551e+00 8.571537e-01
0.000000e+00 1.897858e+03 9.261980e+01 1.000000e+00
0.000000e+00 2.941147e+03 -2.349949e+02 1.000000e+00
0.000000e+00 4.278592e+03 8.294328e+01 1.000000e+00
0.000000e+00 5.359922e+03 -2.564857e+02 1.000000e+00
0.000000e+00 6.665822e+03 1.243286e+02 9.992651e-01
0.000000e+00 7.678023e+03 -2.397496e+02 9.950333e-01
0.000000e+00 8.819892e+03 2.307887e+02 9.787423e-01
0.000000e+00 9.690928e+03 -4.525856e+01 9.366232e-01
0.000000e+00 9.845414e+03 -8.551950e+00 8.571537e-01
-8.726211e-01 1.940424e+03 1.677370e+02 1.000000e+00
2.823819e+00 2.941888e+03 -3.106532e+02 1.000000e+00
5.040989e+00 4.329842e+03 1.668499e+02 1.000000e+00
4.234998e+00 5.382826e+03 -3.457086e+02 1.000000e+00
2.970046e+00 6.722280e+03 2.174017e+02 9.992651e-01
3.277496e+00 7.715211e+03 -3.304413e+02 9.950333e-01
5.741878e+00 8.870697e+03 3.528347e+02 9.787423e-01
-2.631191e-01 9.740010e+03 -5.553238e+01 9.366232e-01
8.531042e-01 9.892732e+03 -6.360385e+00 8.571537e-01
-7.672428e+00 1.982862e+03 2.177849e+02 1.000000e+00
-5.853660e+00 2.955067e+03 -3.579845e+02 1.000000e+00
-4.897476e+00 4.369286e+03 2.223631e+02 1.000000e+00
-2.017934e-01 5.404858e+03 -3.972300e+02 1.000000e+00
3.384116e+00 6.757555e+03 2.791445e+02 9.992651e-01
6.344299e+00 7.741937e+03 -3.828575e+02 9.950333e-01
3.762953e+00 8.887407e+03 4.283781e+02 9.787423e-01
-8.589544e-01 9.755848e+03 -6.243932e+01 9.366232e-01
-7.103534e-01 9.899206e+03 -5.884905e+00 8.571537e-01
-8.430231e+00 2.007678e+03 2.006935e+02 1.000000e+00
-6.031215e+00 2.997797e+03 -3.346125e+02 1.000000e+00
-3.867927e+00 4.393704e+03 2.019132e+02 1.000000e+00
-2.528472e+00 5.437575e+03 -3.663747e+02 1.000000e+00
-1.240287e+00 6.774215e+03 2.551046e+02 9.992651e-01
-3.746826e+00 7.764772e+03 -3.565897e+02 9.950333e-01
-3.996527e+00 8.892314e+03 3.919948e+02 9.787423e-01
-2.304700e+00 9.760494e+03 -6.243387e+01 9.366232e-01
-1.627670e+00 9.900424e+03 -9.551231e+00 8.571537e-01
-1.411623e+01 2.039642e+03 2.080733e+02 1.000000e+00
-9.362994e+00 3.024276e+03 -3.344651e+02 1.000000e+00
-5.420782e+00 4.421885e+03 2.095940e+02 1.000000e+00
-5.871442e+00 5.463792e+03 -3.736526e+02 1.000000e+00
-6.272833e+00 6.793864e+03 2.615453e+02 9.992651e-01
-3.639613e+00 7.778234e+03 -3.661061e+02 9.950333e-01
-1.206995e+00 8.903906e+03 4.013655e+02 9.787423e-01
7.119998e-01 9.764488e+03 -6.609883e+01 9.366232e-01
8.607848e-01 9.905140e+03 -1.200710e+01 8.571537e-01
-1.692371e+01 2.075033e+03 2.049003e+02 1.000000e+00
-1.637058e+01 3.054870e+03 -3.274131e+02 1.000000e+00
-1.332623e+01 4.456145e+03 2.085711e+02 1.000000e+00
-7.231021e+00 5.492466e+03 -3.672086e+02 1.000000e+00
-1.702254e+00 6.816160e+03 2.610990e+02 9.992651e-01
1.986236e+00 7.792636e+03 -3.558516e+02 9.950333e-01
4.353714e+00 8.914975e+03 4.004326e+02 9.787423e-01
4.432171e+00 9.767507e+03 -6.308356e+01 9.366232e-01
3.512842e+00 9.908441e+03 -1.002045e+01 8.571537e-01
-1.757956e+01 2.104218e+03 2.089645e+02 1.000000e+00
-1.064958e+01 3.091405e+03 -3.257993e+02 1.000000e+00
-8.559378e+00 4.487713e+03 2.086966e+02 1.000000e+00
-6.189287e+00 5.513670e+03 -3.599849e+02 1.000000e+00
-3.886419e+00 6.838377e+03 2.625078e+02 9.992651e-01
-2.167376e+00 7.805130e+03 -3.501201e+02 9.950333e-01
-9.294090e-02 8.919396e+03 4.015877e+02 9.787423e-01
2.949864e+00 9.768544e+03 -5.876384e+01 9.366232e-01
2.380287e+00 9.910364e+03 -7.011739e+00 8.571537e-01
-2.247246e+01 2.135914e+03 2.109192e+02 1.000000e+00
-2.098361e+01 3.124100e+03 -3.229719e+02 1.000000e+00
-1.523208e+01 4.512860e+03 2.109824e+02 1.000000e+00
-1.072296e+01 5.537955e+03 -3.575834e+02 1.000000e+00
-7.585415e+00 6.854841e+03 2.627685e+02 9.992651e-01
-3.846045e+00 7.818112e+03 -3.467829e+02 9.950333e-01
-1.905825e+00 8.924259e+03 3.989155e+02 9.787423e-01
-1.104718e-01 9.770074e+03 -5.907612e+01 9.366232e-01
4.812461e-01 9.910162e+03 -7.058473e+00 8.571537e-01
-2.167732e+01 2.176586e+03 2.059072e+02 1.000000e+00
-1.797032e+01 3.158665e+03 -3.183903e+02 1.000000e+00
-1.369811e+01 4.546457e+03 2.125708e+02 1.000000e+00
-9.437755e+00 5.567518e+03 -3.534440e+02 1.000000e+00
-6.089905e+00 6.873095e+03 2.616468e+02 9.992651e-01
-3.040102e+00 7.828379e+03 -3.395396e+02 9.950333e-01
-4.831440e-01 8.931268e+03 3.939614e+02 9.787423e-01
1.111895e+00 9.769860e+03 -5.975203e+01 9.366232e-01
8.922443e-01 9.911678e+03 -7.416321e+00 8.571537e-01
0.000000e+00 1.787157e+03 -4.605196e+02 1.000000e+00
0.000000e+00 3.063156e+03 -1.251795e+02 1.000000e+00
0.000000e+00 4.113757e+03 -4.254414e+02 1.000000e+00
0.000000e+00 5.452163e+03 -1.474225e+01 1.000000e+00
0.000000e+00 6.489662e+03 -3.516111e+02 9.992651e-01
0.000000e+00 7.740662e+03 9.440201e+01 9.950333e-01
0.000000e+00 8.685923e+03 -3.434471e+02 9.787423e-01
0.000000e+00 9.745129e+03 -1.726389e+01 9.366232e-01
0.000000e+00 9.744309e+03 -3.293368e+01 8.571537e-01
-1.484298e+00 1.778903e+03 -5.277598e+02 1.000000e+00
1.167238e+00 3.112197e+03 -4.864993e+01 1.000000e+00
2.729133e+00 4.122989e+03 -5.030888e+02 1.000000e+00
5.903019e+00 5.509039e+03 7.536898e+01 1.000000e+00
7.175892e+00 6.526745e+03 -4.415793e+02 9.992651e-01
6.889590e+00 7.805527e+03 1.889440e+02 9.950333e-01
1.491381e+00 8.739156e+03 -4.649380e+02 9.787423e-01
2.845457e+00 9.793760e+03 -4.644869e+00 9.366232e-01
1.540323e+00 9.792059e+03 -3.290085e+01 8.571537e-01
1.813434e+00 1.789895e+03 -5.709688e+02 1.000000e+00
1.289759e+00 3.157510e+03 1.674692e+00 1.000000e+00
4.597229e+00 4.146460e+03 -5.471111e+02 1.000000e+00
4.157455e+00 5.551727e+03 1.323111e+02 1.000000e+00
4.290750e+00 6.552435e+03 -4.930365e+02 9.992651e-01
2.844038e+00 7.830593e+03 2.451322e+02 9.950333e-01
1.859892e+00 8.762950e+03 -5.421965e+02 9.787423e-01
-8.493617e-01 9.802810e+03 7.524584e-01 9.366232e-01
-4.973757e-01 9.809035e+03 -3.434411e+01 8.571537e-01
-5.353621e+00 1.827241e+03 -5.489496e+02 1.000000e+00
1.075985e+00 3.179858e+03 -1.333937e+01 1.000000e+00
2.464358e+00 4.188917e+03 -5.214526e+02 1.000000e+00
2.944849e+00 5.574556e+03 1.102640e+02 1.000000e+00
2.797606e+00 6.578159e+03 -4.633255e+02 9.992651e-01
1.675932e+00 7.838390e+03 2.155748e+02 9.950333e-01
-7.779536e-01 8.775150e+03 -5.125821e+02 9.787423e-01
-5.371078e-01 9.805493e+03 -6.138085e+00 9.366232e-01
-2.779990e-03 9.814826e+03 -3.704643e+01 8.571537e-01
-6.970257e+00 1.854349e+03 -5.475291e+02 1.000000e+00
-6.530140e+00 3.211708e+03 -4.899005e+00 1.000000e+00
-3.724119e+00 4.212805e+03 -5.216119e+02 1.000000e+00
1.504203e+00 5.601126e+03 1.216009e+02 1.000000e+00
2.789210e+00 6.604699e+03 -4.714287e+02 9.992651e-01
3.569147e+00 7.861977e+03 2.251691e+02 9.950333e-01
5.284882e+00 8.788672e+03 -5.235078e+02 9.787423e-01
3.878977e+00 9.811646e+03 -4.179587e+00 9.366232e-01
3.048386e+00 9.817957e+03 -3.637628e+01 8.571537e-01
-6.168547e+00 1.887655e+03 -5.398162e+02 1.000000e+00
-1.337120e+00 3.249096e+03 -5.861861e+00 1.000000e+00
1.830507e+00 4.239729e+03 -5.109870e+02 1.000000e+00
1.221798e+00 5.626594e+03 1.196704e+02 1.000000e+00
1.702810e+00 6.623546e+03 -4.647585e+02 9.992651e-01
2.960038e+00 7.875566e+03 2.244291e+02 9.950333e-01
4.093679e+00 8.795443e+03 -5.125914e+02 9.787423e-01
5.943805e+00 9.817650e+03 -1.031569e+00 9.366232e-01
5.030811e+00 9.821448e+03 -3.261135e+01 8.571537e-01
-1.684478e+01 1.919487e+03 -5.349319e+02 1.000000e+00
-1.171970e+01 3.273592e+03 1.859515e+00 1.000000e+00
-7.314517e+00 4.268198e+03 -5.072505e+02 1.000000e+00
-3.784577e+00 5.652492e+03 1.217455e+02 1.000000e+00
8.969517e-01 6.637194e+03 -4.540491e+02 9.992651e-01
3.377706e+00 7.888886e+03 2.244319e+02 9.950333e-01
3.771410e+00 8.805087e+03 -5.035851e+02 9.787423e-01
3.407161e+00 9.821740e+03 1.257716e+00 9.366232e-01
3.582272e+00 9.824592e+03 -2.891759e+01 8.571537e-01
-8.317527e+00 1.952363e+03 -5.305505e+02 1.000000e+00
-5.057495e+00 3.302344e+03 5.820970e+00 1.000000e+00
-2.662954e+00 4.299053e+03 -5.015916e+02 1.000000e+00
6.813549e-01 5.677460e+03 1.267485e+02 1.000000e+00
3.856980e-01 6.663325e+03 -4.497369e+02 9.992651e-01
7.820280e-02 7.906167e+03 2.235541e+02 9.950333e-01
1.988000e-01 8.818035e+03 -5.035684e+02 9.787423e-01
1.780028e-01 9.822972e+03 -7.500993e-01 9.366232e-01
7.495357e-01 9.828259e+03 -2.888116e+01 8.571537e-01
-1.323330e+01 1.984558e+03 -5.249290e+02 1.000000e+00
-9.055361e+00 3.340943e+03 4.728964e+00 1.000000e+00
-4.931863e+00 4.329223e+03 -4.939258e+02 1.000000e+00
-1.947900e+00 5.702120e+03 1.279619e+02 1.000000e+00
-6.850564e-02 6.686804e+03 -4.484540e+02 9.992651e-01
5.482008e-01 7.922342e+03 2.207931e+02 9.950333e-01
9.972743e-01 8.824336e+03 -5.033817e+02 9.787423e-01
1.245286e+00 9.824903e+03 -4.054837e+00 9.366232e-01
1.383449e+00 9.828646e+03 -3.075999e+01 8.571537e-01
0.000000e+00 1.902413e+03 -4.225917e+02 1.000000e+00
0.000000e+00 2.864655e+03 -6.803558e+02 1.000000e+00
0.000000e+00 4.184603e+03 -2.445885e+02 1.000000e+00
0.000000e+00 5.219752e+03 -5.374203e+02 1.000000e+00
0.000000e+00 6.545392e+03 -3.615479e+01 9.992651e-01
0.000000e+00 7.539830e+03 -3.867158e+02 9.950333e-01
0.000000e+00 8.734833e+03 1.863450e+02 9.787423e-01
0.000000e+00 9.606357e+03 -9.981688e+01 9.366232e-01
0.000000e+00 9.796366e+03 -4.123041e+01 8.571537e-01
2.345432e+00 1.953130e+03 -3.508124e+02 1.000000e+00
6.326208e+00 2.873354e+03 -7.510338e+02 1.000000e+00
7.471351e+00 4.247694e+03 -1.641063e+02 1.000000e+00
1.036563e+01 5.244798e+03 -6.144182e+02 1.000000e+00
1.387607e+01 6.604679e+03 5.762768e+01 9.992651e-01
1.427624e+01 7.578038e+03 -4.769687e+02 9.950333e-01
1.242930e+01 8.783235e+03 2.980890e+02 9.787423e-01
1.540948e+00 9.654856e+03 -1.096248e+02 9.366232e-01
2.416027e+00 9.843111e+03 -3.768641e+01 8.571537e-01
1.851120e+00 1.991698e+03 -3.027052e+02 1.000000e+00
5.417218e+00 2.890869e+03 -7.907969e+02 1.000000e+00
7.487161e+00 4.291240e+03 -1.114564e+02 1.000000e+00
8.735712e+00 5.271137e+03 -6.565197e+02 1.000000e+00
4.988930e+00 6.644692e+03 1.125234e+02 9.992651e-01
3.230988e+00 7.610235e+03 -5.260775e+02 9.950333e-01
1.205493e+00 8.802024e+03 3.613490e+02 9.787423e-01
1.173274e+00 9.674916e+03 -1.149125e+02 9.366232e-01
1.124382e+00 9.851521e+03 -3.606122e+01 8.571537e-01
1.196564e+00 2.009307e+03 -3.166565e+02 1.000000e+00
4.447745e+00 2.926006e+03 -7.640992e+02 1.000000e+00
8.065615e+00 4.307533e+03 -1.266539e+02 1.000000e+00
7.723303e+00 5.305216e+03 -6.311843e+02 1.000000e+00
8.904058e+00 6.665308e+03 8.956853e+01 9.992651e-01
7.873526e+00 7.639037e+03 -4.984743e+02 9.950333e-01
6.286654e+00 8.818028e+03 3.311447e+02 9.787423e-01
1.036345e+00 9.684900e+03 -1.145017e+02 9.366232e-01
1.242764e+00 9.856139e+03 -3.892491e+01 8.571537e-01
3.222204e-01 2.046231e+03 -3.061983e+02 1.000000e+00
4.793394e+00 2.959471e+03 -7.623370e+02 1.000000e+00
6.003890e+00 4.347155e+03 -1.159285e+02 1.000000e+00
8.688882e+00 5.331000e+03 -6.322010e+02 1.000000e+00
9.454242e+00 6.686026e+03 1.028445e+02 9.992651e-01
6.933690e+00 7.649831e+03 -5.090518e+02 9.950333e-01
3.767787e+00 8.824225e+03 3.449890e+02 9.787423e-01
4.933308e+00 9.686999e+03 -1.157205e+02 9.366232e-01
4.244246e+00 9.859989e+03 -3.889852e+01 8.571537e-01
-4.520305e+00 2.070785e+03 -3.029670e+02 1.000000e+00
-4.898418e-01 2.982965e+03 -7.513923e+02 1.000000e+00
2.676800e+00 4.374698e+03 -1.161421e+02 1.000000e+00
3.848166e+00 5.352102e+03 -6.190449e+02 1.000000e+00
4.130918e+00 6.706707e+03 1.004055e+02 9.992651e-01
6.901605e+00 7.664542e+03 -4.953171e+02 9.950333e-01
9.223410e+00 8.832441e+03 3.400383e+02 9.787423e-01
8.733399e+00 9.689168e+03 -1.080812e+02 9.366232e-01
6.415405e+00 9.862501e+03 -3.547898e+01 8.571537e-01
-4.004023e+00 2.104942e+03 -2.973920e+02 1.000000e+00
-3.818204e-01 3.017913e+03 -7.447151e+02 1.000000e+00
4.949396e+00 4.402305e+03 -1.065148e+02 1.000000e+00
8.882256e+00 5.380058e+03 -6.135632e+02 1.000000e+00
8.876538e+00 6.732225e+03 1.038190e+02 9.992651e-01
8.100215e+00 7.681385e+03 -4.827158e+02 9.950333e-01
7.425007e+00 8.845551e+03 3.430479e+02 9.787423e-01
5.827604e+00 9.695256e+03 -1.019859e+02 9.366232e-01
5.375752e+00 9.866332e+03 -3.105828e+01 8.571537e-01
-6.450171e+00 2.136812e+03 -2.925931e+02 1.000000e+00
-2.591984e-01 3.052560e+03 -7.368077e+02 1.000000e+00
2.521878e+00 4.432431e+03 -9.987225e+01 1.000000e+00
3.932474e+00 5.408300e+03 -6.062557e+02 1.000000e+00
6.478168e+00 6.749366e+03 1.088118e+02 9.992651e-01
6.199706e+00 7.696443e+03 -4.798393e+02 9.950333e-01
3.746772e+00 8.852555e+03 3.434064e+02 9.787423e-01
1.560733e+00 9.702735e+03 -1.028682e+02 9.366232e-01
2.245838e+00 9.869490e+03 -3.024812e+01 8.571537e-01
-7.197683e+00 2.158863e+03 -2.887192e+02 1.000000e+00
-2.109647e+00 3.070614e+03 -7.273696e+02 1.000000e+00
1.541347e+00 4.454390e+03 -9.941168e+01 1.000000e+00
3.903759e+00 5.425892e+03 -5.962355e+02 1.000000e+00
4.962818e+00 6.764111e+03 1.109014e+02 9.992651e-01
4.615054e+00 7.710413e+03 -4.765744e+02 9.950333e-01
3.841776e+00 8.864070e+03 3.390725e+02 9.787423e-01
2.265108e+00 9.706701e+03 -1.057402e+02 9.366232e-01
2.195199e+00 9.874463e+03 -3.212721e+01 8.571537e-01
0.000000e+00 1.715184e+03 -1.008068e+03 1.000000e+00
0.000000e+00 2.954636e+03 -5.774804e+02 1.000000e+00
0.000000e+00 3.925430e+03 -8.224348e+02 1.000000e+00
0.000000e+00 5.262508e+03 -2.902681e+02 1.000000e+00
0.000000e+00 6.270723e+03 -5.957283e+02 9.992651e-01
0.000000e+00 7.567640e+03 -2.396691e+01 9.950333e-01
0.000000e+00 8.509503e+03 -4.744044e+02 9.787423e-01
0.000000e+00 9.645926e+03 -7.765387e+01 9.366232e-01
0.000000e+00 9.634165e+03 -7.890591e+01 8.571537e-01
5.354755e+00 1.703676e+03 -1.070828e+03 1.000000e+00
7.103787e+00 2.997949e+03 -5.046876e+02 1.000000e+00
9.159976e+00 3.927980e+03 -8.941542e+02 1.000000e+00
1.191405e+01 5.315864e+03 -2.040705e+02 1.000000e+00
1.362086e+01 6.297358e+03 -6.763210e+02 9.992651e-01
1.360670e+01 7.623702e+03 6.993284e+01 9.950333e-01
7.152330e+00 8.562376e+03 -5.858875e+02 9.787423e-01
5.616600e+00 9.696800e+03 -6.371997e+01 9.366232e-01
3.203241e+00 9.682638e+03 -7.890375e+01 8.571537e-01
3.461204e+00 1.713415e+03 -1.104516e+03 1.000000e+00
8.571864e+00 3.037351e+03 -4.555314e+02 1.000000e+00
1.390081e+01 3.951103e+03 -9.301137e+02 1.000000e+00
1.456367e+01 5.358864e+03 -1.502897e+02 1.000000e+00
1.397623e+01 6.326247e+03 -7.186659e+02 9.992651e-01
9.645537e+00 7.653007e+03 1.209059e+02 9.950333e-01
5.701890e+00 8.594422e+03 -6.529789e+02 9.787423e-01
3.007535e+00 9.708610e+03 -5.641835e+01 9.366232e-01
2.962116e+00 9.702422e+03 -7.900015e+01 8.571537e-01
6.175267e+00 1.751059e+03 -1.080273e+03 1.000000e+00
9.634517e+00 3.062376e+03 -4.675269e+02 1.000000e+00
1.035088e+01 3.995772e+03 -9.018282e+02 1.000000e+00
1.256232e+01 5.384789e+03 -1.658983e+02 1.000000e+00
1.131455e+01 6.360988e+03 -6.918126e+02 9.992651e-01
9.859854e+00 7.667059e+03 9.632835e+01 9.950333e-01
7.733122e+00 8.605920e+03 -6.220196e+02 9.787423e-01
3.826456e+00 9.714100e+03 -6.021087e+01 9.366232e-01
3.523577e+00 9.710904e+03 -7.880492e+01 8.571537e-01
4.170794e+00 1.772516e+03 -1.078677e+03 1.000000e+00
8.792792e+00 3.087835e+03 -4.549979e+02 1.000000e+00
1.258499e+01 4.011894e+03 -9.008035e+02 1.000000e+00
1.288274e+01 5.409835e+03 -1.526987e+02 1.000000e+00
1.195088e+01 6.378324e+03 -6.954404e+02 9.992651e-01
1.001309e+01 7.686542e+03 1.088703e+02 9.950333e-01
6.544535e+00 8.619896e+03 -6.324533e+02 9.787423e-01
5.881518e+00 9.721703e+03 -5.801087e+01 9.366232e-01
4.953940e+00 9.715207e+03 -7.890148e+01 8.571537e-01
4.615280e-01 1.806267e+03 -1.067076e+03 1.000000e+00
6.042134e+00 3.123762e+03 -4.495829e+02 1.000000e+00
1.029088e+01 4.045021e+03 -8.858923e+02 1.000000e+00
1.244646e+01 5.442564e+03 -1.534153e+02 1.000000e+00
1.305472e+01 6.402177e+03 -6.800262e+02 9.992651e-01
1.320532e+01 7.706423e+03 1.046070e+02 9.950333e-01
1.249762e+01 8.633339e+03 -6.204029e+02 9.787423e-01
8.993052e+00 9.725030e+03 -5.590195e+01 9.366232e-01
7.371144e+00 9.718290e+03 -7.687379e+01 8.571537e-01
2.314937e+00 1.833952e+03 -1.059574e+03 1.000000e+00
7.198757e+00 3.151589e+03 -4.405060e+02 1.000000e+00
9.641805e+00 4.074957e+03 -8.774662e+02 1.000000e+00
1.261487e+01 5.465263e+03 -1.421839e+02 1.000000e+00
1.367426e+01 6.423858e+03 -6.709839e+02 9.992651e-01
1.114751e+01 7.722274e+03 1.090805e+02 9.950333e-01
9.959435e+00 8.640504e+03 -6.057135e+02 9.787423e-01
9.679951e+00 9.729880e+03 -4.925557e+01 9.366232e-01
7.581846e+00 9.722404e+03 -7.184840e+01 8.571537e-01
-1.921049e+00 1.861825e+03 -1.051167e+03 1.000000e+00
4.093687e+00 3.175255e+03 -4.338222e+02 1.000000e+00
8.886819e+00 4.098022e+03 -8.677504e+02 1.000000e+00
1.097361e+01 5.484784e+03 -1.348587e+02 1.000000e+00
1.046264e+01 6.445499e+03 -6.640527e+02 9.992651e-01
1.091124e+01 7.736715e+03 1.134245e+02 9.950333e-01
8.289261e+00 8.655031e+03 -6.029474e+02 9.787423e-01
5.417746e+00 9.737487e+03 -4.471206e+01 9.366232e-01
4.640584e+00 9.729335e+03 -6.960901e+01 8.571537e-01
-1.636304e+00 1.897515e+03 -1.041318e+03 1.000000e+00
4.318025e+00 3.213087e+03 -4.284846e+02 1.000000e+00
8.399692e+00 4.130545e+03 -8.554573e+02 1.000000e+00
1.045506e+01 5.517726e+03 -1.335246e+02 1.000000e+00
1.097509e+01 6.468721e+03 -6.546567e+02 9.992651e-01
9.827807e+00 7.754379e+03 1.153767e+02 9.950333e-01
7.731211e+00 8.665688e+03 -6.031853e+02 9.787423e-01
4.616809e+00 9.745867e+03 -4.448958e+01 9.366232e-01
4.063695e+00 9.733270e+03 -7.006492e+01 8.571537e-01
0.000000e+00 1.815107e+03 -9.677639e+02 1.000000e+00
0.000000e+00 2.672762e+03 -1.196058e+03 1.000000e+00
0.000000e+00 3.957397e+03 -6.585876e+02 1.000000e+00
0.000000e+00 4.925009e+03 -9.084707e+02 1.000000e+00
0.000000e+00 6.273070e+03 -2.784257e+02 9.992651e-01
0.000000e+00 7.256466e+03 -6.210041e+02 9.950333e-01
0.000000e+00 8.530396e+03 7.132389e+01 9.787423e-01
0.000000e+00 9.431208e+03 -1.968972e+02 9.366232e-01
0.000000e+00 9.679452e+03 -9.889326e+01 8.571537e-01
5.681066e+00 1.863644e+03 -9.026987e+02 1.000000e+00
7.927145e+00 2.678611e+03 -1.262065e+03 1.000000e+00
8.363976e+00 4.016285e+03 -5.820973e+02 1.000000e+00
1.178139e+01 4.945721e+03 -9.790587e+02 1.000000e+00
1.510787e+01 6.333048e+03 -1.891719e+02 9.992651e-01
1.631413e+01 7.296048e+03 -7.011794e+02 9.950333e-01
1.766729e+01 8.580230e+03 1.845937e+02 9.787423e-01
5.210905e+00 9.478038e+03 -2.051373e+02 9.366232e-01
4.387239e+00 9.725809e+03 -9.596442e+01 8.571537e-01
4.359407e+00 1.899906e+03 -8.634276e+02 1.000000e+00
1.073084e+01 2.692386e+03 -1.291186e+03 1.000000e+00
1.778696e+01 4.054214e+03 -5.308076e+02 1.000000e+00
2.096879e+01 4.969715e+03 -1.012675e+03 1.000000e+00
1.807260e+01 6.368735e+03 -1.368141e+02 9.992651e-01
1.527541e+01 7.328578e+03 -7.396625e+02 9.950333e-01
9.395354e+00 8.601521e+03 2.485621e+02 9.787423e-01
7.221143e+00 9.502699e+03 -2.053198e+02 9.366232e-01
5.789434e+00 9.735745e+03 -9.215750e+01 8.571537e-01
1.139761e+01 1.916827e+03 -8.738527e+02 1.000000e+00
1.559907e+01 2.727559e+03 -1.263152e+03 1.000000e+00
1.639071e+01 4.074434e+03 -5.408403e+02 1.000000e+00
1.625039e+01 5.004952e+03 -9.841879e+02 1.000000e+00
1.690365e+01 6.388933e+03 -1.533357e+02 9.992651e-01
1.281532e+01 7.358586e+03 -7.168023e+02 9.950333e-01
7.793755e+00 8.617724e+03 2.176183e+02 9.787423e-01
5.344127e+00 9.516106e+03 -2.002523e+02 9.366232e-01
5.076217e+00 9.742436e+03 -9.159035e+01 8.571537e-01
3.988523e+00 1.948558e+03 -8.585846e+02 1.000000e+00
8.740209e+00 2.758044e+03 -1.262827e+03 1.000000e+00
1.245978e+01 4.111862e+03 -5.256960e+02 1.000000e+00
1.535161e+01 5.029269e+03 -9.816284e+02 1.000000e+00
1.507853e+01 6.418743e+03 -1.376776e+02 9.992651e-01
1.554625e+01 7.376800e+03 -7.199809e+02 9.950333e-01
1.469712e+01 8.630924e+03 2.315356e+02 9.787423e-01
7.696831e+00 9.519564e+03 -2.020862e+02 9.366232e-01
6.869308e+00 9.749059e+03 -9.143641e+01 8.571537e-01
6.967641e+00 1.969502e+03 -8.527181e+02 1.000000e+00
1.547396e+01 2.780891e+03 -1.245783e+03 1.000000e+00
2.160667e+01 4.136076e+03 -5.201911e+02 1.000000e+00
2.283106e+01 5.052997e+03 -9.648790e+02 1.000000e+00
2.061366e+01 6.440461e+03 -1.408245e+02 9.992651e-01
1.677903e+01 7.392131e+03 -6.997734e+02 9.950333e-01
1.176328e+01 8.642717e+03 2.248910e+02 9.787423e-01
1.035297e+01 9.525787e+03 -1.983367e+02 9.366232e-01
8.415760e+00 9.754912e+03 -8.951204e+01 8.571537e-01
4.269088e+00 1.999067e+03 -8.432270e+02 1.000000e+00
7.329235e+00 2.810788e+03 -1.235714e+03 1.000000e+00
9.670782e+00 4.163562e+03 -5.084758e+02 1.000000e+00
1.289081e+01 5.081736e+03 -9.542241e+02 1.000000e+00
1.624880e+01 6.460877e+03 -1.287549e+02 9.992651e-01
1.718112e+01 7.411319e+03 -6.918427e+02 9.950333e-01
1.678950e+01 8.657208e+03 2.342740e+02 9.787423e-01
1.312158e+01 9.532669e+03 -1.883329e+02 9.366232e-01
9.592795e+00 9.759521e+03 -8.483982e+01 8.571537e-01
3.386282e+00 2.025341e+03 -8.359247e+02 1.000000e+00
1.213341e+01 2.841685e+03 -1.224770e+03 1.000000e+00
1.777810e+01 4.193111e+03 -5.001082e+02 1.000000e+00
1.947745e+01 5.108717e+03 -9.426008e+02 1.000000e+00
1.775191e+01 6.481699e+03 -1.193551e+02 9.992651e-01
1.475018e+01 7.431756e+03 -6.830092e+02 9.950333e-01
1.134516e+01 8.669070e+03 2.434562e+02 9.787423e-01
7.569650e+00 9.539115e+03 -1.815254e+02 9.366232e-01
6.977138e+00 9.763632e+03 -8.148399e+01 8.571537e-01
2.961639e+00 2.046588e+03 -8.287498e+02 1.000000e+00
9.485561e+00 2.863824e+03 -1.211106e+03 1.000000e+00
1.416644e+01 4.219122e+03 -4.937505e+02 1.000000e+00
1.656729e+01 5.129257e+03 -9.309178e+02 1.000000e+00
1.633771e+01 6.503902e+03 -1.187496e+02 9.992651e-01
1.419545e+01 7.445165e+03 -6.732190e+02 9.950333e-01
1.091338e+01 8.680108e+03 2.411519e+02 9.787423e-01
7.272717e+00 9.543240e+03 -1.812932e+02 9.366232e-01
6.118500e+00 9.770928e+03 -8.119153e+01 8.571537e-01
0.000000e+00 1.582828e+03 -1.601037e+03 1.000000e+00
0.000000e+00 2.744925e+03 -1.104399e+03 1.000000e+00
0.000000e+00 3.608861e+03 -1.325285e+03 1.000000e+00
0.000000e+00 4.926906e+03 -6.773949e+02 1.000000e+00
0.000000e+00 5.886221e+03 -9.495449e+02 9.992651e-01
0.000000e+00 7.243912e+03 -2.320862e+02 9.950333e-01
0.000000e+00 8.211263e+03 -6.799407e+02 9.787423e-01
0.000000e+00 9.456848e+03 -1.903868e+02 9.366232e-01
0.000000e+00 9.434897e+03 -1.605259e+02 8.571537e-01
6.709773e+00 1.569674e+03 -1.654567e+03 1.000000e+00
1.218156e+01 2.794285e+03 -1.036942e+03 1.000000e+00
1.520531e+01 3.620782e+03 -1.391196e+03 1.000000e+00
1.734431e+01 4.987148e+03 -5.963735e+02 1.000000e+00
1.896535e+01 5.916680e+03 -1.024928e+03 9.992651e-01
1.812916e+01 7.299334e+03 -1.433700e+02 9.950333e-01
1.038552e+01 8.256095e+03 -7.810408e+02 9.787423e-01
6.607800e+00 9.504644e+03 -1.787508e+02 9.366232e-01
4.515403e+00 9.482147e+03 -1.610535e+02 8.571537e-01
7.906782e+00 1.582373e+03 -1.680418e+03 1.000000e+00
9.329591e+00 2.836746e+03 -9.962547e+02 1.000000e+00
1.383973e+01 3.642076e+03 -1.417388e+03 1.000000e+00
1.727526e+01 5.024787e+03 -5.455455e+02 1.000000e+00
1.912805e+01 5.946238e+03 -1.057312e+03 9.992651e-01
1.683163e+01 7.325592e+03 -9.247301e+01 9.950333e-01
1.450414e+01 8.282542e+03 -8.332443e+02 9.787423e-01
1.088206e+01 9.512615e+03 -1.669267e+02 9.366232e-01
8.421034e+00 9.502664e+03 -1.583495e+02 8.571537e-01
9.806453e+00 1.613640e+03 -1.658356e+03 1.000000e+00
1.872577e+01 2.853628e+03 -1.004201e+03 1.000000e+00
2.260906e+01 3.675007e+03 -1.388038e+03 1.000000e+00
2.391590e+01 5.044312e+03 -5.550772e+02 1.000000e+00
2.237420e+01 5.977855e+03 -1.027670e+03 9.992651e-01
1.826484e+01 7.341616e+03 -1.128710e+02 9.950333e-01
1.160957e+01 8.302927e+03 -8.070646e+02 9.787423e-01
8.006900e+00 9.521281e+03 -1.656019e+02 9.366232e-01
7.737520e+00 9.514364e+03 -1.549931e+02 8.571537e-01
8.086757e+00 1.630717e+03 -1.654421e+03 1.000000e+00
1.474656e+01 2.883216e+03 -9.848901e+02 1.000000e+00
1.975028e+01 3.704062e+03 -1.386249e+03 1.000000e+00
2.135223e+01 5.082018e+03 -5.383223e+02 1.000000e+00
2.112773e+01 6.001247e+03 -1.027003e+03 9.992651e-01
2.046988e+01 7.367020e+03 -9.844671e+01 9.950333e-01
1.879477e+01 8.320170e+03 -8.121279e+02 9.787423e-01
1.064278e+01 9.535856e+03 -1.643300e+02 9.366232e-01
8.854650e+00 9.522115e+03 -1.543779e+02 8.571537e-01
6.961564e+00 1.661123e+03 -1.641203e+03 1.000000e+00
1.157499e+01 2.908508e+03 -9.793304e+02 1.000000e+00
1.648492e+01 3.726179e+03 -1.366052e+03 1.000000e+00
2.088033e+01 5.102583e+03 -5.338041e+02 1.000000e+00
2.265346e+01 6.024350e+03 -1.005746e+03 9.992651e-01
1.992679e+01 7.388844e+03 -9.977057e+01 9.950333e-01
1.518760e+01 8.335826e+03 -7.909193e+02 9.787423e-01
1.247318e+01 9.545678e+03 -1.607290e+02 9.366232e-01
1.051204e+01 9.528682e+03 -1.516913e+02 8.571537e-01
8.971931e+00 1.682687e+03 -1.632644e+03 1.000000e+00
1.824843e+01 2.933040e+03 -9.660921e+02 1.000000e+00
2.420403e+01 3.753654e+03 -1.353693e+03 1.000000e+00
2.530044e+01 5.126403e+03 -5.200948e+02 1.000000e+00
2.395884e+01 6.048960e+03 -9.950194e+02 9.992651e-01
2.158299e+01 7.404151e+03 -9.122878e+01 9.950333e-01
1.776179e+01 8.342708e+03 -7.862948e+02 9.787423e-01
1.253213e+01 9.546681e+03 -1.558028e+02 9.366232e-01
1.110738e+01 9.534902e+03 -1.467651e+02 8.571537e-01
4.378361e+00 1.707512e+03 -1.620579e+03 1.000000e+00
1.116142e+01 2.959377e+03 -9.551677e+02 1.000000e+00
1.631572e+01 3.783446e+03 -1.340117e+03 1.000000e+00
2.002535e+01 5.155261e+03 -5.109868e+02 1.000000e+00
2.101527e+01 6.073817e+03 -9.835546e+02 9.992651e-01
1.954081e+01 7.420545e+03 -8.242686e+01 9.950333e-01
1.612113e+01 8.355135e+03 -7.788134e+02 9.787423e-01
1.205549e+01 9.552343e+03 -1.509924e+02 9.366232e-01
9.393627e+00 9.542238e+03 -1.434161e+02 8.571537e-01
5.435983e+00 1.733774e+03 -1.609316e+03 1.000000e+00
1.241622e+01 2.981112e+03 -9.481584e+02 1.000000e+00
1.748781e+01 3.799400e+03 -1.324862e+03 1.000000e+00
2.033830e+01 5.176254e+03 -5.024907e+02 1.000000e+00
2.068032e+01 6.092275e+03 -9.700375e+02 9.992651e-01
1.855499e+01 7.443655e+03 -7.852236e+01 9.950333e-01
1.508027e+01 8.373587e+03 -7.674748e+02 9.787423e-01
1.045586e+01 9.568219e+03 -1.459085e+02 9.366232e-01
8.650517e+00 9.547835e+03 -1.417588e+02 8.571537e-01
