0 729 0.00000e+00
  1     729
0.000000e+00 0.000000e+00 0.000000e+00 1.000000e+00
0.000000e+00 0.000000e+00 6.828455e+02 1.000000e+00
0.000000e+00 0.000000e+00 1.293765e+03 1.000000e+00
0.000000e+00 0.000000e+00 1.888816e+03 1.000000e+00
0.000000e+00 0.000000e+00 2.422895e+03 1.000000e+00
0.000000e+00 0.000000e+00 2.982536e+03 1.000000e+00
0.000000e+00 0.000000e+00 3.460899e+03 1.000000e+00
0.000000e+00 0.000000e+00 3.991407e+03 1.000000e+00
0.000000e+00 0.000000e+00 4.406717e+03 1.000000e+00
9.973371e+00 0.000000e+00 0.000000e+00 1.000000e+00
1.081243e+01 0.000000e+00 6.838633e+02 1.000000e+00
8.788448e+00 0.000000e+00 1.292014e+03 1.000000e+00
1.251241e+01 0.000000e+00 1.895298e+03 1.000000e+00
1.175050e+01 0.000000e+00 2.417365e+03 1.000000e+00
1.535958e+01 0.000000e+00 2.995209e+03 1.000000e+00
1.318808e+01 0.000000e+00 3.449715e+03 1.000000e+00
1.450475e+01 0.000000e+00 4.011355e+03 1.000000e+00
1.503370e+01 0.000000e+00 4.392152e+03 1.000000e+00
1.861660e+01 0.000000e+00 0.000000e+00 1.000000e+00
1.892295e+01 0.000000e+00 6.854689e+02 1.000000e+00
2.186958e+01 0.000000e+00 1.292746e+03 1.000000e+00
2.298375e+01 0.000000e+00 1.902806e+03 1.000000e+00
2.607412e+01 0.000000e+00 2.417285e+03 1.000000e+00
2.879853e+01 0.000000e+00 3.010001e+03 1.000000e+00
3.062037e+01 0.000000e+00 3.445646e+03 1.000000e+00
3.103621e+01 0.000000e+00 4.034429e+03 1.000000e+00
3.242835e+01 0.000000e+00 4.387844e+03 1.000000e+00
2.627704e+01 0.000000e+00 0.000000e+00 1.000000e+00
2.871397e+01 0.000000e+00 6.877513e+02 1.000000e+00
3.137634e+01 0.000000e+00 1.296834e+03 1.000000e+00
3.421956e+01 0.000000e+00 1.907946e+03 1.000000e+00
3.859789e+01 0.000000e+00 2.427413e+03 1.000000e+00
4.199821e+01 0.000000e+00 3.017727e+03 1.000000e+00
4.451727e+01 0.000000e+00 3.459881e+03 1.000000e+00
4.603447e+01 0.000000e+00 4.045128e+03 1.000000e+00
4.538825e+01 0.000000e+00 4.406381e+03 1.000000e+00
3.411743e+01 0.000000e+00 0.000000e+00 1.000000e+00
3.569191e+01 0.000000e+00 6.908102e+02 1.000000e+00
3.876449e+01 0.000000e+00 1.301132e+03 1.000000e+00
4.370927e+01 0.000000e+00 1.916959e+03 1.000000e+00
4.786496e+01 0.000000e+00 2.436831e+03 1.000000e+00
5.239840e+01 0.000000e+00 3.031296e+03 1.000000e+00
5.517666e+01 0.000000e+00 3.473697e+03 1.000000e+00
5.536990e+01 0.000000e+00 4.062388e+03 1.000000e+00
5.485592e+01 0.000000e+00 4.423774e+03 1.000000e+00
3.985958e+01 0.000000e+00 0.000000e+00 1.000000e+00
4.064370e+01 0.000000e+00 6.930165e+02 1.000000e+00
4.583484e+01 0.000000e+00 1.308669e+03 1.000000e+00
5.130368e+01 0.000000e+00 1.925232e+03 1.000000e+00
5.563288e+01 0.000000e+00 2.449128e+03 1.000000e+00
6.057141e+01 0.000000e+00 3.045883e+03 1.000000e+00
6.387476e+01 0.000000e+00 3.490513e+03 1.000000e+00
6.469432e+01 0.000000e+00 4.080769e+03 1.000000e+00
6.323853e+01 0.000000e+00 4.444864e+03 1.000000e+00
4.284927e+01 0.000000e+00 0.000000e+00 1.000000e+00
4.603766e+01 0.000000e+00 6.960999e+02 1.000000e+00
5.068177e+01 0.000000e+00 1.316731e+03 1.000000e+00
5.601876e+01 0.000000e+00 1.933975e+03 1.000000e+00
6.132224e+01 0.000000e+00 2.463175e+03 1.000000e+00
6.582851e+01 0.000000e+00 3.060717e+03 1.000000e+00
6.996217e+01 0.000000e+00 3.510387e+03 1.000000e+00
7.092805e+01 0.000000e+00 4.099591e+03 1.000000e+00
6.853848e+01 0.000000e+00 4.467404e+03 1.000000e+00
4.553817e+01 0.000000e+00 0.000000e+00 1.000000e+00
4.962650e+01 0.000000e+00 7.011762e+02 1.000000e+00
5.307680e+01 0.000000e+00 1.322048e+03 1.000000e+00
5.827106e+01 0.000000e+00 1.946289e+03 1.000000e+00
6.424961e+01 0.000000e+00 2.475212e+03 1.000000e+00
6.848254e+01 0.000000e+00 3.078433e+03 1.000000e+00
7.281782e+01 0.000000e+00 3.529434e+03 1.000000e+00
7.221460e+01 0.000000e+00 4.119906e+03 1.000000e+00
7.045088e+01 0.000000e+00 4.490074e+03 1.000000e+00
4.822508e+01 0.000000e+00 0.000000e+00 1.000000e+00
4.988862e+01 0.000000e+00 7.054957e+02 1.000000e+00
5.388703e+01 0.000000e+00 1.328305e+03 1.000000e+00
5.972618e+01 0.000000e+00 1.958053e+03 1.000000e+00
6.524726e+01 0.000000e+00 2.488241e+03 1.000000e+00
7.027331e+01 0.000000e+00 3.095991e+03 1.000000e+00
7.246957e+01 0.000000e+00 3.547975e+03 1.000000e+00
7.332211e+01 0.000000e+00 4.140890e+03 1.000000e+00
7.063430e+01 0.000000e+00 4.512515e+03 1.000000e+00
0.000000e+00 -2.971488e+02 0.000000e+00 1.000000e+00
0.000000e+00 -3.212805e+02 6.688013e+02 1.000000e+00
0.000000e+00 -3.397251e+02 1.288844e+03 1.000000e+00
0.000000e+00 -3.747479e+02 1.848240e+03 1.000000e+00
0.000000e+00 -4.006241e+02 2.413666e+03 1.000000e+00
0.000000e+00 -4.399286e+02 2.910469e+03 1.000000e+00
0.000000e+00 -4.668892e+02 3.445236e+03 1.000000e+00
0.000000e+00 -5.045475e+02 3.881136e+03 1.000000e+00
0.000000e+00 -5.190391e+02 4.385886e+03 1.000000e+00
1.061751e+01 -2.985124e+02 0.000000e+00 1.000000e+00
8.316478e+00 -3.261253e+02 6.674656e+02 1.000000e+00
1.082348e+01 -3.398938e+02 1.293035e+03 1.000000e+00
1.023294e+01 -3.799594e+02 1.844477e+03 1.000000e+00
1.343904e+01 -4.011967e+02 2.423092e+03 1.000000e+00
1.277057e+01 -4.460002e+02 2.902495e+03 1.000000e+00
1.521773e+01 -4.672466e+02 3.461070e+03 1.000000e+00
1.471806e+01 -5.083144e+02 3.868714e+03 1.000000e+00
1.616838e+01 -5.200977e+02 4.408513e+03 1.000000e+00
1.783313e+01 -3.001269e+02 0.000000e+00 1.000000e+00
1.961367e+01 -3.299803e+02 6.673055e+02 1.000000e+00
2.071504e+01 -3.405585e+02 1.298065e+03 1.000000e+00
2.348952e+01 -3.843056e+02 1.844396e+03 1.000000e+00
2.550752e+01 -4.013942e+02 2.434463e+03 1.000000e+00
2.880404e+01 -4.514560e+02 2.900455e+03 1.000000e+00
2.948260e+01 -4.673872e+02 3.479269e+03 1.000000e+00
3.079725e+01 -5.113686e+02 3.864887e+03 1.000000e+00
3.027123e+01 -5.214608e+02 4.433707e+03 1.000000e+00
2.674561e+01 -3.017569e+02 0.000000e+00 1.000000e+00
2.767827e+01 -3.319077e+02 6.693658e+02 1.000000e+00
3.047449e+01 -3.438802e+02 1.301549e+03 1.000000e+00
3.396659e+01 -3.858310e+02 1.851321e+03 1.000000e+00
3.713098e+01 -4.045447e+02 2.441258e+03 1.000000e+00
4.102147e+01 -4.539230e+02 2.912038e+03 1.000000e+00
4.290433e+01 -4.708476e+02 3.488051e+03 1.000000e+00
4.345660e+01 -5.150599e+02 3.880952e+03 1.000000e+00
4.344615e+01 -5.256293e+02 4.444853e+03 1.000000e+00
3.343673e+01 -3.030676e+02 0.000000e+00 1.000000e+00
3.497975e+01 -3.347791e+02 6.715126e+02 1.000000e+00
3.881171e+01 -3.458172e+02 1.307423e+03 1.000000e+00
4.293462e+01 -3.880278e+02 1.858177e+03 1.000000e+00
4.723814e+01 -4.074020e+02 2.452342e+03 1.000000e+00
5.146905e+01 -4.564917e+02 2.923590e+03 1.000000e+00
5.398040e+01 -4.737778e+02 3.503079e+03 1.000000e+00
5.499823e+01 -5.178485e+02 3.896135e+03 1.000000e+00
5.370224e+01 -5.280694e+02 4.463725e+03 1.000000e+00
3.806305e+01 -3.062912e+02 0.000000e+00 1.000000e+00
4.119316e+01 -3.358798e+02 6.749374e+02 1.000000e+00
4.486902e+01 -3.475916e+02 1.313051e+03 1.000000e+00
5.023756e+01 -3.906074e+02 1.867777e+03 1.000000e+00
5.498287e+01 -4.091031e+02 2.463438e+03 1.000000e+00
5.910239e+01 -4.590896e+02 2.938230e+03 1.000000e+00
6.219663e+01 -4.761665e+02 3.519226e+03 1.000000e+00
6.286577e+01 -5.194349e+02 3.914735e+03 1.000000e+00
6.128258e+01 -5.295570e+02 4.483180e+03 1.000000e+00
4.294031e+01 -3.086158e+02 0.000000e+00 1.000000e+00
4.526426e+01 -3.368636e+02 6.788398e+02 1.000000e+00
4.968015e+01 -3.500998e+02 1.319125e+03 1.000000e+00
5.509199e+01 -3.930264e+02 1.878597e+03 1.000000e+00
6.007031e+01 -4.111395e+02 2.475038e+03 1.000000e+00
6.472527e+01 -4.614358e+02 2.954866e+03 1.000000e+00
6.781603e+01 -4.791293e+02 3.535890e+03 1.000000e+00
6.779435e+01 -5.230136e+02 3.935387e+03 1.000000e+00
6.610242e+01 -5.317515e+02 4.503590e+03 1.000000e+00
4.611795e+01 -3.084934e+02 0.000000e+00 1.000000e+00
4.787974e+01 -3.399036e+02 6.819323e+02 1.000000e+00
5.269273e+01 -3.518092e+02 1.327461e+03 1.000000e+00
5.803407e+01 -3.945522e+02 1.887335e+03 1.000000e+00
6.296663e+01 -4.135496e+02 2.489847e+03 1.000000e+00
6.821176e+01 -4.623889e+02 2.970138e+03 1.000000e+00
7.059685e+01 -4.823745e+02 3.554824e+03 1.000000e+00
7.162980e+01 -5.250213e+02 3.955668e+03 1.000000e+00
6.836472e+01 -5.338601e+02 4.524762e+03 1.000000e+00
4.680932e+01 -3.096532e+02 0.000000e+00 1.000000e+00
4.936564e+01 -3.425418e+02 6.852292e+02 1.000000e+00
5.299101e+01 -3.533596e+02 1.335418e+03 1.000000e+00
5.874990e+01 -3.959916e+02 1.896905e+03 1.000000e+00
6.428484e+01 -4.155166e+02 2.504424e+03 1.000000e+00
6.846772e+01 -4.638953e+02 2.985733e+03 1.000000e+00
7.117527e+01 -4.846215e+02 3.573875e+03 1.000000e+00
7.120331e+01 -5.259886e+02 3.975988e+03 1.000000e+00
6.801463e+01 -5.360529e+02 4.545188e+03 1.000000e+00
0.000000e+00 -5.888315e+02 0.000000e+00 1.000000e+00
0.000000e+00 -6.053176e+02 6.508356e+02 1.000000e+00
0.000000e+00 -6.647484e+02 1.234092e+03 1.000000e+00
0.000000e+00 -7.077014e+02 1.799102e+03 1.000000e+00
0.000000e+00 -7.799711e+02 2.301385e+03 1.000000e+00
0.000000e+00 -8.303536e+02 2.824083e+03 1.000000e+00
0.000000e+00 -9.026259e+02 3.263661e+03 1.000000e+00
0.000000e+00 -9.384402e+02 3.751944e+03 1.000000e+00
0.000000e+00 -9.991947e+02 4.116719e+03 1.000000e+00
7.718623e+00 -5.968484e+02 0.000000e+00 1.000000e+00
9.437112e+00 -6.057505e+02 6.522610e+02 1.000000e+00
8.424015e+00 -6.744641e+02 1.232327e+03 1.000000e+00
1.200928e+01 -7.079149e+02 1.805314e+03 1.000000e+00
1.060181e+01 -7.908922e+02 2.295642e+03 1.000000e+00
1.411126e+01 -8.307690e+02 2.836641e+03 1.000000e+00
1.322793e+01 -9.140789e+02 3.253048e+03 1.000000e+00
1.473097e+01 -9.429648e+02 3.770932e+03 1.000000e+00
1.381178e+01 -1.010846e+03 4.101427e+03 1.000000e+00
1.759177e+01 -6.037244e+02 0.000000e+00 1.000000e+00
1.805524e+01 -6.074345e+02 6.542950e+02 1.000000e+00
2.030880e+01 -6.827291e+02 1.232527e+03 1.000000e+00
2.177177e+01 -7.089390e+02 1.813099e+03 1.000000e+00
2.467717e+01 -8.011230e+02 2.294499e+03 1.000000e+00
2.630813e+01 -8.315179e+02 2.851061e+03 1.000000e+00
2.831870e+01 -9.240665e+02 3.249635e+03 1.000000e+00
2.805667e+01 -9.469962e+02 3.791710e+03 1.000000e+00
2.800832e+01 -1.020438e+03 4.095666e+03 1.000000e+00
2.506062e+01 -6.082875e+02 0.000000e+00 1.000000e+00
2.672725e+01 -6.123101e+02 6.561434e+02 1.000000e+00
2.916573e+01 -6.856124e+02 1.236439e+03 1.000000e+00
3.246766e+01 -7.151152e+02 1.818341e+03 1.000000e+00
3.543323e+01 -8.048774e+02 2.303163e+03 1.000000e+00
3.817120e+01 -8.380446e+02 2.858203e+03 1.000000e+00
4.007366e+01 -9.280208e+02 3.263223e+03 1.000000e+00
4.107398e+01 -9.505934e+02 3.800445e+03 1.000000e+00
4.010188e+01 -1.023558e+03 4.112639e+03 1.000000e+00
3.200045e+01 -6.134484e+02 0.000000e+00 1.000000e+00
3.393546e+01 -6.148672e+02 6.588193e+02 1.000000e+00
3.700623e+01 -6.902109e+02 1.240847e+03 1.000000e+00
4.113415e+01 -7.196104e+02 1.826313e+03 1.000000e+00
4.456954e+01 -8.091054e+02 2.311899e+03 1.000000e+00
4.867187e+01 -8.432183e+02 2.870594e+03 1.000000e+00
5.036642e+01 -9.326680e+02 3.275708e+03 1.000000e+00
5.022070e+01 -9.548993e+02 3.816345e+03 1.000000e+00
4.894077e+01 -1.028008e+03 4.127708e+03 1.000000e+00
3.760928e+01 -6.146851e+02 0.000000e+00 1.000000e+00
3.926137e+01 -6.195654e+02 6.615312e+02 1.000000e+00
4.346523e+01 -6.942234e+02 1.247034e+03 1.000000e+00
4.771717e+01 -7.236766e+02 1.834148e+03 1.000000e+00
5.204586e+01 -8.146509e+02 2.323567e+03 1.000000e+00
5.592663e+01 -8.472293e+02 2.883486e+03 1.000000e+00
5.816342e+01 -9.375131e+02 3.291235e+03 1.000000e+00
5.851172e+01 -9.604692e+02 3.833018e+03 1.000000e+00
5.573454e+01 -1.033505e+03 4.145585e+03 1.000000e+00
4.152639e+01 -6.163398e+02 0.000000e+00 1.000000e+00
4.387421e+01 -6.241461e+02 6.645543e+02 1.000000e+00
4.755732e+01 -6.971045e+02 1.253894e+03 1.000000e+00
5.264652e+01 -7.277208e+02 1.842681e+03 1.000000e+00
5.733221e+01 -8.190435e+02 2.336554e+03 1.000000e+00
6.133055e+01 -8.511089e+02 2.896993e+03 1.000000e+00
6.366993e+01 -9.410260e+02 3.308833e+03 1.000000e+00
6.306552e+01 -9.625524e+02 3.849953e+03 1.000000e+00
6.005165e+01 -1.037936e+03 4.165343e+03 1.000000e+00
4.341861e+01 -6.223427e+02 0.000000e+00 1.000000e+00
4.642601e+01 -6.255444e+02 6.684667e+02 1.000000e+00
5.010769e+01 -7.015784e+02 1.259787e+03 1.000000e+00
5.544593e+01 -7.321312e+02 1.853524e+03 1.000000e+00
6.047123e+01 -8.219857e+02 2.348126e+03 1.000000e+00
6.394051e+01 -8.567941e+02 2.913027e+03 1.000000e+00
6.645558e+01 -9.435154e+02 3.325300e+03 1.000000e+00
6.541418e+01 -9.672028e+02 3.868667e+03 1.000000e+00
6.212784e+01 -1.042157e+03 4.184592e+03 1.000000e+00
4.459642e+01 -6.274186e+02 0.000000e+00 1.000000e+00
4.695400e+01 -6.280232e+02 6.723564e+02 1.000000e+00
5.100997e+01 -7.057596e+02 1.266189e+03 1.000000e+00
5.618308e+01 -7.363513e+02 1.864055e+03 1.000000e+00
6.096187e+01 -8.256109e+02 2.360386e+03 1.000000e+00
6.483111e+01 -8.615897e+02 2.928719e+03 1.000000e+00
6.650854e+01 -9.471512e+02 3.342148e+03 1.000000e+00
6.590594e+01 -9.730222e+02 3.887399e+03 1.000000e+00
6.232184e+01 -1.045526e+03 4.203688e+03 1.000000e+00
0.000000e+00 -8.259323e+02 0.000000e+00 1.000000e+00
0.000000e+00 -8.907684e+02 6.119499e+02 1.000000e+00
0.000000e+00 -9.342891e+02 1.178531e+03 1.000000e+00
0.000000e+00 -1.029920e+03 1.683566e+03 1.000000e+00
0.000000e+00 -1.096942e+03 2.189141e+03 1.000000e+00
0.000000e+00 -1.200516e+03 2.621657e+03 1.000000e+00
0.000000e+00 -1.260193e+03 3.086697e+03 1.000000e+00
0.000000e+00 -1.353841e+03 3.443997e+03 1.000000e+00
0.000000e+00 -1.379502e+03 3.859677e+03 1.000000e+00
8.607541e+00 -8.269890e+02 0.000000e+00 1.000000e+00
6.886734e+00 -9.040499e+02 6.107504e+02 1.000000e+00
9.846169e+00 -9.341809e+02 1.182673e+03 1.000000e+00
9.223531e+00 -1.045455e+03 1.679565e+03 1.000000e+00
1.152881e+01 -1.097472e+03 2.198040e+03 1.000000e+00
1.125393e+01 -1.217580e+03 2.614108e+03 1.000000e+00
1.311507e+01 -1.262379e+03 3.101116e+03 1.000000e+00
1.162278e+01 -1.368116e+03 3.431459e+03 1.000000e+00
1.323939e+01 -1.382118e+03 3.881462e+03 1.000000e+00
1.513159e+01 -8.297353e+02 0.000000e+00 1.000000e+00
1.735221e+01 -9.148502e+02 6.109067e+02 1.000000e+00
1.831671e+01 -9.351834e+02 1.187285e+03 1.000000e+00
2.057642e+01 -1.058862e+03 1.678880e+03 1.000000e+00
2.181372e+01 -1.098118e+03 2.208550e+03 1.000000e+00
2.445329e+01 -1.232314e+03 2.611799e+03 1.000000e+00
2.473351e+01 -1.264624e+03 3.117341e+03 1.000000e+00
2.566668e+01 -1.379791e+03 3.426531e+03 1.000000e+00
2.340827e+01 -1.384633e+03 3.903884e+03 1.000000e+00
2.375039e+01 -8.356691e+02 0.000000e+00 1.000000e+00
2.482478e+01 -9.198096e+02 6.130721e+02 1.000000e+00
2.731122e+01 -9.433853e+02 1.190097e+03 1.000000e+00
3.046901e+01 -1.063500e+03 1.684994e+03 1.000000e+00
3.259941e+01 -1.107065e+03 2.214283e+03 1.000000e+00
3.515220e+01 -1.237239e+03 2.621638e+03 1.000000e+00
3.601922e+01 -1.273817e+03 3.124748e+03 1.000000e+00
3.600175e+01 -1.388307e+03 3.440221e+03 1.000000e+00
3.499181e+01 -1.394297e+03 3.911260e+03 1.000000e+00
3.031903e+01 -8.389340e+02 0.000000e+00 1.000000e+00
3.162584e+01 -9.272955e+02 6.149128e+02 1.000000e+00
3.460614e+01 -9.486849e+02 1.195261e+03 1.000000e+00
3.817822e+01 -1.069652e+03 1.690946e+03 1.000000e+00
4.099667e+01 -1.114107e+03 2.223633e+03 1.000000e+00
4.428623e+01 -1.243274e+03 2.631490e+03 1.000000e+00
4.541059e+01 -1.280600e+03 3.137297e+03 1.000000e+00
4.449704e+01 -1.395560e+03 3.452344e+03 1.000000e+00
4.222513e+01 -1.400605e+03 3.926524e+03 1.000000e+00
3.434108e+01 -8.470845e+02 0.000000e+00 1.000000e+00
3.716819e+01 -9.315722e+02 6.177977e+02 1.000000e+00
4.030290e+01 -9.546177e+02 1.200293e+03 1.000000e+00
4.480117e+01 -1.075575e+03 1.699099e+03 1.000000e+00
4.815561e+01 -1.118976e+03 2.233151e+03 1.000000e+00
5.082844e+01 -1.250516e+03 2.643892e+03 1.000000e+00
5.223817e+01 -1.286447e+03 3.150687e+03 1.000000e+00
5.215242e+01 -1.400082e+03 3.467459e+03 1.000000e+00
4.859911e+01 -1.404350e+03 3.941375e+03 1.000000e+00
3.880146e+01 -8.549490e+02 0.000000e+00 1.000000e+00
4.098972e+01 -9.356010e+02 6.211964e+02 1.000000e+00
4.455939e+01 -9.613100e+02 1.205573e+03 1.000000e+00
4.907716e+01 -1.080892e+03 1.708421e+03 1.000000e+00
5.298121e+01 -1.124455e+03 2.243198e+03 1.000000e+00
5.602033e+01 -1.257165e+03 2.657594e+03 1.000000e+00
5.732761e+01 -1.293240e+03 3.164820e+03 1.000000e+00
5.534532e+01 -1.407992e+03 3.483795e+03 1.000000e+00
5.192693e+01 -1.408338e+03 3.957076e+03 1.000000e+00
4.103664e+01 -8.567741e+02 0.000000e+00 1.000000e+00
4.316021e+01 -9.434295e+02 6.241893e+02 1.000000e+00
4.714454e+01 -9.653677e+02 1.212300e+03 1.000000e+00
5.152155e+01 -1.085938e+03 1.716560e+03 1.000000e+00
5.539594e+01 -1.131585e+03 2.255480e+03 1.000000e+00
5.875925e+01 -1.260872e+03 2.670538e+03 1.000000e+00
5.956942e+01 -1.300879e+03 3.180476e+03 1.000000e+00
5.869267e+01 -1.412156e+03 3.499534e+03 1.000000e+00
5.347232e+01 -1.412602e+03 3.973702e+03 1.000000e+00
4.155870e+01 -8.594537e+02 0.000000e+00 1.000000e+00
4.411368e+01 -9.496171e+02 6.274130e+02 1.000000e+00
4.763495e+01 -9.696381e+02 1.218958e+03 1.000000e+00
5.223392e+01 -1.090920e+03 1.725099e+03 1.000000e+00
5.635513e+01 -1.137636e+03 2.267667e+03 1.000000e+00
5.911140e+01 -1.265235e+03 2.683823e+03 1.000000e+00
6.008128e+01 -1.306679e+03 3.195962e+03 1.000000e+00
5.831795e+01 -1.414343e+03 3.515978e+03 1.000000e+00
5.376510e+01 -1.417519e+03 3.988896e+03 1.000000e+00
0.000000e+00 -1.077992e+03 0.000000e+00 1.000000e+00
0.000000e+00 -1.103710e+03 5.747112e+02 1.000000e+00
0.000000e+00 -1.209995e+03 1.085723e+03 1.000000e+00
0.000000e+00 -1.280862e+03 1.575173e+03 1.000000e+00
0.000000e+00 -1.406642e+03 1.999541e+03 1.000000e+00
0.000000e+00 -1.483999e+03 2.436119e+03 1.000000e+00
0.000000e+00 -1.605678e+03 2.783855e+03 1.000000e+00
0.000000e+00 -1.650501e+03 3.169808e+03 1.000000e+00
0.000000e+00 -1.734432e+03 3.424680e+03 1.000000e+00
6.158968e+00 -1.093639e+03 0.000000e+00 1.000000e+00
8.013989e+00 -1.103374e+03 5.761597e+02 1.000000e+00
6.758529e+00 -1.229227e+03 1.083744e+03 1.000000e+00
1.004532e+01 -1.280356e+03 1.581129e+03 1.000000e+00
8.307192e+00 -1.427694e+03 1.993582e+03 1.000000e+00
1.091656e+01 -1.484876e+03 2.447844e+03 1.000000e+00
9.821940e+00 -1.626967e+03 2.773204e+03 1.000000e+00
1.102740e+01 -1.655434e+03 3.187685e+03 1.000000e+00
9.534481e+00 -1.756632e+03 3.408278e+03 1.000000e+00
1.456163e+01 -1.105709e+03 0.000000e+00 1.000000e+00
1.532719e+01 -1.105025e+03 5.782058e+02 1.000000e+00
1.723198e+01 -1.245513e+03 1.083311e+03 1.000000e+00
1.840099e+01 -1.280659e+03 1.588387e+03 1.000000e+00
2.041956e+01 -1.445913e+03 1.991470e+03 1.000000e+00
2.106506e+01 -1.486184e+03 2.460690e+03 1.000000e+00
2.242570e+01 -1.644524e+03 2.768896e+03 1.000000e+00
2.101298e+01 -1.660216e+03 3.205688e+03 1.000000e+00
2.010665e+01 -1.774120e+03 3.400043e+03 1.000000e+00
2.163098e+01 -1.111854e+03 0.000000e+00 1.000000e+00
2.280637e+01 -1.113939e+03 5.796017e+02 1.000000e+00
2.460126e+01 -1.251121e+03 1.086751e+03 1.000000e+00
2.750202e+01 -1.291388e+03 1.592427e+03 1.000000e+00
2.906853e+01 -1.451789e+03 1.998808e+03 1.000000e+00
3.085330e+01 -1.497927e+03 2.465870e+03 1.000000e+00
3.083342e+01 -1.650986e+03 2.779913e+03 1.000000e+00
3.025576e+01 -1.668503e+03 3.211029e+03 1.000000e+00
2.853088e+01 -1.779125e+03 3.413921e+03 1.000000e+00
2.730203e+01 -1.121415e+03 0.000000e+00 1.000000e+00
2.913817e+01 -1.118906e+03 5.816110e+02 1.000000e+00
3.159092e+01 -1.259545e+03 1.090721e+03 1.000000e+00
3.487114e+01 -1.299333e+03 1.598592e+03 1.000000e+00
3.680109e+01 -1.459375e+03 2.006106e+03 1.000000e+00
3.941529e+01 -1.506706e+03 2.475567e+03 1.000000e+00
3.943980e+01 -1.659411e+03 2.789198e+03 1.000000e+00
3.794833e+01 -1.675355e+03 3.222975e+03 1.000000e+00
3.445238e+01 -1.786640e+03 3.424277e+03 1.000000e+00
3.176868e+01 -1.124902e+03 0.000000e+00 1.000000e+00
3.379249e+01 -1.127055e+03 5.840987e+02 1.000000e+00
3.700150e+01 -1.266228e+03 1.095494e+03 1.000000e+00
4.053452e+01 -1.306781e+03 1.605344e+03 1.000000e+00
4.339450e+01 -1.468116e+03 2.015159e+03 1.000000e+00
4.497636e+01 -1.513046e+03 2.485690e+03 1.000000e+00
4.524323e+01 -1.667490e+03 2.801032e+03 1.000000e+00
4.407348e+01 -1.683618e+03 3.235438e+03 1.000000e+00
3.996087e+01 -1.795074e+03 3.436063e+03 1.000000e+00
3.554661e+01 -1.127784e+03 0.000000e+00 1.000000e+00
3.764595e+01 -1.135123e+03 5.867692e+02 1.000000e+00
4.056276e+01 -1.271737e+03 1.100831e+03 1.000000e+00
4.454720e+01 -1.314521e+03 1.612723e+03 1.000000e+00
4.720368e+01 -1.476054e+03 2.024980e+03 1.000000e+00
4.965076e+01 -1.519418e+03 2.496650e+03 1.000000e+00
4.994707e+01 -1.673577e+03 2.814005e+03 1.000000e+00
4.657409e+01 -1.688088e+03 3.247712e+03 1.000000e+00
4.233141e+01 -1.802053e+03 3.450362e+03 1.000000e+00
3.748881e+01 -1.136991e+03 0.000000e+00 1.000000e+00
3.961533e+01 -1.138494e+03 5.895854e+02 1.000000e+00
4.302427e+01 -1.279888e+03 1.106420e+03 1.000000e+00
4.693853e+01 -1.321648e+03 1.620683e+03 1.000000e+00
5.001101e+01 -1.481620e+03 2.034714e+03 1.000000e+00
5.191409e+01 -1.528396e+03 2.509086e+03 1.000000e+00
5.181756e+01 -1.677922e+03 2.826139e+03 1.000000e+00
4.980827e+01 -1.695586e+03 3.261665e+03 1.000000e+00
4.428388e+01 -1.807257e+03 3.463244e+03 1.000000e+00
3.807043e+01 -1.144952e+03 0.000000e+00 1.000000e+00
4.030834e+01 -1.143377e+03 5.924931e+02 1.000000e+00
4.357372e+01 -1.287280e+03 1.112246e+03 1.000000e+00
4.735685e+01 -1.328451e+03 1.628495e+03 1.000000e+00
5.051206e+01 -1.487571e+03 2.045096e+03 1.000000e+00
5.227120e+01 -1.536297e+03 2.520785e+03 1.000000e+00
5.212164e+01 -1.683817e+03 2.839104e+03 1.000000e+00
4.945539e+01 -1.704346e+03 3.275528e+03 1.000000e+00
4.402747e+01 -1.811034e+03 3.475497e+03 1.000000e+00
0.000000e+00 -1.244712e+03 0.000000e+00 1.000000e+00
0.000000e+00 -1.343941e+03 5.220019e+02 1.000000e+00
0.000000e+00 -1.401676e+03 1.001298e+03 1.000000e+00
0.000000e+00 -1.540347e+03 1.419143e+03 1.000000e+00
0.000000e+00 -1.626276e+03 1.830898e+03 1.000000e+00
0.000000e+00 -1.772052e+03 2.165092e+03 1.000000e+00
0.000000e+00 -1.836355e+03 2.523913e+03 1.000000e+00
0.000000e+00 -1.952319e+03 2.767521e+03 1.000000e+00
0.000000e+00 -1.956679e+03 3.060714e+03 1.000000e+00
7.179328e+00 -1.244585e+03 0.000000e+00 1.000000e+00
5.221428e+00 -1.365534e+03 5.206227e+02 1.000000e+00
7.813607e+00 -1.399635e+03 1.005334e+03 1.000000e+00
7.283354e+00 -1.564600e+03 1.414985e+03 1.000000e+00
8.660820e+00 -1.625503e+03 1.838953e+03 1.000000e+00
8.310449e+00 -1.797126e+03 2.157859e+03 1.000000e+00
9.456697e+00 -1.837757e+03 2.536556e+03 1.000000e+00
7.182959e+00 -1.976278e+03 2.755176e+03 1.000000e+00
8.898052e+00 -1.957365e+03 3.080659e+03 1.000000e+00
1.203178e+01 -1.247740e+03 0.000000e+00 1.000000e+00
1.421042e+01 -1.383181e+03 5.204086e+02 1.000000e+00
1.478520e+01 -1.399534e+03 1.009611e+03 1.000000e+00
1.656449e+01 -1.585807e+03 1.413530e+03 1.000000e+00
1.698809e+01 -1.626006e+03 1.848049e+03 1.000000e+00
1.850524e+01 -1.818310e+03 2.154838e+03 1.000000e+00
1.783301e+01 -1.840362e+03 2.549981e+03 1.000000e+00
1.753196e+01 -1.995633e+03 2.748802e+03 1.000000e+00
1.433783e+01 -1.958789e+03 3.099386e+03 1.000000e+00
1.915861e+01 -1.258333e+03 0.000000e+00 1.000000e+00
2.037746e+01 -1.390037e+03 5.223376e+02 1.000000e+00
2.204400e+01 -1.411506e+03 1.011468e+03 1.000000e+00
2.447013e+01 -1.592586e+03 1.418578e+03 1.000000e+00
2.570701e+01 -1.639339e+03 1.852195e+03 1.000000e+00
2.627763e+01 -1.825085e+03 2.162150e+03 1.000000e+00
2.590251e+01 -1.853967e+03 2.554961e+03 1.000000e+00
2.514958e+01 -2.004658e+03 2.759017e+03 1.000000e+00
2.269723e+01 -1.971829e+03 3.102329e+03 1.000000e+00
2.461692e+01 -1.263526e+03 0.000000e+00 1.000000e+00
2.590961e+01 -1.400879e+03 5.238643e+02 1.000000e+00
2.817493e+01 -1.419093e+03 1.015370e+03 1.000000e+00
3.090590e+01 -1.601430e+03 1.423324e+03 1.000000e+00
3.188033e+01 -1.649064e+03 1.859045e+03 1.000000e+00
3.371889e+01 -1.833964e+03 2.169504e+03 1.000000e+00
3.322332e+01 -1.862452e+03 2.563719e+03 1.000000e+00
3.019596e+01 -2.013923e+03 2.767089e+03 1.000000e+00
2.632420e+01 -1.978720e+03 3.112126e+03 1.000000e+00
2.836893e+01 -1.274126e+03 0.000000e+00 1.000000e+00
3.050124e+01 -1.407501e+03 5.259005e+02 1.000000e+00
3.271443e+01 -1.428222e+03 1.019562e+03 1.000000e+00
3.601391e+01 -1.609977e+03 1.429312e+03 1.000000e+00
3.773461e+01 -1.657126e+03 1.866304e+03 1.000000e+00
3.844752e+01 -1.844224e+03 2.178543e+03 1.000000e+00
3.758863e+01 -1.870174e+03 2.572954e+03 1.000000e+00
3.608311e+01 -2.020638e+03 2.777271e+03 1.000000e+00
3.105802e+01 -1.983042e+03 3.121116e+03 1.000000e+00
3.155140e+01 -1.285310e+03 0.000000e+00 1.000000e+00
3.370330e+01 -1.413469e+03 5.284564e+02 1.000000e+00
3.651365e+01 -1.437674e+03 1.023824e+03 1.000000e+00
3.944539e+01 -1.617544e+03 1.436067e+03 1.000000e+00
4.146257e+01 -1.664651e+03 1.874236e+03 1.000000e+00
4.255593e+01 -1.853496e+03 2.187973e+03 1.000000e+00
4.215860e+01 -1.878777e+03 2.583403e+03 1.000000e+00
3.809982e+01 -2.028865e+03 2.787624e+03 1.000000e+00
3.280989e+01 -1.987111e+03 3.130791e+03 1.000000e+00
3.331979e+01 -1.289783e+03 0.000000e+00 1.000000e+00
3.562099e+01 -1.423895e+03 5.310861e+02 1.000000e+00
3.830959e+01 -1.443670e+03 1.028510e+03 1.000000e+00
4.134667e+01 -1.625557e+03 1.442766e+03 1.000000e+00
4.354310e+01 -1.673888e+03 1.882954e+03 1.000000e+00
4.429013e+01 -1.859519e+03 2.197477e+03 1.000000e+00
4.315106e+01 -1.888332e+03 2.594449e+03 1.000000e+00
4.014903e+01 -2.033674e+03 2.797523e+03 1.000000e+00
3.388636e+01 -1.992372e+03 3.141229e+03 1.000000e+00
3.405104e+01 -1.294851e+03 0.000000e+00 1.000000e+00
3.611562e+01 -1.432303e+03 5.337183e+02 1.000000e+00
3.891596e+01 -1.450315e+03 1.033307e+03 1.000000e+00
4.190638e+01 -1.633416e+03 1.449662e+03 1.000000e+00
4.401396e+01 -1.682628e+03 1.891581e+03 1.000000e+00
4.477407e+01 -1.866008e+03 2.207263e+03 1.000000e+00
4.348028e+01 -1.896118e+03 2.604831e+03 1.000000e+00
4.002371e+01 -2.037160e+03 2.808764e+03 1.000000e+00
3.401746e+01 -1.998369e+03 3.150146e+03 1.000000e+00
0.000000e+00 -1.455489e+03 0.000000e+00 1.000000e+00
0.000000e+00 -1.484335e+03 4.743765e+02 1.000000e+00
0.000000e+00 -1.623642e+03 8.915040e+02 1.000000e+00
0.000000e+00 -1.704013e+03 1.282670e+03 1.000000e+00
0.000000e+00 -1.864280e+03 1.606975e+03 1.000000e+00
0.000000e+00 -1.943007e+03 1.936397e+03 1.000000e+00
0.000000e+00 -2.086955e+03 2.172927e+03 1.000000e+00
0.000000e+00 -2.113527e+03 2.439218e+03 1.000000e+00
0.000000e+00 -2.187895e+03 2.573552e+03 1.000000e+00
3.848409e+00 -1.479449e+03 0.000000e+00 1.000000e+00
6.193913e+00 -1.481850e+03 4.759666e+02 1.000000e+00
5.140209e+00 -1.651140e+03 8.892827e+02 1.000000e+00
7.711944e+00 -1.701864e+03 1.288049e+03 1.000000e+00
6.239061e+00 -1.893092e+03 1.601308e+03 1.000000e+00
8.217344e+00 -1.942904e+03 1.946811e+03 1.000000e+00
6.016287e+00 -2.116928e+03 2.162022e+03 1.000000e+00
6.586142e+00 -2.116112e+03 2.455704e+03 1.000000e+00
4.833971e+00 -2.219562e+03 2.556671e+03 1.000000e+00
1.098729e+01 -1.497905e+03 0.000000e+00 1.000000e+00
1.179696e+01 -1.482395e+03 4.781200e+02 1.000000e+00
1.317517e+01 -1.674297e+03 8.881657e+02 1.000000e+00
1.391369e+01 -1.700743e+03 1.294366e+03 1.000000e+00
1.501741e+01 -1.917103e+03 1.598498e+03 1.000000e+00
1.413791e+01 -1.944264e+03 1.957407e+03 1.000000e+00
1.541207e+01 -2.140227e+03 2.156675e+03 1.000000e+00
1.340119e+01 -2.118284e+03 2.470583e+03 1.000000e+00
1.092570e+01 -2.243345e+03 2.546156e+03 1.000000e+00
1.704263e+01 -1.504268e+03 0.000000e+00 1.000000e+00
1.782100e+01 -1.495033e+03 4.790860e+02 1.000000e+00
1.892022e+01 -1.681746e+03 8.908345e+02 1.000000e+00
2.109665e+01 -1.714850e+03 1.297157e+03 1.000000e+00
2.175955e+01 -1.924354e+03 1.604016e+03 1.000000e+00
2.212572e+01 -1.959592e+03 1.960221e+03 1.000000e+00
2.044898e+01 -2.146946e+03 2.165030e+03 1.000000e+00
1.826690e+01 -2.131087e+03 2.472088e+03 1.000000e+00
1.649547e+01 -2.247710e+03 2.556741e+03 1.000000e+00
2.127748e+01 -1.516185e+03 0.000000e+00 1.000000e+00
2.259912e+01 -1.502011e+03 4.802589e+02 1.000000e+00
2.450086e+01 -1.693011e+03 8.942327e+02 1.000000e+00
2.673703e+01 -1.725127e+03 1.301153e+03 1.000000e+00
2.683187e+01 -1.934570e+03 1.609342e+03 1.000000e+00
2.771450e+01 -1.970008e+03 1.966951e+03 1.000000e+00
2.672835e+01 -2.157800e+03 2.170618e+03 1.000000e+00
2.397694e+01 -2.139731e+03 2.479488e+03 1.000000e+00
1.868222e+01 -2.256123e+03 2.562733e+03 1.000000e+00
2.456546e+01 -1.522443e+03 0.000000e+00 1.000000e+00
2.674540e+01 -1.512479e+03 4.822517e+02 1.000000e+00
2.858399e+01 -1.701444e+03 8.975175e+02 1.000000e+00
3.087183e+01 -1.734879e+03 1.306255e+03 1.000000e+00
3.261523e+01 -1.944604e+03 1.615375e+03 1.000000e+00
3.159683e+01 -1.978216e+03 1.973842e+03 1.000000e+00
3.009214e+01 -2.167434e+03 2.178245e+03 1.000000e+00
2.798486e+01 -2.147429e+03 2.487396e+03 1.000000e+00
2.316128e+01 -2.264092e+03 2.568448e+03 1.000000e+00
2.734235e+01 -1.527407e+03 0.000000e+00 1.000000e+00
2.948104e+01 -1.522960e+03 4.846050e+02 1.000000e+00
3.169691e+01 -1.708964e+03 9.008126e+02 1.000000e+00
3.399561e+01 -1.744964e+03 1.312116e+03 1.000000e+00
3.468428e+01 -1.954595e+03 1.621723e+03 1.000000e+00
3.534445e+01 -1.986053e+03 1.981426e+03 1.000000e+00
3.368835e+01 -2.175031e+03 2.186268e+03 1.000000e+00
2.812547e+01 -2.154260e+03 2.494678e+03 1.000000e+00
2.312013e+01 -2.270823e+03 2.576730e+03 1.000000e+00
2.971932e+01 -1.537775e+03 0.000000e+00 1.000000e+00
3.097239e+01 -1.528606e+03 4.864808e+02 1.000000e+00
3.347083e+01 -1.719490e+03 9.052172e+02 1.000000e+00
3.580346e+01 -1.753534e+03 1.317272e+03 1.000000e+00
3.689241e+01 -1.962724e+03 1.628727e+03 1.000000e+00
3.662460e+01 -1.996248e+03 1.989604e+03 1.000000e+00
3.438836e+01 -2.180842e+03 2.193847e+03 1.000000e+00
3.152738e+01 -2.162958e+03 2.502971e+03 1.000000e+00
2.483184e+01 -2.275252e+03 2.583555e+03 1.000000e+00
2.978526e+01 -1.546775e+03 0.000000e+00 1.000000e+00
3.170276e+01 -1.535678e+03 4.882849e+02 1.000000e+00
3.389627e+01 -1.728732e+03 9.097391e+02 1.000000e+00
3.608265e+01 -1.761787e+03 1.322427e+03 1.000000e+00
3.736660e+01 -1.970169e+03 1.636180e+03 1.000000e+00
3.688506e+01 -2.005629e+03 1.996799e+03 1.000000e+00
3.481066e+01 -2.187530e+03 2.202431e+03 1.000000e+00
3.066082e+01 -2.171174e+03 2.511260e+03 1.000000e+00
2.416085e+01 -2.277918e+03 2.589601e+03 1.000000e+00
0.000000e+00 -1.555614e+03 0.000000e+00 1.000000e+00
0.000000e+00 -1.680061e+03 4.171223e+02 1.000000e+00
0.000000e+00 -1.738885e+03 7.962058e+02 1.000000e+00
0.000000e+00 -1.904384e+03 1.113684e+03 1.000000e+00
0.000000e+00 -1.987808e+03 1.419749e+03 1.000000e+00
0.000000e+00 -2.154076e+03 1.646309e+03 1.000000e+00
0.000000e+00 -2.201579e+03 1.890531e+03 1.000000e+00
0.000000e+00 -2.315540e+03 2.019762e+03 1.000000e+00
0.000000e+00 -2.276720e+03 2.195031e+03 1.000000e+00
4.759096e+00 -1.552300e+03 0.000000e+00 1.000000e+00
3.353255e+00 -1.709448e+03 4.160244e+02 1.000000e+00
5.692184e+00 -1.734597e+03 7.995919e+02 1.000000e+00
4.818760e+00 -1.936351e+03 1.109745e+03 1.000000e+00
6.441832e+00 -1.985371e+03 1.427068e+03 1.000000e+00
5.602078e+00 -2.186373e+03 1.638986e+03 1.000000e+00
5.932907e+00 -2.199922e+03 1.901775e+03 1.000000e+00
3.167140e+00 -2.347508e+03 2.007235e+03 1.000000e+00
3.329597e+00 -2.274191e+03 2.212792e+03 1.000000e+00
8.559343e+00 -1.553661e+03 0.000000e+00 1.000000e+00
1.046691e+01 -1.733286e+03 4.159004e+02 1.000000e+00
1.072659e+01 -1.732940e+03 8.029344e+02 1.000000e+00
1.224921e+01 -1.963834e+03 1.108082e+03 1.000000e+00
1.197268e+01 -1.984910e+03 1.434338e+03 1.000000e+00
1.201274e+01 -2.211993e+03 1.635140e+03 1.000000e+00
1.103828e+01 -2.200994e+03 1.912646e+03 1.000000e+00
1.022624e+01 -2.373433e+03 1.999276e+03 1.000000e+00
6.858604e+00 -2.272456e+03 2.228128e+03 1.000000e+00
1.423026e+01 -1.568677e+03 0.000000e+00 1.000000e+00
1.518969e+01 -1.740823e+03 4.174787e+02 1.000000e+00
1.607496e+01 -1.747677e+03 8.038769e+02 1.000000e+00
1.726587e+01 -1.971906e+03 1.111986e+03 1.000000e+00
1.784799e+01 -2.001442e+03 1.436362e+03 1.000000e+00
1.719011e+01 -2.219060e+03 1.640653e+03 1.000000e+00
1.574144e+01 -2.217807e+03 1.914337e+03 1.000000e+00
1.327715e+01 -2.380934e+03 2.006334e+03 1.000000e+00
1.032251e+01 -2.287833e+03 2.227779e+03 1.000000e+00
1.820479e+01 -1.576082e+03 0.000000e+00 1.000000e+00
1.920116e+01 -1.753611e+03 4.185625e+02 1.000000e+00
2.077184e+01 -1.756787e+03 8.065720e+02 1.000000e+00
2.240208e+01 -1.983141e+03 1.115086e+03 1.000000e+00
2.226505e+01 -2.012399e+03 1.440903e+03 1.000000e+00
2.182953e+01 -2.230203e+03 1.645190e+03 1.000000e+00
2.054900e+01 -2.226661e+03 1.919386e+03 1.000000e+00
1.706198e+01 -2.390168e+03 2.010676e+03 1.000000e+00
1.212671e+01 -2.294815e+03 2.232264e+03 1.000000e+00
2.135234e+01 -1.587385e+03 0.000000e+00 1.000000e+00
2.288837e+01 -1.761936e+03 4.198536e+02 1.000000e+00
2.405556e+01 -1.768119e+03 8.095498e+02 1.000000e+00
2.581612e+01 -1.993358e+03 1.118894e+03 1.000000e+00
2.655339e+01 -2.022381e+03 1.445910e+03 1.000000e+00
2.529177e+01 -2.241259e+03 1.650234e+03 1.000000e+00
2.250373e+01 -2.235307e+03 1.924986e+03 1.000000e+00
1.944333e+01 -2.399374e+03 2.015951e+03 1.000000e+00
1.487765e+01 -2.299049e+03 2.236528e+03 1.000000e+00
2.323572e+01 -1.599394e+03 0.000000e+00 1.000000e+00
2.498904e+01 -1.769619e+03 4.215426e+02 1.000000e+00
2.715346e+01 -1.779356e+03 8.126157e+02 1.000000e+00
2.843584e+01 -2.002336e+03 1.123032e+03 1.000000e+00
2.823895e+01 -2.031774e+03 1.451192e+03 1.000000e+00
2.766663e+01 -2.251780e+03 1.655829e+03 1.000000e+00
2.610091e+01 -2.244165e+03 1.931065e+03 1.000000e+00
2.086779e+01 -2.406166e+03 2.020773e+03 1.000000e+00
1.413498e+01 -2.303469e+03 2.241418e+03 1.000000e+00
2.488582e+01 -1.606391e+03 0.000000e+00 1.000000e+00
2.684931e+01 -1.781158e+03 4.233906e+02 1.000000e+00
2.821373e+01 -1.786896e+03 8.155900e+02 1.000000e+00
2.986970e+01 -2.012270e+03 1.127683e+03 1.000000e+00
3.049925e+01 -2.041568e+03 1.456143e+03 1.000000e+00
2.900379e+01 -2.259373e+03 1.662132e+03 1.000000e+00
2.573824e+01 -2.253713e+03 1.936856e+03 1.000000e+00
2.167278e+01 -2.410176e+03 2.025890e+03 1.000000e+00
1.582599e+01 -2.308608e+03 2.245947e+03 1.000000e+00
2.544896e+01 -1.614087e+03 0.000000e+00 1.000000e+00
2.698930e+01 -1.790631e+03 4.251151e+02 1.000000e+00
2.889665e+01 -1.795337e+03 8.185355e+02 1.000000e+00
3.015818e+01 -2.021941e+03 1.132499e+03 1.000000e+00
3.037571e+01 -2.051545e+03 1.461218e+03 1.000000e+00
2.925105e+01 -2.266605e+03 1.668180e+03 1.000000e+00
2.606814e+01 -2.262547e+03 1.942000e+03 1.000000e+00
2.162135e+01 -2.415357e+03 2.032408e+03 1.000000e+00
1.518061e+01 -2.314187e+03 2.249399e+03 1.000000e+00
0.000000e+00 -1.729281e+03 0.000000e+00 1.000000e+00
0.000000e+00 -1.754743e+03 3.674125e+02 1.000000e+00
0.000000e+00 -1.914645e+03 6.843217e+02 1.000000e+00
0.000000e+00 -1.987663e+03 9.724960e+02 1.000000e+00
0.000000e+00 -2.165303e+03 1.193124e+03 1.000000e+00
0.000000e+00 -2.226113e+03 1.413935e+03 1.000000e+00
0.000000e+00 -2.373519e+03 1.541397e+03 1.000000e+00
0.000000e+00 -2.365492e+03 1.696042e+03 1.000000e+00
0.000000e+00 -2.417942e+03 1.723933e+03 1.000000e+00
1.678774e+00 -1.760857e+03 0.000000e+00 1.000000e+00
4.266117e+00 -1.748949e+03 3.690912e+02 1.000000e+00
3.226259e+00 -1.949064e+03 6.818765e+02 1.000000e+00
5.073312e+00 -1.982726e+03 9.773279e+02 1.000000e+00
4.200530e+00 -2.200617e+03 1.187739e+03 1.000000e+00
5.707055e+00 -2.223403e+03 1.423101e+03 1.000000e+00
3.648378e+00 -2.410105e+03 1.530875e+03 1.000000e+00
3.722869e+00 -2.363087e+03 1.710463e+03 1.000000e+00
9.253901e-01 -2.455089e+03 1.707365e+03 1.000000e+00
7.576562e+00 -1.784875e+03 0.000000e+00 1.000000e+00
8.096880e+00 -1.747271e+03 3.711082e+02 1.000000e+00
9.120581e+00 -1.977942e+03 6.802856e+02 1.000000e+00
8.969624e+00 -1.980355e+03 9.823765e+02 1.000000e+00
9.955527e+00 -2.229673e+03 1.184742e+03 1.000000e+00
8.231630e+00 -2.223778e+03 1.431442e+03 1.000000e+00
8.100239e+00 -2.438080e+03 1.524350e+03 1.000000e+00
5.667226e+00 -2.361286e+03 1.722555e+03 1.000000e+00
3.616667e+00 -2.483296e+03 1.695846e+03 1.000000e+00
1.208326e+01 -1.790286e+03 0.000000e+00 1.000000e+00
1.239869e+01 -1.763174e+03 3.715877e+02 1.000000e+00
1.308056e+01 -1.986302e+03 6.823663e+02 1.000000e+00
1.426576e+01 -1.997173e+03 9.835012e+02 1.000000e+00
1.413078e+01 -2.237095e+03 1.188826e+03 1.000000e+00
1.309787e+01 -2.241906e+03 1.431995e+03 1.000000e+00
1.134905e+01 -2.444087e+03 1.529949e+03 1.000000e+00
8.248384e+00 -2.377170e+03 1.721208e+03 1.000000e+00
5.263901e+00 -2.486515e+03 1.702900e+03 1.000000e+00
1.474224e+01 -1.803458e+03 0.000000e+00 1.000000e+00
1.583761e+01 -1.771814e+03 3.722978e+02 1.000000e+00
1.710609e+01 -1.999422e+03 6.847392e+02 1.000000e+00
1.803723e+01 -2.008139e+03 9.857281e+02 1.000000e+00
1.751819e+01 -2.248752e+03 1.192004e+03 1.000000e+00
1.609198e+01 -2.252811e+03 1.435562e+03 1.000000e+00
1.423839e+01 -2.455960e+03 1.532967e+03 1.000000e+00
1.117313e+01 -2.386160e+03 1.724471e+03 1.000000e+00
5.980830e+00 -2.494136e+03 1.704667e+03 1.000000e+00
1.744373e+01 -1.812383e+03 0.000000e+00 1.000000e+00
1.916622e+01 -1.783530e+03 3.737571e+02 1.000000e+00
1.979199e+01 -2.009030e+03 6.864182e+02 1.000000e+00
2.046051e+01 -2.019688e+03 9.891887e+02 1.000000e+00
2.088626e+01 -2.260006e+03 1.195102e+03 1.000000e+00
1.864839e+01 -2.262473e+03 1.439623e+03 1.000000e+00
1.586881e+01 -2.465970e+03 1.536232e+03 1.000000e+00
1.169772e+01 -2.392849e+03 1.728233e+03 1.000000e+00
7.393834e+00 -2.501828e+03 1.706499e+03 1.000000e+00
1.930060e+01 -1.819268e+03 0.000000e+00 1.000000e+00
2.071474e+01 -1.795058e+03 3.752574e+02 1.000000e+00
2.220619e+01 -2.018036e+03 6.882723e+02 1.000000e+00
2.327882e+01 -2.031062e+03 9.929703e+02 1.000000e+00
2.240708e+01 -2.270299e+03 1.198276e+03 1.000000e+00
2.067165e+01 -2.271001e+03 1.444026e+03 1.000000e+00
1.785106e+01 -2.474383e+03 1.539680e+03 1.000000e+00
1.314999e+01 -2.400327e+03 1.731465e+03 1.000000e+00
6.890262e+00 -2.506568e+03 1.709198e+03 1.000000e+00
2.085691e+01 -1.829836e+03 0.000000e+00 1.000000e+00
2.193228e+01 -1.802637e+03 3.762893e+02 1.000000e+00
2.362592e+01 -2.029663e+03 6.912863e+02 1.000000e+00
2.379296e+01 -2.040613e+03 9.954103e+02 1.000000e+00
2.352728e+01 -2.279691e+03 1.202841e+03 1.000000e+00
2.177507e+01 -2.281109e+03 1.447571e+03 1.000000e+00
1.760840e+01 -2.481470e+03 1.543707e+03 1.000000e+00
1.364305e+01 -2.408481e+03 1.734724e+03 1.000000e+00
7.358847e+00 -2.509243e+03 1.710956e+03 1.000000e+00
2.095684e+01 -1.839348e+03 0.000000e+00 1.000000e+00
2.251534e+01 -1.811586e+03 3.773511e+02 1.000000e+00
2.381965e+01 -2.039523e+03 6.940580e+02 1.000000e+00
2.436652e+01 -2.050110e+03 9.979801e+02 1.000000e+00
2.381666e+01 -2.288502e+03 1.207602e+03 1.000000e+00
2.164936e+01 -2.291170e+03 1.450567e+03 1.000000e+00
1.816463e+01 -2.487693e+03 1.548071e+03 1.000000e+00
1.312993e+01 -2.414996e+03 1.737457e+03 1.000000e+00
6.816286e+00 -2.511517e+03 1.713318e+03 1.000000e+00
