0 729 0.00000e+00
  1     729
0.000000e+00 2.497435e+03 -3.284704e+03 1.000000e+00
0.000000e+00 3.183854e+03 -3.725260e+03 1.000000e+00
0.000000e+00 3.181711e+03 -3.196688e+03 1.000000e+00
0.000000e+00 3.750035e+03 -3.632254e+03 1.000000e+00
0.000000e+00 3.510103e+03 -2.739863e+03 9.992651e-01
0.000000e+00 3.883456e+03 -3.169107e+03 9.950333e-01
0.000000e+00 3.287088e+03 -1.835701e+03 9.787423e-01
0.000000e+00 3.284110e+03 -1.764394e+03 9.366232e-01
0.000000e+00 2.373908e+03 -1.090718e+03 8.571537e-01
6.841640e-01 2.487255e+03 -3.258320e+03 1.000000e+00
3.064034e+00 3.229625e+03 -3.760973e+03 1.000000e+00
6.263190e+00 3.182585e+03 -3.160137e+03 1.000000e+00
9.108913e+00 3.789417e+03 -3.678050e+03 1.000000e+00
1.235351e+01 3.518709e+03 -2.691471e+03 9.992651e-01
1.393492e+01 3.905079e+03 -3.228020e+03 9.950333e-01
1.576681e+01 3.296547e+03 -1.777989e+03 9.787423e-01
1.747021e+01 3.279597e+03 -1.766181e+03 9.366232e-01
1.542207e+01 2.378524e+03 -1.084103e+03 8.571537e-01
1.042652e+00 2.486553e+03 -3.260650e+03 1.000000e+00
5.981986e+00 3.257821e+03 -3.769169e+03 1.000000e+00
1.142200e+01 3.188300e+03 -3.159143e+03 1.000000e+00
1.625141e+01 3.807417e+03 -3.687027e+03 1.000000e+00
2.036514e+01 3.526278e+03 -2.686606e+03 9.992651e-01
2.544983e+01 3.900297e+03 -3.235410e+03 9.950333e-01
2.703823e+01 3.301242e+03 -1.770416e+03 9.787423e-01
2.827121e+01 3.245740e+03 -1.757462e+03 9.366232e-01
2.476657e+01 2.379347e+03 -1.075165e+03 8.571537e-01
3.761337e+00 2.501347e+03 -3.273198e+03 1.000000e+00
1.093000e+01 3.265235e+03 -3.760644e+03 1.000000e+00
1.746013e+01 3.199257e+03 -3.172277e+03 1.000000e+00
2.470417e+01 3.809542e+03 -3.669186e+03 1.000000e+00
3.027294e+01 3.529392e+03 -2.700049e+03 9.992651e-01
3.233887e+01 3.893987e+03 -3.207665e+03 9.950333e-01
3.472567e+01 3.290279e+03 -1.777915e+03 9.787423e-01
3.171278e+01 3.224385e+03 -1.741710e+03 9.366232e-01
2.716908e+01 2.361267e+03 -1.064313e+03 8.571537e-01
4.669276e+00 2.511307e+03 -3.264928e+03 1.000000e+00
1.459965e+01 3.272815e+03 -3.766601e+03 1.000000e+00
2.370772e+01 3.204287e+03 -3.158294e+03 1.000000e+00
2.835189e+01 3.811212e+03 -3.672822e+03 1.000000e+00
3.227108e+01 3.527396e+03 -2.678050e+03 9.992651e-01
3.688869e+01 3.886514e+03 -3.206456e+03 9.950333e-01
3.512362e+01 3.274275e+03 -1.752864e+03 9.787423e-01
3.354823e+01 3.204064e+03 -1.728944e+03 9.366232e-01
2.858616e+01 2.339815e+03 -1.054118e+03 8.571537e-01
9.426502e+00 2.528620e+03 -3.268916e+03 1.000000e+00
1.646680e+01 3.274284e+03 -3.757671e+03 1.000000e+00
2.396237e+01 3.214835e+03 -3.157466e+03 1.000000e+00
3.330180e+01 3.809594e+03 -3.652948e+03 1.000000e+00
3.843160e+01 3.527395e+03 -2.673696e+03 9.992651e-01
3.920568e+01 3.876716e+03 -3.174884e+03 9.950333e-01
4.060154e+01 3.260408e+03 -1.743895e+03 9.787423e-01
3.422252e+01 3.180244e+03 -1.711036e+03 9.366232e-01
2.877436e+01 2.321440e+03 -1.043740e+03 8.571537e-01
9.646320e+00 2.532594e+03 -3.266815e+03 1.000000e+00
1.991847e+01 3.285555e+03 -3.753499e+03 1.000000e+00
2.882635e+01 3.213256e+03 -3.147364e+03 1.000000e+00
3.338114e+01 3.815642e+03 -3.640246e+03 1.000000e+00
3.827291e+01 3.517951e+03 -2.652458e+03 9.992651e-01
4.234346e+01 3.872769e+03 -3.153606e+03 9.950333e-01
4.088845e+01 3.241493e+03 -1.710727e+03 9.787423e-01
3.427823e+01 3.162336e+03 -1.695163e+03 9.366232e-01
2.852208e+01 2.299261e+03 -1.031705e+03 8.571537e-01
1.243626e+01 2.539631e+03 -3.266369e+03 1.000000e+00
2.158356e+01 3.292770e+03 -3.745252e+03 1.000000e+00
2.864675e+01 3.218768e+03 -3.141079e+03 1.000000e+00
3.557498e+01 3.815369e+03 -3.625089e+03 1.000000e+00
3.853610e+01 3.519027e+03 -2.637295e+03 9.992651e-01
3.804945e+01 3.860259e+03 -3.128119e+03 9.950333e-01
3.640678e+01 3.231067e+03 -1.690468e+03 9.787423e-01
3.104985e+01 3.137027e+03 -1.678441e+03 9.366232e-01
2.632528e+01 2.285625e+03 -1.021410e+03 8.571537e-01
1.245864e+01 2.548295e+03 -3.264659e+03 1.000000e+00
2.169466e+01 3.296818e+03 -3.741569e+03 1.000000e+00
2.927453e+01 3.224704e+03 -3.132602e+03 1.000000e+00
3.494585e+01 3.813259e+03 -3.611593e+03 1.000000e+00
3.884476e+01 3.518844e+03 -2.625512e+03 9.992651e-01
3.973426e+01 3.851006e+03 -3.108971e+03 9.950333e-01
3.762051e+01 3.217135e+03 -1.671776e+03 9.787423e-01
3.124157e+01 3.118806e+03 -1.665048e+03 9.366232e-01
2.647897e+01 2.268475e+03 -1.012489e+03 8.571537e-01
0.000000e+00 2.817432e+03 -3.516647e+03 1.000000e+00
0.000000e+00 2.893973e+03 -3.087831e+03 1.000000e+00
0.000000e+00 3.468850e+03 -3.481556e+03 1.000000e+00
0.000000e+00 3.320352e+03 -2.734701e+03 1.000000e+00
0.000000e+00 3.702941e+03 -3.109266e+03 9.992651e-01
0.000000e+00 3.238008e+03 -1.973162e+03 9.950333e-01
0.000000e+00 3.289894e+03 -2.342626e+03 9.787423e-01
0.000000e+00 2.345255e+03 -1.280487e+03 9.366232e-01
0.000000e+00 2.318372e+03 -8.891461e+02 8.571537e-01
2.746330e+00 2.866095e+03 -3.550793e+03 1.000000e+00
5.285636e+00 2.889829e+03 -3.052488e+03 1.000000e+00
8.403649e+00 3.511867e+03 -3.524685e+03 1.000000e+00
1.161048e+01 3.325092e+03 -2.687378e+03 1.000000e+00
1.365557e+01 3.733311e+03 -3.164810e+03 9.992651e-01
1.500520e+01 3.244755e+03 -1.913514e+03 9.950333e-01
1.328626e+01 3.296339e+03 -2.411536e+03 9.787423e-01
1.718339e+01 2.345756e+03 -1.265698e+03 9.366232e-01
1.429538e+01 2.313482e+03 -8.865563e+02 8.571537e-01
4.004457e+00 2.895240e+03 -3.559491e+03 1.000000e+00
9.249363e+00 2.891718e+03 -3.048802e+03 1.000000e+00
1.472316e+01 3.533532e+03 -3.533638e+03 1.000000e+00
1.912006e+01 3.330698e+03 -2.679250e+03 1.000000e+00
2.353729e+01 3.738909e+03 -3.174677e+03 9.992651e-01
2.654991e+01 3.247677e+03 -1.900075e+03 9.950333e-01
2.866982e+01 3.275655e+03 -2.424433e+03 9.787423e-01
2.587352e+01 2.341905e+03 -1.257026e+03 9.366232e-01
2.269493e+01 2.283457e+03 -8.793679e+02 8.571537e-01
7.066712e+00 2.902419e+03 -3.549927e+03 1.000000e+00
1.462993e+01 2.904789e+03 -3.061531e+03 1.000000e+00
2.056769e+01 3.537579e+03 -3.517694e+03 1.000000e+00
2.725741e+01 3.336369e+03 -2.689811e+03 1.000000e+00
3.201196e+01 3.735026e+03 -3.149242e+03 9.992651e-01
3.441210e+01 3.242346e+03 -1.910538e+03 9.950333e-01
3.328839e+01 3.258416e+03 -2.390735e+03 9.787423e-01
3.057186e+01 2.321689e+03 -1.247748e+03 9.366232e-01
2.545889e+01 2.263934e+03 -8.700154e+02 8.571537e-01
9.128473e+00 2.913848e+03 -3.557595e+03 1.000000e+00
1.795610e+01 2.910892e+03 -3.046999e+03 1.000000e+00
2.728541e+01 3.541632e+03 -3.520795e+03 1.000000e+00
3.179738e+01 3.335544e+03 -2.670348e+03 1.000000e+00
3.541949e+01 3.730974e+03 -3.146979e+03 9.992651e-01
3.728229e+01 3.230001e+03 -1.885296e+03 9.950333e-01
3.563855e+01 3.242848e+03 -2.389909e+03 9.787423e-01
3.022289e+01 2.295857e+03 -1.235139e+03 9.366232e-01
2.646099e+01 2.246834e+03 -8.621764e+02 8.571537e-01
1.303637e+01 2.915026e+03 -3.549655e+03 1.000000e+00
2.118332e+01 2.923372e+03 -3.047746e+03 1.000000e+00
2.788786e+01 3.540534e+03 -3.503170e+03 1.000000e+00
3.629031e+01 3.338552e+03 -2.666427e+03 1.000000e+00
4.061456e+01 3.723970e+03 -3.119275e+03 9.992651e-01
4.107287e+01 3.220431e+03 -1.878927e+03 9.950333e-01
3.931235e+01 3.224626e+03 -2.355600e+03 9.787423e-01
3.255232e+01 2.272970e+03 -1.225062e+03 9.366232e-01
2.669501e+01 2.226646e+03 -8.528875e+02 8.571537e-01
1.392732e+01 2.927039e+03 -3.546779e+03 1.000000e+00
2.319722e+01 2.924809e+03 -3.040468e+03 1.000000e+00
3.176975e+01 3.547669e+03 -3.492669e+03 1.000000e+00
3.670560e+01 3.332984e+03 -2.649146e+03 1.000000e+00
3.996687e+01 3.722145e+03 -3.101068e+03 9.992651e-01
4.283608e+01 3.204598e+03 -1.851534e+03 9.950333e-01
4.009457e+01 3.208955e+03 -2.334283e+03 9.787423e-01
3.134412e+01 2.247052e+03 -1.209502e+03 9.366232e-01
2.621542e+01 2.210174e+03 -8.446444e+02 8.571537e-01
1.653932e+01 2.935535e+03 -3.542058e+03 1.000000e+00
2.569251e+01 2.929287e+03 -3.033385e+03 1.000000e+00
3.240256e+01 3.549058e+03 -3.480224e+03 1.000000e+00
3.845390e+01 3.334069e+03 -2.636237e+03 1.000000e+00
4.163198e+01 3.712947e+03 -3.079327e+03 9.992651e-01
3.934918e+01 3.196948e+03 -1.833840e+03 9.950333e-01
3.601730e+01 3.188070e+03 -2.308808e+03 9.787423e-01
2.897150e+01 2.227958e+03 -1.198651e+03 9.366232e-01
2.457924e+01 2.188624e+03 -8.366943e+02 8.571537e-01
1.628555e+01 2.941227e+03 -3.538849e+03 1.000000e+00
2.489128e+01 2.936249e+03 -3.027021e+03 1.000000e+00
3.204577e+01 3.550574e+03 -3.470186e+03 1.000000e+00
3.708112e+01 3.334417e+03 -2.622466e+03 1.000000e+00
3.996619e+01 3.706059e+03 -3.062043e+03 9.992651e-01
4.007672e+01 3.187818e+03 -1.820151e+03 9.950333e-01
3.663835e+01 3.171104e+03 -2.286353e+03 9.787423e-01
2.928146e+01 2.207582e+03 -1.188250e+03 9.366232e-01
2.470397e+01 2.172776e+03 -8.288956e+02 8.571537e-01
0.000000e+00 2.575418e+03 -2.955618e+03 1.000000e+00
0.000000e+00 3.164683e+03 -3.311100e+03 1.000000e+00
0.000000e+00 3.105879e+03 -2.692095e+03 1.000000e+00
0.000000e+00 3.509642e+03 -3.018791e+03 1.000000e+00
0.000000e+00 3.159154e+03 -2.061543e+03 9.992651e-01
0.000000e+00 3.270951e+03 -2.390371e+03 9.950333e-01
0.000000e+00 2.523481e+03 -1.110727e+03 9.787423e-01
0.000000e+00 2.219510e+03 -1.140505e+03 9.366232e-01
0.000000e+00 1.554488e+03 -6.664279e+02 8.571537e-01
5.908738e+00 2.567938e+03 -2.921382e+03 1.000000e+00
7.764610e+00 3.209872e+03 -3.353748e+03 1.000000e+00
1.049515e+01 3.103922e+03 -2.645362e+03 1.000000e+00
1.386974e+01 3.546423e+03 -3.070496e+03 1.000000e+00
1.548609e+01 3.163413e+03 -2.003637e+03 9.992651e-01
1.480593e+01 3.288808e+03 -2.457119e+03 9.950333e-01
1.512494e+01 2.527577e+03 -1.040472e+03 9.787423e-01
1.460594e+01 2.212994e+03 -1.144935e+03 9.366232e-01
1.292114e+01 1.555920e+03 -6.622114e+02 8.571537e-01
5.998573e+00 2.567370e+03 -2.914727e+03 1.000000e+00
1.241964e+01 3.234423e+03 -3.364505e+03 1.000000e+00
1.747783e+01 3.106372e+03 -2.633188e+03 1.000000e+00
2.190149e+01 3.559178e+03 -3.081318e+03 1.000000e+00
2.519315e+01 3.165747e+03 -1.986253e+03 9.992651e-01
2.793988e+01 3.280187e+03 -2.471621e+03 9.950333e-01
2.722795e+01 2.526421e+03 -1.017985e+03 9.787423e-01
2.385786e+01 2.183774e+03 -1.140114e+03 9.366232e-01
2.031791e+01 1.554909e+03 -6.575170e+02 8.571537e-01
1.227729e+01 2.581250e+03 -2.925488e+03 1.000000e+00
1.861818e+01 3.239039e+03 -3.349317e+03 1.000000e+00
2.465198e+01 3.115943e+03 -2.643610e+03 1.000000e+00
2.992799e+01 3.556807e+03 -3.057629e+03 1.000000e+00
3.451263e+01 3.164529e+03 -1.994098e+03 9.992651e-01
3.489706e+01 3.267162e+03 -2.441093e+03 9.950333e-01
3.272448e+01 2.512094e+03 -1.026957e+03 9.787423e-01
2.752107e+01 2.161083e+03 -1.126880e+03 9.366232e-01
2.376455e+01 1.539362e+03 -6.502933e+02 8.571537e-01
1.228518e+01 2.588072e+03 -2.912777e+03 1.000000e+00
2.169453e+01 3.246771e+03 -3.352349e+03 1.000000e+00
2.937333e+01 3.115588e+03 -2.624424e+03 1.000000e+00
3.526584e+01 3.556538e+03 -3.055708e+03 1.000000e+00
3.682924e+01 3.155595e+03 -1.970562e+03 9.992651e-01
3.761987e+01 3.255175e+03 -2.436160e+03 9.950333e-01
3.420211e+01 2.491333e+03 -1.004433e+03 9.787423e-01
2.725077e+01 2.141051e+03 -1.119388e+03 9.366232e-01
2.320399e+01 1.519112e+03 -6.446318e+02 8.571537e-01
1.790740e+01 2.601477e+03 -2.913602e+03 1.000000e+00
2.584475e+01 3.246163e+03 -3.336828e+03 1.000000e+00
3.283990e+01 3.121310e+03 -2.621714e+03 1.000000e+00
3.889398e+01 3.550784e+03 -3.029900e+03 1.000000e+00
4.312848e+01 3.149676e+03 -1.964861e+03 9.992651e-01
4.200718e+01 3.240728e+03 -2.403837e+03 9.950333e-01
3.814031e+01 2.472993e+03 -1.000125e+03 9.787423e-01
2.944839e+01 2.119142e+03 -1.106977e+03 9.366232e-01
2.460202e+01 1.501318e+03 -6.397050e+02 8.571537e-01
1.880577e+01 2.606365e+03 -2.909484e+03 1.000000e+00
2.692863e+01 3.254022e+03 -3.328655e+03 1.000000e+00
3.460989e+01 3.118561e+03 -2.607248e+03 1.000000e+00
3.959147e+01 3.550562e+03 -3.014785e+03 1.000000e+00
4.161271e+01 3.137912e+03 -1.940571e+03 9.992651e-01
4.228818e+01 3.230019e+03 -2.385226e+03 9.950333e-01
3.823719e+01 2.452053e+03 -9.719097e+02 9.787423e-01
2.750801e+01 2.098344e+03 -1.096999e+03 9.366232e-01
2.359356e+01 1.482370e+03 -6.323668e+02 8.571537e-01
2.046158e+01 2.611271e+03 -2.903957e+03 1.000000e+00
2.975196e+01 3.257595e+03 -3.318780e+03 1.000000e+00
3.602562e+01 3.119272e+03 -2.594344e+03 1.000000e+00
4.127826e+01 3.545040e+03 -2.997130e+03 1.000000e+00
4.295977e+01 3.131113e+03 -1.924022e+03 9.992651e-01
4.036834e+01 3.213308e+03 -2.360283e+03 9.950333e-01
3.452890e+01 2.436355e+03 -9.585377e+02 9.787423e-01
2.644040e+01 2.074790e+03 -1.087429e+03 9.366232e-01
2.215646e+01 1.469090e+03 -6.278563e+02 8.571537e-01
2.100960e+01 2.617688e+03 -2.897906e+03 1.000000e+00
2.918362e+01 3.260134e+03 -3.310081e+03 1.000000e+00
3.577737e+01 3.121838e+03 -2.583720e+03 1.000000e+00
3.982902e+01 3.540739e+03 -2.980191e+03 1.000000e+00
4.141843e+01 3.123795e+03 -1.910366e+03 9.992651e-01
3.990314e+01 3.200123e+03 -2.339699e+03 9.950333e-01
3.501569e+01 2.417980e+03 -9.479753e+02 9.787423e-01
2.660782e+01 2.057073e+03 -1.076312e+03 9.366232e-01
2.255724e+01 1.452476e+03 -6.229655e+02 8.571537e-01
0.000000e+00 2.832261e+03 -3.133720e+03 1.000000e+00
0.000000e+00 2.856660e+03 -2.617391e+03 1.000000e+00
0.000000e+00 3.292068e+03 -2.907286e+03 1.000000e+00
0.000000e+00 3.047019e+03 -2.102327e+03 1.000000e+00
0.000000e+00 3.217406e+03 -2.374380e+03 9.992651e-01
0.000000e+00 2.625867e+03 -1.281471e+03 9.950333e-01
0.000000e+00 2.439453e+03 -1.655467e+03 9.787423e-01
0.000000e+00 1.481519e+03 -7.900276e+02 9.366232e-01
0.000000e+00 1.516995e+03 -5.647698e+02 8.571537e-01
8.989697e+00 2.879722e+03 -3.173805e+03 1.000000e+00
1.005482e+01 2.850977e+03 -2.575266e+03 1.000000e+00
1.127244e+01 3.330150e+03 -2.956754e+03 1.000000e+00
1.488502e+01 3.045274e+03 -2.043058e+03 1.000000e+00
1.651715e+01 3.243935e+03 -2.437352e+03 9.992651e-01
1.587776e+01 2.629183e+03 -1.212029e+03 9.950333e-01
1.130560e+01 2.444293e+03 -1.736350e+03 9.787423e-01
1.311880e+01 1.479140e+03 -7.776379e+02 9.366232e-01
1.092550e+01 1.511942e+03 -5.642749e+02 8.571537e-01
9.253317e+00 2.907815e+03 -3.185437e+03 1.000000e+00
1.571193e+01 2.851890e+03 -2.561484e+03 1.000000e+00
2.196944e+01 3.347883e+03 -2.968994e+03 1.000000e+00
2.502870e+01 3.046887e+03 -2.020730e+03 1.000000e+00
2.707780e+01 3.245045e+03 -2.453428e+03 9.992651e-01
2.728823e+01 2.628784e+03 -1.185912e+03 9.950333e-01
2.703511e+01 2.424835e+03 -1.759567e+03 9.787423e-01
2.177315e+01 1.475200e+03 -7.689656e+02 9.366232e-01
1.846369e+01 1.487928e+03 -5.599737e+02 8.571537e-01
1.607221e+01 2.911129e+03 -3.171203e+03 1.000000e+00
2.216216e+01 2.862540e+03 -2.569547e+03 1.000000e+00
2.681374e+01 3.347697e+03 -2.947467e+03 1.000000e+00
3.186822e+01 3.049659e+03 -2.029046e+03 1.000000e+00
3.502428e+01 3.234592e+03 -2.422675e+03 9.992651e-01
3.510635e+01 2.619602e+03 -1.196483e+03 9.950333e-01
2.987416e+01 2.405572e+03 -1.726305e+03 9.787423e-01
2.416035e+01 1.459404e+03 -7.627051e+02 9.366232e-01
2.084323e+01 1.470635e+03 -5.531484e+02 8.571537e-01
1.771678e+01 2.921912e+03 -3.174603e+03 1.000000e+00
2.563175e+01 2.863758e+03 -2.552453e+03 1.000000e+00
3.344518e+01 3.349903e+03 -2.945397e+03 1.000000e+00
3.804294e+01 3.042360e+03 -2.005633e+03 1.000000e+00
3.905610e+01 3.228028e+03 -2.418496e+03 9.992651e-01
3.667759e+01 2.603193e+03 -1.172714e+03 9.950333e-01
3.262921e+01 2.389471e+03 -1.728508e+03 9.787423e-01
2.417421e+01 1.438557e+03 -7.549520e+02 9.366232e-01
2.083520e+01 1.456868e+03 -5.492430e+02 8.571537e-01
2.181216e+01 2.923552e+03 -3.162077e+03 1.000000e+00
2.966351e+01 2.871346e+03 -2.549567e+03 1.000000e+00
3.585060e+01 3.345447e+03 -2.922599e+03 1.000000e+00
4.099059e+01 3.040923e+03 -1.999514e+03 1.000000e+00
4.312449e+01 3.215388e+03 -2.389596e+03 9.992651e-01
4.204792e+01 2.589579e+03 -1.167441e+03 9.950333e-01
3.574129e+01 2.370448e+03 -1.700859e+03 9.787423e-01
2.604373e+01 1.419850e+03 -7.487702e+02 9.366232e-01
2.198202e+01 1.441679e+03 -5.441063e+02 8.571537e-01
2.370605e+01 2.930168e+03 -3.155576e+03 1.000000e+00
3.204977e+01 2.871802e+03 -2.538848e+03 1.000000e+00
3.817668e+01 3.346135e+03 -2.909217e+03 1.000000e+00
4.202449e+01 3.031899e+03 -1.979926e+03 1.000000e+00
4.329687e+01 3.205936e+03 -2.370732e+03 9.992651e-01
4.176179e+01 2.572933e+03 -1.142754e+03 9.950333e-01
3.592025e+01 2.353772e+03 -1.687282e+03 9.787423e-01
2.456313e+01 1.400904e+03 -7.393792e+02 9.366232e-01
2.089894e+01 1.427240e+03 -5.391460e+02 8.571537e-01
2.488636e+01 2.935680e+03 -3.147567e+03 1.000000e+00
3.297402e+01 2.874066e+03 -2.528026e+03 1.000000e+00
3.939494e+01 3.344567e+03 -2.894107e+03 1.000000e+00
4.283599e+01 3.026609e+03 -1.963914e+03 1.000000e+00
4.352592e+01 3.194403e+03 -2.349802e+03 9.992651e-01
3.907837e+01 2.559374e+03 -1.127998e+03 9.950333e-01
3.237363e+01 2.334127e+03 -1.667334e+03 9.787423e-01
2.328253e+01 1.386896e+03 -7.335756e+02 9.366232e-01
2.007090e+01 1.410838e+03 -5.345899e+02 8.571537e-01
2.564339e+01 2.939102e+03 -3.140635e+03 1.000000e+00
3.353631e+01 2.875325e+03 -2.517711e+03 1.000000e+00
3.952916e+01 3.341548e+03 -2.880197e+03 1.000000e+00
4.260898e+01 3.020849e+03 -1.950024e+03 1.000000e+00
4.269508e+01 3.184043e+03 -2.330649e+03 9.992651e-01
3.953681e+01 2.543400e+03 -1.117972e+03 9.950333e-01
3.299359e+01 2.317532e+03 -1.649488e+03 9.787423e-01
2.389222e+01 1.368553e+03 -7.265428e+02 9.366232e-01
2.021832e+01 1.398795e+03 -5.291779e+02 8.571537e-01
0.000000e+00 2.575498e+03 -2.529322e+03 1.000000e+00
0.000000e+00 3.036757e+03 -2.780542e+03 1.000000e+00
0.000000e+00 2.891783e+03 -2.100017e+03 1.000000e+00
0.000000e+00 3.120014e+03 -2.334243e+03 1.000000e+00
0.000000e+00 2.659716e+03 -1.397310e+03 9.992651e-01
0.000000e+00 2.570304e+03 -1.686743e+03 9.950333e-01
0.000000e+00 1.788648e+03 -5.716562e+02 9.787423e-01
0.000000e+00 1.406461e+03 -7.209346e+02 9.366232e-01
0.000000e+00 9.498427e+02 -4.193926e+02 8.571537e-01
1.075148e+01 2.564438e+03 -2.484010e+03 1.000000e+00
1.286231e+01 3.081212e+03 -2.831543e+03 1.000000e+00
1.211545e+01 2.887965e+03 -2.045695e+03 1.000000e+00
1.450593e+01 3.151106e+03 -2.390761e+03 1.000000e+00
1.688834e+01 2.658596e+03 -1.328330e+03 9.992651e-01
1.561535e+01 2.586709e+03 -1.760070e+03 9.950333e-01
1.402954e+01 1.790769e+03 -4.914743e+02 9.787423e-01
9.370300e+00 1.400869e+03 -7.294143e+02 9.366232e-01
8.799432e+00 9.493675e+02 -4.176523e+02 8.571537e-01
1.329610e+01 2.562247e+03 -2.467475e+03 1.000000e+00
1.886884e+01 3.102465e+03 -2.846397e+03 1.000000e+00
2.566321e+01 2.887667e+03 -2.021303e+03 1.000000e+00
2.923875e+01 3.158973e+03 -2.406478e+03 1.000000e+00
2.843590e+01 2.657447e+03 -1.298246e+03 9.992651e-01
2.730161e+01 2.577867e+03 -1.783096e+03 9.950333e-01
2.393337e+01 1.788364e+03 -4.573312e+02 9.787423e-01
1.953719e+01 1.377542e+03 -7.269957e+02 9.366232e-01
1.636626e+01 9.479807e+02 -4.142407e+02 8.571537e-01
1.927461e+01 2.575394e+03 -2.476958e+03 1.000000e+00
2.520773e+01 3.102159e+03 -2.824637e+03 1.000000e+00
2.885887e+01 2.893049e+03 -2.027857e+03 1.000000e+00
3.174837e+01 3.151851e+03 -2.380177e+03 1.000000e+00
3.471581e+01 2.653378e+03 -1.305430e+03 9.992651e-01
3.296172e+01 2.561105e+03 -1.751904e+03 9.950333e-01
2.837243e+01 1.775874e+03 -4.693704e+02 9.787423e-01
2.074529e+01 1.359618e+03 -7.158876e+02 9.366232e-01
1.829216e+01 9.369471e+02 -4.085426e+02 8.571537e-01
2.305671e+01 2.576702e+03 -2.460206e+03 1.000000e+00
3.093108e+01 3.108962e+03 -2.824630e+03 1.000000e+00
3.686694e+01 2.887238e+03 -2.006501e+03 1.000000e+00
4.155947e+01 3.148200e+03 -2.374777e+03 1.000000e+00
4.034676e+01 2.639704e+03 -1.282213e+03 9.992651e-01
3.699150e+01 2.549326e+03 -1.749347e+03 9.950333e-01
3.014134e+01 1.757885e+03 -4.499134e+02 9.787423e-01
2.171551e+01 1.346389e+03 -7.108891e+02 9.366232e-01
1.817422e+01 9.217382e+02 -4.048458e+02 8.571537e-01
2.520910e+01 2.584667e+03 -2.458153e+03 1.000000e+00
3.255934e+01 3.106032e+03 -2.804599e+03 1.000000e+00
3.837228e+01 2.887613e+03 -2.000499e+03 1.000000e+00
4.105891e+01 3.137530e+03 -2.347445e+03 1.000000e+00
4.263677e+01 2.630500e+03 -1.276997e+03 9.992651e-01
3.984225e+01 2.532424e+03 -1.720888e+03 9.950333e-01
3.287836e+01 1.740529e+03 -4.517915e+02 9.787423e-01
2.276592e+01 1.331394e+03 -7.011445e+02 9.366232e-01
1.955161e+01 9.082396e+02 -4.008313e+02 8.571537e-01
2.938408e+01 2.587127e+03 -2.449765e+03 1.000000e+00
3.662045e+01 3.107328e+03 -2.792810e+03 1.000000e+00
4.208521e+01 2.882983e+03 -1.984093e+03 1.000000e+00
4.444722e+01 3.130587e+03 -2.332052e+03 1.000000e+00
4.429300e+01 2.616193e+03 -1.253523e+03 9.992651e-01
4.108236e+01 2.516638e+03 -1.705113e+03 9.950333e-01
3.501667e+01 1.724107e+03 -4.282626e+02 9.787423e-01
2.200983e+01 1.316893e+03 -6.943297e+02 9.366232e-01
1.887971e+01 8.958803e+02 -3.947106e+02 8.571537e-01
2.918111e+01 2.590654e+03 -2.440917e+03 1.000000e+00
3.694613e+01 3.107220e+03 -2.780345e+03 1.000000e+00
4.170832e+01 2.879344e+03 -1.969653e+03 1.000000e+00
4.422752e+01 3.122673e+03 -2.313293e+03 1.000000e+00
4.295369e+01 2.604312e+03 -1.239187e+03 9.992651e-01
3.772299e+01 2.500677e+03 -1.685555e+03 9.950333e-01
2.873429e+01 1.709891e+03 -4.189514e+02 9.787423e-01
2.076397e+01 1.301732e+03 -6.861516e+02 9.366232e-01
1.749035e+01 8.861462e+02 -3.909332e+02 8.571537e-01
2.972682e+01 2.592760e+03 -2.432311e+03 1.000000e+00
3.707825e+01 3.106318e+03 -2.768088e+03 1.000000e+00
4.223920e+01 2.874104e+03 -1.957510e+03 1.000000e+00
4.418984e+01 3.114145e+03 -2.294346e+03 1.000000e+00
4.292017e+01 2.590790e+03 -1.228566e+03 9.992651e-01
3.842898e+01 2.486948e+03 -1.667597e+03 9.950333e-01
3.092121e+01 1.690898e+03 -4.168909e+02 9.787423e-01
2.108693e+01 1.289326e+03 -6.773423e+02 9.366232e-01
1.782550e+01 8.717903e+02 -3.873653e+02 8.571537e-01
0.000000e+00 2.750751e+03 -2.654951e+03 1.000000e+00
0.000000e+00 2.697397e+03 -2.075597e+03 1.000000e+00
0.000000e+00 2.972911e+03 -2.270102e+03 1.000000e+00
0.000000e+00 2.630903e+03 -1.469016e+03 1.000000e+00
0.000000e+00 2.631540e+03 -1.697600e+03 9.992651e-01
0.000000e+00 1.990407e+03 -7.351765e+02 9.950333e-01
0.000000e+00 1.707955e+03 -1.142867e+03 9.787423e-01
0.000000e+00 8.738276e+02 -4.651055e+02 9.366232e-01
0.000000e+00 9.432017e+02 -3.523308e+02 8.571537e-01
1.285182e+01 2.796302e+03 -2.699601e+03 1.000000e+00
1.566046e+01 2.690094e+03 -2.022944e+03 1.000000e+00
1.508672e+01 3.012668e+03 -2.329038e+03 1.000000e+00
1.537470e+01 2.628680e+03 -1.401667e+03 1.000000e+00
1.629717e+01 2.655136e+03 -1.764664e+03 9.992651e-01
1.611778e+01 1.989903e+03 -6.564352e+02 9.950333e-01
9.835404e+00 1.713802e+03 -1.234904e+03 9.787423e-01
8.106046e+00 8.716638e+02 -4.560714e+02 9.366232e-01
6.794041e+00 9.398735e+02 -3.540950e+02 8.571537e-01
1.633511e+01 2.819315e+03 -2.715827e+03 1.000000e+00
2.001405e+01 2.686704e+03 -1.997431e+03 1.000000e+00
2.601389e+01 3.024598e+03 -2.346850e+03 1.000000e+00
2.974721e+01 2.625594e+03 -1.367439e+03 1.000000e+00
2.964767e+01 2.653320e+03 -1.787099e+03 9.992651e-01
2.539605e+01 1.987552e+03 -6.201243e+02 9.950333e-01
2.168251e+01 1.698000e+03 -1.273016e+03 9.787423e-01
1.674954e+01 8.680123e+02 -4.486411e+02 9.366232e-01
1.410814e+01 9.214380e+02 -3.520667e+02 8.571537e-01
2.311637e+01 2.819252e+03 -2.697148e+03 1.000000e+00
3.041364e+01 2.695865e+03 -2.003352e+03 1.000000e+00
3.302383e+01 3.018658e+03 -2.320308e+03 1.000000e+00
3.384174e+01 2.625512e+03 -1.374859e+03 1.000000e+00
3.342183e+01 2.640207e+03 -1.757152e+03 9.992651e-01
3.166005e+01 1.979189e+03 -6.322620e+02 9.950333e-01
2.622384e+01 1.681006e+03 -1.239593e+03 9.787423e-01
1.820415e+01 8.575222e+02 -4.432992e+02 9.366232e-01
1.547798e+01 9.073386e+02 -3.464767e+02 8.571537e-01
2.754793e+01 2.827296e+03 -2.695702e+03 1.000000e+00
3.308159e+01 2.691677e+03 -1.984434e+03 1.000000e+00
3.819973e+01 3.019120e+03 -2.317146e+03 1.000000e+00
4.107779e+01 2.613530e+03 -1.351775e+03 1.000000e+00
4.054139e+01 2.631061e+03 -1.753436e+03 9.992651e-01
3.521507e+01 1.961881e+03 -6.114383e+02 9.950333e-01
2.723700e+01 1.668235e+03 -1.243518e+03 9.787423e-01
1.875052e+01 8.423998e+02 -4.362285e+02 9.366232e-01
1.603804e+01 8.977587e+02 -3.427478e+02 8.571537e-01
2.989718e+01 2.827003e+03 -2.680371e+03 1.000000e+00
3.720317e+01 2.693127e+03 -1.978415e+03 1.000000e+00
4.176514e+01 3.009572e+03 -2.292952e+03 1.000000e+00
4.290541e+01 2.606889e+03 -1.344914e+03 1.000000e+00
4.166515e+01 2.615107e+03 -1.726561e+03 9.992651e-01
3.788651e+01 1.948252e+03 -6.103876e+02 9.950333e-01
3.017681e+01 1.652113e+03 -1.222360e+03 9.787423e-01
2.009767e+01 8.287163e+02 -4.307915e+02 9.366232e-01
1.702608e+01 8.869962e+02 -3.373840e+02 8.571537e-01
3.357431e+01 2.829815e+03 -2.671186e+03 1.000000e+00
3.995493e+01 2.691371e+03 -1.963970e+03 1.000000e+00
4.372409e+01 3.004743e+03 -2.278354e+03 1.000000e+00
4.560467e+01 2.597656e+03 -1.326422e+03 1.000000e+00
4.358584e+01 2.602002e+03 -1.711180e+03 9.992651e-01
3.883227e+01 1.932141e+03 -5.898954e+02 9.950333e-01
3.217899e+01 1.636072e+03 -1.209708e+03 9.787423e-01
1.999762e+01 8.169268e+02 -4.220727e+02 9.366232e-01
1.661501e+01 8.754564e+02 -3.319196e+02 8.571537e-01
3.403643e+01 2.829813e+03 -2.660109e+03 1.000000e+00
4.079246e+01 2.688233e+03 -1.952178e+03 1.000000e+00
4.459655e+01 2.998010e+03 -2.261820e+03 1.000000e+00
4.484193e+01 2.586154e+03 -1.311749e+03 1.000000e+00
4.243642e+01 2.588643e+03 -1.693937e+03 9.992651e-01
3.582718e+01 1.916851e+03 -5.798872e+02 9.950333e-01
2.608875e+01 1.619492e+03 -1.195517e+03 9.787423e-01
1.783577e+01 8.059853e+02 -4.153924e+02 9.366232e-01
1.529042e+01 8.633060e+02 -3.272205e+02 8.571537e-01
3.383895e+01 2.830924e+03 -2.649305e+03 1.000000e+00
4.040329e+01 2.685813e+03 -1.941017e+03 1.000000e+00
4.429893e+01 2.993467e+03 -2.246036e+03 1.000000e+00
4.491346e+01 2.574957e+03 -1.299789e+03 1.000000e+00
4.223031e+01 2.577167e+03 -1.676017e+03 9.992651e-01
3.643897e+01 1.900124e+03 -5.756812e+02 9.950333e-01
2.805759e+01 1.607236e+03 -1.184229e+03 9.787423e-01
1.820080e+01 7.911530e+02 -4.100515e+02 9.366232e-01
1.534530e+01 8.549680e+02 -3.230180e+02 8.571537e-01
0.000000e+00 2.465488e+03 -2.038518e+03 1.000000e+00
0.000000e+00 2.787615e+03 -2.202785e+03 1.000000e+00
0.000000e+00 2.551246e+03 -1.509277e+03 1.000000e+00
0.000000e+00 2.622213e+03 -1.690848e+03 1.000000e+00
0.000000e+00 2.105471e+03 -8.452146e+02 9.992651e-01
0.000000e+00 1.919944e+03 -1.141566e+03 9.950333e-01
0.000000e+00 1.204846e+03 -2.125347e+02 9.787423e-01
0.000000e+00 8.510981e+02 -4.367899e+02 9.366232e-01
0.000000e+00 5.373103e+02 -2.473835e+02 8.571537e-01
1.370564e+01 2.451351e+03 -1.984188e+03 1.000000e+00
1.695642e+01 2.826636e+03 -2.258370e+03 1.000000e+00
1.698867e+01 2.543234e+03 -1.445744e+03 1.000000e+00
1.716185e+01 2.653323e+03 -1.755980e+03 1.000000e+00
1.633148e+01 2.101929e+03 -7.693649e+02 9.992651e-01
1.455468e+01 1.932654e+03 -1.218882e+03 9.950333e-01
1.340239e+01 1.203548e+03 -1.214033e+02 9.787423e-01
5.057872e+00 8.491700e+02 -4.478293e+02 9.366232e-01
5.339624e+00 5.369320e+02 -2.468248e+02 8.571537e-01
1.856093e+01 2.445526e+03 -1.956304e+03 1.000000e+00
2.218120e+01 2.843900e+03 -2.279015e+03 1.000000e+00
2.549358e+01 2.539396e+03 -1.410350e+03 1.000000e+00
2.832533e+01 2.657983e+03 -1.778391e+03 1.000000e+00
2.790546e+01 2.097667e+03 -7.288895e+02 9.992651e-01
2.547171e+01 1.924822e+03 -1.249330e+03 9.950333e-01
1.860887e+01 1.202140e+03 -7.963931e+01 9.787423e-01
1.375663e+01 8.326870e+02 -4.498270e+02 9.366232e-01
1.162948e+01 5.367177e+02 -2.450159e+02 8.571537e-01
2.797404e+01 2.457645e+03 -1.964959e+03 1.000000e+00
3.316255e+01 2.838737e+03 -2.253542e+03 1.000000e+00
3.696722e+01 2.542615e+03 -1.415911e+03 1.000000e+00
3.610579e+01 2.646383e+03 -1.749987e+03 1.000000e+00
3.367319e+01 2.093150e+03 -7.384721e+02 9.992651e-01
2.843818e+01 1.909607e+03 -1.220047e+03 9.950333e-01
2.394658e+01 1.192984e+03 -9.523656e+01 9.787423e-01
1.579795e+01 8.183271e+02 -4.396894e+02 9.366232e-01
1.305898e+01 5.292635e+02 -2.407894e+02 8.571537e-01
2.946836e+01 2.453638e+03 -1.946663e+03 1.000000e+00
3.576338e+01 2.840981e+03 -2.250527e+03 1.000000e+00
3.752513e+01 2.531645e+03 -1.395268e+03 1.000000e+00
3.888795e+01 2.640289e+03 -1.746035e+03 1.000000e+00
3.747404e+01 2.076913e+03 -7.175371e+02 9.992651e-01
3.320256e+01 1.897298e+03 -1.220383e+03 9.950333e-01
2.405860e+01 1.176036e+03 -7.781347e+01 9.787423e-01
1.534082e+01 8.076186e+02 -4.358344e+02 9.366232e-01
1.333486e+01 5.172026e+02 -2.371824e+02 8.571537e-01
3.597871e+01 2.456731e+03 -1.941465e+03 1.000000e+00
4.110182e+01 2.836374e+03 -2.230719e+03 1.000000e+00
4.534235e+01 2.527511e+03 -1.388169e+03 1.000000e+00
4.522263e+01 2.626493e+03 -1.720884e+03 1.000000e+00
4.182917e+01 2.065599e+03 -7.142778e+02 9.992651e-01
3.572030e+01 1.881651e+03 -1.195476e+03 9.950333e-01
2.796596e+01 1.162597e+03 -8.611520e+01 9.787423e-01
1.796864e+01 7.965267e+02 -4.272116e+02 9.366232e-01
1.491939e+01 5.068631e+02 -2.327578e+02 8.571537e-01
3.616148e+01 2.456218e+03 -1.930426e+03 1.000000e+00
4.200176e+01 2.831952e+03 -2.217560e+03 1.000000e+00
4.435442e+01 2.519783e+03 -1.370919e+03 1.000000e+00
4.413750e+01 2.614865e+03 -1.707144e+03 1.000000e+00
4.135414e+01 2.052190e+03 -6.969567e+02 9.992651e-01
3.536538e+01 1.865999e+03 -1.182518e+03 9.950333e-01
2.829174e+01 1.148191e+03 -6.693734e+01 9.787423e-01
1.623192e+01 7.841141e+02 -4.204191e+02 9.366232e-01
1.391625e+01 4.980935e+02 -2.273745e+02 8.571537e-01
3.885179e+01 2.455067e+03 -1.919846e+03 1.000000e+00
4.439985e+01 2.827208e+03 -2.203420e+03 1.000000e+00
4.660136e+01 2.511128e+03 -1.357748e+03 1.000000e+00
4.579404e+01 2.602819e+03 -1.690696e+03 1.000000e+00
4.129818e+01 2.037411e+03 -6.850264e+02 9.992651e-01
3.393907e+01 1.850810e+03 -1.170391e+03 9.950333e-01
2.358695e+01 1.134773e+03 -6.014606e+01 9.787423e-01
1.551494e+01 7.709552e+02 -4.147275e+02 9.366232e-01
1.278198e+01 4.897437e+02 -2.243315e+02 8.571537e-01
3.824776e+01 2.454905e+03 -1.911083e+03 1.000000e+00
4.367198e+01 2.823786e+03 -2.188594e+03 1.000000e+00
4.616714e+01 2.502293e+03 -1.346722e+03 1.000000e+00
4.540066e+01 2.594509e+03 -1.673730e+03 1.000000e+00
4.125062e+01 2.022708e+03 -6.777098e+02 9.992651e-01
3.421117e+01 1.839433e+03 -1.157459e+03 9.950333e-01
2.529920e+01 1.119846e+03 -6.244876e+01 9.787423e-01
1.519820e+01 7.630228e+02 -4.078896e+02 9.366232e-01
1.283632e+01 4.783142e+02 -2.215513e+02 8.571537e-01
0.000000e+00 2.556131e+03 -2.132249e+03 1.000000e+00
0.000000e+00 2.421498e+03 -1.532018e+03 1.000000e+00
0.000000e+00 2.554785e+03 -1.674391e+03 1.000000e+00
0.000000e+00 2.150137e+03 -9.304803e+02 1.000000e+00
0.000000e+00 2.047223e+03 -1.154782e+03 9.992651e-01
0.000000e+00 1.436394e+03 -3.522107e+02 9.950333e-01
0.000000e+00 1.155818e+03 -7.841569e+02 9.787423e-01
0.000000e+00 4.788902e+02 -2.500993e+02 9.366232e-01
0.000000e+00 5.557255e+02 -2.024295e+02 8.571537e-01
1.328178e+01 2.596650e+03 -2.184304e+03 1.000000e+00
1.537522e+01 2.408278e+03 -1.469572e+03 1.000000e+00
1.670877e+01 2.588408e+03 -1.737376e+03 1.000000e+00
1.714717e+01 2.142050e+03 -8.556115e+02 1.000000e+00
1.608930e+01 2.069099e+03 -1.230320e+03 9.992651e-01
1.320525e+01 1.433315e+03 -2.689006e+02 9.950333e-01
6.078685e+00 1.159311e+03 -8.853390e+02 9.787423e-01
5.398400e+00 4.776931e+02 -2.406006e+02 9.366232e-01
4.197377e+00 5.542426e+02 -2.046815e+02 8.571537e-01
2.233547e+01 2.616347e+03 -2.206198e+03 1.000000e+00
2.577985e+01 2.402680e+03 -1.432703e+03 1.000000e+00
2.849834e+01 2.600100e+03 -1.762444e+03 1.000000e+00
2.758695e+01 2.137197e+03 -8.132341e+02 1.000000e+00
2.688737e+01 2.068065e+03 -1.260390e+03 9.992651e-01
2.348590e+01 1.430382e+03 -2.248794e+02 9.950333e-01
1.873514e+01 1.148406e+03 -9.350436e+02 9.787423e-01
1.155091e+01 4.782335e+02 -2.335443e+02 9.366232e-01
9.595297e+00 5.420007e+02 -2.037040e+02 8.571537e-01
2.919123e+01 2.610500e+03 -2.184077e+03 1.000000e+00
3.300460e+01 2.408714e+03 -1.439323e+03 1.000000e+00
3.458112e+01 2.587884e+03 -1.733782e+03 1.000000e+00
3.572100e+01 2.134634e+03 -8.217436e+02 1.000000e+00
3.181649e+01 2.053021e+03 -1.230915e+03 9.992651e-01
2.537043e+01 1.423273e+03 -2.410768e+02 9.950333e-01
1.831799e+01 1.133797e+03 -9.035479e+02 9.787423e-01
1.210135e+01 4.705473e+02 -2.306184e+02 9.366232e-01
1.022897e+01 5.311498e+02 -1.993205e+02 8.571537e-01
3.407920e+01 2.615706e+03 -2.180431e+03 1.000000e+00
3.964790e+01 2.400409e+03 -1.420041e+03 1.000000e+00
4.139420e+01 2.585214e+03 -1.730303e+03 1.000000e+00
3.853447e+01 2.120660e+03 -8.009813e+02 1.000000e+00
3.529600e+01 2.044095e+03 -1.230856e+03 9.992651e-01
3.010069e+01 1.407011e+03 -2.248832e+02 9.950333e-01
2.203229e+01 1.122764e+03 -9.115154e+02 9.787423e-01
1.241612e+01 4.576315e+02 -2.265086e+02 9.366232e-01
1.087561e+01 5.234108e+02 -1.972139e+02 8.571537e-01
3.875591e+01 2.612828e+03 -2.164522e+03 1.000000e+00
4.206140e+01 2.397519e+03 -1.412840e+03 1.000000e+00
4.430031e+01 2.575073e+03 -1.708931e+03 1.000000e+00
4.424134e+01 2.110886e+03 -7.966240e+02 1.000000e+00
4.020758e+01 2.028532e+03 -1.207159e+03 9.992651e-01
3.318367e+01 1.394161e+03 -2.267211e+02 9.950333e-01
2.462982e+01 1.111099e+03 -8.928632e+02 9.787423e-01
1.514524e+01 4.473816e+02 -2.227604e+02 9.366232e-01
1.270290e+01 5.155930e+02 -1.928359e+02 8.571537e-01
3.990431e+01 2.609853e+03 -2.154875e+03 1.000000e+00
4.514053e+01 2.391239e+03 -1.398197e+03 1.000000e+00
4.650963e+01 2.563834e+03 -1.695002e+03 1.000000e+00
4.404715e+01 2.098674e+03 -7.812931e+02 1.000000e+00
3.904515e+01 2.013869e+03 -1.194888e+03 9.992651e-01
3.217917e+01 1.380886e+03 -2.139707e+02 9.950333e-01
2.372047e+01 1.097081e+03 -8.832461e+02 9.787423e-01
1.308689e+01 4.389141e+02 -2.175771e+02 9.366232e-01
1.122195e+01 5.068902e+02 -1.887753e+02 8.571537e-01
4.247569e+01 2.607432e+03 -2.141774e+03 1.000000e+00
4.634121e+01 2.386348e+03 -1.386282e+03 1.000000e+00
4.722294e+01 2.555704e+03 -1.680642e+03 1.000000e+00
4.500535e+01 2.087638e+03 -7.694261e+02 1.000000e+00
3.988863e+01 2.000815e+03 -1.182836e+03 9.992651e-01
3.170793e+01 1.368452e+03 -2.067630e+02 9.950333e-01
2.149121e+01 1.085117e+03 -8.777431e+02 9.787423e-01
1.285386e+01 4.315432e+02 -2.146506e+02 9.366232e-01
1.068392e+01 4.985712e+02 -1.865827e+02 8.571537e-01
4.180013e+01 2.602985e+03 -2.128715e+03 1.000000e+00
4.573153e+01 2.377952e+03 -1.376793e+03 1.000000e+00
4.692853e+01 2.545977e+03 -1.664573e+03 1.000000e+00
4.497166e+01 2.072503e+03 -7.600851e+02 1.000000e+00
3.973838e+01 1.989467e+03 -1.169468e+03 9.992651e-01
3.174225e+01 1.353717e+03 -2.050213e+02 9.950333e-01
2.241678e+01 1.077033e+03 -8.710369e+02 9.787423e-01
1.249847e+01 4.207419e+02 -2.104616e+02 9.366232e-01
1.047532e+01 4.938049e+02 -1.840101e+02 8.571537e-01
0.000000e+00 2.237425e+03 -1.540972e+03 1.000000e+00
0.000000e+00 2.432064e+03 -1.654497e+03 1.000000e+00
0.000000e+00 2.133603e+03 -9.979158e+02 1.000000e+00
0.000000e+00 2.101188e+03 -1.169042e+03 1.000000e+00
0.000000e+00 1.589311e+03 -4.430842e+02 9.992651e-01
0.000000e+00 1.381831e+03 -7.500260e+02 9.950333e-01
0.000000e+00 7.784653e+02 1.138068e+01 9.787423e-01
0.000000e+00 4.897282e+02 -2.483192e+02 9.366232e-01
0.000000e+00 2.733882e+02 -1.312467e+02 8.571537e-01
1.322864e+01 2.224015e+03 -1.479835e+03 1.000000e+00
1.544853e+01 2.470595e+03 -1.715857e+03 1.000000e+00
1.596539e+01 2.123225e+03 -9.252455e+02 1.000000e+00
1.710590e+01 2.129763e+03 -1.239708e+03 1.000000e+00
1.600392e+01 1.583155e+03 -3.611110e+02 9.992651e-01
1.315541e+01 1.395907e+03 -8.336954e+02 9.950333e-01
1.133613e+01 7.795393e+02 1.121571e+02 9.787423e-01
2.962124e+00 4.894609e+02 -2.599719e+02 9.366232e-01
3.694430e+00 2.736944e+02 -1.298527e+02 8.571537e-01
2.358165e+01 2.215410e+03 -1.442952e+03 1.000000e+00
2.713699e+01 2.483749e+03 -1.742202e+03 1.000000e+00
2.844666e+01 2.114452e+03 -8.811439e+02 1.000000e+00
2.756885e+01 2.134189e+03 -1.271061e+03 1.000000e+00
2.405026e+01 1.577289e+03 -3.143136e+02 9.992651e-01
2.099508e+01 1.389103e+03 -8.725892e+02 9.950333e-01
1.507172e+01 7.784294e+02 1.667809e+02 9.787423e-01
9.872168e+00 4.790872e+02 -2.614976e+02 9.366232e-01
7.644247e+00 2.752929e+02 -1.270923e+02 8.571537e-01
3.171326e+01 2.224344e+03 -1.451412e+03 1.000000e+00
3.315015e+01 2.473604e+03 -1.715831e+03 1.000000e+00
3.393124e+01 2.116326e+03 -8.895183e+02 1.000000e+00
3.257195e+01 2.119402e+03 -1.242056e+03 1.000000e+00
2.980903e+01 1.571948e+03 -3.278227e+02 9.992651e-01
2.260372e+01 1.373777e+03 -8.455145e+02 9.950333e-01
1.525713e+01 7.709169e+02 1.449292e+02 9.787423e-01
8.109488e+00 4.680634e+02 -2.541701e+02 9.366232e-01
7.240389e+00 2.701491e+02 -1.252037e+02 8.571537e-01
3.740767e+01 2.218568e+03 -1.434119e+03 1.000000e+00
4.227039e+01 2.473551e+03 -1.712433e+03 1.000000e+00
4.276604e+01 2.104663e+03 -8.701732e+02 1.000000e+00
3.986661e+01 2.113376e+03 -1.240993e+03 1.000000e+00
3.363096e+01 1.557400e+03 -3.112408e+02 9.992651e-01
2.774908e+01 1.366047e+03 -8.494018e+02 9.950333e-01
1.950986e+01 7.592144e+02 1.584556e+02 9.787423e-01
9.944471e+00 4.603327e+02 -2.550442e+02 9.366232e-01
8.783903e+00 2.615732e+02 -1.238679e+02 8.571537e-01
3.978577e+01 2.214714e+03 -1.427070e+03 1.000000e+00
4.226461e+01 2.465155e+03 -1.694030e+03 1.000000e+00
4.233588e+01 2.095278e+03 -8.648592e+02 1.000000e+00
4.028572e+01 2.099534e+03 -1.220882e+03 1.000000e+00
3.630784e+01 1.544676e+03 -3.109407e+02 9.992651e-01
2.975881e+01 1.352210e+03 -8.280712e+02 9.950333e-01
2.099002e+01 7.477334e+02 1.491643e+02 9.787423e-01
1.263821e+01 4.532122e+02 -2.489289e+02 9.366232e-01
1.030836e+01 2.546257e+02 -1.206707e+02 8.571537e-01
4.464858e+01 2.211101e+03 -1.415421e+03 1.000000e+00
4.755718e+01 2.457664e+03 -1.682610e+03 1.000000e+00
4.817460e+01 2.085851e+03 -8.509307e+02 1.000000e+00
4.524489e+01 2.086907e+03 -1.207859e+03 1.000000e+00
3.886097e+01 1.532961e+03 -2.995735e+02 9.992651e-01
3.009918e+01 1.339115e+03 -8.187792e+02 9.950333e-01
2.175998e+01 7.393127e+02 1.596423e+02 9.787423e-01
1.138165e+01 4.469101e+02 -2.437339e+02 9.366232e-01
9.464674e+00 2.498758e+02 -1.174174e+02 8.571537e-01
4.415977e+01 2.207130e+03 -1.405366e+03 1.000000e+00
4.716375e+01 2.448988e+03 -1.669002e+03 1.000000e+00
4.696201e+01 2.076196e+03 -8.396158e+02 1.000000e+00
4.283532e+01 2.075017e+03 -1.196500e+03 1.000000e+00
3.692397e+01 1.521683e+03 -2.910260e+02 9.992651e-01
2.952736e+01 1.327992e+03 -8.115282e+02 9.950333e-01
1.969154e+01 7.323154e+02 1.654686e+02 9.787423e-01
1.078401e+01 4.411175e+02 -2.398703e+02 9.366232e-01
8.885356e+00 2.459581e+02 -1.155247e+02 8.571537e-01
4.434776e+01 2.201061e+03 -1.396750e+03 1.000000e+00
4.695610e+01 2.441380e+03 -1.654578e+03 1.000000e+00
4.647510e+01 2.064463e+03 -8.311529e+02 1.000000e+00
4.330418e+01 2.062973e+03 -1.182954e+03 1.000000e+00
3.742068e+01 1.505539e+03 -2.852970e+02 9.992651e-01
2.932600e+01 1.318712e+03 -8.014083e+02 9.950333e-01
1.982552e+01 7.211646e+02 1.630777e+02 9.787423e-01
1.024471e+01 4.371434e+02 -2.351765e+02 9.366232e-01
8.436582e+00 2.385346e+02 -1.136853e+02 8.571537e-01
