0 729 0.00000e+00
  1     729
2.527815e+01 4.537927e+03 -4.115748e+03 8.571537e-01
2.391065e+01 5.354010e+03 -3.928162e+03 7.399081e-01
2.175089e+01 4.504199e+03 -3.667044e+03 5.967547e-01
1.868175e+01 5.390770e+03 -3.439163e+03 4.469133e-01
1.500414e+01 4.467080e+03 -3.223364e+03 3.077485e-01
1.106769e+01 5.400226e+03 -3.010678e+03 1.891254e-01
7.155682e+00 3.990574e+03 -2.566294e+03 9.748217e-02
3.442805e+00 4.254021e+03 -1.711100e+03 3.527858e-02
0.000000e+00 0.000000e+00 0.000000e+00 0.000000e+00
2.591766e+01 4.539865e+03 -4.115388e+03 8.571537e-01
2.422433e+01 5.350574e+03 -3.926765e+03 7.399081e-01
2.189448e+01 4.505125e+03 -3.666886e+03 5.967547e-01
1.858090e+01 5.387236e+03 -3.438395e+03 4.469133e-01
1.503248e+01 4.468565e+03 -3.221063e+03 3.077485e-01
1.134345e+01 5.394894e+03 -3.007042e+03 1.891254e-01
7.436144e+00 3.988950e+03 -2.560813e+03 9.748217e-02
3.687140e+00 4.240845e+03 -1.703069e+03 3.527858e-02
0.000000e+00 0.000000e+00 0.000000e+00 0.000000e+00
2.435559e+01 4.537518e+03 -4.112615e+03 8.571537e-01
2.231978e+01 5.354207e+03 -3.924622e+03 7.399081e-01
2.009597e+01 4.501133e+03 -3.664510e+03 5.967547e-01
1.742219e+01 5.390349e+03 -3.436453e+03 4.469133e-01
1.387114e+01 4.464299e+03 -3.219116e+03 3.077485e-01
1.007400e+01 5.395472e+03 -3.004053e+03 1.891254e-01
6.439331e+00 3.981394e+03 -2.555801e+03 9.748217e-02
3.099792e+00 4.231896e+03 -1.694829e+03 3.527858e-02
0.000000e+00 0.000000e+00 0.000000e+00 0.000000e+00
2.046176e+01 4.542913e+03 -4.111959e+03 8.571537e-01
1.980772e+01 5.349777e+03 -3.923824e+03 7.399081e-01
1.819077e+01 4.505415e+03 -3.663567e+03 5.967547e-01
1.538303e+01 5.386195e+03 -3.435815e+03 4.469133e-01
1.237014e+01 4.467254e+03 -3.218342e+03 3.077485e-01
9.315799e+00 5.390629e+03 -3.000965e+03 1.891254e-01
6.245212e+00 3.977219e+03 -2.550535e+03 9.748217e-02
3.134220e+00 4.221470e+03 -1.687691e+03 3.527858e-02
0.000000e+00 0.000000e+00 0.000000e+00 0.000000e+00
2.052996e+01 4.536701e+03 -4.115457e+03 8.571537e-01
1.963708e+01 5.354227e+03 -3.925563e+03 7.399081e-01
1.786186e+01 4.498911e+03 -3.665245e+03 5.967547e-01
1.553523e+01 5.391110e+03 -3.436016e+03 4.469133e-01
1.252095e+01 4.460700e+03 -3.218089e+03 3.077485e-01
9.150430e+00 5.394181e+03 -2.998653e+03 1.891254e-01
5.868534e+00 3.968526e+03 -2.546496e+03 9.748217e-02
2.777481e+00 4.216080e+03 -1.682630e+03 3.527858e-02
0.000000e+00 0.000000e+00 0.000000e+00 0.000000e+00
1.621923e+01 4.540324e+03 -4.116386e+03 8.571537e-01
1.649576e+01 5.351237e+03 -3.925864e+03 7.399081e-01
1.540117e+01 4.502673e+03 -3.664808e+03 5.967547e-01
1.348976e+01 5.385956e+03 -3.434178e+03 4.469133e-01
1.123489e+01 4.465170e+03 -3.215895e+03 3.077485e-01
8.825558e+00 5.385666e+03 -2.994457e+03 1.891254e-01
6.089316e+00 3.971669e+03 -2.540944e+03 9.748217e-02
3.214288e+00 4.201513e+03 -1.673697e+03 3.527858e-02
0.000000e+00 0.000000e+00 0.000000e+00 0.000000e+00
1.243694e+01 4.538133e+03 -4.119547e+03 8.571537e-01
1.273385e+01 5.351380e+03 -3.926821e+03 7.399081e-01
1.243614e+01 4.501432e+03 -3.664507e+03 5.967547e-01
1.157827e+01 5.384250e+03 -3.433121e+03 4.469133e-01
9.738396e+00 4.466253e+03 -3.214267e+03 3.077485e-01
7.311053e+00 5.380417e+03 -2.990983e+03 1.891254e-01
4.707572e+00 3.970833e+03 -2.537527e+03 9.748217e-02
2.112351e+00 4.190034e+03 -1.667492e+03 3.527858e-02
0.000000e+00 0.000000e+00 0.000000e+00 0.000000e+00
6.612785e+00 4.514413e+03 -4.126241e+03 8.571537e-01
7.247055e+00 5.379207e+03 -3.931278e+03 7.399081e-01
7.161187e+00 4.476553e+03 -3.667608e+03 5.967547e-01
6.537557e+00 5.412249e+03 -3.434861e+03 4.469133e-01
6.006718e+00 4.439329e+03 -3.214801e+03 3.077485e-01
5.308702e+00 5.404965e+03 -2.990609e+03 1.891254e-01
4.199625e+00 3.944096e+03 -2.535289e+03 9.748217e-02
2.535436e+00 4.195189e+03 -1.663622e+03 3.527858e-02
0.000000e+00 0.000000e+00 0.000000e+00 0.000000e+00
0.000000e+00 4.522874e+03 -4.129574e+03 8.571537e-01
0.000000e+00 5.398602e+03 -3.933610e+03 7.399081e-01
0.000000e+00 4.482407e+03 -3.670422e+03 5.967547e-01
0.000000e+00 5.429818e+03 -3.436525e+03 4.469133e-01
0.000000e+00 4.438270e+03 -3.214405e+03 3.077485e-01
0.000000e+00 5.417229e+03 -2.988659e+03 1.891254e-01
0.000000e+00 3.935239e+03 -2.529736e+03 9.748217e-02
0.000000e+00 4.191906e+03 -1.655843e+03 3.527858e-02
0.000000e+00 0.000000e+00 0.000000e+00 0.000000e+00
2.578433e+01 5.292308e+03 -4.020618e+03 8.571537e-01
2.435360e+01 4.401224e+03 -3.751641e+03 7.399081e-01
2.213474e+01 5.170420e+03 -3.458812e+03 5.967547e-01
1.912484e+01 4.300364e+03 -3.020253e+03 4.469133e-01
1.539040e+01 5.041591e+03 -2.583315e+03 3.077485e-01
1.124091e+01 3.671549e+03 -1.665309e+03 1.891254e-01
6.502264e+00 3.582406e+03 -5.559827e+02 9.748217e-02
2.112095e+00 4.025175e+02 6.528284e+02 3.527858e-02
0.000000e+00 0.000000e+00 0.000000e+00 0.000000e+00
2.570775e+01 5.287549e+03 -4.019242e+03 8.571537e-01
2.397717e+01 4.401152e+03 -3.748978e+03 7.399081e-01
2.173250e+01 5.165570e+03 -3.455499e+03 5.967547e-01
1.861955e+01 4.299524e+03 -3.015700e+03 4.469133e-01
1.525114e+01 5.033699e+03 -2.573840e+03 3.077485e-01
1.136779e+01 3.665128e+03 -1.654461e+03 1.891254e-01
6.832639e+00 3.564886e+03 -5.445392e+02 9.748217e-02
2.342243e+00 3.944814e+02 6.516953e+02 3.527858e-02
0.000000e+00 0.000000e+00 0.000000e+00 0.000000e+00
2.534714e+01 5.291085e+03 -4.014414e+03 8.571537e-01
2.322709e+01 4.396873e+03 -3.744925e+03 7.399081e-01
2.078218e+01 5.167194e+03 -3.450322e+03 5.967547e-01
1.801386e+01 4.293321e+03 -3.009930e+03 4.469133e-01
1.428484e+01 5.031943e+03 -2.565468e+03 3.077485e-01
1.016438e+01 3.653135e+03 -1.644971e+03 1.891254e-01
5.732161e+00 3.553057e+03 -5.349164e+02 9.748217e-02
1.704921e+00 3.825779e+02 6.483743e+02 3.527858e-02
0.000000e+00 0.000000e+00 0.000000e+00 0.000000e+00
2.034477e+01 5.287265e+03 -4.011554e+03 8.571537e-01
1.965792e+01 4.401147e+03 -3.742112e+03 7.399081e-01
1.811209e+01 5.161630e+03 -3.446826e+03 5.967547e-01
1.550223e+01 4.294604e+03 -3.005502e+03 4.469133e-01
1.258255e+01 5.023673e+03 -2.558635e+03 3.077485e-01
9.492284e+00 3.646998e+03 -1.634995e+03 1.891254e-01
5.749430e+00 3.538985e+03 -5.252192e+02 9.748217e-02
2.096399e+00 3.739686e+02 6.499095e+02 3.527858e-02
0.000000e+00 0.000000e+00 0.000000e+00 0.000000e+00
2.104961e+01 5.291122e+03 -4.014341e+03 8.571537e-01
2.006836e+01 4.394742e+03 -3.742118e+03 7.399081e-01
1.827943e+01 5.165112e+03 -3.446009e+03 5.967547e-01
1.595056e+01 4.286532e+03 -3.001676e+03 4.469133e-01
1.294209e+01 5.024705e+03 -2.551739e+03 3.077485e-01
9.355517e+00 3.634477e+03 -1.624959e+03 1.891254e-01
5.450788e+00 3.531357e+03 -5.150292e+02 9.748217e-02
1.622935e+00 3.624648e+02 6.502545e+02 3.527858e-02
0.000000e+00 0.000000e+00 0.000000e+00 0.000000e+00
1.667464e+01 5.289190e+03 -4.013186e+03 8.571537e-01
1.672022e+01 4.397173e+03 -3.740721e+03 7.399081e-01
1.567035e+01 5.159916e+03 -3.442445e+03 5.967547e-01
1.381053e+01 4.288809e+03 -2.997170e+03 4.469133e-01
1.137532e+01 5.014642e+03 -2.543489e+03 3.077485e-01
8.734229e+00 3.631613e+03 -1.615424e+03 1.891254e-01
5.225031e+00 3.510529e+03 -5.059946e+02 9.748217e-02
1.848543e+00 3.577198e+02 6.508045e+02 3.527858e-02
0.000000e+00 0.000000e+00 0.000000e+00 0.000000e+00
1.249698e+01 5.290221e+03 -4.015354e+03 8.571537e-01
1.272989e+01 4.395100e+03 -3.740367e+03 7.399081e-01
1.246494e+01 5.158232e+03 -3.439396e+03 5.967547e-01
1.163224e+01 4.286468e+03 -2.993261e+03 4.469133e-01
1.000951e+01 5.007578e+03 -2.535330e+03 3.077485e-01
7.432916e+00 3.625880e+03 -1.606585e+03 1.891254e-01
4.445406e+00 3.495045e+03 -4.958296e+02 9.748217e-02
1.406195e+00 3.526522e+02 6.522399e+02 3.527858e-02
0.000000e+00 0.000000e+00 0.000000e+00 0.000000e+00
6.986547e+00 5.317343e+03 -4.021123e+03 8.571537e-01
7.583902e+00 4.371259e+03 -3.742849e+03 7.399081e-01
7.616627e+00 5.183890e+03 -3.440567e+03 5.967547e-01
7.062086e+00 4.259604e+03 -2.990682e+03 4.469133e-01
6.517677e+00 5.030531e+03 -2.530100e+03 3.077485e-01
5.493977e+00 3.594964e+03 -1.599031e+03 1.891254e-01
3.532110e+00 3.506397e+03 -4.873979e+02 9.748217e-02
9.076937e-01 3.323011e+02 6.449626e+02 3.527858e-02
0.000000e+00 0.000000e+00 0.000000e+00 0.000000e+00
0.000000e+00 5.336436e+03 -4.022881e+03 8.571537e-01
0.000000e+00 4.377757e+03 -3.743991e+03 7.399081e-01
0.000000e+00 5.200824e+03 -3.441629e+03 5.967547e-01
0.000000e+00 4.261201e+03 -2.989671e+03 4.469133e-01
0.000000e+00 5.042645e+03 -2.526071e+03 3.077485e-01
0.000000e+00 3.585266e+03 -1.592490e+03 1.891254e-01
0.000000e+00 3.506088e+03 -4.816495e+02 9.748217e-02
0.000000e+00 3.218429e+02 6.394338e+02 3.527858e-02
0.000000e+00 0.000000e+00 0.000000e+00 0.000000e+00
2.652938e+01 4.423328e+03 -3.731085e+03 8.571537e-01
2.487708e+01 4.986912e+03 -3.442740e+03 7.399081e-01
2.260954e+01 4.090256e+03 -2.928147e+03 5.967547e-01
1.939949e+01 4.672010e+03 -2.416754e+03 4.469133e-01
1.540317e+01 3.437298e+03 -1.533567e+03 3.077485e-01
1.051996e+01 3.336851e+03 -8.138853e+02 1.891254e-01
5.631209e+00 1.060838e+03 -1.371305e+02 9.748217e-02
2.214134e+00 9.634574e+02 -5.221229e+02 3.527858e-02
0.000000e+00 0.000000e+00 0.000000e+00 0.000000e+00
2.591732e+01 4.423395e+03 -3.728249e+03 8.571537e-01
2.403143e+01 4.981050e+03 -3.435949e+03 7.399081e-01
2.179865e+01 4.087115e+03 -2.920870e+03 5.967547e-01
1.878258e+01 4.661834e+03 -2.405544e+03 4.469133e-01
1.505612e+01 3.427549e+03 -1.523049e+03 3.077485e-01
1.049436e+01 3.318082e+03 -8.033804e+02 1.891254e-01
5.770919e+00 1.051844e+03 -1.362820e+02 9.748217e-02
2.336546e+00 9.597638e+02 -5.186819e+02 3.527858e-02
0.000000e+00 0.000000e+00 0.000000e+00 0.000000e+00
2.646386e+01 4.418092e+03 -3.720665e+03 8.571537e-01
2.418768e+01 4.981229e+03 -3.427566e+03 7.399081e-01
2.158880e+01 4.079287e+03 -2.912068e+03 5.967547e-01
1.834999e+01 4.657205e+03 -2.394122e+03 4.469133e-01
1.433792e+01 3.413270e+03 -1.512882e+03 3.077485e-01
9.538248e+00 3.305747e+03 -7.947823e+02 1.891254e-01
4.864566e+00 1.038677e+03 -1.375525e+02 9.748217e-02
1.831532e+00 9.597316e+02 -5.161580e+02 3.527858e-02
0.000000e+00 0.000000e+00 0.000000e+00 0.000000e+00
2.080521e+01 4.421328e+03 -3.714763e+03 8.571537e-01
1.989145e+01 4.973798e+03 -3.420932e+03 7.399081e-01
1.830649e+01 4.079488e+03 -2.904285e+03 5.967547e-01
1.575322e+01 4.646510e+03 -2.385253e+03 4.469133e-01
1.260749e+01 3.406121e+03 -1.502477e+03 3.077485e-01
8.888902e+00 3.289797e+03 -7.877922e+02 1.891254e-01
4.976295e+00 1.028967e+03 -1.380423e+02 9.748217e-02
1.988804e+00 9.570511e+02 -5.163273e+02 3.527858e-02
0.000000e+00 0.000000e+00 0.000000e+00 0.000000e+00
2.188941e+01 4.416295e+03 -3.714278e+03 8.571537e-01
2.056242e+01 4.976104e+03 -3.417829e+03 7.399081e-01
1.874797e+01 4.070754e+03 -2.898076e+03 5.967547e-01
1.623565e+01 4.645180e+03 -2.377321e+03 4.469133e-01
1.292588e+01 3.391104e+03 -1.491730e+03 3.077485e-01
8.854245e+00 3.280944e+03 -7.797891e+02 1.891254e-01
4.618908e+00 1.014889e+03 -1.364205e+02 9.748217e-02
1.916334e+00 9.579766e+02 -5.126190e+02 3.527858e-02
0.000000e+00 0.000000e+00 0.000000e+00 0.000000e+00
1.757852e+01 4.418800e+03 -3.710828e+03 8.571537e-01
1.721628e+01 4.970976e+03 -3.411960e+03 7.399081e-01
1.609402e+01 4.070227e+03 -2.891464e+03 5.967547e-01
1.401046e+01 4.633845e+03 -2.367423e+03 4.469133e-01
1.129549e+01 3.385602e+03 -1.483110e+03 3.077485e-01
7.649645e+00 3.260943e+03 -7.734720e+02 1.891254e-01
4.082570e+00 1.010637e+03 -1.382393e+02 9.748217e-02
1.342501e+00 9.511998e+02 -5.165172e+02 3.527858e-02
0.000000e+00 0.000000e+00 0.000000e+00 0.000000e+00
1.305751e+01 4.416873e+03 -3.710002e+03 8.571537e-01
1.310931e+01 4.969811e+03 -3.408174e+03 7.399081e-01
1.266499e+01 4.065460e+03 -2.885393e+03 5.967547e-01
1.169530e+01 4.625911e+03 -2.358030e+03 4.469133e-01
9.724595e+00 3.376446e+03 -1.474746e+03 3.077485e-01
7.074428e+00 3.244594e+03 -7.650331e+02 1.891254e-01
3.960858e+00 1.003927e+03 -1.384020e+02 9.748217e-02
1.826878e+00 9.460541e+02 -5.166049e+02 3.527858e-02
0.000000e+00 0.000000e+00 0.000000e+00 0.000000e+00
7.612161e+00 4.394956e+03 -3.711941e+03 8.571537e-01
8.136271e+00 4.993230e+03 -3.408327e+03 7.399081e-01
8.164857e+00 4.039519e+03 -2.881252e+03 5.967547e-01
7.764307e+00 4.645081e+03 -2.351769e+03 4.469133e-01
6.717513e+00 3.343876e+03 -1.466188e+03 3.077485e-01
4.961875e+00 3.255105e+03 -7.566811e+02 1.891254e-01
2.576676e+00 9.757560e+02 -1.374955e+02 9.748217e-02
1.166688e+00 9.575618e+02 -5.039268e+02 3.527858e-02
0.000000e+00 0.000000e+00 0.000000e+00 0.000000e+00
0.000000e+00 4.402510e+03 -3.712844e+03 8.571537e-01
0.000000e+00 5.008414e+03 -3.407088e+03 7.399081e-01
0.000000e+00 4.042353e+03 -2.879260e+03 5.967547e-01
0.000000e+00 4.655955e+03 -2.347646e+03 4.469133e-01
0.000000e+00 3.336535e+03 -1.460877e+03 3.077485e-01
0.000000e+00 3.256666e+03 -7.523454e+02 1.891254e-01
0.000000e+00 9.639858e+02 -1.385583e+02 9.748217e-02
0.000000e+00 9.620145e+02 -4.976709e+02 3.527858e-02
0.000000e+00 0.000000e+00 0.000000e+00 0.000000e+00
2.734838e+01 4.958217e+03 -3.386134e+03 8.571537e-01
2.535781e+01 3.978562e+03 -2.876418e+03 7.399081e-01
2.271469e+01 4.378105e+03 -2.368449e+03 5.967547e-01
1.912201e+01 3.268247e+03 -1.582845e+03 4.469133e-01
1.452374e+01 3.269856e+03 -9.936655e+02 3.077485e-01
9.503627e+00 1.568685e+03 -2.870033e+02 1.891254e-01
5.088520e+00 1.444132e+03 -2.000127e+02 9.748217e-02
1.748510e+00 1.347751e+02 3.458625e+02 3.527858e-02
0.000000e+00 0.000000e+00 0.000000e+00 0.000000e+00
2.693150e+01 4.952361e+03 -3.377774e+03 8.571537e-01
2.441660e+01 3.974248e+03 -2.866905e+03 7.399081e-01
2.184599e+01 4.366766e+03 -2.355322e+03 5.967547e-01
1.848250e+01 3.257407e+03 -1.571975e+03 4.469133e-01
1.410557e+01 3.251585e+03 -9.826870e+02 3.077485e-01
9.318538e+00 1.558014e+03 -2.834520e+02 1.891254e-01
5.119328e+00 1.434310e+03 -1.943183e+02 9.748217e-02
1.957339e+00 1.321788e+02 3.474125e+02 3.527858e-02
0.000000e+00 0.000000e+00 0.000000e+00 0.000000e+00
2.709420e+01 4.951149e+03 -3.366014e+03 8.571537e-01
2.479964e+01 3.964498e+03 -2.854992e+03 7.399081e-01
2.186086e+01 4.360623e+03 -2.341647e+03 5.967547e-01
1.809191e+01 3.242325e+03 -1.560780e+03 4.469133e-01
1.350165e+01 3.239047e+03 -9.723953e+02 3.077485e-01
8.593114e+00 1.543414e+03 -2.810101e+02 1.891254e-01
4.485278e+00 1.429744e+03 -1.899631e+02 9.748217e-02
1.405570e+00 1.271776e+02 3.468019e+02 3.527858e-02
0.000000e+00 0.000000e+00 0.000000e+00 0.000000e+00
2.190589e+01 4.942199e+03 -3.356729e+03 8.571537e-01
2.052821e+01 3.963142e+03 -2.843864e+03 7.399081e-01
1.853317e+01 4.348071e+03 -2.330255e+03 5.967547e-01
1.581466e+01 3.235350e+03 -1.549114e+03 4.469133e-01
1.218704e+01 3.222855e+03 -9.644034e+02 3.077485e-01
8.101784e+00 1.533936e+03 -2.779261e+02 1.891254e-01
4.442133e+00 1.423049e+03 -1.889436e+02 9.748217e-02
1.665383e+00 1.240279e+02 3.453559e+02 3.527858e-02
0.000000e+00 0.000000e+00 0.000000e+00 0.000000e+00
2.279688e+01 4.943802e+03 -3.351885e+03 8.571537e-01
2.120316e+01 3.954892e+03 -2.835581e+03 7.399081e-01
1.892547e+01 4.344944e+03 -2.321052e+03 5.967547e-01
1.585685e+01 3.220244e+03 -1.537779e+03 4.469133e-01
1.204044e+01 3.214272e+03 -9.567470e+02 3.077485e-01
7.848749e+00 1.518854e+03 -2.729766e+02 1.891254e-01
4.319901e+00 1.421352e+03 -1.861448e+02 9.748217e-02
1.370166e+00 1.176793e+02 3.431981e+02 3.527858e-02
0.000000e+00 0.000000e+00 0.000000e+00 0.000000e+00
1.886402e+01 4.939593e+03 -3.342947e+03 8.571537e-01
1.773083e+01 3.952615e+03 -2.826537e+03 7.399081e-01
1.621157e+01 4.333680e+03 -2.310109e+03 5.967547e-01
1.384158e+01 3.212963e+03 -1.528729e+03 4.469133e-01
1.044736e+01 3.195251e+03 -9.487750e+02 3.077485e-01
6.805099e+00 1.513400e+03 -2.702356e+02 1.891254e-01
3.426605e+00 1.410201e+03 -1.833125e+02 9.748217e-02
1.414432e+00 1.196089e+02 3.479243e+02 3.527858e-02
0.000000e+00 0.000000e+00 0.000000e+00 0.000000e+00
1.385143e+01 4.938901e+03 -3.338647e+03 8.571537e-01
1.375908e+01 3.946633e+03 -2.819067e+03 7.399081e-01
1.290834e+01 4.326493e+03 -2.300299e+03 5.967547e-01
1.123411e+01 3.202243e+03 -1.519888e+03 4.469133e-01
8.980330e+00 3.180422e+03 -9.398880e+02 3.077485e-01
6.036820e+00 1.504944e+03 -2.682201e+02 1.891254e-01
3.451551e+00 1.400456e+03 -1.801061e+02 9.748217e-02
1.059709e+00 1.190014e+02 3.500617e+02 3.527858e-02
0.000000e+00 0.000000e+00 0.000000e+00 0.000000e+00
8.599461e+00 4.960136e+03 -3.337810e+03 8.571537e-01
8.699011e+00 3.922162e+03 -2.814170e+03 7.399081e-01
8.550308e+00 4.343373e+03 -2.293681e+03 5.967547e-01
7.826949e+00 3.170829e+03 -1.511247e+03 4.469133e-01
6.226284e+00 3.190824e+03 -9.327238e+02 3.077485e-01
3.990812e+00 1.474849e+03 -2.669146e+02 1.891254e-01
2.161511e+00 1.412502e+03 -1.777477e+02 9.748217e-02
5.753067e-01 1.025011e+02 3.374923e+02 3.527858e-02
0.000000e+00 0.000000e+00 0.000000e+00 0.000000e+00
0.000000e+00 4.974745e+03 -3.334651e+03 8.571537e-01
0.000000e+00 3.925834e+03 -2.811200e+03 7.399081e-01
0.000000e+00 4.353353e+03 -2.288691e+03 5.967547e-01
0.000000e+00 3.166332e+03 -1.506475e+03 4.469133e-01
0.000000e+00 3.193747e+03 -9.287251e+02 3.077485e-01
0.000000e+00 1.464730e+03 -2.669022e+02 1.891254e-01
0.000000e+00 1.416930e+03 -1.767167e+02 9.748217e-02
0.000000e+00 9.586075e+01 3.304425e+02 3.527858e-02
0.000000e+00 0.000000e+00 0.000000e+00 0.000000e+00
2.808076e+01 4.027561e+03 -2.818973e+03 8.571537e-01
2.547700e+01 4.234669e+03 -2.323719e+03 7.399081e-01
2.224997e+01 3.168677e+03 -1.647287e+03 5.967547e-01
1.802523e+01 3.214014e+03 -1.129415e+03 4.469133e-01
1.317618e+01 1.836690e+03 -4.862997e+02 3.077485e-01
8.365099e+00 1.698234e+03 -3.357833e+02 1.891254e-01
4.314762e+00 4.109325e+02 1.424811e+01 9.748217e-02
1.615321e+00 4.419007e+02 -2.917833e+02 3.527858e-02
0.000000e+00 0.000000e+00 0.000000e+00 0.000000e+00
2.802533e+01 4.021269e+03 -2.807629e+03 8.571537e-01
2.492529e+01 4.223181e+03 -2.310000e+03 7.399081e-01
2.154525e+01 3.157531e+03 -1.634811e+03 5.967547e-01
1.760724e+01 3.196823e+03 -1.117057e+03 4.469133e-01
1.293839e+01 1.825201e+03 -4.815976e+02 3.077485e-01
8.185728e+00 1.685263e+03 -3.314258e+02 1.891254e-01
4.208401e+00 4.065076e+02 1.246419e+01 9.748217e-02
1.459375e+00 4.378546e+02 -2.920129e+02 3.527858e-02
0.000000e+00 0.000000e+00 0.000000e+00 0.000000e+00
2.745837e+01 4.009007e+03 -2.793416e+03 8.571537e-01
2.472054e+01 4.216218e+03 -2.294720e+03 7.399081e-01
2.136590e+01 3.141936e+03 -1.621689e+03 5.967547e-01
1.693842e+01 3.184544e+03 -1.105250e+03 4.469133e-01
1.206411e+01 1.809604e+03 -4.770824e+02 3.077485e-01
7.565064e+00 1.677512e+03 -3.267078e+02 1.891254e-01
3.881690e+00 3.995072e+02 1.126248e+01 9.748217e-02
1.504120e+00 4.372191e+02 -2.914311e+02 3.527858e-02
0.000000e+00 0.000000e+00 0.000000e+00 0.000000e+00
2.336081e+01 4.006327e+03 -2.781290e+03 8.571537e-01
2.119764e+01 4.202248e+03 -2.280860e+03 7.399081e-01
1.866508e+01 3.135033e+03 -1.608279e+03 5.967547e-01
1.548670e+01 3.167565e+03 -1.095139e+03 4.469133e-01
1.158686e+01 1.799859e+03 -4.712956e+02 3.077485e-01
7.430757e+00 1.667022e+03 -3.243883e+02 1.891254e-01
3.821002e+00 3.951021e+02 1.141102e+01 9.748217e-02
1.322688e+00 4.361977e+02 -2.915758e+02 3.527858e-02
0.000000e+00 0.000000e+00 0.000000e+00 0.000000e+00
2.361639e+01 3.997550e+03 -2.771078e+03 8.571537e-01
2.137042e+01 4.197685e+03 -2.269661e+03 7.399081e-01
1.853881e+01 3.121066e+03 -1.596294e+03 5.967547e-01
1.476878e+01 3.158742e+03 -1.086470e+03 4.469133e-01
1.063954e+01 1.784317e+03 -4.642394e+02 3.077485e-01
6.827808e+00 1.662325e+03 -3.222900e+02 1.891254e-01
3.406708e+00 3.850384e+02 1.221553e+01 9.748217e-02
1.483092e+00 4.377696e+02 -2.869554e+02 3.527858e-02
0.000000e+00 0.000000e+00 0.000000e+00 0.000000e+00
2.028223e+01 3.994432e+03 -2.759549e+03 8.571537e-01
1.831625e+01 4.187053e+03 -2.257398e+03 7.399081e-01
1.593485e+01 3.113204e+03 -1.585820e+03 5.967547e-01
1.302401e+01 3.141347e+03 -1.077696e+03 4.469133e-01
9.415977e+00 1.777145e+03 -4.602174e+02 3.077485e-01
5.736533e+00 1.648294e+03 -3.199440e+02 1.891254e-01
3.075553e+00 3.852695e+02 1.164896e+01 9.748217e-02
8.285705e-01 4.313652e+02 -2.916860e+02 3.527858e-02
0.000000e+00 0.000000e+00 0.000000e+00 0.000000e+00
1.483439e+01 3.988068e+03 -2.750982e+03 8.571537e-01
1.409008e+01 4.180498e+03 -2.247563e+03 7.399081e-01
1.272987e+01 3.101937e+03 -1.575573e+03 5.967547e-01
1.061316e+01 3.129088e+03 -1.068800e+03 4.469133e-01
7.762655e+00 1.766713e+03 -4.569679e+02 3.077485e-01
5.147678e+00 1.636995e+03 -3.164337e+02 1.891254e-01
2.615402e+00 3.845804e+02 1.100146e+01 9.748217e-02
1.176285e+00 4.274547e+02 -2.952089e+02 3.527858e-02
0.000000e+00 0.000000e+00 0.000000e+00 0.000000e+00
9.661967e+00 3.964683e+03 -2.745847e+03 8.571537e-01
9.219810e+00 4.195432e+03 -2.240492e+03 7.399081e-01
8.408175e+00 3.072906e+03 -1.566727e+03 5.967547e-01
7.158826e+00 3.139326e+03 -1.061886e+03 4.469133e-01
5.258443e+00 1.736430e+03 -4.529113e+02 3.077485e-01
3.356346e+00 1.647655e+03 -3.124771e+02 1.891254e-01
1.579981e+00 3.638206e+02 1.093631e+01 9.748217e-02
6.585632e-01 4.394494e+02 -2.824819e+02 3.527858e-02
0.000000e+00 0.000000e+00 0.000000e+00 0.000000e+00
0.000000e+00 3.969363e+03 -2.742558e+03 8.571537e-01
0.000000e+00 4.204964e+03 -2.234864e+03 7.399081e-01
0.000000e+00 3.071111e+03 -1.561784e+03 5.967547e-01
0.000000e+00 3.142800e+03 -1.057160e+03 4.469133e-01
0.000000e+00 1.728570e+03 -4.514077e+02 3.077485e-01
0.000000e+00 1.650970e+03 -3.110486e+02 1.891254e-01
0.000000e+00 3.558381e+02 9.544868e+00 9.748217e-02
0.000000e+00 4.441133e+02 -2.765364e+02 3.527858e-02
0.000000e+00 0.000000e+00 0.000000e+00 0.000000e+00
2.845947e+01 4.226131e+03 -2.325706e+03 8.571537e-01
2.510774e+01 3.171265e+03 -1.680996e+03 7.399081e-01
2.116115e+01 3.188886e+03 -1.197455e+03 5.967547e-01
1.656858e+01 2.003983e+03 -6.249055e+02 4.469133e-01
1.170347e+01 1.892917e+03 -4.044787e+02 3.077485e-01
7.246404e+00 7.300364e+02 -2.215270e+01 1.891254e-01
3.761574e+00 7.551643e+02 -9.673727e+01 9.748217e-02
1.301145e+00 3.796026e+01 2.270116e+02 3.527858e-02
0.000000e+00 0.000000e+00 0.000000e+00 0.000000e+00
2.897646e+01 4.213809e+03 -2.310802e+03 8.571537e-01
2.490855e+01 3.159329e+03 -1.668024e+03 7.399081e-01
2.097374e+01 3.173080e+03 -1.184016e+03 5.967547e-01
1.658812e+01 1.991998e+03 -6.172029e+02 4.469133e-01
1.183549e+01 1.878874e+03 -3.982465e+02 3.077485e-01
7.377681e+00 7.248250e+02 -2.162618e+01 1.891254e-01
3.782800e+00 7.496964e+02 -9.501468e+01 9.748217e-02
1.342748e+00 3.866142e+01 2.259153e+02 3.527858e-02
0.000000e+00 0.000000e+00 0.000000e+00 0.000000e+00
2.705516e+01 4.204497e+03 -2.295167e+03 8.571537e-01
2.407432e+01 3.142478e+03 -1.653629e+03 7.399081e-01
2.011965e+01 3.161641e+03 -1.170969e+03 5.967547e-01
1.525263e+01 1.975647e+03 -6.102460e+02 4.469133e-01
1.055766e+01 1.869362e+03 -3.915667e+02 3.077485e-01
6.494154e+00 7.159338e+02 -2.101904e+01 1.891254e-01
3.417514e+00 7.468680e+02 -9.182809e+01 9.748217e-02
1.229717e+00 3.671516e+01 2.256621e+02 3.527858e-02
0.000000e+00 0.000000e+00 0.000000e+00 0.000000e+00
2.461251e+01 4.188021e+03 -2.281365e+03 8.571537e-01
2.170094e+01 3.135209e+03 -1.639271e+03 7.399081e-01
1.848384e+01 3.144370e+03 -1.159180e+03 5.967547e-01
1.488944e+01 1.966139e+03 -6.019796e+02 4.469133e-01
1.075425e+01 1.856078e+03 -3.867948e+02 3.077485e-01
6.714220e+00 7.099468e+02 -1.923418e+01 1.891254e-01
3.445655e+00 7.421807e+02 -9.029337e+01 9.748217e-02
1.240665e+00 3.472673e+01 2.264482e+02 3.527858e-02
0.000000e+00 0.000000e+00 0.000000e+00 0.000000e+00
2.361942e+01 4.180699e+03 -2.269528e+03 8.571537e-01
2.090031e+01 3.121404e+03 -1.626169e+03 7.399081e-01
1.747830e+01 3.135063e+03 -1.149107e+03 5.967547e-01
1.334009e+01 1.951189e+03 -5.930320e+02 4.469133e-01
9.295318e+00 1.849551e+03 -3.836068e+02 3.077485e-01
5.719290e+00 6.996790e+02 -1.689420e+01 1.891254e-01
3.101772e+00 7.441653e+02 -9.158070e+01 9.748217e-02
8.468659e-01 2.975843e+01 2.201921e+02 3.527858e-02
0.000000e+00 0.000000e+00 0.000000e+00 0.000000e+00
2.159179e+01 4.168870e+03 -2.255028e+03 8.571537e-01
1.868561e+01 3.112917e+03 -1.614610e+03 7.399081e-01
1.546263e+01 3.119857e+03 -1.139523e+03 5.967547e-01
1.195604e+01 1.943044e+03 -5.871010e+02 4.469133e-01
8.320179e+00 1.835126e+03 -3.793239e+02 3.077485e-01
5.154432e+00 6.980797e+02 -1.537450e+01 1.891254e-01
2.471450e+00 7.353564e+02 -9.020960e+01 9.748217e-02
1.163165e+00 3.306121e+01 2.244140e+02 3.527858e-02
0.000000e+00 0.000000e+00 0.000000e+00 0.000000e+00
1.551520e+01 4.162005e+03 -2.244819e+03 8.571537e-01
1.396529e+01 3.101576e+03 -1.604663e+03 7.399081e-01
1.220012e+01 3.109437e+03 -1.130065e+03 5.967547e-01
9.643600e+00 1.931384e+03 -5.816599e+02 4.469133e-01
6.826209e+00 1.824593e+03 -3.749694e+02 3.077485e-01
4.153441e+00 6.939675e+02 -1.432365e+01 1.891254e-01
2.244807e+00 7.267086e+02 -8.694691e+01 9.748217e-02
7.040252e-01 3.453909e+01 2.323913e+02 3.527858e-02
0.000000e+00 0.000000e+00 0.000000e+00 0.000000e+00
1.061713e+01 4.173911e+03 -2.238252e+03 8.571537e-01
9.460808e+00 3.074572e+03 -1.596370e+03 7.399081e-01
7.971831e+00 3.119393e+03 -1.122470e+03 5.967547e-01
6.144319e+00 1.902833e+03 -5.763665e+02 4.469133e-01
4.240773e+00 1.834531e+03 -3.723349e+02 3.077485e-01
2.385236e+00 6.716488e+02 -1.523929e+01 1.891254e-01
1.163202e+00 7.386667e+02 -8.705661e+01 9.748217e-02
1.807073e-01 2.038393e+01 2.208131e+02 3.527858e-02
0.000000e+00 0.000000e+00 0.000000e+00 0.000000e+00
0.000000e+00 4.181576e+03 -2.230399e+03 8.571537e-01
0.000000e+00 3.074641e+03 -1.591497e+03 7.399081e-01
0.000000e+00 3.124253e+03 -1.117254e+03 5.967547e-01
0.000000e+00 1.898042e+03 -5.737499e+02 4.469133e-01
0.000000e+00 1.837364e+03 -3.705263e+02 3.077485e-01
0.000000e+00 6.651021e+02 -1.689582e+01 1.891254e-01
0.000000e+00 7.439099e+02 -8.787823e+01 9.748217e-02
0.000000e+00 1.485115e+01 2.118043e+02 3.527858e-02
0.000000e+00 0.000000e+00 0.000000e+00 0.000000e+00
2.836325e+01 3.227851e+03 -1.752468e+03 8.571537e-01
2.430762e+01 3.198782e+03 -1.249779e+03 7.399081e-01
1.989173e+01 2.151997e+03 -7.307896e+02 5.967547e-01
1.505605e+01 2.052114e+03 -4.789713e+02 4.469133e-01
1.039258e+01 9.999955e+02 -1.364408e+02 3.077485e-01
6.376365e+00 9.772822e+02 -1.717041e+02 1.891254e-01
3.220044e+00 1.786604e+02 3.108655e+01 9.748217e-02
1.183224e+00 2.508646e+02 -1.953052e+02 3.527858e-02
0.000000e+00 0.000000e+00 0.000000e+00 0.000000e+00
2.899582e+01 3.213446e+03 -1.738599e+03 8.571537e-01
2.455167e+01 3.183344e+03 -1.237280e+03 7.399081e-01
2.009561e+01 2.139412e+03 -7.212483e+02 5.967547e-01
1.545805e+01 2.037791e+03 -4.717139e+02 4.469133e-01
1.078776e+01 9.927471e+02 -1.341662e+02 3.077485e-01
6.628716e+00 9.685974e+02 -1.692042e+02 1.891254e-01
3.404776e+00 1.768111e+02 3.166396e+01 9.748217e-02
1.349658e+00 2.481500e+02 -1.916689e+02 3.527858e-02
0.000000e+00 0.000000e+00 0.000000e+00 0.000000e+00
2.631825e+01 3.194403e+03 -1.724739e+03 8.571537e-01
2.278167e+01 3.171574e+03 -1.224841e+03 7.399081e-01
1.846343e+01 2.122294e+03 -7.122598e+02 5.967547e-01
1.365966e+01 2.028138e+03 -4.647387e+02 4.469133e-01
9.148333e+00 9.819476e+02 -1.328324e+02 3.077485e-01
5.516378e+00 9.634974e+02 -1.664956e+02 1.891254e-01
2.735269e+00 1.729667e+02 3.048956e+01 9.748217e-02
8.666745e-01 2.470282e+02 -1.915160e+02 3.527858e-02
0.000000e+00 0.000000e+00 0.000000e+00 0.000000e+00
2.495353e+01 3.184574e+03 -1.712191e+03 8.571537e-01
2.165882e+01 3.152934e+03 -1.212363e+03 7.399081e-01
1.803476e+01 2.113224e+03 -7.034620e+02 5.967547e-01
1.400458e+01 2.013751e+03 -4.583056e+02 4.469133e-01
9.913236e+00 9.758276e+02 -1.304259e+02 3.077485e-01
6.192046e+00 9.569496e+02 -1.647742e+02 1.891254e-01
3.237258e+00 1.711813e+02 2.936768e+01 9.748217e-02
1.169366e+00 2.460007e+02 -1.942815e+02 3.527858e-02
0.000000e+00 0.000000e+00 0.000000e+00 0.000000e+00
2.325185e+01 3.168945e+03 -1.699977e+03 8.571537e-01
1.984547e+01 3.142235e+03 -1.201375e+03 7.399081e-01
1.608891e+01 2.098743e+03 -6.942266e+02 5.967547e-01
1.193289e+01 2.005097e+03 -4.536501e+02 4.469133e-01
8.081641e+00 9.645785e+02 -1.256981e+02 3.077485e-01
5.006752e+00 9.551422e+02 -1.633134e+02 1.891254e-01
2.380588e+00 1.629610e+02 3.234018e+01 9.748217e-02
1.152874e+00 2.497214e+02 -1.852714e+02 3.527858e-02
0.000000e+00 0.000000e+00 0.000000e+00 0.000000e+00
2.184005e+01 3.157975e+03 -1.687813e+03 8.571537e-01
1.855586e+01 3.127076e+03 -1.191116e+03 7.399081e-01
1.490606e+01 2.090082e+03 -6.870881e+02 5.967547e-01
1.110431e+01 1.991625e+03 -4.492232e+02 4.469133e-01
7.450073e+00 9.613658e+02 -1.237764e+02 3.077485e-01
4.291523e+00 9.457646e+02 -1.633043e+02 1.891254e-01
2.201801e+00 1.656974e+02 3.099129e+01 9.748217e-02
3.743114e-01 2.442086e+02 -1.907474e+02 3.527858e-02
0.000000e+00 0.000000e+00 0.000000e+00 0.000000e+00
1.611303e+01 3.144779e+03 -1.677151e+03 8.571537e-01
1.368036e+01 3.116833e+03 -1.182757e+03 7.399081e-01
1.121111e+01 2.078043e+03 -6.804227e+02 5.967547e-01
8.642913e+00 1.982609e+03 -4.443037e+02 4.469133e-01
5.928863e+00 9.554785e+02 -1.232379e+02 3.077485e-01
3.698004e+00 9.392130e+02 -1.636530e+02 1.891254e-01
1.738735e+00 1.689747e+02 2.717818e+01 9.748217e-02
7.289869e-01 2.392065e+02 -2.017566e+02 3.527858e-02
0.000000e+00 0.000000e+00 0.000000e+00 0.000000e+00
1.067232e+01 3.118444e+03 -1.670786e+03 8.571537e-01
9.400167e+00 3.125444e+03 -1.175818e+03 7.399081e-01
7.620895e+00 2.051836e+03 -6.743101e+02 5.967547e-01
5.487314e+00 1.992012e+03 -4.410243e+02 4.469133e-01
3.427348e+00 9.334073e+02 -1.214780e+02 3.077485e-01
1.999762e+00 9.506147e+02 -1.618238e+02 1.891254e-01
8.897343e-01 1.532434e+02 2.754005e+01 9.748217e-02
4.407718e-01 2.509030e+02 -1.911396e+02 3.527858e-02
0.000000e+00 0.000000e+00 0.000000e+00 0.000000e+00
0.000000e+00 3.117628e+03 -1.666440e+03 8.571537e-01
0.000000e+00 3.129591e+03 -1.169651e+03 7.399081e-01
0.000000e+00 2.049856e+03 -6.711972e+02 5.967547e-01
0.000000e+00 1.995553e+03 -4.387028e+02 4.469133e-01
0.000000e+00 9.291666e+02 -1.210287e+02 3.077485e-01
0.000000e+00 9.549001e+02 -1.602082e+02 1.891254e-01
0.000000e+00 1.475260e+02 2.798053e+01 9.748217e-02
0.000000e+00 2.563481e+02 -1.833056e+02 3.527858e-02
0.000000e+00 0.000000e+00 0.000000e+00 0.000000e+00
2.768168e+01 3.183600e+03 -1.380939e+03 8.571537e-01
2.331242e+01 2.253686e+03 -8.435760e+02 7.399081e-01
1.867665e+01 2.186171e+03 -5.450072e+02 5.967547e-01
1.387937e+01 1.235903e+03 -2.162582e+02 4.469133e-01
9.471759e+00 1.187126e+03 -1.733033e+02 3.077485e-01
5.762350e+00 3.991151e+02 4.556512e+01 1.891254e-01
2.982940e+00 4.665704e+02 -5.189960e+01 9.748217e-02
1.050733e+00 1.134079e+01 1.628320e+02 3.527858e-02
0.000000e+00 0.000000e+00 0.000000e+00 0.000000e+00
2.827660e+01 3.166355e+03 -1.368030e+03 8.571537e-01
2.351878e+01 2.239358e+03 -8.342625e+02 7.399081e-01
1.889909e+01 2.171826e+03 -5.378107e+02 5.967547e-01
1.411955e+01 1.227053e+03 -2.126041e+02 4.469133e-01
9.575522e+00 1.177101e+03 -1.718340e+02 3.077485e-01
5.659101e+00 3.960132e+02 4.448744e+01 1.891254e-01
2.796653e+00 4.621881e+02 -5.266974e+01 9.748217e-02
8.536850e-01 1.082991e+01 1.590352e+02 3.527858e-02
0.000000e+00 0.000000e+00 0.000000e+00 0.000000e+00
2.516537e+01 3.152566e+03 -1.356045e+03 8.571537e-01
2.140877e+01 2.221049e+03 -8.260148e+02 7.399081e-01
1.709406e+01 2.161973e+03 -5.306288e+02 5.967547e-01
1.257089e+01 1.214780e+03 -2.096865e+02 4.469133e-01
8.532651e+00 1.171760e+03 -1.690225e+02 3.077485e-01
5.221715e+00 3.911777e+02 4.354425e+01 1.891254e-01
2.771634e+00 4.602506e+02 -5.134849e+01 9.748217e-02
1.081696e+00 1.017846e+01 1.580542e+02 3.527858e-02
0.000000e+00 0.000000e+00 0.000000e+00 0.000000e+00
2.424100e+01 3.131611e+03 -1.345343e+03 8.571537e-01
2.076483e+01 2.211064e+03 -8.175709e+02 7.399081e-01
1.701979e+01 2.146340e+03 -5.237222e+02 5.967547e-01
1.282218e+01 1.208252e+03 -2.065356e+02 4.469133e-01
8.808415e+00 1.163242e+03 -1.649161e+02 3.077485e-01
5.474855e+00 3.888083e+02 4.538453e+01 1.891254e-01
2.824712e+00 4.575102e+02 -4.809233e+01 9.748217e-02
1.072932e+00 1.054512e+01 1.621292e+02 3.527858e-02
0.000000e+00 0.000000e+00 0.000000e+00 0.000000e+00
2.239656e+01 3.118018e+03 -1.335873e+03 8.571537e-01
1.899642e+01 2.196178e+03 -8.084447e+02 7.399081e-01
1.491293e+01 2.136480e+03 -5.191058e+02 5.967547e-01
1.092038e+01 1.197218e+03 -2.017032e+02 4.469133e-01
7.252120e+00 1.158901e+03 -1.651830e+02 3.077485e-01
4.037665e+00 3.802909e+02 4.492743e+01 1.891254e-01
2.002626e+00 4.599040e+02 -5.111110e+01 9.748217e-02
2.754623e-01 3.602294e+00 1.525555e+02 3.527858e-02
0.000000e+00 0.000000e+00 0.000000e+00 0.000000e+00
2.097912e+01 3.100976e+03 -1.325542e+03 8.571537e-01
1.744714e+01 2.185755e+03 -8.010319e+02 7.399081e-01
1.406460e+01 2.122742e+03 -5.140028e+02 5.967547e-01
1.030369e+01 1.192331e+03 -1.988918e+02 4.469133e-01
6.931484e+00 1.149610e+03 -1.633933e+02 3.077485e-01
4.487393e+00 3.814619e+02 4.624224e+01 1.891254e-01
2.355169e+00 4.538222e+02 -4.906244e+01 9.748217e-02
1.341076e+00 8.121570e+00 1.576003e+02 3.527858e-02
0.000000e+00 0.000000e+00 0.000000e+00 0.000000e+00
1.631636e+01 3.088890e+03 -1.317100e+03 8.571537e-01
1.337653e+01 2.172257e+03 -7.954733e+02 7.399081e-01
1.048490e+01 2.113880e+03 -5.086788e+02 5.967547e-01
7.827247e+00 1.184047e+03 -1.968715e+02 4.469133e-01
5.421007e+00 1.143189e+03 -1.599754e+02 3.077485e-01
3.246059e+00 3.811364e+02 4.957603e+01 1.891254e-01
1.758671e+00 4.474973e+02 -4.390431e+01 9.748217e-02
4.966671e-01 1.390845e+01 1.714549e+02 3.527858e-02
0.000000e+00 0.000000e+00 0.000000e+00 0.000000e+00
1.042175e+01 3.094692e+03 -1.311476e+03 8.571537e-01
8.971257e+00 2.147189e+03 -7.904285e+02 7.399081e-01
7.264079e+00 2.122320e+03 -5.048826e+02 5.967547e-01
5.119544e+00 1.163349e+03 -1.939768e+02 4.469133e-01
3.229487e+00 1.154333e+03 -1.599590e+02 3.077485e-01
1.585066e+00 3.655843e+02 4.805310e+01 1.891254e-01
6.868489e-01 4.592300e+02 -4.615285e+01 9.748217e-02
2.696550e-02 1.626878e+00 1.609154e+02 3.527858e-02
0.000000e+00 0.000000e+00 0.000000e+00 0.000000e+00
0.000000e+00 3.096928e+03 -1.305481e+03 8.571537e-01
0.000000e+00 2.145335e+03 -7.864958e+02 7.399081e-01
0.000000e+00 2.125081e+03 -5.015504e+02 5.967547e-01
0.000000e+00 1.161268e+03 -1.928849e+02 4.469133e-01
0.000000e+00 1.158862e+03 -1.594903e+02 3.077485e-01
0.000000e+00 3.624866e+02 4.603618e+01 1.891254e-01
0.000000e+00 4.650500e+02 -4.777031e+01 9.748217e-02
0.000000e+00 -3.840569e+00 1.521305e+02 3.527858e-02
0.000000e+00 0.000000e+00 0.000000e+00 0.000000e+00
2.647897e+01 2.268475e+03 -1.012489e+03 8.571537e-01
2.208660e+01 2.234607e+03 -6.539011e+02 7.399081e-01
1.761164e+01 1.423792e+03 -3.225335e+02 5.967547e-01
1.299570e+01 1.370181e+03 -2.207798e+02 4.469133e-01
8.803286e+00 6.194437e+02 -2.852708e+01 3.077485e-01
5.362710e+00 6.447862e+02 -1.051951e+02 1.891254e-01
2.714556e+00 1.041777e+02 2.628097e+01 9.748217e-02
1.002792e+00 1.676525e+02 -1.415100e+02 3.527858e-02
0.000000e+00 0.000000e+00 0.000000e+00 0.000000e+00
2.672387e+01 2.251420e+03 -1.001766e+03 8.571537e-01
2.207971e+01 2.219109e+03 -6.475247e+02 7.399081e-01
1.748806e+01 1.413412e+03 -3.175332e+02 5.967547e-01
1.284884e+01 1.359911e+03 -2.189622e+02 4.469133e-01
8.570928e+00 6.157336e+02 -2.752692e+01 3.077485e-01
5.158862e+00 6.401132e+02 -1.055676e+02 1.891254e-01
2.528615e+00 1.042589e+02 2.550239e+01 9.748217e-02
8.733647e-01 1.671249e+02 -1.415327e+02 3.527858e-02
0.000000e+00 0.000000e+00 0.000000e+00 0.000000e+00
2.371661e+01 2.231236e+03 -9.929036e+02 8.571537e-01
2.008307e+01 2.207858e+03 -6.415742e+02 7.399081e-01
1.604901e+01 1.399348e+03 -3.135506e+02 5.967547e-01
1.197091e+01 1.353867e+03 -2.163713e+02 4.469133e-01
8.163521e+00 6.089014e+02 -2.753365e+01 3.077485e-01
5.024199e+00 6.375851e+02 -1.046731e+02 1.891254e-01
2.573526e+00 1.029331e+02 2.512294e+01 9.748217e-02
9.860846e-01 1.665538e+02 -1.406099e+02 3.527858e-02
0.000000e+00 0.000000e+00 0.000000e+00 0.000000e+00
2.287922e+01 2.219495e+03 -9.862336e+02 8.571537e-01
1.957456e+01 2.191031e+03 -6.350189e+02 7.399081e-01
1.564077e+01 1.392020e+03 -3.111871e+02 5.967547e-01
1.147038e+01 1.343393e+03 -2.130276e+02 4.469133e-01
7.673790e+00 6.052112e+02 -2.817724e+01 3.077485e-01
4.691646e+00 6.323232e+02 -1.027579e+02 1.891254e-01
2.470497e+00 1.021093e+02 2.459173e+01 9.748217e-02
7.832643e-01 1.643563e+02 -1.415604e+02 3.527858e-02
0.000000e+00 0.000000e+00 0.000000e+00 0.000000e+00
2.137381e+01 2.202963e+03 -9.782541e+02 8.571537e-01
1.779330e+01 2.179279e+03 -6.296953e+02 7.399081e-01
1.427952e+01 1.381007e+03 -3.070020e+02 5.967547e-01
1.048705e+01 1.337469e+03 -2.123690e+02 4.469133e-01
7.028483e+00 5.979673e+02 -2.602791e+01 3.077485e-01
4.316230e+00 6.336268e+02 -1.026343e+02 1.891254e-01
1.973924e+00 9.608609e+01 2.553367e+01 9.748217e-02
9.728342e-01 1.704460e+02 -1.353043e+02 3.527858e-02
0.000000e+00 0.000000e+00 0.000000e+00 0.000000e+00
1.951373e+01 2.190833e+03 -9.711860e+02 8.571537e-01
1.622367e+01 2.164348e+03 -6.245647e+02 7.399081e-01
1.266103e+01 1.373957e+03 -3.038647e+02 5.967547e-01
9.310873e+00 1.327598e+03 -2.106404e+02 4.469133e-01
6.266770e+00 5.973751e+02 -2.577904e+01 3.077485e-01
3.601789e+00 6.274457e+02 -1.040701e+02 1.891254e-01
1.873633e+00 9.886740e+01 2.370183e+01 9.748217e-02
3.079825e-01 1.648505e+02 -1.389070e+02 3.527858e-02
0.000000e+00 0.000000e+00 0.000000e+00 0.000000e+00
1.577716e+01 2.175189e+03 -9.649888e+02 8.571537e-01
1.287849e+01 2.154835e+03 -6.209269e+02 7.399081e-01
1.014747e+01 1.363716e+03 -3.019666e+02 5.967547e-01
7.390960e+00 1.321270e+03 -2.088410e+02 4.469133e-01
4.807009e+00 5.935568e+02 -2.706114e+01 3.077485e-01
2.949340e+00 6.211192e+02 -1.052292e+02 1.891254e-01
1.483796e+00 1.019244e+02 2.026555e+01 9.748217e-02
5.706686e-01 1.566032e+02 -1.519301e+02 3.527858e-02
0.000000e+00 0.000000e+00 0.000000e+00 0.000000e+00
9.812065e+00 2.149843e+03 -9.611103e+02 8.571537e-01
8.348505e+00 2.160574e+03 -6.177814e+02 7.399081e-01
6.725522e+00 1.342936e+03 -2.984455e+02 5.967547e-01
5.107401e+00 1.330308e+03 -2.075238e+02 4.469133e-01
3.585082e+00 5.778525e+02 -2.435768e+01 3.077485e-01
2.365683e+00 6.325792e+02 -1.026009e+02 1.891254e-01
1.199378e+00 9.056666e+01 2.296935e+01 9.748217e-02
6.678311e-01 1.684116e+02 -1.430308e+02 3.527858e-02
0.000000e+00 0.000000e+00 0.000000e+00 0.000000e+00
0.000000e+00 2.147639e+03 -9.591229e+02 8.571537e-01
0.000000e+00 2.161791e+03 -6.139950e+02 7.399081e-01
0.000000e+00 1.341028e+03 -2.963174e+02 5.967547e-01
0.000000e+00 1.333211e+03 -2.054006e+02 4.469133e-01
0.000000e+00 5.761768e+02 -2.261778e+01 3.077485e-01
0.000000e+00 6.379324e+02 -1.000469e+02 1.891254e-01
0.000000e+00 8.690186e+01 2.521630e+01 9.748217e-02
0.000000e+00 1.749681e+02 -1.330921e+02 3.527858e-02
0.000000e+00 0.000000e+00 0.000000e+00 0.000000e+00
