0 729 0.00000e+00
  1     729
0.000000e+00 2.733882e+02 -1.312467e+02 8.571537e-01
0.000000e+00 3.624694e+02 -9.812135e+01 7.399081e-01
0.000000e+00 1.661668e+02 -3.857138e+01 5.967547e-01
0.000000e+00 2.445937e+02 -5.119709e+01 4.469133e-01
0.000000e+00 6.138397e+01 2.124134e+00 3.077485e-01
0.000000e+00 1.316850e+02 -5.311930e+01 1.891254e-01
0.000000e+00 -5.797018e+00 3.361156e+00 9.748217e-02
0.000000e+00 4.188583e+01 -7.977117e+01 3.527858e-02
0.000000e+00 0.000000e+00 0.000000e+00 0.000000e+00
3.694430e+00 2.736944e+02 -1.298527e+02 8.571537e-01
3.221417e+00 3.610776e+02 -9.915698e+01 7.399081e-01
2.538333e+00 1.671838e+02 -3.816697e+01 5.967547e-01
1.941208e+00 2.425172e+02 -5.226226e+01 4.469133e-01
1.231307e+00 6.332714e+01 1.525881e+00 3.077485e-01
7.696338e-01 1.279647e+02 -5.417986e+01 1.891254e-01
4.014363e-01 -3.200727e+00 2.223747e+00 9.748217e-02
8.472724e-02 3.672949e+01 -8.150216e+01 3.527858e-02
0.000000e+00 0.000000e+00 0.000000e+00 0.000000e+00
7.644247e+00 2.752929e+02 -1.270923e+02 8.571537e-01
6.350572e+00 3.511391e+02 -9.816429e+01 7.399081e-01
5.146076e+00 1.699133e+02 -3.720157e+01 5.967547e-01
3.990660e+00 2.338026e+02 -5.169683e+01 4.469133e-01
2.843386e+00 6.666657e+01 1.724384e+00 3.077485e-01
1.883846e+00 1.208516e+02 -5.286077e+01 1.891254e-01
9.069369e-01 -8.574865e-01 2.457240e+00 9.748217e-02
4.695184e-01 3.286053e+01 -7.648548e+01 3.527858e-02
0.000000e+00 0.000000e+00 0.000000e+00 0.000000e+00
7.240389e+00 2.701491e+02 -1.252037e+02 8.571537e-01
6.304075e+00 3.435104e+02 -9.629549e+01 7.399081e-01
5.209716e+00 1.658601e+02 -3.608928e+01 5.967547e-01
4.059280e+00 2.298966e+02 -4.992972e+01 4.469133e-01
3.000394e+00 6.239966e+01 3.366775e+00 3.077485e-01
1.979117e+00 1.227058e+02 -5.073050e+01 1.891254e-01
1.131317e+00 -6.026282e+00 4.888126e+00 9.748217e-02
4.493614e-01 4.100904e+01 -7.076404e+01 3.527858e-02
0.000000e+00 0.000000e+00 0.000000e+00 0.000000e+00
8.783903e+00 2.615732e+02 -1.238679e+02 8.571537e-01
7.464130e+00 3.383806e+02 -9.609253e+01 7.399081e-01
5.989978e+00 1.596432e+02 -3.547641e+01 5.967547e-01
4.477199e+00 2.273140e+02 -4.984789e+01 4.469133e-01
2.974212e+00 5.847070e+01 3.609366e+00 3.077485e-01
1.838112e+00 1.220928e+02 -5.134374e+01 1.891254e-01
8.828393e-01 -7.380707e+00 4.305151e+00 9.748217e-02
2.462989e-01 4.003508e+01 -7.393771e+01 3.527858e-02
0.000000e+00 0.000000e+00 0.000000e+00 0.000000e+00
1.030836e+01 2.546257e+02 -1.206707e+02 8.571537e-01
8.784250e+00 3.329712e+02 -9.356055e+01 7.399081e-01
7.145570e+00 1.553088e+02 -3.439050e+01 5.967547e-01
5.391078e+00 2.227448e+02 -4.906506e+01 4.469133e-01
3.746081e+00 5.715386e+01 3.869190e+00 3.077485e-01
2.321479e+00 1.170928e+02 -5.097453e+01 1.891254e-01
1.164114e+00 -6.076702e+00 4.220944e+00 9.748217e-02
5.190839e-01 3.401879e+01 -7.258386e+01 3.527858e-02
0.000000e+00 0.000000e+00 0.000000e+00 0.000000e+00
9.464674e+00 2.498758e+02 -1.174174e+02 8.571537e-01
7.989931e+00 3.275086e+02 -9.064757e+01 7.399081e-01
6.413487e+00 1.514628e+02 -3.280448e+01 5.967547e-01
4.848151e+00 2.194760e+02 -4.804822e+01 4.469133e-01
3.385039e+00 5.425518e+01 4.954719e+00 3.077485e-01
2.168209e+00 1.173653e+02 -5.042122e+01 1.891254e-01
1.159891e+00 -8.561924e+00 5.881352e+00 9.748217e-02
4.262641e-01 3.832995e+01 -6.979227e+01 3.527858e-02
0.000000e+00 0.000000e+00 0.000000e+00 0.000000e+00
8.885356e+00 2.459581e+02 -1.155247e+02 8.571537e-01
7.418508e+00 3.223953e+02 -8.964182e+01 7.399081e-01
5.862566e+00 1.485002e+02 -3.241253e+01 5.967547e-01
4.396990e+00 2.158839e+02 -4.791198e+01 4.469133e-01
2.839618e+00 5.298133e+01 3.376077e+00 3.077485e-01
1.596651e+00 1.155714e+02 -5.173407e+01 1.891254e-01
6.887839e-01 -8.526025e+00 3.393215e+00 9.748217e-02
1.536571e-01 3.771093e+01 -7.297887e+01 3.527858e-02
0.000000e+00 0.000000e+00 0.000000e+00 0.000000e+00
8.436582e+00 2.385346e+02 -1.136853e+02 8.571537e-01
7.137080e+00 3.201373e+02 -8.881973e+01 7.399081e-01
5.764287e+00 1.429455e+02 -3.231330e+01 5.967547e-01
4.371461e+00 2.143803e+02 -4.788780e+01 4.469133e-01
2.999563e+00 5.005314e+01 1.531852e+00 3.077485e-01
1.878946e+00 1.137297e+02 -5.302506e+01 1.891254e-01
9.511167e-01 -8.930076e+00 5.982780e-01 9.748217e-02
3.482661e-01 3.468187e+01 -7.587475e+01 3.527858e-02
0.000000e+00 0.000000e+00 0.000000e+00 0.000000e+00
0.000000e+00 3.097053e+02 -1.073700e+02 8.571537e-01
0.000000e+00 1.464853e+02 -5.217003e+01 7.399081e-01
0.000000e+00 2.283064e+02 -4.621168e+01 5.967547e-01
0.000000e+00 6.857088e+01 6.080502e+00 4.469133e-01
0.000000e+00 1.411298e+02 -1.894133e+01 3.077485e-01
0.000000e+00 6.932389e+00 4.582856e+01 1.891254e-01
0.000000e+00 6.814821e+01 -2.052286e+00 9.748217e-02
0.000000e+00 -1.313424e+01 7.859422e+01 3.527858e-02
0.000000e+00 0.000000e+00 0.000000e+00 0.000000e+00
3.034086e+00 3.090416e+02 -1.081776e+02 8.571537e-01
2.646016e+00 1.471414e+02 -5.065796e+01 7.399081e-01
2.224706e+00 2.272057e+02 -4.678239e+01 5.967547e-01
1.578615e+00 7.012952e+01 6.398134e+00 4.469133e-01
1.045743e+00 1.394431e+02 -1.967231e+01 3.077485e-01
5.700957e-01 1.012153e+01 4.518958e+01 1.891254e-01
2.281537e-01 6.578794e+01 -2.873038e+00 9.748217e-02
6.280129e-02 -8.580467e+00 7.790515e+01 3.527858e-02
0.000000e+00 0.000000e+00 0.000000e+00 0.000000e+00
5.422041e+00 2.996683e+02 -1.068306e+02 8.571537e-01
4.347313e+00 1.491629e+02 -4.949528e+01 7.399081e-01
3.470964e+00 2.192326e+02 -4.686329e+01 5.967547e-01
2.555404e+00 7.351758e+01 5.440525e+00 4.469133e-01
1.686687e+00 1.334356e+02 -2.136408e+01 3.077485e-01
9.046571e-01 1.427219e+01 4.144921e+01 1.891254e-01
4.788283e-01 6.284786e+01 -6.043417e+00 9.748217e-02
-2.761035e-02 -5.968933e+00 6.958336e+01 3.527858e-02
0.000000e+00 0.000000e+00 0.000000e+00 0.000000e+00
4.917865e+00 2.917442e+02 -1.055225e+02 8.571537e-01
4.274397e+00 1.455716e+02 -5.004528e+01 7.399081e-01
3.514358e+00 2.140341e+02 -4.697403e+01 5.967547e-01
2.656876e+00 7.002337e+01 4.700922e+00 4.469133e-01
1.935671e+00 1.318322e+02 -2.161733e+01 3.077485e-01
1.327849e+00 9.052041e+00 4.073288e+01 1.891254e-01
7.171622e-01 6.556168e+01 -6.862748e+00 9.748217e-02
3.853437e-01 -1.437415e+01 6.705801e+01 3.527858e-02
0.000000e+00 0.000000e+00 0.000000e+00 0.000000e+00
6.660106e+00 2.871528e+02 -1.059511e+02 8.571537e-01
5.791776e+00 1.399818e+02 -4.974014e+01 7.399081e-01
4.675821e+00 2.111346e+02 -4.792614e+01 5.967547e-01
3.403024e+00 6.561454e+01 5.384939e+00 4.469133e-01
2.385151e+00 1.305646e+02 -2.117892e+01 3.077485e-01
1.319042e+00 6.419185e+00 4.226908e+01 1.891254e-01
6.482621e-01 6.481341e+01 -5.464534e+00 9.748217e-02
1.985546e-01 -1.393306e+01 7.157664e+01 3.527858e-02
0.000000e+00 0.000000e+00 0.000000e+00 0.000000e+00
8.619100e+00 2.826086e+02 -1.030446e+02 8.571537e-01
7.163514e+00 1.357447e+02 -4.768443e+01 7.399081e-01
5.838356e+00 2.075775e+02 -4.705813e+01 5.967547e-01
4.256200e+00 6.395732e+01 5.159149e+00 4.469133e-01
2.812968e+00 1.276601e+02 -2.206021e+01 3.077485e-01
1.658062e+00 8.114772e+00 3.985293e+01 1.891254e-01
8.137412e-01 6.219060e+01 -8.055641e+00 9.748217e-02
1.587078e-01 -9.429646e+00 6.667290e+01 3.527858e-02
0.000000e+00 0.000000e+00 0.000000e+00 0.000000e+00
8.565783e+00 2.783980e+02 -9.852536e+01 8.571537e-01
6.832841e+00 1.327185e+02 -4.504582e+01 7.399081e-01
5.486074e+00 2.043447e+02 -4.474082e+01 5.967547e-01
4.068354e+00 6.169556e+01 5.133964e+00 4.469133e-01
2.921859e+00 1.262241e+02 -2.165129e+01 3.077485e-01
1.928325e+00 5.365354e+00 3.934086e+01 1.891254e-01
1.087998e+00 6.304320e+01 -9.149796e+00 9.748217e-02
4.925921e-01 -1.411421e+01 6.500668e+01 3.527858e-02
0.000000e+00 0.000000e+00 0.000000e+00 0.000000e+00
7.426934e+00 2.738343e+02 -9.554447e+01 8.571537e-01
6.264857e+00 1.301518e+02 -4.340651e+01 7.399081e-01
5.043071e+00 2.010553e+02 -4.395399e+01 5.967547e-01
3.755579e+00 6.033580e+01 5.921986e+00 4.469133e-01
2.631882e+00 1.244030e+02 -2.080716e+01 3.077485e-01
1.540873e+00 5.366124e+00 4.057097e+01 1.891254e-01
7.911607e-01 6.232993e+01 -7.514722e+00 9.748217e-02
2.609842e-01 -1.338731e+01 6.788779e+01 3.527858e-02
0.000000e+00 0.000000e+00 0.000000e+00 0.000000e+00
6.739333e+00 2.713288e+02 -9.373650e+01 8.571537e-01
5.601296e+00 1.246216e+02 -4.239811e+01 7.399081e-01
4.571130e+00 1.999966e+02 -4.395007e+01 5.967547e-01
3.419072e+00 5.710876e+01 6.457993e+00 4.469133e-01
2.402395e+00 1.241917e+02 -2.077129e+01 3.077485e-01
1.484244e+00 5.427032e+00 4.086537e+01 1.891254e-01
7.923845e-01 6.207820e+01 -7.023901e+00 9.748217e-02
2.917866e-01 -1.066634e+01 6.843061e+01 3.527858e-02
0.000000e+00 0.000000e+00 0.000000e+00 0.000000e+00
0.000000e+00 1.207310e+02 -6.333149e+01 8.571537e-01
0.000000e+00 1.990380e+02 -5.396349e+01 7.399081e-01
0.000000e+00 6.634456e+01 -1.674974e+01 5.967547e-01
0.000000e+00 1.383929e+02 -3.747300e+01 4.469133e-01
0.000000e+00 1.497634e+01 2.258781e+00 3.077485e-01
0.000000e+00 7.822435e+01 -5.018395e+01 1.891254e-01
0.000000e+00 -1.552502e+01 -4.093468e-01 9.748217e-02
0.000000e+00 2.692654e+01 -7.661024e+01 3.527858e-02
0.000000e+00 0.000000e+00 0.000000e+00 0.000000e+00
2.965432e+00 1.210940e+02 -6.063918e+01 8.571537e-01
2.534764e+00 1.982935e+02 -5.371312e+01 7.399081e-01
2.103228e+00 6.696281e+01 -1.515744e+01 5.967547e-01
1.759142e+00 1.369929e+02 -3.709594e+01 4.469133e-01
1.323881e+00 1.640024e+01 3.504230e+00 3.077485e-01
9.610447e-01 7.562845e+01 -4.910827e+01 1.891254e-01
5.470077e-01 -1.324491e+01 9.504479e-01 9.748217e-02
2.416733e-01 2.316948e+01 -7.447144e+01 3.527858e-02
0.000000e+00 0.000000e+00 0.000000e+00 0.000000e+00
2.714770e+00 1.223115e+02 -5.917477e+01 8.571537e-01
2.396370e+00 1.908937e+02 -5.337420e+01 7.399081e-01
1.924916e+00 6.957442e+01 -1.432111e+01 5.967547e-01
1.448640e+00 1.307249e+02 -3.600861e+01 4.469133e-01
9.909011e-01 1.957784e+01 5.609115e+00 3.077485e-01
7.824077e-01 7.111983e+01 -4.491240e+01 1.891254e-01
4.117598e-01 -1.109968e+01 4.630776e+00 9.748217e-02
3.490687e-01 2.145523e+01 -6.474867e+01 3.527858e-02
0.000000e+00 0.000000e+00 0.000000e+00 0.000000e+00
3.101416e+00 1.189560e+02 -6.090444e+01 8.571537e-01
2.705433e+00 1.856107e+02 -5.477281e+01 7.399081e-01
2.091802e+00 6.753321e+01 -1.635144e+01 5.967547e-01
1.459307e+00 1.285349e+02 -3.759285e+01 4.469133e-01
8.471020e-01 1.726664e+01 4.215599e+00 3.077485e-01
3.488953e-01 7.330615e+01 -4.617096e+01 1.891254e-01
9.909198e-02 -1.493523e+01 3.289923e+00 9.748217e-02
-1.979760e-01 2.853443e+01 -6.521857e+01 3.527858e-02
0.000000e+00 0.000000e+00 0.000000e+00 0.000000e+00
5.406595e+00 1.149567e+02 -6.057948e+01 8.571537e-01
4.558935e+00 1.830869e+02 -5.588145e+01 7.399081e-01
3.654202e+00 6.401075e+01 -1.704227e+01 5.967547e-01
2.734542e+00 1.277709e+02 -3.965952e+01 4.469133e-01
1.831638e+00 1.485001e+01 2.758045e+00 3.077485e-01
1.238234e+00 7.339567e+01 -4.894832e+01 1.891254e-01
6.536371e-01 -1.535225e+01 9.520482e-01 9.748217e-02
3.473398e-01 2.737404e+01 -7.062994e+01 3.527858e-02
0.000000e+00 0.000000e+00 0.000000e+00 0.000000e+00
6.989254e+00 1.113609e+02 -5.799430e+01 8.571537e-01
5.866746e+00 1.801174e+02 -5.349699e+01 7.399081e-01
4.725955e+00 6.173552e+01 -1.534421e+01 5.967547e-01
3.549878e+00 1.252880e+02 -3.810942e+01 4.469133e-01
2.483115e+00 1.486382e+01 4.714802e+00 3.077485e-01
1.568588e+00 7.070972e+01 -4.546222e+01 1.891254e-01
8.602970e-01 -1.333963e+01 4.733240e+00 9.748217e-02
4.335112e-01 2.387228e+01 -6.440118e+01 3.527858e-02
0.000000e+00 0.000000e+00 0.000000e+00 0.000000e+00
7.311769e+00 1.079259e+02 -5.397337e+01 8.571537e-01
5.930991e+00 1.770402e+02 -4.979159e+01 7.399081e-01
4.535115e+00 5.976206e+01 -1.413058e+01 5.967547e-01
3.317369e+00 1.237142e+02 -3.655721e+01 4.469133e-01
2.235528e+00 1.390057e+01 4.678534e+00 3.077485e-01
1.359487e+00 7.168132e+01 -4.508340e+01 1.891254e-01
6.337467e-01 -1.481072e+01 4.384757e+00 9.748217e-02
8.447635e-02 2.787048e+01 -6.486053e+01 3.527858e-02
0.000000e+00 0.000000e+00 0.000000e+00 0.000000e+00
5.665991e+00 1.045086e+02 -5.089742e+01 8.571537e-01
4.684307e+00 1.729698e+02 -4.803691e+01 7.399081e-01
3.909836e+00 5.771255e+01 -1.327743e+01 5.967547e-01
3.002738e+00 1.212511e+02 -3.649871e+01 4.469133e-01
2.124688e+00 1.300113e+01 4.681924e+00 3.077485e-01
1.424057e+00 7.019023e+01 -4.590868e+01 1.891254e-01
7.945730e-01 -1.494725e+01 3.175889e+00 9.748217e-02
3.893070e-01 2.662984e+01 -6.729556e+01 3.527858e-02
0.000000e+00 0.000000e+00 0.000000e+00 0.000000e+00
4.947879e+00 9.823602e+01 -4.971166e+01 8.571537e-01
4.161496e+00 1.707630e+02 -4.762528e+01 7.399081e-01
3.319648e+00 5.314725e+01 -1.247481e+01 5.967547e-01
2.503247e+00 1.201194e+02 -3.647332e+01 4.469133e-01
1.699467e+00 1.041050e+01 5.770585e+00 3.077485e-01
1.064985e+00 6.868089e+01 -4.508878e+01 1.891254e-01
5.389774e-01 -1.537128e+01 4.602911e+00 9.748217e-02
1.926127e-01 2.409523e+01 -6.594499e+01 3.527858e-02
0.000000e+00 0.000000e+00 0.000000e+00 0.000000e+00
0.000000e+00 1.663445e+02 -5.367530e+01 8.571537e-01
0.000000e+00 5.570665e+01 -2.059838e+01 7.399081e-01
0.000000e+00 1.260530e+02 -2.515035e+01 5.967547e-01
0.000000e+00 1.887029e+01 1.396066e+01 4.469133e-01
0.000000e+00 8.286195e+01 -1.190856e+01 3.077485e-01
0.000000e+00 -7.628725e+00 4.436660e+01 1.891254e-01
0.000000e+00 4.482155e+01 -1.045875e+00 9.748217e-02
0.000000e+00 -1.170717e+01 7.292408e+01 3.527858e-02
0.000000e+00 0.000000e+00 0.000000e+00 0.000000e+00
2.860481e+00 1.664115e+02 -5.302517e+01 8.571537e-01
2.323840e+00 5.618133e+01 -1.829826e+01 7.399081e-01
1.884879e+00 1.253406e+02 -2.524393e+01 5.967547e-01
1.297255e+00 1.961936e+01 1.440568e+01 4.469133e-01
8.689317e-01 8.122721e+01 -1.271706e+01 3.077485e-01
4.126614e-01 -5.819005e+00 4.310287e+01 1.891254e-01
1.324490e-01 4.244126e+01 -3.217420e+00 9.748217e-02
-2.274410e-02 -8.828736e+00 6.985419e+01 3.527858e-02
0.000000e+00 0.000000e+00 0.000000e+00 0.000000e+00
7.993370e-01 1.606581e+02 -5.371917e+01 8.571537e-01
8.386099e-01 5.885615e+01 -1.801151e+01 7.399081e-01
7.509087e-01 1.198873e+02 -2.616759e+01 5.967547e-01
5.068082e-01 2.276164e+01 1.322185e+01 4.469133e-01
3.564815e-01 7.676845e+01 -1.464833e+01 3.077485e-01
9.545110e-02 -3.207211e+00 3.889824e+01 1.891254e-01
1.164015e-01 3.987800e+01 -7.028093e+00 9.748217e-02
-1.085100e-01 -8.333808e+00 6.001930e+01 3.527858e-02
0.000000e+00 0.000000e+00 0.000000e+00 0.000000e+00
1.806348e+00 1.559529e+02 -5.581641e+01 8.571537e-01
1.588805e+00 5.762824e+01 -2.037949e+01 7.399081e-01
1.356902e+00 1.170504e+02 -2.740270e+01 5.967547e-01
1.116325e+00 2.163089e+01 1.282386e+01 4.469133e-01
9.042811e-01 7.689729e+01 -1.425186e+01 3.077485e-01
7.524800e-01 -6.135453e+00 4.030135e+01 1.891254e-01
4.932866e-01 4.305993e+01 -4.912365e+00 9.748217e-02
4.344452e-01 -1.453991e+01 6.214092e+01 3.527858e-02
0.000000e+00 0.000000e+00 0.000000e+00 0.000000e+00
4.193593e+00 1.531951e+02 -5.576148e+01 8.571537e-01
3.596617e+00 5.466878e+01 -1.995365e+01 7.399081e-01
2.968665e+00 1.159951e+02 -2.797475e+01 5.967547e-01
2.176284e+00 1.924777e+01 1.345828e+01 4.469133e-01
1.477664e+00 7.712962e+01 -1.386109e+01 3.077485e-01
7.767308e-01 -7.277373e+00 4.257657e+01 1.891254e-01
3.458903e-01 4.285356e+01 -3.474836e+00 9.748217e-02
-5.219583e-02 -1.333697e+01 6.695174e+01 3.527858e-02
0.000000e+00 0.000000e+00 0.000000e+00 0.000000e+00
5.905182e+00 1.508474e+02 -5.307330e+01 8.571537e-01
4.706257e+00 5.243789e+01 -1.792787e+01 7.399081e-01
3.726887e+00 1.140405e+02 -2.705742e+01 5.967547e-01
2.707880e+00 1.834778e+01 1.295724e+01 4.469133e-01
1.778204e+00 7.492242e+01 -1.493282e+01 3.077485e-01
1.047219e+00 -6.524708e+00 4.001427e+01 1.891254e-01
5.076294e-01 3.997623e+01 -6.601153e+00 9.748217e-02
1.288978e-01 -1.127271e+01 6.119497e+01 3.527858e-02
0.000000e+00 0.000000e+00 0.000000e+00 0.000000e+00
5.792289e+00 1.478957e+02 -4.873517e+01 8.571537e-01
4.497163e+00 4.972194e+01 -1.555586e+01 7.399081e-01
3.670732e+00 1.117291e+02 -2.413253e+01 5.967547e-01
2.781723e+00 1.682788e+01 1.400890e+01 4.469133e-01
2.110221e+00 7.380759e+01 -1.235451e+01 3.077485e-01
1.453153e+00 -8.443718e+00 4.163441e+01 1.891254e-01
9.229483e-01 4.084314e+01 -3.498599e+00 9.748217e-02
5.203664e-01 -1.477763e+01 6.392018e+01 3.527858e-02
0.000000e+00 0.000000e+00 0.000000e+00 0.000000e+00
3.180347e+00 1.425212e+02 -4.714351e+01 8.571537e-01
2.997892e+00 4.686256e+01 -1.425031e+01 7.399081e-01
2.470371e+00 1.083817e+02 -2.339042e+01 5.967547e-01
1.849895e+00 1.526932e+01 1.525081e+01 4.469133e-01
1.222979e+00 7.203334e+01 -1.142461e+01 3.077485e-01
6.582870e-01 -8.675024e+00 4.334694e+01 1.891254e-01
2.582520e-01 4.021151e+01 -2.231701e+00 9.748217e-02
-6.862675e-02 -1.370818e+01 6.599611e+01 3.527858e-02
0.000000e+00 0.000000e+00 0.000000e+00 0.000000e+00
3.193974e+00 1.395916e+02 -4.804770e+01 8.571537e-01
2.661278e+00 4.234363e+01 -1.419093e+01 7.399081e-01
2.200371e+00 1.070782e+02 -2.439046e+01 5.967547e-01
1.622288e+00 1.213326e+01 1.540659e+01 4.469133e-01
1.160368e+00 7.137563e+01 -1.274112e+01 3.077485e-01
7.077101e-01 -9.387962e+00 4.293573e+01 1.891254e-01
3.890840e-01 3.937708e+01 -4.527843e+00 9.748217e-02
1.524940e-01 -1.223046e+01 6.400954e+01 3.527858e-02
0.000000e+00 0.000000e+00 0.000000e+00 0.000000e+00
0.000000e+00 4.308663e+01 -2.639024e+01 8.571537e-01
0.000000e+00 1.067592e+02 -2.840625e+01 7.399081e-01
0.000000e+00 1.682963e+01 -3.956793e+00 5.967547e-01
0.000000e+00 7.752079e+01 -2.803448e+01 4.469133e-01
0.000000e+00 -5.854943e+00 4.787792e+00 3.077485e-01
0.000000e+00 4.715116e+01 -4.495260e+01 1.891254e-01
0.000000e+00 -1.750076e+01 1.148736e+00 9.748217e-02
0.000000e+00 1.789372e+01 -6.983153e+01 3.527858e-02
0.000000e+00 0.000000e+00 0.000000e+00 0.000000e+00
3.340461e+00 4.353351e+01 -2.204463e+01 8.571537e-01
2.674254e+00 1.067520e+02 -2.728042e+01 7.399081e-01
2.098066e+00 1.747160e+01 -1.894910e+00 5.967547e-01
1.692190e+00 7.703204e+01 -2.710079e+01 4.469133e-01
1.185950e+00 -4.486240e+00 6.252356e+00 3.077485e-01
7.973809e-01 4.553179e+01 -4.340125e+01 1.891254e-01
4.482255e-01 -1.531789e+01 3.288402e+00 9.748217e-02
2.383815e-01 1.571873e+01 -6.651796e+01 3.527858e-02
0.000000e+00 0.000000e+00 0.000000e+00 0.000000e+00
-5.105145e-02 4.706891e+01 -2.045169e+01 8.571537e-01
1.692842e-01 1.028366e+02 -2.701154e+01 7.399081e-01
1.769436e-01 2.091484e+01 -8.303307e-01 5.967547e-01
1.776727e-01 7.331932e+01 -2.576457e+01 4.469133e-01
7.627511e-02 -1.346828e+00 7.803242e+00 3.077485e-01
1.364108e-01 4.287318e+01 -3.940359e+01 1.891254e-01
-1.507120e-02 -1.333926e+01 6.613294e+00 9.748217e-02
1.316113e-01 1.587725e+01 -5.716065e+01 3.527858e-02
0.000000e+00 0.000000e+00 0.000000e+00 0.000000e+00
3.915637e-01 4.690855e+01 -2.396816e+01 8.571537e-01
4.890931e-01 1.002054e+02 -2.934363e+01 7.399081e-01
4.808379e-01 2.076207e+01 -2.674276e+00 5.967547e-01
3.546005e-01 7.226131e+01 -2.746298e+01 4.469133e-01
2.331067e-01 -2.868187e+00 6.479568e+00 3.077485e-01
1.243449e-01 4.460067e+01 -4.085473e+01 1.891254e-01
7.458133e-02 -1.683817e+01 4.624939e+00 9.748217e-02
-1.968129e-01 2.089480e+01 -5.984045e+01 3.527858e-02
0.000000e+00 0.000000e+00 0.000000e+00 0.000000e+00
3.133123e+00 4.438507e+01 -2.367980e+01 8.571537e-01
2.563751e+00 9.841190e+01 -2.986418e+01 7.399081e-01
2.057379e+00 1.822249e+01 -2.647604e+00 5.967547e-01
1.685174e+00 7.187852e+01 -2.847114e+01 4.469133e-01
1.148114e+00 -4.787004e+00 5.981451e+00 3.077485e-01
7.676992e-01 4.449128e+01 -4.272022e+01 1.891254e-01
3.999618e-01 -1.715800e+01 3.656490e+00 9.748217e-02
3.095871e-01 1.935640e+01 -6.384187e+01 3.527858e-02
0.000000e+00 0.000000e+00 0.000000e+00 0.000000e+00
4.978071e+00 4.223518e+01 -2.068717e+01 8.571537e-01
3.934030e+00 9.656088e+01 -2.740951e+01 7.399081e-01
3.073410e+00 1.672289e+01 -1.069039e+00 5.967547e-01
2.241519e+00 7.046347e+01 -2.683272e+01 4.469133e-01
1.496163e+00 -4.272856e+00 6.844382e+00 3.077485e-01
8.379397e-01 4.297167e+01 -4.089504e+01 1.891254e-01
3.979173e-01 -1.498005e+01 5.904068e+00 9.748217e-02
1.356778e-01 1.790677e+01 -5.915041e+01 3.527858e-02
0.000000e+00 0.000000e+00 0.000000e+00 0.000000e+00
3.532153e+00 3.922704e+01 -1.845154e+01 8.571537e-01
3.032659e+00 9.484019e+01 -2.525713e+01 7.399081e-01
2.275430e+00 1.529619e+01 -9.033427e-01 5.967547e-01
1.671319e+00 6.925534e+01 -2.597715e+01 4.469133e-01
1.061147e+00 -5.128817e+00 5.294991e+00 3.077485e-01
6.764725e-01 4.336168e+01 -4.176096e+01 1.891254e-01
2.874592e-01 -1.665422e+01 2.782332e+00 9.748217e-02
-1.826907e-02 2.028598e+01 -6.248957e+01 3.527858e-02
0.000000e+00 0.000000e+00 0.000000e+00 0.000000e+00
1.300915e+00 3.710273e+01 -1.919177e+01 8.571537e-01
1.296586e+00 9.177165e+01 -2.583878e+01 7.399081e-01
1.253837e+00 1.390226e+01 -1.162701e+00 5.967547e-01
9.884039e-01 6.721284e+01 -2.661963e+01 4.469133e-01
7.089483e-01 -6.097853e+00 5.098300e+00 3.077485e-01
4.516082e-01 4.185049e+01 -4.243559e+01 1.891254e-01
2.635232e-01 -1.709962e+01 2.448392e+00 9.748217e-02
2.409745e-01 1.881616e+01 -6.306480e+01 3.527858e-02
0.000000e+00 0.000000e+00 0.000000e+00 0.000000e+00
1.599994e+00 3.372218e+01 -2.074193e+01 8.571537e-01
1.483209e+00 9.056517e+01 -2.735949e+01 7.399081e-01
1.209115e+00 1.102792e+01 -1.253132e+00 5.967547e-01
9.601850e-01 6.696223e+01 -2.751282e+01 4.469133e-01
6.298479e-01 -7.667159e+00 5.935329e+00 3.077485e-01
3.901211e-01 4.116205e+01 -4.247597e+01 1.891254e-01
1.777160e-01 -1.696694e+01 4.923808e+00 9.748217e-02
5.726445e-02 1.770086e+01 -6.061635e+01 3.527858e-02
0.000000e+00 0.000000e+00 0.000000e+00 0.000000e+00
0.000000e+00 8.676991e+01 -2.399343e+01 8.571537e-01
0.000000e+00 1.176058e+01 -3.514407e+00 7.399081e-01
0.000000e+00 6.788457e+01 -1.288568e+01 5.967547e-01
0.000000e+00 -4.456575e+00 1.892942e+01 4.469133e-01
0.000000e+00 4.742329e+01 -7.557553e+00 3.077485e-01
0.000000e+00 -1.427514e+01 4.338310e+01 1.891254e-01
0.000000e+00 2.858931e+01 -5.711879e-01 9.748217e-02
0.000000e+00 -1.053987e+01 6.807625e+01 3.527858e-02
0.000000e+00 0.000000e+00 0.000000e+00 0.000000e+00
3.409572e+00 8.669637e+01 -2.202410e+01 8.571537e-01
2.504102e+00 1.171329e+01 -2.681010e-01 7.399081e-01
2.070633e+00 6.756816e+01 -1.206393e+01 5.967547e-01
1.436312e+00 -3.989688e+00 1.976027e+01 4.469133e-01
9.651064e-01 4.643714e+01 -7.987056e+00 3.077485e-01
4.999059e-01 -1.269756e+01 4.239007e+01 1.891254e-01
1.989258e-01 2.670773e+01 -2.673506e+00 9.748217e-02
-1.014906e-02 -8.952725e+00 6.474130e+01 3.527858e-02
0.000000e+00 0.000000e+00 0.000000e+00 0.000000e+00
5.595387e-01 8.405108e+01 -2.027689e+01 8.571537e-01
4.280128e-01 1.510345e+01 1.860247e+00 7.399081e-01
3.314250e-01 6.450784e+01 -1.149864e+01 5.967547e-01
1.555422e-01 -8.410560e-01 1.930600e+01 4.469133e-01
1.441892e-01 4.380373e+01 -9.074173e+00 3.077485e-01
-3.100864e-03 -1.034022e+01 3.871377e+01 1.891254e-01
7.284489e-02 2.510566e+01 -5.928334e+00 9.748217e-02
-9.562017e-02 -9.686254e+00 5.586740e+01 3.527858e-02
0.000000e+00 0.000000e+00 0.000000e+00 0.000000e+00
-7.854839e-01 8.232579e+01 -2.240846e+01 8.571537e-01
-3.260481e-01 1.600461e+01 -5.918837e-02 7.399081e-01
-1.211854e-01 6.317588e+01 -1.255208e+01 5.967547e-01
1.622861e-02 -9.823800e-01 1.909262e+01 4.469133e-01
4.560531e-02 4.428586e+01 -9.115155e+00 3.077485e-01
6.860498e-02 -1.264417e+01 3.954993e+01 1.891254e-01
1.954092e-02 2.780768e+01 -4.112598e+00 9.748217e-02
2.291309e-01 -1.405505e+01 5.923579e+01 3.527858e-02
0.000000e+00 0.000000e+00 0.000000e+00 0.000000e+00
1.662169e+00 7.954066e+01 -2.396054e+01 8.571537e-01
1.220468e+00 1.370760e+01 -1.040513e+00 7.399081e-01
1.047507e+00 6.219304e+01 -1.330966e+01 5.967547e-01
6.670666e-01 -3.189543e+00 1.935010e+01 4.469133e-01
4.767763e-01 4.404779e+01 -9.099642e+00 3.077485e-01
2.503616e-01 -1.380482e+01 4.113039e+01 1.891254e-01
1.389130e-01 2.728798e+01 -3.121234e+00 9.748217e-02
-1.293955e-01 -1.274050e+01 6.325219e+01 3.527858e-02
0.000000e+00 0.000000e+00 0.000000e+00 0.000000e+00
3.826198e+00 7.690450e+01 -2.168068e+01 8.571537e-01
3.045455e+00 1.150761e+01 2.583718e-01 7.399081e-01
2.471485e+00 6.058778e+01 -1.207042e+01 5.967547e-01
1.923428e+00 -4.100905e+00 1.951027e+01 4.469133e-01
1.383357e+00 4.219189e+01 -9.063761e+00 3.077485e-01
9.409669e-01 -1.301700e+01 4.042290e+01 1.891254e-01
5.294057e-01 2.523617e+01 -4.524691e+00 9.748217e-02
2.345681e-01 -1.182720e+01 5.960670e+01 3.527858e-02
0.000000e+00 0.000000e+00 0.000000e+00 0.000000e+00
2.990818e+00 7.636785e+01 -1.861845e+01 8.571537e-01
2.227144e+00 9.937675e+00 1.845374e+00 7.399081e-01
1.716758e+00 5.954646e+01 -1.015449e+01 5.967547e-01
1.120888e+00 -4.754137e+00 2.029441e+01 4.469133e-01
8.554793e-01 4.190688e+01 -6.891434e+00 3.077485e-01
4.468170e-01 -1.393556e+01 4.141654e+01 1.891254e-01
2.549805e-01 2.654660e+01 -1.410797e+00 9.748217e-02
1.817886e-01 -1.359659e+01 6.291360e+01 3.527858e-02
0.000000e+00 0.000000e+00 0.000000e+00 0.000000e+00
2.501154e-01 7.512627e+01 -1.921942e+01 8.571537e-01
6.003014e-01 1.008270e+01 1.367586e+00 7.399081e-01
5.728000e-01 5.847103e+01 -1.076320e+01 5.967547e-01
5.235337e-01 -4.576939e+00 2.039556e+01 4.469133e-01
3.235301e-01 4.169067e+01 -7.668518e+00 3.077485e-01
1.377203e-01 -1.337621e+01 4.065588e+01 1.891254e-01
3.942943e-02 2.650320e+01 -2.390311e+00 9.748217e-02
-1.421424e-01 -1.248251e+01 6.192863e+01 3.527858e-02
0.000000e+00 0.000000e+00 0.000000e+00 0.000000e+00
7.209314e-01 7.477288e+01 -2.154265e+01 8.571537e-01
7.126281e-01 8.651691e+00 2.211868e-01 7.399081e-01
6.964496e-01 5.885641e+01 -1.229241e+01 5.967547e-01
5.245003e-01 -5.778715e+00 2.025777e+01 4.469133e-01
4.330069e-01 4.217189e+01 -9.888704e+00 3.077485e-01
2.672039e-01 -1.326526e+01 3.981548e+01 1.891254e-01
1.593628e-01 2.611761e+01 -5.794510e+00 9.748217e-02
6.159540e-02 -1.204786e+01 5.900697e+01 3.527858e-02
0.000000e+00 0.000000e+00 0.000000e+00 0.000000e+00
0.000000e+00 6.838789e+00 -9.980087e+00 8.571537e-01
0.000000e+00 5.611172e+01 -1.747136e+01 7.399081e-01
0.000000e+00 -3.958139e+00 -1.995082e-01 5.967547e-01
0.000000e+00 4.347912e+01 -2.589514e+01 4.469133e-01
0.000000e+00 -1.279455e+01 2.888526e+00 3.077485e-01
0.000000e+00 2.912084e+01 -4.486134e+01 1.891254e-01
0.000000e+00 -1.590352e+01 -8.576400e-01 9.748217e-02
0.000000e+00 1.214451e+01 -6.716302e+01 3.527858e-02
0.000000e+00 0.000000e+00 0.000000e+00 0.000000e+00
2.964568e+00 5.837945e+00 -6.243223e+00 8.571537e-01
2.269289e+00 5.561443e+01 -1.642374e+01 7.399081e-01
1.714666e+00 -4.438278e+00 2.033519e+00 5.967547e-01
1.441682e+00 4.270396e+01 -2.444511e+01 4.469133e-01
1.075820e+00 -1.223966e+01 4.638626e+00 3.077485e-01
7.568325e-01 2.757451e+01 -4.302581e+01 1.891254e-01
4.793985e-01 -1.424513e+01 1.589671e+00 9.748217e-02
2.596975e-01 1.110488e+01 -6.365823e+01 3.527858e-02
0.000000e+00 0.000000e+00 0.000000e+00 0.000000e+00
1.369881e+00 8.103220e+00 -2.112876e+00 8.571537e-01
1.101502e+00 5.250989e+01 -1.422942e+01 7.399081e-01
8.632002e-01 -2.112849e+00 4.488826e+00 5.967547e-01
7.496952e-01 3.988296e+01 -2.148184e+01 4.469133e-01
5.246577e-01 -9.990459e+00 6.742936e+00 3.077485e-01
4.180750e-01 2.554800e+01 -3.854184e+01 1.891254e-01
1.848474e-01 -1.281642e+01 5.188792e+00 9.748217e-02
1.924766e-01 1.238471e+01 -5.502896e+01 3.527858e-02
0.000000e+00 0.000000e+00 0.000000e+00 0.000000e+00
-1.370835e+00 9.858628e+00 -3.614605e+00 8.571537e-01
-9.780685e-01 5.137175e+01 -1.530429e+01 7.399081e-01
-6.518373e-01 -1.069456e+00 3.457907e+00 5.967547e-01
-5.356517e-01 3.995170e+01 -2.271282e+01 4.469133e-01
-3.972152e-01 -1.034400e+01 5.077001e+00 3.077485e-01
-3.130130e-01 2.781066e+01 -4.067490e+01 1.891254e-01
-1.924078e-01 -1.507024e+01 2.332266e+00 9.748217e-02
-3.127607e-01 1.602358e+01 -5.970079e+01 3.527858e-02
0.000000e+00 0.000000e+00 0.000000e+00 0.000000e+00
-5.550296e-01 8.119587e+00 -7.097434e+00 8.571537e-01
-1.611753e-01 5.026634e+01 -1.794540e+01 7.399081e-01
-1.080343e-01 -2.520586e+00 1.538392e+00 5.967547e-01
-2.963174e-02 4.019791e+01 -2.488622e+01 4.469133e-01
-6.683170e-02 -1.124928e+01 3.453548e+00 3.077485e-01
2.797262e-02 2.817740e+01 -4.331785e+01 1.891254e-01
-4.799949e-02 -1.489960e+01 1.028201e-01 9.748217e-02
1.747164e-01 1.446436e+01 -6.412759e+01 3.527858e-02
0.000000e+00 0.000000e+00 0.000000e+00 0.000000e+00
2.748680e+00 5.572221e+00 -7.157823e+00 8.571537e-01
2.065944e+00 4.858706e+01 -1.760240e+01 7.399081e-01
1.591860e+00 -4.128198e+00 1.289352e+00 5.967547e-01
1.084039e+00 3.857594e+01 -2.453516e+01 4.469133e-01
7.264682e-01 -1.144112e+01 3.678522e+00 3.077485e-01
3.701944e-01 2.604204e+01 -4.261644e+01 1.891254e-01
1.621254e-01 -1.402401e+01 1.617226e+00 9.748217e-02
2.742280e-02 1.358415e+01 -6.039076e+01 3.527858e-02
0.000000e+00 0.000000e+00 0.000000e+00 0.000000e+00
2.598239e+00 3.801816e+00 -4.439548e+00 8.571537e-01
2.074332e+00 4.819932e+01 -1.607590e+01 7.399081e-01
1.420709e+00 -4.942986e+00 1.550830e+00 5.967547e-01
1.114577e+00 3.794933e+01 -2.386295e+01 4.469133e-01
6.806076e-01 -1.217651e+01 2.277495e+00 3.077485e-01
5.104140e-01 2.627266e+01 -4.324032e+01 1.891254e-01
2.586370e-01 -1.553685e+01 -1.031702e+00 9.748217e-02
1.241383e-03 1.466465e+01 -6.351222e+01 3.527858e-02
0.000000e+00 0.000000e+00 0.000000e+00 0.000000e+00
6.223466e-01 4.548093e+00 -3.718357e+00 8.571537e-01
6.173496e-01 4.740981e+01 -1.569553e+01 7.399081e-01
7.306888e-01 -4.379321e+00 2.268075e+00 5.967547e-01
6.422426e-01 3.755713e+01 -2.339434e+01 4.469133e-01
6.230047e-01 -1.200401e+01 3.554885e+00 3.077485e-01
4.781902e-01 2.607793e+01 -4.200968e+01 1.891254e-01
3.038650e-01 -1.516303e+01 2.096041e-01 9.748217e-02
2.619604e-01 1.393044e+01 -6.176336e+01 3.527858e-02
0.000000e+00 0.000000e+00 0.000000e+00 0.000000e+00
4.362159e-01 4.598010e+00 -4.749506e+00 8.571537e-01
5.083397e-01 4.792076e+01 -1.640051e+01 7.399081e-01
3.961638e-01 -5.224648e+00 2.687567e+00 5.967547e-01
3.469497e-01 3.805915e+01 -2.380923e+01 4.469133e-01
2.112871e-01 -1.269937e+01 5.695083e+00 3.077485e-01
1.498035e-01 2.588133e+01 -4.147003e+01 1.891254e-01
8.262429e-02 -1.475259e+01 3.702805e+00 9.748217e-02
3.736778e-02 1.406142e+01 -5.857095e+01 3.527858e-02
0.000000e+00 0.000000e+00 0.000000e+00 0.000000e+00
0.000000e+00 4.523289e+01 -1.150986e+01 8.571537e-01
0.000000e+00 -4.931455e+00 3.829180e+00 7.399081e-01
0.000000e+00 3.707020e+01 -6.799871e+00 5.967547e-01
0.000000e+00 -1.086439e+01 2.192746e+01 4.469133e-01
0.000000e+00 2.885292e+01 -3.661617e+00 3.077485e-01
0.000000e+00 -1.312649e+01 4.417981e+01 1.891254e-01
0.000000e+00 1.993098e+01 1.022539e+00 9.748217e-02
0.000000e+00 -7.871173e+00 6.575024e+01 3.527858e-02
0.000000e+00 0.000000e+00 0.000000e+00 0.000000e+00
1.869986e+00 4.489487e+01 -1.175124e+01 8.571537e-01
1.173133e+00 -5.662985e+00 5.242626e+00 7.399081e-01
7.985039e-01 3.681268e+01 -7.145835e+00 5.967547e-01
3.872114e-01 -1.103127e+01 2.177783e+01 4.469133e-01
1.223118e-01 2.772574e+01 -4.935682e+00 3.077485e-01
-9.962238e-02 -1.230534e+01 4.241410e+01 1.891254e-01
-1.478423e-01 1.804893e+01 -1.367220e+00 9.748217e-02
-1.513332e-01 -7.456544e+00 6.229081e+01 3.527858e-02
0.000000e+00 0.000000e+00 0.000000e+00 0.000000e+00
1.813386e+00 4.199698e+01 -9.978100e+00 8.571537e-01
1.358222e+00 -3.851151e+00 7.153119e+00 7.399081e-01
1.186092e+00 3.423299e+01 -6.469783e+00 5.967547e-01
8.870474e-01 -9.277132e+00 2.075371e+01 4.469133e-01
6.906222e-01 2.517176e+01 -6.155459e+00 3.077485e-01
3.521393e-01 -1.102660e+01 3.833229e+01 1.891254e-01
2.323504e-01 1.642465e+01 -4.541008e+00 9.748217e-02
-3.521050e-02 -9.306096e+00 5.438120e+01 3.527858e-02
0.000000e+00 0.000000e+00 0.000000e+00 0.000000e+00
-1.363657e+00 4.038931e+01 -9.440928e+00 8.571537e-01
-8.592867e-01 -2.785290e+00 7.398369e+00 7.399081e-01
-5.314044e-01 3.321806e+01 -5.537470e+00 5.967547e-01
-2.245692e-01 -9.321386e+00 2.211193e+01 4.469133e-01
2.382949e-02 2.556211e+01 -3.832493e+00 3.077485e-01
2.304579e-01 -1.289223e+01 4.167904e+01 1.891254e-01
2.148843e-01 1.859760e+01 -6.449388e-01 9.748217e-02
3.760232e-01 -1.207716e+01 6.052916e+01 3.527858e-02
0.000000e+00 0.000000e+00 0.000000e+00 0.000000e+00
-1.523431e+00 3.985720e+01 -1.291685e+01 8.571537e-01
-1.152940e+00 -3.438956e+00 5.109343e+00 7.399081e-01
-6.887342e-01 3.323565e+01 -6.480341e+00 5.967547e-01
-5.220785e-01 -1.028714e+01 2.254251e+01 4.469133e-01
-2.919058e-01 2.599875e+01 -2.915450e+00 3.077485e-01
-2.805451e-01 -1.332589e+01 4.401488e+01 1.891254e-01
-1.431500e-01 1.853023e+01 1.675416e+00 9.748217e-02
-2.421695e-01 -1.031783e+01 6.472632e+01 3.527858e-02
0.000000e+00 0.000000e+00 0.000000e+00 0.000000e+00
1.810414e+00 3.921191e+01 -1.368303e+01 8.571537e-01
1.400540e+00 -4.355217e+00 3.970128e+00 7.399081e-01
9.923365e-01 3.285809e+01 -7.180453e+00 5.967547e-01
7.242441e-01 -1.002703e+01 2.137659e+01 4.469133e-01
4.227563e-01 2.539571e+01 -4.611229e+00 3.077485e-01
2.882344e-01 -1.178499e+01 4.184393e+01 1.891254e-01
1.414914e-01 1.766816e+01 -1.151244e+00 9.748217e-02
6.320780e-02 -9.916722e+00 5.971508e+01 3.527858e-02
0.000000e+00 0.000000e+00 0.000000e+00 0.000000e+00
2.326910e+00 3.867641e+01 -1.117953e+01 8.571537e-01
1.660260e+00 -5.780977e+00 5.680158e+00 7.399081e-01
1.421345e+00 3.242548e+01 -5.821537e+00 5.967547e-01
9.662747e-01 -1.048359e+01 2.195543e+01 4.469133e-01
8.319789e-01 2.544046e+01 -2.683771e+00 3.077485e-01
5.011766e-01 -1.238481e+01 4.286215e+01 1.891254e-01
3.399859e-01 1.881807e+01 1.363838e+00 9.748217e-02
2.186388e-01 -1.064025e+01 6.285974e+01 3.527858e-02
0.000000e+00 0.000000e+00 0.000000e+00 0.000000e+00
9.372333e-01 3.757443e+01 -1.012973e+01 8.571537e-01
8.340992e-01 -5.480251e+00 6.305919e+00 7.399081e-01
5.392473e-01 3.135874e+01 -5.823417e+00 5.967547e-01
3.697985e-01 -1.069919e+01 2.195528e+01 4.469133e-01
5.114127e-02 2.465525e+01 -3.243900e+00 3.077485e-01
-9.427420e-02 -1.290484e+01 4.206358e+01 1.891254e-01
-1.175689e-01 1.798027e+01 5.110314e-01 9.748217e-02
-2.029908e-01 -1.029664e+01 6.150903e+01 3.527858e-02
0.000000e+00 0.000000e+00 0.000000e+00 0.000000e+00
8.115252e-01 3.806079e+01 -1.035042e+01 8.571537e-01
6.027294e-01 -5.612098e+00 5.992479e+00 7.399081e-01
4.970060e-01 3.183371e+01 -6.975328e+00 5.967547e-01
3.103525e-01 -1.136513e+01 2.172867e+01 4.469133e-01
2.184670e-01 2.474754e+01 -5.970971e+00 3.077485e-01
1.109682e-01 -1.324042e+01 4.114460e+01 1.891254e-01
6.045084e-02 1.718272e+01 -3.347150e+00 9.748217e-02
1.394898e-02 -1.107153e+01 5.834396e+01 3.527858e-02
0.000000e+00 0.000000e+00 0.000000e+00 0.000000e+00
0.000000e+00 -3.815291e+00 -4.319429e+00 8.571537e-01
0.000000e+00 3.111114e+01 -1.371211e+01 7.399081e-01
0.000000e+00 -9.211999e+00 4.260392e-01 5.967547e-01
0.000000e+00 2.475306e+01 -2.480191e+01 4.469133e-01
0.000000e+00 -1.355759e+01 1.969556e+00 3.077485e-01
0.000000e+00 1.723503e+01 -4.365893e+01 1.891254e-01
0.000000e+00 -1.395435e+01 1.117994e-01 9.748217e-02
0.000000e+00 7.617515e+00 -6.329204e+01 3.527858e-02
0.000000e+00 0.000000e+00 0.000000e+00 0.000000e+00
1.151122e+00 -4.623506e+00 -2.754254e+00 8.571537e-01
9.458982e-01 3.137736e+01 -1.382750e+01 7.399081e-01
6.879433e-01 -9.408835e+00 1.974018e+00 5.967547e-01
6.283107e-01 2.490362e+01 -2.395649e+01 4.469133e-01
5.118647e-01 -1.251108e+01 3.639072e+00 3.077485e-01
4.845027e-01 1.681703e+01 -4.191188e+01 1.891254e-01
3.284671e-01 -1.201867e+01 1.773370e+00 9.748217e-02
1.922230e-01 7.629237e+00 -6.055093e+01 3.527858e-02
0.000000e+00 0.000000e+00 0.000000e+00 0.000000e+00
1.747875e+00 -3.120452e+00 3.216174e-01 8.571537e-01
1.422482e+00 2.927344e+01 -1.215427e+01 7.399081e-01
1.042307e+00 -7.734468e+00 3.566601e+00 5.967547e-01
8.571422e-01 2.317876e+01 -2.167230e+01 4.469133e-01
4.936031e-01 -1.040005e+01 5.001330e+00 3.077485e-01
3.406959e-01 1.581582e+01 -3.795387e+01 1.891254e-01
1.195271e-01 -1.043491e+01 3.910175e+00 9.748217e-02
1.430067e-01 9.785694e+00 -5.399982e+01 3.527858e-02
0.000000e+00 0.000000e+00 0.000000e+00 0.000000e+00
-1.873115e+00 -1.952911e+00 -5.579634e-01 8.571537e-01
-1.446787e+00 2.780880e+01 -1.287881e+01 7.399081e-01
-1.158071e+00 -7.338068e+00 1.679227e+00 5.967547e-01
-1.002527e+00 2.254359e+01 -2.369387e+01 4.469133e-01
-8.335291e-01 -1.147356e+01 1.750059e+00 3.077485e-01
-7.477130e-01 1.662657e+01 -4.194115e+01 1.891254e-01
-4.725843e-01 -1.299015e+01 5.962313e-02 9.748217e-02
-4.383788e-01 1.156223e+01 -6.053751e+01 3.527858e-02
0.000000e+00 0.000000e+00 0.000000e+00 0.000000e+00
-1.604226e+00 -2.002219e+00 -4.499657e+00 8.571537e-01
-1.008516e+00 2.790746e+01 -1.580957e+01 7.399081e-01
-7.806413e-01 -7.818541e+00 -5.516899e-01 5.967547e-01
-4.071395e-01 2.277724e+01 -2.583004e+01 4.469133e-01
-2.399592e-01 -1.245919e+01 1.442956e-01 3.077485e-01
7.407963e-02 1.650308e+01 -4.412378e+01 1.891254e-01
6.951401e-02 -1.334443e+01 -1.815081e+00 9.748217e-02
2.320498e-01 9.541331e+00 -6.361043e+01 3.527858e-02
0.000000e+00 0.000000e+00 0.000000e+00 0.000000e+00
1.337995e+00 -2.220069e+00 -4.851383e+00 8.571537e-01
9.856152e-01 2.818268e+01 -1.563655e+01 7.399081e-01
9.064801e-01 -7.795502e+00 -2.358401e-02 5.967547e-01
6.825564e-01 2.234595e+01 -2.472376e+01 4.469133e-01
5.307789e-01 -1.187904e+01 2.365843e+00 3.077485e-01
3.044243e-01 1.535497e+01 -4.085828e+01 1.891254e-01
1.980725e-01 -1.237951e+01 1.876646e+00 9.748217e-02
7.714123e-02 9.720858e+00 -5.746110e+01 3.527858e-02
0.000000e+00 0.000000e+00 0.000000e+00 0.000000e+00
1.241654e+00 -3.743412e+00 -3.623760e+00 8.571537e-01
9.434626e-01 2.802095e+01 -1.510440e+01 7.399081e-01
4.200612e-01 -8.713485e+00 -2.231158e-01 5.967547e-01
2.885893e-01 2.197434e+01 -2.464474e+01 4.469133e-01
-2.112041e-02 -1.255923e+01 7.715213e-01 3.077485e-01
-7.300583e-02 1.538760e+01 -4.200542e+01 1.891254e-01
-1.723350e-01 -1.368917e+01 -2.027742e-01 9.748217e-02
-1.852601e-01 9.984762e+00 -6.082587e+01 3.527858e-02
0.000000e+00 0.000000e+00 0.000000e+00 0.000000e+00
9.470558e-01 -4.138311e+00 -3.090015e+00 8.571537e-01
7.836469e-01 2.661692e+01 -1.480645e+01 7.399081e-01
8.485714e-01 -8.575647e+00 1.164090e-01 5.967547e-01
6.722314e-01 2.163004e+01 -2.467141e+01 4.469133e-01
6.026431e-01 -1.219121e+01 5.406427e-01 3.077485e-01
4.687491e-01 1.572438e+01 -4.227812e+01 1.891254e-01
3.029491e-01 -1.300141e+01 -5.940132e-01 9.748217e-02
2.449861e-01 9.674288e+00 -6.087840e+01 3.527858e-02
0.000000e+00 0.000000e+00 0.000000e+00 0.000000e+00
8.881140e-01 -4.495321e+00 -2.504415e+00 8.571537e-01
7.378502e-01 2.660092e+01 -1.423594e+01 7.399081e-01
5.315050e-01 -8.695409e+00 1.422961e+00 5.967547e-01
4.129241e-01 2.240260e+01 -2.480018e+01 4.469133e-01
2.519578e-01 -1.183545e+01 2.708710e+00 3.077485e-01
1.678203e-01 1.646888e+01 -4.194310e+01 1.891254e-01
8.152951e-02 -1.192706e+01 2.420964e+00 9.748217e-02
4.175647e-02 1.092418e+01 -5.861621e+01 3.527858e-02
0.000000e+00 0.000000e+00 0.000000e+00 0.000000e+00
