0 729 0.00000e+00
  1     729
-5.206092e+01 1.617765e+03 5.391453e+02 1.000000e+00
-4.888256e+01 2.970929e+03 8.376949e+02 1.000000e+00
-4.322795e+01 4.078942e+03 1.384134e+02 1.000000e+00
-3.583510e+01 5.462011e+03 5.449128e+02 1.000000e+00
-2.771226e+01 6.562022e+03 -1.322063e+02 9.992651e-01
-1.954651e+01 7.810010e+03 3.669207e+02 9.950333e-01
-1.138955e+01 8.810783e+03 -3.524837e+02 9.787423e-01
-3.877682e+00 9.821869e+03 5.849112e+01 9.366232e-01
-2.819871e+00 9.861848e+03 1.092866e+01 8.571537e-01
-4.816276e+01 1.650707e+03 5.338525e+02 1.000000e+00
-4.475832e+01 3.002341e+03 8.296957e+02 1.000000e+00
-4.194970e+01 4.110095e+03 1.314947e+02 1.000000e+00
-3.607258e+01 5.489412e+03 5.413726e+02 1.000000e+00
-2.779632e+01 6.584700e+03 -1.355025e+02 9.992651e-01
-2.082858e+01 7.831522e+03 3.595555e+02 9.950333e-01
-1.357854e+01 8.828416e+03 -3.552568e+02 9.787423e-01
-3.868062e+00 9.827345e+03 5.545309e+01 9.366232e-01
-2.908686e+00 9.865664e+03 8.797499e+00 8.571537e-01
-5.128584e+01 1.683498e+03 5.289306e+02 1.000000e+00
-4.830448e+01 3.036746e+03 8.207686e+02 1.000000e+00
-4.090706e+01 4.140126e+03 1.282705e+02 1.000000e+00
-3.260738e+01 5.515388e+03 5.355858e+02 1.000000e+00
-2.587967e+01 6.605633e+03 -1.379004e+02 9.992651e-01
-1.760129e+01 7.844725e+03 3.523599e+02 9.950333e-01
-9.308082e+00 8.834019e+03 -3.557052e+02 9.787423e-01
-2.736050e+00 9.832523e+03 5.392408e+01 9.366232e-01
-2.266468e+00 9.868542e+03 7.848937e+00 8.571537e-01
-4.174689e+01 1.714525e+03 5.213704e+02 1.000000e+00
-3.937310e+01 3.063940e+03 8.157162e+02 1.000000e+00
-3.552874e+01 4.165714e+03 1.253294e+02 1.000000e+00
-3.066810e+01 5.539141e+03 5.297361e+02 1.000000e+00
-2.414137e+01 6.626620e+03 -1.402847e+02 9.992651e-01
-1.589171e+01 7.852931e+03 3.512867e+02 9.950333e-01
-8.220007e+00 8.837801e+03 -3.559674e+02 9.787423e-01
-2.267145e+00 9.831419e+03 5.332180e+01 9.366232e-01
-1.783640e+00 9.870503e+03 7.724267e+00 8.571537e-01
-3.846527e+01 1.742694e+03 5.171186e+02 1.000000e+00
-3.554320e+01 3.087992e+03 8.094427e+02 1.000000e+00
-3.256907e+01 4.191049e+03 1.200427e+02 1.000000e+00
-2.743028e+01 5.562166e+03 5.232083e+02 1.000000e+00
-2.059016e+01 6.641469e+03 -1.403589e+02 9.992651e-01
-1.475202e+01 7.869414e+03 3.436125e+02 9.950333e-01
-1.020951e+01 8.850042e+03 -3.575815e+02 9.787423e-01
-2.585074e+00 9.831728e+03 5.118031e+01 9.366232e-01
-1.676241e+00 9.873194e+03 7.080783e+00 8.571537e-01
-3.181102e+01 1.771427e+03 5.161699e+02 1.000000e+00
-3.241499e+01 3.114084e+03 7.981176e+02 1.000000e+00
-2.765881e+01 4.214776e+03 1.235463e+02 1.000000e+00
-2.177129e+01 5.581159e+03 5.134263e+02 1.000000e+00
-1.614966e+01 6.652620e+03 -1.357696e+02 9.992651e-01
-1.151475e+01 7.882052e+03 3.294672e+02 9.950333e-01
-5.131698e+00 8.856621e+03 -3.489097e+02 9.787423e-01
9.077213e-01 9.833954e+03 5.133508e+01 9.366232e-01
4.675772e-01 9.876468e+03 8.820499e+00 8.571537e-01
-2.046378e+01 1.788944e+03 4.933108e+02 1.000000e+00
-1.604642e+01 3.141521e+03 8.133175e+02 1.000000e+00
-1.463048e+01 4.231211e+03 1.004238e+02 1.000000e+00
-1.332532e+01 5.605452e+03 5.317596e+02 1.000000e+00
-1.365988e+01 6.668245e+03 -1.641420e+02 9.992651e-01
-9.435621e+00 7.898531e+03 3.526859e+02 9.950333e-01
-6.649834e+00 8.859995e+03 -3.809983e+02 9.787423e-01
-2.025686e+00 9.838734e+03 5.441943e+01 9.366232e-01
-1.649361e+00 9.875240e+03 8.407304e+00 8.571537e-01
-1.353319e+01 1.822032e+03 5.488453e+02 1.000000e+00
-1.193993e+01 3.150926e+03 7.536595e+02 1.000000e+00
-1.013316e+01 4.265521e+03 1.576167e+02 1.000000e+00
-6.955806e+00 5.616416e+03 4.678214e+02 1.000000e+00
-1.348188e+00 6.694679e+03 -1.016020e+02 9.992651e-01
2.018955e+00 7.909121e+03 2.921439e+02 9.950333e-01
3.811034e+00 8.868648e+03 -3.013481e+02 9.787423e-01
-1.836793e+00 9.847532e+03 4.687909e+01 9.366232e-01
-5.374600e-01 9.878470e+03 7.712308e+00 8.571537e-01
0.000000e+00 1.856810e+03 6.253168e+02 1.000000e+00
0.000000e+00 3.150370e+03 6.731967e+02 1.000000e+00
0.000000e+00 4.303770e+03 2.415729e+02 1.000000e+00
0.000000e+00 5.623461e+03 3.812874e+02 1.000000e+00
0.000000e+00 6.730551e+03 -8.385356e+00 9.992651e-01
0.000000e+00 7.927450e+03 2.034204e+02 9.950333e-01
0.000000e+00 8.900065e+03 -1.819321e+02 9.787423e-01
0.000000e+00 9.873897e+03 3.821807e+01 9.366232e-01
0.000000e+00 9.908330e+03 9.426491e+00 8.571537e-01
-4.065077e+01 1.974110e+03 7.224801e+02 1.000000e+00
-3.728409e+01 3.010500e+03 8.536005e+01 1.000000e+00
-3.226013e+01 4.403402e+03 5.032734e+02 1.000000e+00
-2.602404e+01 5.489959e+03 -1.353693e+02 1.000000e+00
-1.978893e+01 6.806121e+03 3.869355e+02 9.992651e-01
-1.334724e+01 7.813711e+03 -2.278484e+02 9.950333e-01
-6.945451e+00 8.916490e+03 4.421130e+02 9.787423e-01
-1.252626e+00 9.796476e+03 -2.301775e+01 9.366232e-01
-9.756868e-01 9.913654e+03 1.014025e+01 8.571537e-01
-4.146376e+01 2.006052e+03 7.180155e+02 1.000000e+00
-3.839876e+01 3.040223e+03 8.179936e+01 1.000000e+00
-3.347679e+01 4.430139e+03 5.002332e+02 1.000000e+00
-2.788420e+01 5.511545e+03 -1.377202e+02 1.000000e+00
-2.098140e+01 6.822068e+03 3.877900e+02 9.992651e-01
-1.221473e+01 7.823141e+03 -2.274919e+02 9.950333e-01
-6.548990e+00 8.919046e+03 4.391724e+02 9.787423e-01
-7.797503e-01 9.799040e+03 -2.225756e+01 9.366232e-01
-9.339914e-01 9.915432e+03 9.877854e+00 8.571537e-01
-3.679493e+01 2.039554e+03 7.101975e+02 1.000000e+00
-3.312757e+01 3.068976e+03 8.162939e+01 1.000000e+00
-2.788106e+01 4.458848e+03 4.957399e+02 1.000000e+00
-2.202241e+01 5.534668e+03 -1.376367e+02 1.000000e+00
-1.750647e+01 6.840064e+03 3.834257e+02 9.992651e-01
-1.442612e+01 7.837829e+03 -2.288199e+02 9.950333e-01
-8.300248e+00 8.930451e+03 4.359656e+02 9.787423e-01
-1.392195e+00 9.799800e+03 -2.136180e+01 9.366232e-01
-8.232496e-01 9.917484e+03 1.011143e+01 8.571537e-01
-3.545220e+01 2.072655e+03 7.065291e+02 1.000000e+00
-3.335246e+01 3.103270e+03 7.762181e+01 1.000000e+00
-3.125477e+01 4.485700e+03 4.929656e+02 1.000000e+00
-2.461854e+01 5.556931e+03 -1.370038e+02 1.000000e+00
-1.734329e+01 6.856361e+03 3.787351e+02 9.992651e-01
-9.839792e+00 7.853592e+03 -2.284121e+02 9.950333e-01
-3.939616e+00 8.939440e+03 4.362935e+02 9.787423e-01
-2.211879e+00 9.804202e+03 -2.342332e+01 9.366232e-01
-1.356836e+00 9.918924e+03 1.015507e+01 8.571537e-01
-3.195006e+01 2.098021e+03 7.047970e+02 1.000000e+00
-2.656482e+01 3.131791e+03 7.485283e+01 1.000000e+00
-2.125008e+01 4.509300e+03 4.893234e+02 1.000000e+00
-1.879266e+01 5.576328e+03 -1.394107e+02 1.000000e+00
-1.610206e+01 6.873783e+03 3.766302e+02 9.992651e-01
-1.064259e+01 7.862196e+03 -2.257736e+02 9.950333e-01
-6.779118e+00 8.943714e+03 4.273561e+02 9.787423e-01
4.997960e-01 9.809663e+03 -2.454743e+01 9.366232e-01
6.229507e-01 9.920648e+03 1.008009e+01 8.571537e-01
-2.354420e+01 2.122125e+03 6.939759e+02 1.000000e+00
-2.387006e+01 3.159476e+03 7.870576e+01 1.000000e+00
-2.213890e+01 4.535737e+03 4.799756e+02 1.000000e+00
-1.567746e+01 5.599162e+03 -1.337200e+02 1.000000e+00
-1.130898e+01 6.893839e+03 3.656538e+02 9.992651e-01
-7.257980e+00 7.873115e+03 -2.185268e+02 9.950333e-01
-2.420521e+00 8.951419e+03 4.131039e+02 9.787423e-01
4.262354e-01 9.812702e+03 -2.113823e+01 9.366232e-01
5.507705e-01 9.921458e+03 1.227045e+01 8.571537e-01
-1.934081e+01 2.148278e+03 7.088622e+02 1.000000e+00
-1.671431e+01 3.174869e+03 5.606384e+01 1.000000e+00
-1.374179e+01 4.559394e+03 4.974930e+02 1.000000e+00
-1.228047e+01 5.610687e+03 -1.556776e+02 1.000000e+00
-9.261274e+00 6.912356e+03 3.860407e+02 9.992651e-01
-8.306181e+00 7.880622e+03 -2.440564e+02 9.950333e-01
-4.488256e+00 8.962199e+03 4.473374e+02 9.787423e-01
-1.691790e+00 9.810824e+03 -2.391214e+01 9.366232e-01
-1.808225e+00 9.925585e+03 1.148812e+01 8.571537e-01
-8.908342e+00 2.149264e+03 6.546903e+02 1.000000e+00
-7.299072e+00 3.205507e+03 1.133208e+02 1.000000e+00
-4.831179e+00 4.567336e+03 4.370879e+02 1.000000e+00
-4.721073e+00 5.640423e+03 -9.953564e+01 1.000000e+00
-5.001099e+00 6.922097e+03 3.222413e+02 9.992651e-01
-4.345790e+00 7.900854e+03 -1.896318e+02 9.950333e-01
-7.742993e+00 8.977461e+03 3.576572e+02 9.787423e-01
-1.618732e+00 9.814017e+03 -2.132169e+01 9.366232e-01
-1.130077e+00 9.935006e+03 7.938418e+00 8.571537e-01
0.000000e+00 2.141755e+03 5.786578e+02 1.000000e+00
0.000000e+00 3.245934e+03 1.936701e+02 1.000000e+00
0.000000e+00 4.575797e+03 3.542411e+02 1.000000e+00
0.000000e+00 5.685673e+03 -1.527439e+01 1.000000e+00
0.000000e+00 6.937681e+03 2.313038e+02 9.992651e-01
0.000000e+00 7.939181e+03 -1.044141e+02 9.950333e-01
0.000000e+00 9.004242e+03 2.296339e+02 9.787423e-01
0.000000e+00 9.844416e+03 -1.354080e+01 9.366232e-01
0.000000e+00 9.962007e+03 7.115452e+00 8.571537e-01
-3.087071e+01 1.924408e+03 -3.119613e+01 1.000000e+00
-2.703213e+01 3.287560e+03 3.962393e+02 1.000000e+00
-2.293625e+01 4.334876e+03 -1.929872e+02 1.000000e+00
-1.822744e+01 5.700260e+03 3.306338e+02 1.000000e+00
-1.304853e+01 6.725075e+03 -2.877751e+02 9.992651e-01
-8.044183e+00 7.944531e+03 2.902804e+02 9.950333e-01
-3.691729e+00 8.870754e+03 -4.239601e+02 9.787423e-01
5.426006e-01 9.845576e+03 3.555933e+01 9.366232e-01
5.035993e-01 9.867009e+03 -8.572551e+00 8.571537e-01
-2.881496e+01 1.963181e+03 -3.251222e+01 1.000000e+00
-2.510720e+01 3.325835e+03 3.955058e+02 1.000000e+00
-2.026877e+01 4.369141e+03 -1.921468e+02 1.000000e+00
-1.661032e+01 5.730117e+03 3.285977e+02 1.000000e+00
-1.372669e+01 6.746831e+03 -2.901234e+02 9.992651e-01
-1.073024e+01 7.958401e+03 2.895537e+02 9.950333e-01
-5.400306e+00 8.882263e+03 -4.224525e+02 9.787423e-01
1.777093e-01 9.848159e+03 3.635530e+01 9.366232e-01
3.974237e-01 9.869770e+03 -7.191074e+00 8.571537e-01
-3.023623e+01 1.994626e+03 -3.271272e+01 1.000000e+00
-2.781515e+01 3.358120e+03 3.905029e+02 1.000000e+00
-2.373832e+01 4.393866e+03 -1.898014e+02 1.000000e+00
-1.775831e+01 5.753247e+03 3.254543e+02 1.000000e+00
-1.095888e+01 6.765520e+03 -2.877402e+02 9.992651e-01
-5.246484e+00 7.971728e+03 2.879323e+02 9.950333e-01
-1.335834e+00 8.888219e+03 -4.196486e+02 9.787423e-01
-1.027808e+00 9.851043e+03 3.508944e+01 9.366232e-01
-3.123739e-01 9.871082e+03 -6.701077e+00 8.571537e-01
-2.665612e+01 2.019504e+03 -3.230656e+01 1.000000e+00
-2.051351e+01 3.383132e+03 3.888171e+02 1.000000e+00
-1.692205e+01 4.420599e+03 -1.923259e+02 1.000000e+00
-1.520086e+01 5.772561e+03 3.243237e+02 1.000000e+00
-1.281943e+01 6.782006e+03 -2.842348e+02 9.992651e-01
-9.987226e+00 7.980671e+03 2.861760e+02 9.950333e-01
-5.868758e+00 8.892326e+03 -4.187209e+02 9.787423e-01
-4.853353e-01 9.850305e+03 3.345949e+01 9.366232e-01
-1.531031e-01 9.872559e+03 -7.444446e+00 8.571537e-01
-2.394006e+01 2.051798e+03 -3.510304e+01 1.000000e+00
-2.367893e+01 3.409093e+03 3.903274e+02 1.000000e+00
-1.809096e+01 4.449042e+03 -1.926148e+02 1.000000e+00
-1.147932e+01 5.797544e+03 3.223277e+02 1.000000e+00
-7.766870e+00 6.799065e+03 -2.853924e+02 9.992651e-01
-3.696295e+00 7.993208e+03 2.836791e+02 9.950333e-01
-1.636448e-01 8.900197e+03 -4.190638e+02 9.787423e-01
1.812169e+00 9.849668e+03 3.403409e+01 9.366232e-01
1.328388e+00 9.873827e+03 -7.155599e+00 8.571537e-01
-1.842313e+01 2.077545e+03 -3.235948e+01 1.000000e+00
-1.571175e+01 3.428013e+03 3.810844e+02 1.000000e+00
-1.382076e+01 4.466337e+03 -1.847727e+02 1.000000e+00
-1.146081e+01 5.814962e+03 3.141432e+02 1.000000e+00
-7.563525e+00 6.813829e+03 -2.757472e+02 9.992651e-01
-5.085303e+00 8.007875e+03 2.741989e+02 9.950333e-01
-1.216807e+00 8.909348e+03 -4.036363e+02 9.787423e-01
2.707444e+00 9.852117e+03 3.658770e+01 9.366232e-01
1.897931e+00 9.876642e+03 -4.315076e+00 8.571537e-01
-1.558355e+01 2.094301e+03 -4.885786e+01 1.000000e+00
-1.196167e+01 3.460608e+03 3.973254e+02 1.000000e+00
-1.179500e+01 4.486519e+03 -2.076772e+02 1.000000e+00
-9.797732e+00 5.840413e+03 3.347144e+02 1.000000e+00
-8.472997e+00 6.824167e+03 -2.978876e+02 9.992651e-01
-5.243182e+00 8.023720e+03 2.943107e+02 9.950333e-01
-4.422903e+00 8.911957e+03 -4.323392e+02 9.787423e-01
-2.062447e+00 9.859885e+03 3.908574e+01 9.366232e-01
-9.704852e-01 9.878060e+03 -4.143275e+00 8.571537e-01
-8.783305e+00 2.130270e+03 8.359674e-01 1.000000e+00
-8.692906e+00 3.465903e+03 3.430917e+02 1.000000e+00
-6.157756e+00 4.516387e+03 -1.511584e+02 1.000000e+00
-4.444500e+00 5.849450e+03 2.740363e+02 1.000000e+00
-3.975090e+00 6.850048e+03 -2.407061e+02 9.992651e-01
-2.559491e+00 8.034461e+03 2.359166e+02 9.950333e-01
2.191864e+00 8.921115e+03 -3.559158e+02 9.787423e-01
-3.122354e+00 9.872206e+03 2.815705e+01 9.366232e-01
-1.009067e+00 9.882499e+03 -5.558435e+00 8.571537e-01
0.000000e+00 2.165118e+03 7.178020e+01 1.000000e+00
0.000000e+00 3.456052e+03 2.654294e+02 1.000000e+00
0.000000e+00 4.548986e+03 -6.827103e+01 1.000000e+00
0.000000e+00 5.853160e+03 1.873151e+02 1.000000e+00
0.000000e+00 6.890600e+03 -1.530806e+02 9.992651e-01
0.000000e+00 8.053628e+03 1.504173e+02 9.950333e-01
0.000000e+00 8.955398e+03 -2.375616e+02 9.787423e-01
0.000000e+00 9.900928e+03 1.679689e+01 9.366232e-01
0.000000e+00 9.912464e+03 -4.911288e+00 8.571537e-01
-2.167732e+01 2.176586e+03 2.059072e+02 1.000000e+00
-1.797032e+01 3.158665e+03 -3.183903e+02 1.000000e+00
-1.369811e+01 4.546457e+03 2.125708e+02 1.000000e+00
-9.437755e+00 5.567518e+03 -3.534440e+02 1.000000e+00
-6.089905e+00 6.873095e+03 2.616468e+02 9.992651e-01
-3.040102e+00 7.828379e+03 -3.395396e+02 9.950333e-01
-4.831440e-01 8.931268e+03 3.939614e+02 9.787423e-01
1.111895e+00 9.769860e+03 -5.975203e+01 9.366232e-01
8.922443e-01 9.911678e+03 -7.416321e+00 8.571537e-01
-2.048409e+01 2.202690e+03 2.109230e+02 1.000000e+00
-1.313981e+01 3.186115e+03 -3.172807e+02 1.000000e+00
-1.093201e+01 4.569341e+03 2.119755e+02 1.000000e+00
-8.377306e+00 5.586122e+03 -3.499941e+02 1.000000e+00
-5.171382e+00 6.893006e+03 2.623666e+02 9.992651e-01
-3.301600e+00 7.845010e+03 -3.393206e+02 9.950333e-01
-6.129016e-01 8.937792e+03 3.968678e+02 9.787423e-01
2.101308e+00 9.772458e+03 -5.745247e+01 9.366232e-01
1.433767e+00 9.912114e+03 -6.590245e+00 8.571537e-01
-2.193276e+01 2.233487e+03 2.088743e+02 1.000000e+00
-2.168520e+01 3.213860e+03 -3.143544e+02 1.000000e+00
-1.652667e+01 4.599207e+03 2.098463e+02 1.000000e+00
-1.135048e+01 5.608815e+03 -3.448539e+02 1.000000e+00
-6.670471e+00 6.912105e+03 2.615533e+02 9.992651e-01
-3.035093e+00 7.857567e+03 -3.346787e+02 9.950333e-01
-4.070029e-01 8.947320e+03 3.987279e+02 9.787423e-01
5.826852e-01 9.775146e+03 -5.569940e+01 9.366232e-01
7.861327e-01 9.914656e+03 -5.375683e+00 8.571537e-01
-1.979374e+01 2.266962e+03 2.050684e+02 1.000000e+00
-1.350732e+01 3.240984e+03 -3.111180e+02 1.000000e+00
-8.762090e+00 4.623532e+03 2.111271e+02 1.000000e+00
-7.763089e+00 5.634574e+03 -3.447946e+02 1.000000e+00
-7.512938e+00 6.927236e+03 2.599644e+02 9.992651e-01
-5.585057e+00 7.869967e+03 -3.307184e+02 9.950333e-01
-2.839679e+00 8.955934e+03 3.970111e+02 9.787423e-01
2.775066e-01 9.780445e+03 -5.621638e+01 9.366232e-01
2.636109e-01 9.916044e+03 -5.680407e+00 8.571537e-01
-1.595477e+01 2.290531e+03 2.084116e+02 1.000000e+00
-1.458266e+01 3.270026e+03 -3.128370e+02 1.000000e+00
-1.262516e+01 4.641855e+03 2.135201e+02 1.000000e+00
-6.837462e+00 5.651082e+03 -3.444592e+02 1.000000e+00
-2.016790e+00 6.943283e+03 2.595183e+02 9.992651e-01
-3.855944e-01 7.880956e+03 -3.314407e+02 9.950333e-01
2.258301e-01 8.960534e+03 3.947795e+02 9.787423e-01
2.114024e+00 9.784392e+03 -5.567398e+01 9.366232e-01
1.613294e+00 9.917116e+03 -5.789693e+00 8.571537e-01
-1.609067e+01 2.313107e+03 2.013624e+02 1.000000e+00
-1.361951e+01 3.298979e+03 -3.076526e+02 1.000000e+00
-1.076432e+01 4.666121e+03 2.063847e+02 1.000000e+00
-7.280200e+00 5.671082e+03 -3.317200e+02 1.000000e+00
-4.292521e+00 6.960402e+03 2.532509e+02 9.992651e-01
1.337159e+00 7.892523e+03 -3.167823e+02 9.950333e-01
4.328961e+00 8.966123e+03 3.833768e+02 9.787423e-01
4.218930e+00 9.785336e+03 -5.028183e+01 9.366232e-01
3.258283e+00 9.917419e+03 -2.944661e+00 8.571537e-01
-8.836571e+00 2.340104e+03 2.168728e+02 1.000000e+00
-6.080954e+00 3.309691e+03 -3.232620e+02 1.000000e+00
-3.175611e+00 4.693171e+03 2.245836e+02 1.000000e+00
-4.445360e+00 5.686282e+03 -3.544539e+02 1.000000e+00
-6.244142e+00 6.981136e+03 2.736559e+02 9.992651e-01
-7.808958e+00 7.899964e+03 -3.362558e+02 9.950333e-01
-4.489891e+00 8.980275e+03 4.130031e+02 9.787423e-01
2.169060e-01 9.785956e+03 -5.054579e+01 9.366232e-01
6.100301e-01 9.922810e+03 -6.117055e-01 8.571537e-01
-8.038279e+00 2.342326e+03 1.678686e+02 1.000000e+00
-9.388050e+00 3.346909e+03 -2.724172e+02 1.000000e+00
-9.599839e+00 4.705198e+03 1.709577e+02 1.000000e+00
-6.418278e+00 5.718747e+03 -2.995876e+02 1.000000e+00
-3.157655e+00 6.994678e+03 2.131850e+02 9.992651e-01
-2.085490e+00 7.921560e+03 -2.828063e+02 9.950333e-01
-4.372919e+00 8.997855e+03 3.351748e+02 9.787423e-01
1.881027e-01 9.792603e+03 -4.561145e+01 9.366232e-01
-8.074632e-01 9.934653e+03 -2.848602e+00 8.571537e-01
0.000000e+00 2.333464e+03 9.645008e+01 1.000000e+00
0.000000e+00 3.392238e+03 -1.990162e+02 1.000000e+00
0.000000e+00 4.709953e+03 9.214783e+01 1.000000e+00
0.000000e+00 5.762845e+03 -2.132963e+02 1.000000e+00
0.000000e+00 7.011259e+03 1.266013e+02 9.992651e-01
0.000000e+00 7.965636e+03 -1.967858e+02 9.950333e-01
0.000000e+00 9.026466e+03 2.188141e+02 9.787423e-01
0.000000e+00 9.823624e+03 -3.616362e+01 9.366232e-01
0.000000e+00 9.962115e+03 -5.352067e+00 8.571537e-01
-1.323330e+01 1.984558e+03 -5.249290e+02 1.000000e+00
-9.055361e+00 3.340943e+03 4.728964e+00 1.000000e+00
-4.931863e+00 4.329223e+03 -4.939258e+02 1.000000e+00
-1.947900e+00 5.702120e+03 1.279619e+02 1.000000e+00
-6.850564e-02 6.686804e+03 -4.484540e+02 9.992651e-01
5.482008e-01 7.922342e+03 2.207931e+02 9.950333e-01
9.972743e-01 8.824336e+03 -5.033817e+02 9.787423e-01
1.245286e+00 9.824903e+03 -4.054837e+00 9.366232e-01
1.383449e+00 9.828646e+03 -3.075999e+01 8.571537e-01
-1.915171e+01 2.014177e+03 -5.228812e+02 1.000000e+00
-1.385113e+01 3.363852e+03 1.039077e+01 1.000000e+00
-8.666668e+00 4.355390e+03 -4.908282e+02 1.000000e+00
-6.057835e+00 5.724942e+03 1.296971e+02 1.000000e+00
-1.556286e+00 6.700093e+03 -4.409872e+02 9.992651e-01
1.756515e+00 7.931325e+03 2.226022e+02 9.950333e-01
3.129646e+00 8.832820e+03 -4.983224e+02 9.787423e-01
3.131084e+00 9.825644e+03 -2.447274e+00 9.366232e-01
2.445478e+00 9.831493e+03 -2.923090e+01 8.571537e-01
-8.087350e+00 2.043930e+03 -5.185497e+02 1.000000e+00
-4.604983e+00 3.395327e+03 1.137548e+01 1.000000e+00
-1.510166e+00 4.380175e+03 -4.861583e+02 1.000000e+00
2.083866e-01 5.747232e+03 1.273197e+02 1.000000e+00
-4.785993e-01 6.712896e+03 -4.346870e+02 9.992651e-01
-4.748956e-01 7.942378e+03 2.222186e+02 9.950333e-01
7.414415e-01 8.836844e+03 -4.923620e+02 9.787423e-01
2.411469e+00 9.828455e+03 4.043806e-01 9.366232e-01
1.204621e+00 9.831823e+03 -2.852854e+01 8.571537e-01
-1.511068e+01 2.072946e+03 -5.151729e+02 1.000000e+00
-1.254165e+01 3.427585e+03 9.184707e+00 1.000000e+00
-9.074845e+00 4.406289e+03 -4.798834e+02 1.000000e+00
-3.223101e+00 5.767703e+03 1.291780e+02 1.000000e+00
1.213856e-01 6.735751e+03 -4.356343e+02 9.992651e-01
8.748187e-01 7.955762e+03 2.222297e+02 9.950333e-01
1.354158e+00 8.842744e+03 -4.904348e+02 9.787423e-01
1.243128e+00 9.827593e+03 2.255653e+00 9.366232e-01
8.122016e-01 9.832743e+03 -2.930786e+01 8.571537e-01
-1.202137e+01 2.098351e+03 -5.148992e+02 1.000000e+00
-5.363030e+00 3.445810e+03 1.502905e+01 1.000000e+00
-2.338711e+00 4.432494e+03 -4.804841e+02 1.000000e+00
-2.783209e+00 5.788163e+03 1.345956e+02 1.000000e+00
-4.456766e-01 6.752720e+03 -4.321603e+02 9.992651e-01
1.169014e+00 7.969412e+03 2.222177e+02 9.950333e-01
8.865317e-01 8.852332e+03 -4.902502e+02 9.787423e-01
2.419767e+00 9.826621e+03 3.011821e+00 9.366232e-01
2.151572e+00 9.834261e+03 -2.969009e+01 8.571537e-01
-7.751519e+00 2.127131e+03 -5.085393e+02 1.000000e+00
-8.092699e+00 3.469312e+03 1.103871e+01 1.000000e+00
-4.907403e+00 4.459622e+03 -4.718970e+02 1.000000e+00
-2.333515e+00 5.806683e+03 1.260489e+02 1.000000e+00
-4.767260e-01 6.762986e+03 -4.167351e+02 9.992651e-01
1.507339e+00 7.974747e+03 2.121251e+02 9.950333e-01
4.279475e+00 8.855600e+03 -4.733760e+02 9.787423e-01
4.344386e+00 9.828048e+03 2.846676e+00 9.366232e-01
3.545315e+00 9.836431e+03 -2.837092e+01 8.571537e-01
-1.129849e+01 2.140643e+03 -5.224772e+02 1.000000e+00
-6.756597e+00 3.498986e+03 2.697130e+01 1.000000e+00
-6.255904e+00 4.468507e+03 -4.868857e+02 1.000000e+00
-1.996215e+00 5.830431e+03 1.477977e+02 1.000000e+00
-4.967268e-01 6.778879e+03 -4.374031e+02 9.992651e-01
1.487371e+00 7.996948e+03 2.373314e+02 9.950333e-01
1.674114e+00 8.862220e+03 -4.959854e+02 9.787423e-01
3.024811e+00 9.835780e+03 8.780125e+00 9.366232e-01
2.634180e+00 9.837527e+03 -2.517969e+01 8.571537e-01
-2.507463e+00 2.174062e+03 -4.749943e+02 1.000000e+00
-2.431801e+00 3.502972e+03 -2.052408e+01 1.000000e+00
-2.097142e+00 4.499497e+03 -4.369730e+02 1.000000e+00
-4.035219e+00 5.840371e+03 9.445525e+01 1.000000e+00
-4.394062e+00 6.806247e+03 -3.809483e+02 9.992651e-01
-3.255762e+00 8.013150e+03 1.831645e+02 9.950333e-01
1.599339e+00 8.875024e+03 -4.171263e+02 9.787423e-01
-9.882447e-01 9.849388e+03 3.322500e+00 9.366232e-01
-9.768948e-02 9.842396e+03 -2.383730e+01 8.571537e-01
0.000000e+00 2.217197e+03 -4.081483e+02 1.000000e+00
0.000000e+00 3.499638e+03 -9.235883e+01 1.000000e+00
0.000000e+00 4.547585e+03 -3.610150e+02 1.000000e+00
0.000000e+00 5.848188e+03 1.070612e+01 1.000000e+00
0.000000e+00 6.842981e+03 -2.933787e+02 9.992651e-01
0.000000e+00 8.024167e+03 9.621207e+01 9.950333e-01
0.000000e+00 8.903710e+03 -2.998259e+02 9.787423e-01
0.000000e+00 9.877646e+03 -7.947615e+00 9.366232e-01
0.000000e+00 9.872783e+03 -2.389983e+01 8.571537e-01
-7.197683e+00 2.158863e+03 -2.887192e+02 1.000000e+00
-2.109647e+00 3.070614e+03 -7.273696e+02 1.000000e+00
1.541347e+00 4.454390e+03 -9.941168e+01 1.000000e+00
3.903759e+00 5.425892e+03 -5.962355e+02 1.000000e+00
4.962818e+00 6.764111e+03 1.109014e+02 9.992651e-01
4.615054e+00 7.710413e+03 -4.765744e+02 9.950333e-01
3.841776e+00 8.864070e+03 3.390725e+02 9.787423e-01
2.265108e+00 9.706701e+03 -1.057402e+02 9.366232e-01
2.195199e+00 9.874463e+03 -3.212721e+01 8.571537e-01
-6.339440e+00 2.197497e+03 -2.841510e+02 1.000000e+00
-3.005970e+00 3.111140e+03 -7.232884e+02 1.000000e+00
1.658705e+00 4.485617e+03 -9.198715e+01 1.000000e+00
5.136582e+00 5.455427e+03 -5.918851e+02 1.000000e+00
5.365297e+00 6.789411e+03 1.126136e+02 9.992651e-01
5.177605e+00 7.726632e+03 -4.704177e+02 9.950333e-01
5.312556e+00 8.870371e+03 3.407575e+02 9.787423e-01
4.210781e+00 9.711335e+03 -1.033481e+02 9.366232e-01
3.131066e+00 9.875441e+03 -3.134070e+01 8.571537e-01
-8.829651e+00 2.225465e+03 -2.813813e+02 1.000000e+00
-2.782193e+00 3.135146e+03 -7.165912e+02 1.000000e+00
-6.283113e-02 4.510185e+03 -9.021069e+01 1.000000e+00
2.700847e-01 5.476566e+03 -5.854185e+02 1.000000e+00
2.060535e+00 6.811151e+03 1.122805e+02 9.992651e-01
3.247590e+00 7.738798e+03 -4.615199e+02 9.950333e-01
3.009832e+00 8.880209e+03 3.408539e+02 9.787423e-01
1.882224e+00 9.710914e+03 -1.001046e+02 9.366232e-01
1.269896e+00 9.877739e+03 -3.111016e+01 8.571537e-01
-4.960863e+00 2.247684e+03 -2.784861e+02 1.000000e+00
-6.702844e-01 3.157545e+03 -7.102833e+02 1.000000e+00
2.507329e+00 4.533481e+03 -9.100465e+01 1.000000e+00
5.966015e+00 5.495263e+03 -5.779012e+02 1.000000e+00
7.801939e+00 6.822813e+03 1.129060e+02 9.992651e-01
5.074340e+00 7.749609e+03 -4.625503e+02 9.950333e-01
1.109776e+00 8.883930e+03 3.375909e+02 9.787423e-01
-2.065179e-01 9.710536e+03 -1.028116e+02 9.366232e-01
8.583733e-01 9.878090e+03 -3.363869e+01 8.571537e-01
-8.057284e+00 2.278814e+03 -2.748012e+02 1.000000e+00
-4.411240e+00 3.191062e+03 -7.086361e+02 1.000000e+00
7.460048e-01 4.557687e+03 -8.297798e+01 1.000000e+00
1.967360e+00 5.520410e+03 -5.776516e+02 1.000000e+00
2.999868e+00 6.840814e+03 1.194552e+02 9.992651e-01
6.060881e+00 7.762747e+03 -4.634312e+02 9.950333e-01
8.067231e+00 8.891794e+03 3.420819e+02 9.787423e-01
4.617767e+00 9.715201e+03 -1.047643e+02 9.366232e-01
3.590675e+00 9.880485e+03 -3.389052e+01 8.571537e-01
-6.048798e+00 2.293757e+03 -2.789355e+02 1.000000e+00
-2.500433e+00 3.210215e+03 -6.985819e+02 1.000000e+00
-1.264338e+00 4.570444e+03 -8.637099e+01 1.000000e+00
1.506640e+00 5.541093e+03 -5.657208e+02 1.000000e+00
1.156134e+00 6.858570e+03 1.113716e+02 9.992651e-01
1.643681e+00 7.779037e+03 -4.419077e+02 9.950333e-01
2.205604e+00 8.903657e+03 3.310817e+02 9.787423e-01
5.679470e+00 9.720284e+03 -9.865607e+01 9.366232e-01
4.418160e+00 9.883144e+03 -3.138156e+01 8.571537e-01
-4.442051e+00 2.323900e+03 -2.613865e+02 1.000000e+00
-3.088824e+00 3.226918e+03 -7.133002e+02 1.000000e+00
-1.305439e+00 4.605291e+03 -6.770388e+01 1.000000e+00
4.142800e-01 5.554875e+03 -5.782593e+02 1.000000e+00
5.271691e+00 6.877314e+03 1.342620e+02 9.992651e-01
6.230001e+00 7.782949e+03 -4.587698e+02 9.950333e-01
6.408920e+00 8.910563e+03 3.580879e+02 9.787423e-01
4.148466e+00 9.719192e+03 -9.637476e+01 9.366232e-01
3.402613e+00 9.887518e+03 -2.774087e+01 8.571537e-01
-3.623418e+00 2.327277e+03 -3.055416e+02 1.000000e+00
-4.156380e+00 3.260280e+03 -6.659139e+02 1.000000e+00
-3.280905e+00 4.614774e+03 -1.159164e+02 1.000000e+00
-5.395883e+00 5.583927e+03 -5.288514e+02 1.000000e+00
-8.626810e+00 6.887333e+03 8.290576e+01 9.992651e-01
-8.694573e+00 7.800651e+03 -4.045450e+02 9.950333e-01
-7.177220e+00 8.927036e+03 2.949598e+02 9.787423e-01
2.100975e+00 9.724087e+03 -8.848174e+01 9.366232e-01
4.861113e-01 9.899039e+03 -2.809443e+01 8.571537e-01
0.000000e+00 2.308207e+03 -3.726162e+02 1.000000e+00
0.000000e+00 3.295487e+03 -5.949655e+02 1.000000e+00
0.000000e+00 4.606570e+03 -1.912217e+02 1.000000e+00
0.000000e+00 5.624968e+03 -4.533377e+02 1.000000e+00
0.000000e+00 6.900662e+03 -3.828006e+00 9.992651e-01
0.000000e+00 7.843987e+03 -3.170597e+02 9.950333e-01
0.000000e+00 8.957638e+03 1.887991e+02 9.787423e-01
0.000000e+00 9.756313e+03 -7.780607e+01 9.366232e-01
0.000000e+00 9.927021e+03 -3.064607e+01 8.571537e-01
-1.636304e+00 1.897515e+03 -1.041318e+03 1.000000e+00
4.318025e+00 3.213087e+03 -4.284846e+02 1.000000e+00
8.399692e+00 4.130545e+03 -8.554573e+02 1.000000e+00
1.045506e+01 5.517726e+03 -1.335246e+02 1.000000e+00
1.097509e+01 6.468721e+03 -6.546567e+02 9.992651e-01
9.827807e+00 7.754379e+03 1.153767e+02 9.950333e-01
7.731211e+00 8.665688e+03 -6.031853e+02 9.787423e-01
4.616809e+00 9.745867e+03 -4.448958e+01 9.366232e-01
4.063695e+00 9.733270e+03 -7.006492e+01 8.571537e-01
-4.008422e-01 1.917183e+03 -1.036115e+03 1.000000e+00
4.466084e+00 3.231464e+03 -4.209629e+02 1.000000e+00
7.540776e+00 4.153571e+03 -8.495145e+02 1.000000e+00
1.015778e+01 5.533622e+03 -1.249501e+02 1.000000e+00
1.163015e+01 6.484503e+03 -6.484978e+02 9.992651e-01
8.741402e+00 7.767764e+03 1.165040e+02 9.950333e-01
6.972409e+00 8.678439e+03 -5.928708e+02 9.787423e-01
4.723074e+00 9.748561e+03 -4.310317e+01 9.366232e-01
4.128244e+00 9.739086e+03 -6.818514e+01 8.571537e-01
-4.316029e+00 1.944740e+03 -1.029261e+03 1.000000e+00
1.898738e+00 3.263096e+03 -4.154953e+02 1.000000e+00
7.637962e+00 4.183178e+03 -8.408768e+02 1.000000e+00
8.969342e+00 5.560259e+03 -1.230590e+02 1.000000e+00
7.993537e+00 6.502423e+03 -6.411906e+02 9.992651e-01
8.059600e+00 7.784313e+03 1.147124e+02 9.950333e-01
5.477912e+00 8.683489e+03 -5.868433e+02 9.787423e-01
4.073294e-01 9.750354e+03 -4.551101e+01 9.366232e-01
1.274961e+00 9.740122e+03 -6.878561e+01 8.571537e-01
-1.189189e+00 1.972460e+03 -1.021806e+03 1.000000e+00
3.438892e+00 3.290070e+03 -4.119868e+02 1.000000e+00
6.281358e+00 4.208409e+03 -8.321578e+02 1.000000e+00
8.061539e+00 5.585211e+03 -1.236040e+02 1.000000e+00
9.003918e+00 6.522188e+03 -6.355142e+02 9.992651e-01
7.009843e+00 7.799159e+03 1.137964e+02 9.950333e-01
3.667088e+00 8.695566e+03 -5.920402e+02 9.787423e-01
2.333036e+00 9.753434e+03 -5.061463e+01 9.366232e-01
2.376862e+00 9.743644e+03 -7.237640e+01 8.571537e-01
-2.417140e+00 1.990672e+03 -1.019463e+03 1.000000e+00
2.252603e+00 3.306730e+03 -4.059457e+02 1.000000e+00
5.215507e+00 4.227300e+03 -8.303607e+02 1.000000e+00
7.846483e+00 5.597514e+03 -1.132488e+02 1.000000e+00
9.133471e+00 6.536269e+03 -6.342808e+02 9.992651e-01
9.264715e+00 7.808583e+03 1.218435e+02 9.950333e-01
9.788939e+00 8.703066e+03 -5.910157e+02 9.787423e-01
6.787251e+00 9.758523e+03 -4.783772e+01 9.366232e-01
5.643084e+00 9.748618e+03 -7.030057e+01 8.571537e-01
-4.858074e+00 2.020141e+03 -1.009245e+03 1.000000e+00
-8.918450e-01 3.333588e+03 -4.081498e+02 1.000000e+00
4.283902e+00 4.259842e+03 -8.162087e+02 1.000000e+00
5.671014e+00 5.618706e+03 -1.171038e+02 1.000000e+00
7.692324e+00 6.558553e+03 -6.176903e+02 9.992651e-01
7.161088e+00 7.821440e+03 1.134242e+02 9.950333e-01
5.982930e+00 8.709065e+03 -5.700305e+02 9.787423e-01
5.781458e+00 9.760152e+03 -4.614518e+01 9.366232e-01
4.793592e+00 9.752014e+03 -6.657991e+01 8.571537e-01
-5.241802e-01 2.029697e+03 -1.021404e+03 1.000000e+00
8.100602e-01 3.358718e+03 -3.896515e+02 1.000000e+00
-2.209654e-01 4.266698e+03 -8.293875e+02 1.000000e+00
3.625781e-01 5.641329e+03 -9.705738e+01 1.000000e+00
4.085322e-01 6.567717e+03 -6.308564e+02 9.992651e-01
3.125374e+00 7.840734e+03 1.371855e+02 9.950333e-01
4.954282e+00 8.718831e+03 -5.903292e+02 9.787423e-01
5.686725e+00 9.767384e+03 -3.975073e+01 9.366232e-01
4.304615e+00 9.752657e+03 -6.406263e+01 8.571537e-01
-4.367578e+00 2.062703e+03 -9.804003e+02 1.000000e+00
-3.162698e+00 3.365709e+03 -4.329471e+02 1.000000e+00
-2.554702e+00 4.296952e+03 -7.838553e+02 1.000000e+00
-3.157854e+00 5.651806e+03 -1.455033e+02 1.000000e+00
-3.901622e+00 6.592871e+03 -5.795256e+02 9.992651e-01
-4.097475e+00 7.854635e+03 8.959283e+01 9.950333e-01
6.991959e-01 8.725414e+03 -5.179977e+02 9.787423e-01
-7.755717e-01 9.778540e+03 -4.332905e+01 9.366232e-01
8.175194e-01 9.755784e+03 -6.133087e+01 8.571537e-01
0.000000e+00 2.108453e+03 -9.173086e+02 1.000000e+00
0.000000e+00 3.364984e+03 -5.007178e+02 1.000000e+00
0.000000e+00 4.348811e+03 -7.113607e+02 1.000000e+00
0.000000e+00 5.663088e+03 -2.245388e+02 1.000000e+00
0.000000e+00 6.640984e+03 -4.989852e+02 9.992651e-01
0.000000e+00 7.875318e+03 3.120421e+00 9.950333e-01
0.000000e+00 8.755882e+03 -4.090318e+02 9.787423e-01
0.000000e+00 9.803371e+03 -5.542889e+01 9.366232e-01
0.000000e+00 9.785392e+03 -6.057174e+01 8.571537e-01
2.961639e+00 2.046588e+03 -8.287498e+02 1.000000e+00
9.485561e+00 2.863824e+03 -1.211106e+03 1.000000e+00
1.416644e+01 4.219122e+03 -4.937505e+02 1.000000e+00
1.656729e+01 5.129257e+03 -9.309178e+02 1.000000e+00
1.633771e+01 6.503902e+03 -1.187496e+02 9.992651e-01
1.419545e+01 7.445165e+03 -6.732190e+02 9.950333e-01
1.091338e+01 8.680108e+03 2.411519e+02 9.787423e-01
7.272717e+00 9.543240e+03 -1.812932e+02 9.366232e-01
6.118500e+00 9.770928e+03 -8.119153e+01 8.571537e-01
1.513459e+00 2.078287e+03 -8.216251e+02 1.000000e+00
5.658088e+00 2.895559e+03 -1.204165e+03 1.000000e+00
9.004434e+00 4.243558e+03 -4.842014e+02 1.000000e+00
1.181754e+01 5.156891e+03 -9.220215e+02 1.000000e+00
1.387067e+01 6.525145e+03 -1.095854e+02 9.992651e-01
1.403533e+01 7.464827e+03 -6.662694e+02 9.950333e-01
1.164569e+01 8.690096e+03 2.466151e+02 9.787423e-01
7.666965e+00 9.553854e+03 -1.751463e+02 9.366232e-01
5.802248e+00 9.774195e+03 -7.883356e+01 8.571537e-01
2.518707e+00 2.104168e+03 -8.161537e+02 1.000000e+00
1.164633e+01 2.918395e+03 -1.194114e+03 1.000000e+00
1.812468e+01 4.266259e+03 -4.778815e+02 1.000000e+00
1.913375e+01 5.178274e+03 -9.128947e+02 1.000000e+00
1.614484e+01 6.546654e+03 -1.078353e+02 9.992651e-01
1.159747e+01 7.478719e+03 -6.594159e+02 9.950333e-01
5.181839e+00 8.703327e+03 2.407914e+02 9.787423e-01
1.025435e+00 9.561062e+03 -1.760864e+02 9.366232e-01
2.684275e+00 9.781242e+03 -7.923440e+01 8.571537e-01
-6.980123e-01 2.125714e+03 -8.126424e+02 1.000000e+00
2.507109e+00 2.941370e+03 -1.184345e+03 1.000000e+00
5.272810e+00 4.288628e+03 -4.736021e+02 1.000000e+00
8.618417e+00 5.198271e+03 -9.032691e+02 1.000000e+00
1.078105e+01 6.566453e+03 -1.092855e+02 9.992651e-01
1.097194e+01 7.492144e+03 -6.525508e+02 9.950333e-01
1.047582e+01 8.711601e+03 2.347075e+02 9.787423e-01
5.174031e+00 9.567889e+03 -1.812976e+02 9.366232e-01
4.715944e+00 9.786854e+03 -8.140275e+01 8.571537e-01
3.002537e+00 2.152417e+03 -8.062314e+02 1.000000e+00
9.309811e+00 2.968865e+03 -1.182008e+03 1.000000e+00
1.295239e+01 4.312650e+03 -4.645016e+02 1.000000e+00
1.327818e+01 5.222307e+03 -8.996361e+02 1.000000e+00
1.394582e+01 6.585296e+03 -9.572741e+01 9.992651e-01
1.162999e+01 7.509252e+03 -6.535873e+02 9.950333e-01
8.073463e+00 8.721257e+03 2.465266e+02 9.787423e-01
8.542841e+00 9.574396e+03 -1.771451e+02 9.366232e-01
6.783556e+00 9.790339e+03 -7.891154e+01 8.571537e-01
-3.724876e+00 2.167399e+03 -8.105215e+02 1.000000e+00
7.751381e-01 2.988099e+03 -1.165766e+03 1.000000e+00
6.908325e+00 4.327192e+03 -4.660391e+02 1.000000e+00
1.082454e+01 5.244284e+03 -8.840187e+02 1.000000e+00
1.042041e+01 6.596044e+03 -1.007464e+02 9.992651e-01
1.133278e+01 7.522651e+03 -6.351308e+02 9.950333e-01
1.114260e+01 8.730719e+03 2.369846e+02 9.787423e-01
7.901206e+00 9.582841e+03 -1.689012e+02 9.366232e-01
6.325666e+00 9.794009e+03 -7.488020e+01 8.571537e-01
7.172993e-01 2.194208e+03 -7.929601e+02 1.000000e+00
1.716217e+00 3.001510e+03 -1.177955e+03 1.000000e+00
-4.056370e-01 4.356995e+03 -4.471843e+02 1.000000e+00
-1.340458e+00 5.257858e+03 -8.946566e+02 1.000000e+00
1.480157e+00 6.618815e+03 -7.963396e+01 9.992651e-01
2.619673e+00 7.529061e+03 -6.431989e+02 9.950333e-01
5.985585e+00 8.741729e+03 2.685157e+02 9.787423e-01
4.298498e+00 9.581549e+03 -1.676846e+02 9.366232e-01
3.754119e+00 9.799331e+03 -7.211276e+01 8.571537e-01
-1.650360e+00 2.195946e+03 -8.275117e+02 1.000000e+00
-4.790648e-01 3.035685e+03 -1.138684e+03 1.000000e+00
2.167218e+00 4.369374e+03 -4.910404e+02 1.000000e+00
5.432572e-01 5.288439e+03 -8.493866e+02 1.000000e+00
-2.382196e+00 6.633574e+03 -1.263718e+02 9.992651e-01
-4.726402e+00 7.547273e+03 -5.946249e+02 9.950333e-01
-8.914216e+00 8.757050e+03 2.064775e+02 9.787423e-01
-4.887049e-03 9.582138e+03 -1.640316e+02 9.366232e-01
3.232237e-01 9.809766e+03 -7.397384e+01 8.571537e-01
0.000000e+00 2.178467e+03 -8.886818e+02 1.000000e+00
0.000000e+00 3.074790e+03 -1.071631e+03 1.000000e+00
0.000000e+00 4.365401e+03 -5.611339e+02 1.000000e+00
0.000000e+00 5.331358e+03 -7.771743e+02 1.000000e+00
0.000000e+00 6.642578e+03 -2.086466e+02 9.992651e-01
0.000000e+00 7.585436e+03 -5.158472e+02 9.950333e-01
0.000000e+00 8.783201e+03 9.656329e+01 9.787423e-01
0.000000e+00 9.615358e+03 -1.566245e+02 9.366232e-01
0.000000e+00 9.837188e+03 -7.672287e+01 8.571537e-01
5.435983e+00 1.733774e+03 -1.609316e+03 1.000000e+00
1.241622e+01 2.981112e+03 -9.481584e+02 1.000000e+00
1.748781e+01 3.799400e+03 -1.324862e+03 1.000000e+00
2.033830e+01 5.176254e+03 -5.024907e+02 1.000000e+00
2.068032e+01 6.092275e+03 -9.700375e+02 9.992651e-01
1.855499e+01 7.443655e+03 -7.852236e+01 9.950333e-01
1.508027e+01 8.373587e+03 -7.674748e+02 9.787423e-01
1.045586e+01 9.568219e+03 -1.459085e+02 9.366232e-01
8.650517e+00 9.547835e+03 -1.417588e+02 8.571537e-01
6.811625e+00 1.754987e+03 -1.601988e+03 1.000000e+00
1.520879e+01 3.008481e+03 -9.367476e+02 1.000000e+00
2.102497e+01 3.834940e+03 -1.315713e+03 1.000000e+00
2.240107e+01 5.203047e+03 -4.929514e+02 1.000000e+00
2.091594e+01 6.116238e+03 -9.613040e+02 9.992651e-01
1.796355e+01 7.456819e+03 -7.303728e+01 9.950333e-01
1.341962e+01 8.385886e+03 -7.609870e+02 9.787423e-01
8.047033e+00 9.568233e+03 -1.431585e+02 9.366232e-01
7.723699e+00 9.557164e+03 -1.379578e+02 8.571537e-01
2.290706e+00 1.777388e+03 -1.594718e+03 1.000000e+00
6.552822e+00 3.031920e+03 -9.301765e+02 1.000000e+00
1.076852e+01 3.855564e+03 -1.304133e+03 1.000000e+00
1.519889e+01 5.223288e+03 -4.856216e+02 1.000000e+00
1.686330e+01 6.133462e+03 -9.508228e+02 9.992651e-01
1.526669e+01 7.474874e+03 -7.274734e+01 9.950333e-01
1.066924e+01 8.396922e+03 -7.562899e+02 9.787423e-01
6.775120e+00 9.577090e+03 -1.424793e+02 9.366232e-01
5.640436e+00 9.562866e+03 -1.364445e+02 8.571537e-01
4.438667e+00 1.801683e+03 -1.585015e+03 1.000000e+00
1.366189e+01 3.055457e+03 -9.262151e+02 1.000000e+00
1.855468e+01 3.877537e+03 -1.292415e+03 1.000000e+00
1.926150e+01 5.244173e+03 -4.816692e+02 1.000000e+00
1.731032e+01 6.151173e+03 -9.405508e+02 9.992651e-01
1.560616e+01 7.494307e+03 -7.143764e+01 9.950333e-01
1.377563e+01 8.416457e+03 -7.470217e+02 9.787423e-01
8.473405e+00 9.591250e+03 -1.406021e+02 9.366232e-01
7.021452e+00 9.570503e+03 -1.359768e+02 8.571537e-01
2.056309e+00 1.817398e+03 -1.581038e+03 1.000000e+00
7.927648e+00 3.078071e+03 -9.151423e+02 1.000000e+00
1.209304e+01 3.905224e+03 -1.288936e+03 1.000000e+00
1.559080e+01 5.268961e+03 -4.695641e+02 1.000000e+00
1.718158e+01 6.171255e+03 -9.389076e+02 9.992651e-01
1.532039e+01 7.508194e+03 -6.017295e+01 9.950333e-01
1.093463e+01 8.429021e+03 -7.490272e+02 9.787423e-01
1.008744e+01 9.596386e+03 -1.352247e+02 9.366232e-01
8.552885e+00 9.577670e+03 -1.318990e+02 8.571537e-01
1.009509e+00 1.843055e+03 -1.570792e+03 1.000000e+00
2.632024e+00 3.094574e+03 -9.188288e+02 1.000000e+00
6.926303e+00 3.922761e+03 -1.269948e+03 1.000000e+00
9.523965e+00 5.278022e+03 -4.712884e+02 1.000000e+00
1.052894e+01 6.189911e+03 -9.194608e+02 9.992651e-01
1.095094e+01 7.518622e+03 -6.516599e+01 9.950333e-01
1.164697e+01 8.436833e+03 -7.305604e+02 9.787423e-01
9.286108e+00 9.596845e+03 -1.297852e+02 9.366232e-01
7.199273e+00 9.582233e+03 -1.268693e+02 8.571537e-01
-7.134178e-01 1.853423e+03 -1.578992e+03 1.000000e+00
6.126729e+00 3.124207e+03 -9.008155e+02 1.000000e+00
7.408110e+00 3.938905e+03 -1.279862e+03 1.000000e+00
7.723869e+00 5.306748e+03 -4.518657e+02 1.000000e+00
7.154235e+00 6.204032e+03 -9.300582e+02 9.992651e-01
7.274094e+00 7.539463e+03 -4.124537e+01 9.950333e-01
5.620300e+00 8.441035e+03 -7.428422e+02 9.787423e-01
3.146805e+00 9.604156e+03 -1.263484e+02 9.366232e-01
3.576523e+00 9.582651e+03 -1.260053e+02 8.571537e-01
-1.450358e+00 1.879957e+03 -1.544599e+03 1.000000e+00
-2.717895e+00 3.125975e+03 -9.344434e+02 1.000000e+00
-2.050806e+00 3.969843e+03 -1.241038e+03 1.000000e+00
-3.078799e+00 5.321669e+03 -4.947968e+02 1.000000e+00
-4.662502e+00 6.230466e+03 -8.844800e+02 9.992651e-01
-4.939512e+00 7.559664e+03 -8.761948e+01 9.950333e-01
2.430120e-01 8.456378e+03 -6.805587e+02 9.787423e-01
2.496309e-01 9.622408e+03 -1.358513e+02 9.366232e-01
1.590233e+00 9.588338e+03 -1.271470e+02 8.571537e-01
0.000000e+00 1.922899e+03 -1.490136e+03 1.000000e+00
0.000000e+00 3.115514e+03 -9.964315e+02 1.000000e+00
0.000000e+00 4.009313e+03 -1.173557e+03 1.000000e+00
0.000000e+00 5.321549e+03 -5.696108e+02 1.000000e+00
0.000000e+00 6.271192e+03 -8.075801e+02 9.992651e-01
0.000000e+00 7.578841e+03 -1.697724e+02 9.950333e-01
0.000000e+00 8.495246e+03 -5.795806e+02 9.787423e-01
0.000000e+00 9.652373e+03 -1.467807e+02 9.366232e-01
0.000000e+00 9.620794e+03 -1.266640e+02 8.571537e-01
