0 729 0.00000e+00
  1     729
0.000000e+00 -1.729281e+03 0.000000e+00 1.000000e+00
0.000000e+00 -1.754743e+03 3.674125e+02 1.000000e+00
0.000000e+00 -1.914645e+03 6.843217e+02 1.000000e+00
0.000000e+00 -1.987663e+03 9.724960e+02 1.000000e+00
0.000000e+00 -2.165303e+03 1.193124e+03 1.000000e+00
0.000000e+00 -2.226113e+03 1.413935e+03 1.000000e+00
0.000000e+00 -2.373519e+03 1.541397e+03 1.000000e+00
0.000000e+00 -2.365492e+03 1.696042e+03 1.000000e+00
0.000000e+00 -2.417942e+03 1.723933e+03 1.000000e+00
1.678774e+00 -1.760857e+03 0.000000e+00 1.000000e+00
4.266117e+00 -1.748949e+03 3.690912e+02 1.000000e+00
3.226259e+00 -1.949064e+03 6.818765e+02 1.000000e+00
5.073312e+00 -1.982726e+03 9.773279e+02 1.000000e+00
4.200530e+00 -2.200617e+03 1.187739e+03 1.000000e+00
5.707055e+00 -2.223403e+03 1.423101e+03 1.000000e+00
3.648378e+00 -2.410105e+03 1.530875e+03 1.000000e+00
3.722869e+00 -2.363087e+03 1.710463e+03 1.000000e+00
9.253901e-01 -2.455089e+03 1.707365e+03 1.000000e+00
7.576562e+00 -1.784875e+03 0.000000e+00 1.000000e+00
8.096880e+00 -1.747271e+03 3.711082e+02 1.000000e+00
9.120581e+00 -1.977942e+03 6.802856e+02 1.000000e+00
8.969624e+00 -1.980355e+03 9.823765e+02 1.000000e+00
9.955527e+00 -2.229673e+03 1.184742e+03 1.000000e+00
8.231630e+00 -2.223778e+03 1.431442e+03 1.000000e+00
8.100239e+00 -2.438080e+03 1.524350e+03 1.000000e+00
5.667226e+00 -2.361286e+03 1.722555e+03 1.000000e+00
3.616667e+00 -2.483296e+03 1.695846e+03 1.000000e+00
1.208326e+01 -1.790286e+03 0.000000e+00 1.000000e+00
1.239869e+01 -1.763174e+03 3.715877e+02 1.000000e+00
1.308056e+01 -1.986302e+03 6.823663e+02 1.000000e+00
1.426576e+01 -1.997173e+03 9.835012e+02 1.000000e+00
1.413078e+01 -2.237095e+03 1.188826e+03 1.000000e+00
1.309787e+01 -2.241906e+03 1.431995e+03 1.000000e+00
1.134905e+01 -2.444087e+03 1.529949e+03 1.000000e+00
8.248384e+00 -2.377170e+03 1.721208e+03 1.000000e+00
5.263901e+00 -2.486515e+03 1.702900e+03 1.000000e+00
1.474224e+01 -1.803458e+03 0.000000e+00 1.000000e+00
1.583761e+01 -1.771814e+03 3.722978e+02 1.000000e+00
1.710609e+01 -1.999422e+03 6.847392e+02 1.000000e+00
1.803723e+01 -2.008139e+03 9.857281e+02 1.000000e+00
1.751819e+01 -2.248752e+03 1.192004e+03 1.000000e+00
1.609198e+01 -2.252811e+03 1.435562e+03 1.000000e+00
1.423839e+01 -2.455960e+03 1.532967e+03 1.000000e+00
1.117313e+01 -2.386160e+03 1.724471e+03 1.000000e+00
5.980830e+00 -2.494136e+03 1.704667e+03 1.000000e+00
1.744373e+01 -1.812383e+03 0.000000e+00 1.000000e+00
1.916622e+01 -1.783530e+03 3.737571e+02 1.000000e+00
1.979199e+01 -2.009030e+03 6.864182e+02 1.000000e+00
2.046051e+01 -2.019688e+03 9.891887e+02 1.000000e+00
2.088626e+01 -2.260006e+03 1.195102e+03 1.000000e+00
1.864839e+01 -2.262473e+03 1.439623e+03 1.000000e+00
1.586881e+01 -2.465970e+03 1.536232e+03 1.000000e+00
1.169772e+01 -2.392849e+03 1.728233e+03 1.000000e+00
7.393834e+00 -2.501828e+03 1.706499e+03 1.000000e+00
1.930060e+01 -1.819268e+03 0.000000e+00 1.000000e+00
2.071474e+01 -1.795058e+03 3.752574e+02 1.000000e+00
2.220619e+01 -2.018036e+03 6.882723e+02 1.000000e+00
2.327882e+01 -2.031062e+03 9.929703e+02 1.000000e+00
2.240708e+01 -2.270299e+03 1.198276e+03 1.000000e+00
2.067165e+01 -2.271001e+03 1.444026e+03 1.000000e+00
1.785106e+01 -2.474383e+03 1.539680e+03 1.000000e+00
1.314999e+01 -2.400327e+03 1.731465e+03 1.000000e+00
6.890262e+00 -2.506568e+03 1.709198e+03 1.000000e+00
2.085691e+01 -1.829836e+03 0.000000e+00 1.000000e+00
2.193228e+01 -1.802637e+03 3.762893e+02 1.000000e+00
2.362592e+01 -2.029663e+03 6.912863e+02 1.000000e+00
2.379296e+01 -2.040613e+03 9.954103e+02 1.000000e+00
2.352728e+01 -2.279691e+03 1.202841e+03 1.000000e+00
2.177507e+01 -2.281109e+03 1.447571e+03 1.000000e+00
1.760840e+01 -2.481470e+03 1.543707e+03 1.000000e+00
1.364305e+01 -2.408481e+03 1.734724e+03 1.000000e+00
7.358847e+00 -2.509243e+03 1.710956e+03 1.000000e+00
2.095684e+01 -1.839348e+03 0.000000e+00 1.000000e+00
2.251534e+01 -1.811586e+03 3.773511e+02 1.000000e+00
2.381965e+01 -2.039523e+03 6.940580e+02 1.000000e+00
2.436652e+01 -2.050110e+03 9.979801e+02 1.000000e+00
2.381666e+01 -2.288502e+03 1.207602e+03 1.000000e+00
2.164936e+01 -2.291170e+03 1.450567e+03 1.000000e+00
1.816463e+01 -2.487693e+03 1.548071e+03 1.000000e+00
1.312993e+01 -2.414996e+03 1.737457e+03 1.000000e+00
6.816286e+00 -2.511517e+03 1.713318e+03 1.000000e+00
0.000000e+00 -1.770964e+03 0.000000e+00 1.000000e+00
0.000000e+00 -1.913276e+03 3.116457e+02 1.000000e+00
0.000000e+00 -1.962687e+03 5.906288e+02 1.000000e+00
0.000000e+00 -2.142042e+03 8.086818e+02 1.000000e+00
0.000000e+00 -2.206183e+03 1.011798e+03 1.000000e+00
0.000000e+00 -2.376332e+03 1.136089e+03 1.000000e+00
0.000000e+00 -2.392325e+03 1.273397e+03 1.000000e+00
0.000000e+00 -2.492765e+03 1.301730e+03 1.000000e+00
0.000000e+00 -2.405149e+03 1.377808e+03 1.000000e+00
2.719190e+00 -1.763427e+03 0.000000e+00 1.000000e+00
1.724909e+00 -1.949656e+03 3.108003e+02 1.000000e+00
3.738153e+00 -1.955397e+03 5.933240e+02 1.000000e+00
2.226586e+00 -2.180861e+03 8.048799e+02 1.000000e+00
4.241800e+00 -2.201258e+03 1.018450e+03 1.000000e+00
3.153730e+00 -2.415206e+03 1.128697e+03 1.000000e+00
3.305100e+00 -2.387831e+03 1.283651e+03 1.000000e+00
5.991344e-01 -2.532609e+03 1.289232e+03 1.000000e+00
1.353198e-01 -2.399128e+03 1.393625e+03 1.000000e+00
5.261296e+00 -1.762182e+03 0.000000e+00 1.000000e+00
6.692257e+00 -1.979056e+03 3.107152e+02 1.000000e+00
6.680197e+00 -1.951738e+03 5.957089e+02 1.000000e+00
7.698125e+00 -2.212695e+03 8.029269e+02 1.000000e+00
6.981775e+00 -2.199214e+03 1.024168e+03 1.000000e+00
6.041100e+00 -2.445413e+03 1.124090e+03 1.000000e+00
4.875303e+00 -2.386243e+03 1.292338e+03 1.000000e+00
3.847206e+00 -2.563259e+03 1.280405e+03 1.000000e+00
5.800080e-01 -2.393457e+03 1.405940e+03 1.000000e+00
9.397075e+00 -1.781078e+03 0.000000e+00 1.000000e+00
1.006306e+01 -1.986196e+03 3.118859e+02 1.000000e+00
1.043066e+01 -1.968943e+03 5.958507e+02 1.000000e+00
1.040811e+01 -2.220846e+03 8.056509e+02 1.000000e+00
1.071272e+01 -2.218001e+03 1.024311e+03 1.000000e+00
9.074269e+00 -2.451885e+03 1.127948e+03 1.000000e+00
6.876825e+00 -2.404913e+03 1.291289e+03 1.000000e+00
3.411192e+00 -2.568317e+03 1.284798e+03 1.000000e+00
2.644292e-01 -2.409641e+03 1.402859e+03 1.000000e+00
1.203468e+01 -1.789555e+03 0.000000e+00 1.000000e+00
1.252190e+01 -1.999850e+03 3.124944e+02 1.000000e+00
1.337379e+01 -1.979271e+03 5.973774e+02 1.000000e+00
1.388146e+01 -2.234306e+03 8.072686e+02 1.000000e+00
1.306564e+01 -2.229576e+03 1.026658e+03 1.000000e+00
1.054140e+01 -2.464099e+03 1.129764e+03 1.000000e+00
8.366012e+00 -2.414567e+03 1.293316e+03 1.000000e+00
5.381454e+00 -2.578074e+03 1.286158e+03 1.000000e+00
4.986159e-01 -2.416807e+03 1.403414e+03 1.000000e+00
1.398640e+01 -1.800744e+03 0.000000e+00 1.000000e+00
1.515211e+01 -2.009835e+03 3.132173e+02 1.000000e+00
1.597030e+01 -1.991636e+03 5.992362e+02 1.000000e+00
1.591158e+01 -2.244833e+03 8.088785e+02 1.000000e+00
1.533826e+01 -2.240286e+03 1.029408e+03 1.000000e+00
1.313206e+01 -2.475000e+03 1.131626e+03 1.000000e+00
9.697684e+00 -2.423217e+03 1.295619e+03 1.000000e+00
5.145069e+00 -2.586952e+03 1.287367e+03 1.000000e+00
7.750708e-01 -2.420105e+03 1.404352e+03 1.000000e+00
1.547253e+01 -1.813392e+03 0.000000e+00 1.000000e+00
1.655658e+01 -2.018946e+03 3.141416e+02 1.000000e+00
1.763258e+01 -2.003455e+03 6.009697e+02 1.000000e+00
1.757134e+01 -2.254880e+03 8.106910e+02 1.000000e+00
1.634831e+01 -2.250968e+03 1.032225e+03 1.000000e+00
1.361423e+01 -2.485598e+03 1.133737e+03 1.000000e+00
1.049946e+01 -2.431706e+03 1.297880e+03 1.000000e+00
5.922730e+00 -2.592766e+03 1.288108e+03 1.000000e+00
-8.166441e-01 -2.425041e+03 1.405056e+03 1.000000e+00
1.656716e+01 -1.821906e+03 0.000000e+00 1.000000e+00
1.791739e+01 -2.030537e+03 3.151096e+02 1.000000e+00
1.845421e+01 -2.012551e+03 6.023412e+02 1.000000e+00
1.868183e+01 -2.265645e+03 8.133620e+02 1.000000e+00
1.749707e+01 -2.261159e+03 1.034070e+03 1.000000e+00
1.456072e+01 -2.494408e+03 1.136533e+03 1.000000e+00
1.063528e+01 -2.440137e+03 1.299568e+03 1.000000e+00
5.572473e+00 -2.597229e+03 1.289275e+03 1.000000e+00
4.839551e-01 -2.429754e+03 1.405186e+03 1.000000e+00
1.677932e+01 -1.830886e+03 0.000000e+00 1.000000e+00
1.793719e+01 -2.040265e+03 3.160095e+02 1.000000e+00
1.905899e+01 -2.022587e+03 6.036713e+02 1.000000e+00
1.876660e+01 -2.275227e+03 8.159769e+02 1.000000e+00
1.727657e+01 -2.271332e+03 1.035864e+03 1.000000e+00
1.473567e+01 -2.501856e+03 1.139427e+03 1.000000e+00
1.047962e+01 -2.448681e+03 1.300548e+03 1.000000e+00
5.407586e+00 -2.602724e+03 1.290816e+03 1.000000e+00
-4.693492e-01 -2.433096e+03 1.405379e+03 1.000000e+00
0.000000e+00 -1.915052e+03 0.000000e+00 1.000000e+00
0.000000e+00 -1.931685e+03 2.649918e+02 1.000000e+00
0.000000e+00 -2.103769e+03 4.853480e+02 1.000000e+00
0.000000e+00 -2.158161e+03 6.773656e+02 1.000000e+00
0.000000e+00 -2.339749e+03 8.017348e+02 1.000000e+00
0.000000e+00 -2.369595e+03 9.230739e+02 1.000000e+00
0.000000e+00 -2.509167e+03 9.537679e+02 1.000000e+00
0.000000e+00 -2.459389e+03 1.012876e+03 1.000000e+00
0.000000e+00 -2.490083e+03 9.539748e+02 1.000000e+00
9.090405e-02 -1.953657e+03 0.000000e+00 1.000000e+00
2.448461e+00 -1.922147e+03 2.665452e+02 1.000000e+00
1.494639e+00 -2.144265e+03 4.829879e+02 1.000000e+00
2.609648e+00 -2.149369e+03 6.813608e+02 1.000000e+00
1.637752e+00 -2.381049e+03 7.966795e+02 1.000000e+00
2.890852e+00 -2.363590e+03 9.309661e+02 1.000000e+00
1.215991e+00 -2.550928e+03 9.440564e+02 1.000000e+00
1.299396e+00 -2.450860e+03 1.025264e+03 1.000000e+00
-1.588982e+00 -2.531593e+03 9.383381e+02 1.000000e+00
4.508720e+00 -1.982614e+03 0.000000e+00 1.000000e+00
4.350170e+00 -1.917967e+03 2.681039e+02 1.000000e+00
5.238150e+00 -2.177685e+03 4.814484e+02 1.000000e+00
5.048840e+00 -2.144956e+03 6.850046e+02 1.000000e+00
5.591966e+00 -2.414030e+03 7.933516e+02 1.000000e+00
3.152633e+00 -2.361499e+03 9.371879e+02 1.000000e+00
2.302431e+00 -2.583241e+03 9.373317e+02 1.000000e+00
-3.519722e-01 -2.445745e+03 1.034242e+03 1.000000e+00
-1.863456e+00 -2.563619e+03 9.270121e+02 1.000000e+00
7.066199e+00 -1.986804e+03 0.000000e+00 1.000000e+00
7.342953e+00 -1.937070e+03 2.682831e+02 1.000000e+00
7.908410e+00 -2.185605e+03 4.830118e+02 1.000000e+00
7.493251e+00 -2.164060e+03 6.844662e+02 1.000000e+00
6.658206e+00 -2.421220e+03 7.962220e+02 1.000000e+00
5.387879e+00 -2.381491e+03 9.358320e+02 1.000000e+00
2.718518e+00 -2.588801e+03 9.404284e+02 1.000000e+00
-2.268187e-01 -2.464028e+03 1.030868e+03 1.000000e+00
-3.875993e+00 -2.565624e+03 9.310818e+02 1.000000e+00
9.165934e+00 -2.001109e+03 0.000000e+00 1.000000e+00
9.726245e+00 -1.946789e+03 2.688241e+02 1.000000e+00
9.824778e+00 -2.199604e+03 4.839225e+02 1.000000e+00
1.009186e+01 -2.174991e+03 6.854299e+02 1.000000e+00
9.172618e+00 -2.433927e+03 7.973445e+02 1.000000e+00
5.660609e+00 -2.392566e+03 9.368276e+02 1.000000e+00
3.416178e+00 -2.600053e+03 9.409973e+02 1.000000e+00
5.313821e-01 -2.471467e+03 1.031193e+03 1.000000e+00
-4.270415e+00 -2.572029e+03 9.297963e+02 1.000000e+00
1.049830e+01 -2.011665e+03 0.000000e+00 1.000000e+00
1.161891e+01 -1.958466e+03 2.697546e+02 1.000000e+00
1.191724e+01 -2.210512e+03 4.841597e+02 1.000000e+00
1.120216e+01 -2.187742e+03 6.874756e+02 1.000000e+00
1.018002e+01 -2.445148e+03 7.977731e+02 1.000000e+00
7.409485e+00 -2.402921e+03 9.383640e+02 1.000000e+00
3.602753e+00 -2.609861e+03 9.410532e+02 1.000000e+00
-1.819139e+00 -2.478456e+03 1.031064e+03 1.000000e+00
-5.715792e+00 -2.579765e+03 9.292019e+02 1.000000e+00
1.176692e+01 -2.019729e+03 0.000000e+00 1.000000e+00
1.253183e+01 -1.970496e+03 2.705804e+02 1.000000e+00
1.329412e+01 -2.220590e+03 4.848481e+02 1.000000e+00
1.298745e+01 -2.199393e+03 6.889551e+02 1.000000e+00
1.088606e+01 -2.455476e+03 7.986174e+02 1.000000e+00
7.358847e+00 -2.411918e+03 9.397590e+02 1.000000e+00
3.889107e+00 -2.618358e+03 9.408260e+02 1.000000e+00
1.977155e-01 -2.485706e+03 1.031088e+03 1.000000e+00
-5.652539e+00 -2.581980e+03 9.278677e+02 1.000000e+00
1.288527e+01 -2.030639e+03 0.000000e+00 1.000000e+00
1.345300e+01 -1.979677e+03 2.708695e+02 1.000000e+00
1.416130e+01 -2.231996e+03 4.862391e+02 1.000000e+00
1.317743e+01 -2.209438e+03 6.896127e+02 1.000000e+00
1.144944e+01 -2.465359e+03 8.002493e+02 1.000000e+00
8.304145e+00 -2.421101e+03 9.400558e+02 1.000000e+00
3.574663e+00 -2.625962e+03 9.413684e+02 1.000000e+00
-1.699256e+00 -2.492141e+03 1.030620e+03 1.000000e+00
-7.036279e+00 -2.583191e+03 9.257469e+02 1.000000e+00
1.268626e+01 -2.040491e+03 0.000000e+00 1.000000e+00
1.381270e+01 -1.989838e+03 2.711699e+02 1.000000e+00
1.435913e+01 -2.241803e+03 4.872791e+02 1.000000e+00
1.344133e+01 -2.220412e+03 6.903721e+02 1.000000e+00
1.137966e+01 -2.474558e+03 8.018561e+02 1.000000e+00
8.000032e+00 -2.431032e+03 9.402103e+02 1.000000e+00
3.588186e+00 -2.632561e+03 9.416811e+02 1.000000e+00
-1.702385e+00 -2.498073e+03 1.029176e+03 1.000000e+00
-7.035145e+00 -2.586656e+03 9.248206e+02 1.000000e+00
0.000000e+00 -1.907928e+03 0.000000e+00 1.000000e+00
0.000000e+00 -2.063206e+03 2.143614e+02 1.000000e+00
0.000000e+00 -2.095835e+03 3.999812e+02 1.000000e+00
0.000000e+00 -2.280972e+03 5.291111e+02 1.000000e+00
0.000000e+00 -2.315245e+03 6.404344e+02 1.000000e+00
0.000000e+00 -2.479304e+03 6.742634e+02 1.000000e+00
0.000000e+00 -2.454723e+03 7.199839e+02 1.000000e+00
0.000000e+00 -2.538887e+03 6.637814e+02 1.000000e+00
0.000000e+00 -2.404412e+03 6.610123e+02 1.000000e+00
1.030489e+00 -1.895828e+03 0.000000e+00 1.000000e+00
-2.967055e-01 -2.106373e+03 2.134067e+02 1.000000e+00
1.960447e+00 -2.084989e+03 4.026730e+02 1.000000e+00
1.082793e+00 -2.324644e+03 5.253705e+02 1.000000e+00
1.956614e+00 -2.306093e+03 6.458302e+02 1.000000e+00
4.793201e-01 -2.523432e+03 6.673823e+02 1.000000e+00
8.054233e-01 -2.446829e+03 7.289674e+02 1.000000e+00
-7.611299e-01 -2.584877e+03 6.523470e+02 1.000000e+00
-1.271847e+00 -2.393497e+03 6.743442e+02 1.000000e+00
2.579324e+00 -1.891621e+03 0.000000e+00 1.000000e+00
3.643946e+00 -2.140329e+03 2.131399e+02 1.000000e+00
2.912030e+00 -2.079158e+03 4.045374e+02 1.000000e+00
3.160452e+00 -2.360181e+03 5.230724e+02 1.000000e+00
2.626244e+00 -2.301795e+03 6.498799e+02 1.000000e+00
1.546192e+00 -2.557407e+03 6.624638e+02 1.000000e+00
-7.091063e-01 -2.442414e+03 7.354122e+02 1.000000e+00
-2.589325e+00 -2.619253e+03 6.432184e+02 1.000000e+00
-5.608338e+00 -2.384713e+03 6.836837e+02 1.000000e+00
4.826052e+00 -1.913264e+03 0.000000e+00 1.000000e+00
5.059798e+00 -2.145715e+03 2.140873e+02 1.000000e+00
5.333912e+00 -2.099087e+03 4.038019e+02 1.000000e+00
4.972008e+00 -2.367694e+03 5.248647e+02 1.000000e+00
3.907413e+00 -2.322066e+03 6.483025e+02 1.000000e+00
1.516596e+00 -2.563416e+03 6.648311e+02 1.000000e+00
-7.552450e-01 -2.461731e+03 7.322973e+02 1.000000e+00
-3.508941e+00 -2.621704e+03 6.453470e+02 1.000000e+00
-6.697914e+00 -2.401799e+03 6.784541e+02 1.000000e+00
6.634112e+00 -1.922323e+03 0.000000e+00 1.000000e+00
6.676526e+00 -2.160289e+03 2.144618e+02 1.000000e+00
6.796570e+00 -2.109960e+03 4.042274e+02 1.000000e+00
6.304871e+00 -2.381832e+03 5.252134e+02 1.000000e+00
5.107856e+00 -2.333343e+03 6.485768e+02 1.000000e+00
1.773790e+00 -2.575638e+03 6.645943e+02 1.000000e+00
-1.975584e+00 -2.471995e+03 7.317051e+02 1.000000e+00
-5.009300e+00 -2.632336e+03 6.444556e+02 1.000000e+00
-8.630358e+00 -2.407892e+03 6.765414e+02 1.000000e+00
7.687754e+00 -1.933245e+03 0.000000e+00 1.000000e+00
7.979057e+00 -2.171982e+03 2.146931e+02 1.000000e+00
8.428161e+00 -2.122105e+03 4.049999e+02 1.000000e+00
7.187269e+00 -2.392649e+03 5.248606e+02 1.000000e+00
4.922110e+00 -2.345373e+03 6.495400e+02 1.000000e+00
2.217391e+00 -2.585857e+03 6.638232e+02 1.000000e+00
-1.281410e+00 -2.480640e+03 7.312482e+02 1.000000e+00
-6.205457e+00 -2.639563e+03 6.423661e+02 1.000000e+00
-1.146081e+01 -2.410811e+03 6.745728e+02 1.000000e+00
8.762860e+00 -1.945297e+03 0.000000e+00 1.000000e+00
9.052358e+00 -2.181666e+03 2.148569e+02 1.000000e+00
8.996980e+00 -2.134390e+03 4.055305e+02 1.000000e+00
8.305197e+00 -2.403118e+03 5.249206e+02 1.000000e+00
6.420294e+00 -2.355947e+03 6.499973e+02 1.000000e+00
1.888742e+00 -2.596106e+03 6.630573e+02 1.000000e+00
-2.650095e+00 -2.488639e+03 7.304245e+02 1.000000e+00
-6.596653e+00 -2.644421e+03 6.402613e+02 1.000000e+00
-1.065853e+01 -2.416240e+03 6.719822e+02 1.000000e+00
8.596174e+00 -1.954891e+03 0.000000e+00 1.000000e+00
9.629696e+00 -2.192865e+03 2.152112e+02 1.000000e+00
9.874665e+00 -2.144599e+03 4.054719e+02 1.000000e+00
8.458808e+00 -2.414145e+03 5.257167e+02 1.000000e+00
5.589215e+00 -2.365783e+03 6.494570e+02 1.000000e+00
1.970445e+00 -2.605321e+03 6.627299e+02 1.000000e+00
-2.030988e+00 -2.496153e+03 7.288663e+02 1.000000e+00
-7.948434e+00 -2.650172e+03 6.381980e+02 1.000000e+00
-1.301605e+01 -2.420304e+03 6.691365e+02 1.000000e+00
9.058136e+00 -1.965224e+03 0.000000e+00 1.000000e+00
9.785954e+00 -2.202789e+03 2.154872e+02 1.000000e+00
1.009785e+01 -2.155286e+03 4.054656e+02 1.000000e+00
8.604160e+00 -2.423090e+03 5.260691e+02 1.000000e+00
5.882900e+00 -2.376425e+03 6.488990e+02 1.000000e+00
2.098509e+00 -2.613025e+03 6.625836e+02 1.000000e+00
-2.651610e+00 -2.503251e+03 7.268708e+02 1.000000e+00
-7.752505e+00 -2.654341e+03 6.358353e+02 1.000000e+00
-1.283845e+01 -2.421906e+03 6.656639e+02 1.000000e+00
0.000000e+00 -2.031701e+03 0.000000e+00 1.000000e+00
0.000000e+00 -2.036500e+03 1.730830e+02 1.000000e+00
0.000000e+00 -2.214413e+03 3.067949e+02 1.000000e+00
0.000000e+00 -2.241110e+03 4.144845e+02 1.000000e+00
0.000000e+00 -2.420101e+03 4.557875e+02 1.000000e+00
0.000000e+00 -2.412345e+03 4.923538e+02 1.000000e+00
0.000000e+00 -2.538705e+03 4.422051e+02 1.000000e+00
0.000000e+00 -2.442833e+03 4.233014e+02 1.000000e+00
0.000000e+00 -2.457296e+03 2.944464e+02 1.000000e+00
-1.193539e+00 -2.076570e+03 0.000000e+00 1.000000e+00
5.095801e-01 -2.022031e+03 1.742632e+02 1.000000e+00
-3.129267e-01 -2.260631e+03 3.047975e+02 1.000000e+00
1.176254e+00 -2.229594e+03 4.178956e+02 1.000000e+00
-1.472956e-01 -2.466632e+03 4.508053e+02 1.000000e+00
4.730809e-01 -2.402063e+03 4.990262e+02 1.000000e+00
-1.400000e+00 -2.585017e+03 4.332007e+02 1.000000e+00
-1.638368e+00 -2.430644e+03 4.336961e+02 1.000000e+00
-3.598972e+00 -2.504552e+03 2.804834e+02 1.000000e+00
1.487327e+00 -2.110439e+03 0.000000e+00 1.000000e+00
1.473440e+00 -2.015089e+03 1.755126e+02 1.000000e+00
2.301538e+00 -2.297367e+03 3.033024e+02 1.000000e+00
1.044638e+00 -2.223135e+03 4.202071e+02 1.000000e+00
1.052234e+00 -2.503006e+03 4.473221e+02 1.000000e+00
-8.214637e-01 -2.396838e+03 5.033705e+02 1.000000e+00
-2.517785e+00 -2.620584e+03 4.262506e+02 1.000000e+00
-5.007397e+00 -2.422305e+03 4.401349e+02 1.000000e+00
-6.292965e+00 -2.538844e+03 2.696442e+02 1.000000e+00
3.294240e+00 -2.113051e+03 0.000000e+00 1.000000e+00
2.840691e+00 -2.037475e+03 1.754446e+02 1.000000e+00
2.808655e+00 -2.303588e+03 3.042122e+02 1.000000e+00
2.715515e+00 -2.243538e+03 4.186837e+02 1.000000e+00
8.318358e-01 -2.509325e+03 4.486180e+02 1.000000e+00
-1.694347e+00 -2.417884e+03 5.005149e+02 1.000000e+00
-4.257822e+00 -2.625225e+03 4.279189e+02 1.000000e+00
-6.789773e+00 -2.441452e+03 4.348084e+02 1.000000e+00
-1.059787e+01 -2.538691e+03 2.711532e+02 1.000000e+00
3.893401e+00 -2.127539e+03 0.000000e+00 1.000000e+00
4.304126e+00 -2.047409e+03 1.756201e+02 1.000000e+00
3.982271e+00 -2.318251e+03 3.042219e+02 1.000000e+00
2.618207e+00 -2.255017e+03 4.183179e+02 1.000000e+00
1.188749e+00 -2.523043e+03 4.481076e+02 1.000000e+00
-1.632270e+00 -2.428468e+03 4.996752e+02 1.000000e+00
-6.265806e+00 -2.635768e+03 4.257016e+02 1.000000e+00
-9.926441e+00 -2.448778e+03 4.331368e+02 1.000000e+00
-1.232001e+01 -2.546361e+03 2.677996e+02 1.000000e+00
4.549774e+00 -2.139764e+03 0.000000e+00 1.000000e+00
4.897062e+00 -2.058570e+03 1.761185e+02 1.000000e+00
4.815667e+00 -2.330104e+03 3.035529e+02 1.000000e+00
4.096070e+00 -2.267461e+03 4.186309e+02 1.000000e+00
1.256838e+00 -2.533094e+03 4.465948e+02 1.000000e+00
-3.113138e+00 -2.439485e+03 4.991413e+02 1.000000e+00
-5.887293e+00 -2.644527e+03 4.231717e+02 1.000000e+00
-1.019717e+01 -2.455453e+03 4.304840e+02 1.000000e+00
-1.533855e+01 -2.551938e+03 2.641940e+02 1.000000e+00
5.646038e+00 -2.149168e+03 0.000000e+00 1.000000e+00
5.773411e+00 -2.070893e+03 1.762243e+02 1.000000e+00
5.362087e+00 -2.340517e+03 3.031778e+02 1.000000e+00
3.414355e+00 -2.279097e+03 4.183829e+02 1.000000e+00
1.121035e+00 -2.543591e+03 4.454832e+02 1.000000e+00
-2.741922e+00 -2.448803e+03 4.976382e+02 1.000000e+00
-8.365658e+00 -2.652359e+03 4.209043e+02 1.000000e+00
-1.287925e+01 -2.462696e+03 4.269121e+02 1.000000e+00
-1.609280e+01 -2.553312e+03 2.605521e+02 1.000000e+00
5.602780e+00 -2.159272e+03 0.000000e+00 1.000000e+00
5.752495e+00 -2.081176e+03 1.758493e+02 1.000000e+00
6.030259e+00 -2.351526e+03 3.033416e+02 1.000000e+00
4.447712e+00 -2.289479e+03 4.171249e+02 1.000000e+00
9.526801e-01 -2.554104e+03 4.452025e+02 1.000000e+00
-3.276744e+00 -2.456729e+03 4.952131e+02 1.000000e+00
-7.700295e+00 -2.659959e+03 4.182432e+02 1.000000e+00
-1.263134e+01 -2.467549e+03 4.235164e+02 1.000000e+00
-1.786007e+01 -2.554995e+03 2.560426e+02 1.000000e+00
5.628457e+00 -2.168090e+03 0.000000e+00 1.000000e+00
6.221514e+00 -2.092001e+03 1.754354e+02 1.000000e+00
5.965266e+00 -2.361482e+03 3.032942e+02 1.000000e+00
4.132663e+00 -2.300248e+03 4.161286e+02 1.000000e+00
9.074550e-01 -2.562074e+03 4.440569e+02 1.000000e+00
-3.570121e+00 -2.466225e+03 4.930292e+02 1.000000e+00
-8.130641e+00 -2.666719e+03 4.158353e+02 1.000000e+00
-1.342448e+01 -2.472228e+03 4.192521e+02 1.000000e+00
-1.797338e+01 -2.557644e+03 2.511825e+02 1.000000e+00
0.000000e+00 -1.984713e+03 0.000000e+00 1.000000e+00
0.000000e+00 -2.151687e+03 1.284832e+02 1.000000e+00
0.000000e+00 -2.162462e+03 2.342801e+02 1.000000e+00
0.000000e+00 -2.347024e+03 2.857924e+02 1.000000e+00
0.000000e+00 -2.344802e+03 3.199846e+02 1.000000e+00
0.000000e+00 -2.499156e+03 2.787764e+02 1.000000e+00
0.000000e+00 -2.431113e+03 2.502450e+02 1.000000e+00
0.000000e+00 -2.501156e+03 1.255089e+02 1.000000e+00
0.000000e+00 -2.322258e+03 5.974823e+01 1.000000e+00
-5.243052e-01 -1.968159e+03 0.000000e+00 1.000000e+00
-1.271153e+00 -2.200260e+03 1.278426e+02 1.000000e+00
5.113785e-01 -2.146752e+03 2.362520e+02 1.000000e+00
-7.798362e-01 -2.395348e+03 2.824201e+02 1.000000e+00
-8.233448e-02 -2.331749e+03 3.244214e+02 1.000000e+00
-1.456854e+00 -2.547619e+03 2.724144e+02 1.000000e+00
-1.339705e+00 -2.418495e+03 2.578135e+02 1.000000e+00
-3.036171e+00 -2.549684e+03 1.149247e+02 1.000000e+00
-3.283955e+00 -2.305060e+03 7.119493e+01 1.000000e+00
-1.867165e-01 -1.960504e+03 0.000000e+00 1.000000e+00
6.575040e-01 -2.237674e+03 1.277024e+02 1.000000e+00
1.389315e-01 -2.138500e+03 2.374529e+02 1.000000e+00
1.799832e-01 -2.433701e+03 2.797981e+02 1.000000e+00
-1.241056e+00 -2.324846e+03 3.271664e+02 1.000000e+00
-2.233009e+00 -2.584750e+03 2.673728e+02 1.000000e+00
-5.413625e+00 -2.411116e+03 2.618097e+02 1.000000e+00
-7.171524e+00 -2.586367e+03 1.066206e+02 1.000000e+00
-8.979761e+00 -2.293080e+03 7.755093e+01 1.000000e+00
1.286248e+00 -1.984711e+03 0.000000e+00 1.000000e+00
1.043140e+00 -2.241160e+03 1.281861e+02 1.000000e+00
8.006018e-01 -2.161035e+03 2.365913e+02 1.000000e+00
2.916854e-01 -2.440105e+03 2.803033e+02 1.000000e+00
-1.640906e+00 -2.346261e+03 3.244991e+02 1.000000e+00
-4.752100e+00 -2.589572e+03 2.680095e+02 1.000000e+00
-6.987684e+00 -2.431601e+03 2.575646e+02 1.000000e+00
-9.909565e+00 -2.588237e+03 1.068608e+02 1.000000e+00
-1.288003e+01 -2.311472e+03 7.070066e+01 1.000000e+00
1.352212e+00 -1.994879e+03 0.000000e+00 1.000000e+00
1.917415e+00 -2.256111e+03 1.284529e+02 1.000000e+00
1.703456e+00 -2.171416e+03 2.360923e+02 1.000000e+00
-3.621784e-01 -2.454398e+03 2.792173e+02 1.000000e+00
-2.054478e+00 -2.356663e+03 3.236815e+02 1.000000e+00
-4.923712e+00 -2.602008e+03 2.656428e+02 1.000000e+00
-9.805590e+00 -2.440760e+03 2.555293e+02 1.000000e+00
-1.313991e+01 -2.596848e+03 1.030539e+02 1.000000e+00
-1.552919e+01 -2.315697e+03 6.728447e+01 1.000000e+00
2.802376e+00 -2.004399e+03 0.000000e+00 1.000000e+00
1.961555e+00 -2.268696e+03 1.282787e+02 1.000000e+00
1.297338e+00 -2.183521e+03 2.357797e+02 1.000000e+00
6.232348e-01 -2.465791e+03 2.778006e+02 1.000000e+00
-2.796042e+00 -2.369174e+03 3.226272e+02 1.000000e+00
-7.340170e+00 -2.611325e+03 2.628161e+02 1.000000e+00
-1.102889e+01 -2.450062e+03 2.530074e+02 1.000000e+00
-1.526854e+01 -2.603795e+03 9.840900e+01 1.000000e+00
-2.005411e+01 -2.319907e+03 6.286810e+01 1.000000e+00
2.110301e+00 -2.016271e+03 0.000000e+00 1.000000e+00
2.619364e+00 -2.278889e+03 1.279076e+02 1.000000e+00
2.353569e+00 -2.195697e+03 2.353311e+02 1.000000e+00
-1.202685e-03 -2.475944e+03 2.764671e+02 1.000000e+00
-3.233872e+00 -2.379860e+03 3.207080e+02 1.000000e+00
-6.904830e+00 -2.620341e+03 2.605239e+02 1.000000e+00
-1.253703e+01 -2.457760e+03 2.490912e+02 1.000000e+00
-1.683781e+01 -2.607943e+03 9.422241e+01 1.000000e+00
-1.946671e+01 -2.324833e+03 5.732201e+01 1.000000e+00
2.767730e+00 -2.027497e+03 0.000000e+00 1.000000e+00
2.839037e+00 -2.289411e+03 1.277734e+02 1.000000e+00
1.992345e+00 -2.206281e+03 2.341875e+02 1.000000e+00
1.721578e-01 -2.486497e+03 2.753022e+02 1.000000e+00
-3.321894e+00 -2.388755e+03 3.186302e+02 1.000000e+00
-8.421641e+00 -2.629952e+03 2.578209e+02 1.000000e+00
-1.288013e+01 -2.463531e+03 2.447683e+02 1.000000e+00
-1.814069e+01 -2.613136e+03 8.953397e+01 1.000000e+00
-2.275240e+01 -2.327229e+03 5.216143e+01 1.000000e+00
2.712827e+00 -2.038182e+03 0.000000e+00 1.000000e+00
2.855767e+00 -2.298625e+03 1.271924e+02 1.000000e+00
2.279683e+00 -2.217652e+03 2.331597e+02 1.000000e+00
1.135871e-01 -2.496067e+03 2.741389e+02 1.000000e+00
-3.728124e+00 -2.399388e+03 3.160490e+02 1.000000e+00
-8.304305e+00 -2.637443e+03 2.547109e+02 1.000000e+00
-1.317803e+01 -2.470262e+03 2.411344e+02 1.000000e+00
-1.832010e+01 -2.618637e+03 8.371968e+01 1.000000e+00
-2.260799e+01 -2.329187e+03 4.670893e+01 1.000000e+00
0.000000e+00 -2.097452e+03 0.000000e+00 1.000000e+00
0.000000e+00 -2.086784e+03 9.347897e+01 1.000000e+00
0.000000e+00 -2.269043e+03 1.543412e+02 1.000000e+00
0.000000e+00 -2.264764e+03 1.904408e+02 1.000000e+00
0.000000e+00 -2.437147e+03 1.626570e+02 1.000000e+00
0.000000e+00 -2.386799e+03 1.312949e+02 1.000000e+00
0.000000e+00 -2.498571e+03 1.584716e+01 1.000000e+00
0.000000e+00 -2.358060e+03 -6.616592e+01 1.000000e+00
0.000000e+00 -2.361558e+03 -2.480208e+02 1.000000e+00
-2.631015e+00 -2.148077e+03 0.000000e+00 1.000000e+00
-7.956764e-01 -2.068398e+03 9.461947e+01 1.000000e+00
-1.048504e+00 -2.320252e+03 1.526182e+02 1.000000e+00
-2.041358e-01 -2.248779e+03 1.928704e+02 1.000000e+00
-1.808311e+00 -2.487669e+03 1.584394e+02 1.000000e+00
-1.394449e+00 -2.372227e+03 1.363466e+02 1.000000e+00
-3.959789e+00 -2.550132e+03 7.550420e+00 1.000000e+00
-3.582949e+00 -2.342299e+03 -5.671270e+01 1.000000e+00
-4.138605e+00 -2.412119e+03 -2.608374e+02 1.000000e+00
-9.185897e-01 -2.186303e+03 0.000000e+00 1.000000e+00
-6.288582e-01 -2.058505e+03 9.596433e+01 1.000000e+00
-6.500250e-01 -2.359847e+03 1.506518e+02 1.000000e+00
-1.858625e+00 -2.239907e+03 1.945115e+02 1.000000e+00
-2.049864e+00 -2.525930e+03 1.547674e+02 1.000000e+00
-4.759581e+00 -2.364502e+03 1.386054e+02 1.000000e+00
-6.044100e+00 -2.588135e+03 1.179641e+00 1.000000e+00
-9.008775e+00 -2.330493e+03 -5.251162e+01 1.000000e+00
-1.086023e+01 -2.448944e+03 -2.713155e+02 1.000000e+00
-1.915089e-01 -2.187290e+03 0.000000e+00 1.000000e+00
-7.881596e-01 -2.082645e+03 9.585158e+01 1.000000e+00
-1.006649e+00 -2.363942e+03 1.506911e+02 1.000000e+00
-1.453435e+00 -2.262126e+03 1.926480e+02 1.000000e+00
-4.489288e+00 -2.530946e+03 1.544228e+02 1.000000e+00
-6.647251e+00 -2.385974e+03 1.349479e+02 1.000000e+00
-9.985862e+00 -2.590296e+03 1.169025e+00 1.000000e+00
-1.277998e+01 -2.349516e+03 -5.914997e+01 1.000000e+00
-1.480659e+01 -2.447000e+03 -2.716534e+02 1.000000e+00
-7.660552e-01 -2.201290e+03 0.000000e+00 1.000000e+00
-2.702372e-01 -2.093090e+03 9.583722e+01 1.000000e+00
-9.474067e-01 -2.379379e+03 1.501068e+02 1.000000e+00
-2.710637e+00 -2.272654e+03 1.910246e+02 1.000000e+00
-4.853477e+00 -2.545362e+03 1.526206e+02 1.000000e+00
-8.456103e+00 -2.395775e+03 1.326041e+02 1.000000e+00
-1.321304e+01 -2.601567e+03 -3.023559e+00 1.000000e+00
-1.653785e+01 -2.357462e+03 -6.230100e+01 1.000000e+00
-1.912005e+01 -2.454954e+03 -2.775709e+02 1.000000e+00
3.915713e-01 -2.214841e+03 0.000000e+00 1.000000e+00
-1.867205e-01 -2.103612e+03 9.585381e+01 1.000000e+00
-1.433660e+00 -2.391421e+03 1.486677e+02 1.000000e+00
-2.588892e+00 -2.284682e+03 1.899994e+02 1.000000e+00
-6.415591e+00 -2.555021e+03 1.496486e+02 1.000000e+00
-1.077236e+01 -2.406740e+03 1.301923e+02 1.000000e+00
-1.439085e+01 -2.608469e+03 -7.514641e+00 1.000000e+00
-1.885550e+01 -2.363288e+03 -6.718417e+01 1.000000e+00
-2.251093e+01 -2.458536e+03 -2.837096e+02 1.000000e+00
-5.455651e-01 -2.224767e+03 0.000000e+00 1.000000e+00
-3.389943e-01 -2.115513e+03 9.550565e+01 1.000000e+00
-8.714958e-01 -2.401804e+03 1.474482e+02 1.000000e+00
-3.366044e+00 -2.296726e+03 1.882737e+02 1.000000e+00
-6.577325e+00 -2.564426e+03 1.468807e+02 1.000000e+00
-1.132456e+01 -2.416182e+03 1.267468e+02 1.000000e+00
-1.718601e+01 -2.615295e+03 -1.195110e+01 1.000000e+00
-2.113606e+01 -2.369953e+03 -7.323641e+01 1.000000e+00
-2.429307e+01 -2.459665e+03 -2.895559e+02 1.000000e+00
3.548210e-01 -2.233889e+03 0.000000e+00 1.000000e+00
-1.389166e-01 -2.126661e+03 9.495156e+01 1.000000e+00
-1.187442e+00 -2.412583e+03 1.462468e+02 1.000000e+00
-3.439917e+00 -2.306891e+03 1.858781e+02 1.000000e+00
-7.692220e+00 -2.574784e+03 1.445873e+02 1.000000e+00
-1.223877e+01 -2.423422e+03 1.224601e+02 1.000000e+00
-1.728941e+01 -2.623470e+03 -1.694860e+01 1.000000e+00
-2.197675e+01 -2.373955e+03 -7.893832e+01 1.000000e+00
-2.621198e+01 -2.462678e+03 -2.966199e+02 1.000000e+00
-4.050211e-03 -2.242762e+03 0.000000e+00 1.000000e+00
-1.129639e-01 -2.138065e+03 9.399712e+01 1.000000e+00
-1.012308e+00 -2.421493e+03 1.450023e+02 1.000000e+00
-3.585239e+00 -2.317127e+03 1.836424e+02 1.000000e+00
-7.829185e+00 -2.583057e+03 1.413583e+02 1.000000e+00
-1.246384e+01 -2.431303e+03 1.186670e+02 1.000000e+00
-1.740599e+01 -2.629081e+03 -2.232637e+01 1.000000e+00
-2.264499e+01 -2.376766e+03 -8.491882e+01 1.000000e+00
-2.656826e+01 -2.463639e+03 -3.038140e+02 1.000000e+00
0.000000e+00 -2.019063e+03 0.000000e+00 1.000000e+00
0.000000e+00 -2.196291e+03 5.586093e+01 1.000000e+00
0.000000e+00 -2.180771e+03 9.474414e+01 1.000000e+00
0.000000e+00 -2.364146e+03 8.166290e+01 1.000000e+00
0.000000e+00 -2.322735e+03 5.339800e+01 1.000000e+00
0.000000e+00 -2.466266e+03 -4.695875e+01 1.000000e+00
0.000000e+00 -2.354935e+03 -1.350193e+02 1.000000e+00
0.000000e+00 -2.410294e+03 -3.129240e+02 1.000000e+00
0.000000e+00 -2.189133e+03 -4.278029e+02 1.000000e+00
-2.071066e+00 -1.997747e+03 0.000000e+00 1.000000e+00
-2.182683e+00 -2.249125e+03 5.557124e+01 1.000000e+00
-5.026114e-01 -2.161053e+03 9.609058e+01 1.000000e+00
-1.741242e+00 -2.416927e+03 7.878185e+01 1.000000e+00
-1.181895e+00 -2.304933e+03 5.694110e+01 1.000000e+00
-3.088594e+00 -2.518469e+03 -5.306392e+01 1.000000e+00
-4.017857e+00 -2.336586e+03 -1.290044e+02 1.000000e+00
-5.392828e+00 -2.462040e+03 -3.219639e+02 1.000000e+00
-4.538770e+00 -2.168553e+03 -4.181956e+02 1.000000e+00
-1.916563e+00 -1.986063e+03 0.000000e+00 1.000000e+00
-1.342169e+00 -2.289801e+03 5.559888e+01 1.000000e+00
-2.250862e+00 -2.150333e+03 9.650577e+01 1.000000e+00
-2.031327e+00 -2.456817e+03 7.649567e+01 1.000000e+00
-4.201894e+00 -2.295844e+03 5.810849e+01 1.000000e+00
-5.884420e+00 -2.557438e+03 -5.830264e+01 1.000000e+00
-7.990847e+00 -2.325677e+03 -1.263684e+02 1.000000e+00
-9.777737e+00 -2.500719e+03 -3.299158e+02 1.000000e+00
-1.274179e+01 -2.153716e+03 -4.147988e+02 1.000000e+00
-1.973502e+00 -2.012238e+03 0.000000e+00 1.000000e+00
-2.258749e+00 -2.291969e+03 5.584681e+01 1.000000e+00
-2.405167e+00 -2.174398e+03 9.541037e+01 1.000000e+00
-3.429816e+00 -2.460873e+03 7.596552e+01 1.000000e+00
-6.276768e+00 -2.318656e+03 5.458182e+01 1.000000e+00
-8.579580e+00 -2.560316e+03 -5.850073e+01 1.000000e+00
-1.212479e+01 -2.347302e+03 -1.322506e+02 1.000000e+00
-1.577135e+01 -2.501197e+03 -3.308583e+02 1.000000e+00
-1.606172e+01 -2.171468e+03 -4.227695e+02 1.000000e+00
-2.296534e+00 -2.022891e+03 0.000000e+00 1.000000e+00
-2.003821e+00 -2.306254e+03 5.589866e+01 1.000000e+00
-3.368976e+00 -2.184542e+03 9.419743e+01 1.000000e+00
-5.134283e+00 -2.476189e+03 7.413499e+01 1.000000e+00
-7.359546e+00 -2.327728e+03 5.234118e+01 1.000000e+00
-1.190614e+01 -2.573245e+03 -6.215588e+01 1.000000e+00
-1.571637e+01 -2.354627e+03 -1.358343e+02 1.000000e+00
-1.891857e+01 -2.508801e+03 -3.366373e+02 1.000000e+00
-2.300543e+01 -2.175651e+03 -4.278681e+02 1.000000e+00
-1.941340e+00 -2.032320e+03 0.000000e+00 1.000000e+00
-2.739629e+00 -2.319509e+03 5.560426e+01 1.000000e+00
-3.554029e+00 -2.196023e+03 9.280361e+01 1.000000e+00
-5.108111e+00 -2.487366e+03 7.194913e+01 1.000000e+00
-9.311991e+00 -2.339607e+03 4.964152e+01 1.000000e+00
-1.346607e+01 -2.582109e+03 -6.653415e+01 1.000000e+00
-1.809034e+01 -2.364004e+03 -1.398214e+02 1.000000e+00
-2.245873e+01 -2.514649e+03 -3.437160e+02 1.000000e+00
-2.435798e+01 -2.180245e+03 -4.341106e+02 1.000000e+00
-2.054034e+00 -2.043273e+03 0.000000e+00 1.000000e+00
-2.607808e+00 -2.330019e+03 5.476713e+01 1.000000e+00
-4.164876e+00 -2.208210e+03 9.158231e+01 1.000000e+00
-6.421142e+00 -2.496685e+03 6.934322e+01 1.000000e+00
-1.036306e+01 -2.350829e+03 4.614046e+01 1.000000e+00
-1.498132e+01 -2.589644e+03 -7.018750e+01 1.000000e+00
-2.049015e+01 -2.371381e+03 -1.462617e+02 1.000000e+00
-2.487554e+01 -2.518538e+03 -3.496229e+02 1.000000e+00
-2.831965e+01 -2.184144e+03 -4.418764e+02 1.000000e+00
-2.447968e+00 -2.054221e+03 0.000000e+00 1.000000e+00
-2.727675e+00 -2.339748e+03 5.395840e+01 1.000000e+00
-3.948929e+00 -2.219184e+03 8.977559e+01 1.000000e+00
-6.724627e+00 -2.506867e+03 6.677303e+01 1.000000e+00
-1.073213e+01 -2.359318e+03 4.257858e+01 1.000000e+00
-1.608960e+01 -2.599098e+03 -7.493330e+01 1.000000e+00
-2.102462e+01 -2.375228e+03 -1.521542e+02 1.000000e+00
-2.569025e+01 -2.523582e+03 -3.566803e+02 1.000000e+00
-2.919428e+01 -2.185653e+03 -4.496214e+02 1.000000e+00
-2.443149e+00 -2.066039e+03 0.000000e+00 1.000000e+00
-2.788093e+00 -2.348747e+03 5.300277e+01 1.000000e+00
-4.001663e+00 -2.230365e+03 8.797057e+01 1.000000e+00
-6.969599e+00 -2.516062e+03 6.390213e+01 1.000000e+00
-1.145073e+01 -2.368460e+03 3.885940e+01 1.000000e+00
-1.616131e+01 -2.606746e+03 -8.013188e+01 1.000000e+00
-2.133099e+01 -2.381515e+03 -1.577781e+02 1.000000e+00
-2.634513e+01 -2.529037e+03 -3.645698e+02 1.000000e+00
-2.999464e+01 -2.187327e+03 -4.562933e+02 1.000000e+00
0.000000e+00 -2.129572e+03 0.000000e+00 1.000000e+00
0.000000e+00 -2.099756e+03 2.779546e+01 1.000000e+00
0.000000e+00 -2.286405e+03 2.735213e+01 1.000000e+00
0.000000e+00 -2.248325e+03 5.786172e+00 1.000000e+00
0.000000e+00 -2.413289e+03 -7.777348e+01 1.000000e+00
0.000000e+00 -2.320851e+03 -1.618574e+02 1.000000e+00
0.000000e+00 -2.420329e+03 -3.283163e+02 1.000000e+00
0.000000e+00 -2.236974e+03 -4.575192e+02 1.000000e+00
0.000000e+00 -2.231518e+03 -6.809236e+02 1.000000e+00
-3.300011e+00 -2.184217e+03 0.000000e+00 1.000000e+00
-1.464010e+00 -2.077220e+03 2.885287e+01 1.000000e+00
-1.580419e+00 -2.341362e+03 2.577401e+01 1.000000e+00
-1.115683e+00 -2.227760e+03 7.518177e+00 1.000000e+00
-2.275329e+00 -2.467637e+03 -8.109079e+01 1.000000e+00
-2.666893e+00 -2.301305e+03 -1.586681e+02 1.000000e+00
-5.496181e+00 -2.475045e+03 -3.352367e+02 1.000000e+00
-4.873680e+00 -2.215251e+03 -4.498903e+02 1.000000e+00
-5.859888e+00 -2.284551e+03 -6.927068e+02 1.000000e+00
-2.136110e+00 -2.225071e+03 0.000000e+00 1.000000e+00
-2.795271e+00 -2.064689e+03 2.954718e+01 1.000000e+00
-2.740537e+00 -2.382936e+03 2.447471e+01 1.000000e+00
-3.177355e+00 -2.216115e+03 7.957090e+00 1.000000e+00
-5.019683e+00 -2.507676e+03 -8.470094e+01 1.000000e+00
-7.814491e+00 -2.290297e+03 -1.579899e+02 1.000000e+00
-8.521487e+00 -2.514282e+03 -3.411039e+02 1.000000e+00
-1.209240e+01 -2.200273e+03 -4.479298e+02 1.000000e+00
-1.323579e+01 -2.322111e+03 -7.023323e+02 1.000000e+00
-4.172098e+00 -2.225446e+03 0.000000e+00 1.000000e+00
-3.113901e+00 -2.089984e+03 2.965931e+01 1.000000e+00
-3.748129e+00 -2.385314e+03 2.369316e+01 1.000000e+00
-5.443781e+00 -2.240425e+03 5.793325e+00 1.000000e+00
-7.635534e+00 -2.510076e+03 -8.617308e+01 1.000000e+00
-1.040192e+01 -2.313402e+03 -1.622662e+02 1.000000e+00
-1.444243e+01 -2.514418e+03 -3.427608e+02 1.000000e+00
-1.734597e+01 -2.219725e+03 -4.553516e+02 1.000000e+00
-1.895275e+01 -2.320174e+03 -7.040614e+02 1.000000e+00
-2.892716e+00 -2.238987e+03 0.000000e+00 1.000000e+00
-3.954893e+00 -2.100504e+03 2.960112e+01 1.000000e+00
-5.365851e+00 -2.400658e+03 2.214059e+01 1.000000e+00
-6.325533e+00 -2.249473e+03 3.795671e+00 1.000000e+00
-1.008019e+01 -2.524927e+03 -8.936092e+01 1.000000e+00
-1.419456e+01 -2.321784e+03 -1.656591e+02 1.000000e+00
-1.771833e+01 -2.525608e+03 -3.483140e+02 1.000000e+00
-2.118352e+01 -2.225718e+03 -4.598643e+02 1.000000e+00
-2.375958e+01 -2.326136e+03 -7.123342e+02 1.000000e+00
-4.526319e+00 -2.252046e+03 0.000000e+00 1.000000e+00
-4.508597e+00 -2.110876e+03 2.898665e+01 1.000000e+00
-5.865440e+00 -2.413057e+03 2.056419e+01 1.000000e+00
-8.173680e+00 -2.260854e+03 1.274184e+00 1.000000e+00
-1.173049e+01 -2.535062e+03 -9.318965e+01 1.000000e+00
-1.631222e+01 -2.331765e+03 -1.696772e+02 1.000000e+00
-2.137566e+01 -2.531765e+03 -3.543521e+02 1.000000e+00
-2.637974e+01 -2.232405e+03 -4.666425e+02 1.000000e+00
-2.834131e+01 -2.328654e+03 -7.202048e+02 1.000000e+00
-3.566806e+00 -2.262924e+03 0.000000e+00 1.000000e+00
-4.872282e+00 -2.122388e+03 2.808983e+01 1.000000e+00
-6.478085e+00 -2.422923e+03 1.893008e+01 1.000000e+00
-8.799010e+00 -2.273359e+03 -2.066095e+00 1.000000e+00
-1.312165e+01 -2.542938e+03 -9.667632e+01 1.000000e+00
-1.826620e+01 -2.341642e+03 -1.750689e+02 1.000000e+00
-2.300623e+01 -2.537460e+03 -3.602426e+02 1.000000e+00
-2.684378e+01 -2.237621e+03 -4.748579e+02 1.000000e+00
-3.033874e+01 -2.330698e+03 -7.279870e+02 1.000000e+00
-4.680531e+00 -2.271958e+03 0.000000e+00 1.000000e+00
-4.938618e+00 -2.133710e+03 2.695193e+01 1.000000e+00
-6.763623e+00 -2.432967e+03 1.695100e+01 1.000000e+00
-9.779169e+00 -2.282895e+03 -5.338984e+00 1.000000e+00
-1.397464e+01 -2.552770e+03 -1.008581e+02 1.000000e+00
-1.913083e+01 -2.347826e+03 -1.805470e+02 1.000000e+00
-2.462123e+01 -2.545114e+03 -3.668148e+02 1.000000e+00
-2.968389e+01 -2.240098e+03 -4.828546e+02 1.000000e+00
-3.250312e+01 -2.332318e+03 -7.367200e+02 1.000000e+00
-4.578283e+00 -2.280355e+03 0.000000e+00 1.000000e+00
-5.109689e+00 -2.144838e+03 2.601216e+01 1.000000e+00
-6.673553e+00 -2.442012e+03 1.442685e+01 1.000000e+00
-1.010054e+01 -2.293146e+03 -8.399276e+00 1.000000e+00
-1.454703e+01 -2.561264e+03 -1.055956e+02 1.000000e+00
-1.944604e+01 -2.354525e+03 -1.858904e+02 1.000000e+00
-2.472042e+01 -2.550537e+03 -3.742198e+02 1.000000e+00
-2.958040e+01 -2.243522e+03 -4.906628e+02 1.000000e+00
-3.304217e+01 -2.334315e+03 -7.451539e+02 1.000000e+00
