0 729 0.00000e+00
  1     729
0.000000e+00 8.965232e+02 -3.060372e+02 1.000000e+00
0.000000e+00 8.930898e+02 -4.432125e+02 1.000000e+00
0.000000e+00 6.801857e+02 -6.214159e+01 1.000000e+00
0.000000e+00 6.296602e+02 -2.799323e+02 1.000000e+00
0.000000e+00 3.990170e+02 9.143396e+01 9.992651e-01
0.000000e+00 3.284913e+02 -1.827247e+02 9.950333e-01
0.000000e+00 1.263755e+02 2.091983e+02 9.787423e-01
0.000000e+00 4.256829e+01 -2.978976e+01 9.366232e-01
0.000000e+00 -3.815291e+00 -4.319429e+00 8.571537e-01
1.125321e+01 8.865411e+02 -2.251696e+02 1.000000e+00
1.034443e+01 9.218566e+02 -5.277813e+02 1.000000e+00
8.403571e+00 6.724700e+02 2.698231e+01 1.000000e+00
7.205486e+00 6.511983e+02 -3.707445e+02 1.000000e+00
5.838064e+00 3.906374e+02 1.883672e+02 9.992651e-01
4.749862e+00 3.374961e+02 -2.739420e+02 9.950333e-01
6.738031e+00 1.247115e+02 3.413064e+02 9.787423e-01
4.177460e-01 4.310648e+01 -3.998803e+01 9.366232e-01
1.151122e+00 -4.623506e+00 -2.754254e+00 8.571537e-01
1.772048e+01 8.716833e+02 -1.666029e+02 1.000000e+00
1.654829e+01 9.335756e+02 -5.861503e+02 1.000000e+00
1.258991e+01 6.604912e+02 8.893553e+01 1.000000e+00
1.121996e+01 6.597047e+02 -4.299893e+02 1.000000e+00
8.248830e+00 3.828927e+02 2.551166e+02 9.992651e-01
7.852804e+00 3.386617e+02 -3.292072e+02 9.950333e-01
5.356553e+00 1.249859e+02 4.337652e+02 9.787423e-01
2.676078e+00 4.093047e+01 -4.291502e+01 9.366232e-01
1.747875e+00 -3.120452e+00 3.216174e-01 8.571537e-01
2.620216e+01 8.728211e+02 -1.863137e+02 1.000000e+00
2.363308e+01 9.221604e+02 -5.598652e+02 1.000000e+00
2.158115e+01 6.591278e+02 6.514563e+01 1.000000e+00
1.633529e+01 6.489733e+02 -4.021395e+02 1.000000e+00
1.133899e+01 3.837646e+02 2.285473e+02 9.992651e-01
6.607843e+00 3.334875e+02 -2.968849e+02 9.950333e-01
1.436930e+00 1.251904e+02 3.955432e+02 9.787423e-01
-2.508657e+00 3.881994e+01 -3.949925e+01 9.366232e-01
-1.873115e+00 -1.952911e+00 -5.579634e-01 8.571537e-01
3.012329e+01 8.719935e+02 -1.799968e+02 1.000000e+00
2.696806e+01 9.209006e+02 -5.615355e+02 1.000000e+00
2.185932e+01 6.601496e+02 7.108355e+01 1.000000e+00
1.782768e+01 6.479731e+02 -4.057607e+02 1.000000e+00
1.299515e+01 3.830968e+02 2.341970e+02 9.992651e-01
7.585723e+00 3.325974e+02 -3.031967e+02 9.950333e-01
2.515043e+00 1.244492e+02 4.000133e+02 9.787423e-01
-2.235584e+00 3.927711e+01 -4.526692e+01 9.366232e-01
-1.604226e+00 -2.002219e+00 -4.499657e+00 8.571537e-01
3.657521e+01 8.613358e+02 -1.781534e+02 1.000000e+00
3.258954e+01 9.108616e+02 -5.589374e+02 1.000000e+00
2.852336e+01 6.513435e+02 7.214801e+01 1.000000e+00
2.347728e+01 6.413076e+02 -4.022149e+02 1.000000e+00
1.704818e+01 3.778134e+02 2.332042e+02 9.992651e-01
1.163415e+01 3.292097e+02 -3.015241e+02 9.950333e-01
7.175597e+00 1.238492e+02 4.026050e+02 9.787423e-01
1.867214e+00 4.019814e+01 -4.537777e+01 9.366232e-01
1.337995e+00 -2.220069e+00 -4.851383e+00 8.571537e-01
3.563056e+01 8.557666e+02 -1.778018e+02 1.000000e+00
3.280531e+01 9.059489e+02 -5.526364e+02 1.000000e+00
2.805568e+01 6.438505e+02 7.130756e+01 1.000000e+00
2.138120e+01 6.361866e+02 -3.992206e+02 1.000000e+00
1.647349e+01 3.730628e+02 2.333431e+02 9.992651e-01
1.237411e+01 3.269823e+02 -2.970148e+02 9.950333e-01
5.641930e+00 1.199347e+02 3.995324e+02 9.787423e-01
1.742480e+00 3.932224e+01 -4.301735e+01 9.366232e-01
1.241654e+00 -3.743412e+00 -3.623760e+00 8.571537e-01
4.005899e+01 8.498328e+02 -1.745093e+02 1.000000e+00
3.602489e+01 8.996502e+02 -5.492745e+02 1.000000e+00
3.080672e+01 6.397145e+02 7.230565e+01 1.000000e+00
2.606434e+01 6.318624e+02 -3.959761e+02 1.000000e+00
1.922746e+01 3.696612e+02 2.333409e+02 9.992651e-01
1.213935e+01 3.231350e+02 -2.932852e+02 9.950333e-01
7.350751e+00 1.181525e+02 3.980971e+02 9.787423e-01
1.072398e+00 3.702747e+01 -4.244927e+01 9.366232e-01
9.470558e-01 -4.138311e+00 -3.090015e+00 8.571537e-01
3.896848e+01 8.378773e+02 -1.729886e+02 1.000000e+00
3.518063e+01 8.876886e+02 -5.460026e+02 1.000000e+00
3.031047e+01 6.295187e+02 7.251479e+01 1.000000e+00
2.470002e+01 6.241423e+02 -3.907998e+02 1.000000e+00
1.860617e+01 3.625499e+02 2.291707e+02 9.992651e-01
1.259073e+01 3.193830e+02 -2.886336e+02 9.950333e-01
6.493237e+00 1.174794e+02 3.976360e+02 9.787423e-01
1.279855e+00 3.684388e+01 -4.211601e+01 9.366232e-01
8.881140e-01 -4.495321e+00 -2.504415e+00 8.571537e-01
0.000000e+00 8.362770e+02 -4.868405e+02 1.000000e+00
0.000000e+00 6.772262e+02 -1.235856e+02 1.000000e+00
0.000000e+00 6.506777e+02 -3.065376e+02 1.000000e+00
0.000000e+00 4.538256e+02 4.296887e+01 1.000000e+00
0.000000e+00 4.029125e+02 -2.127054e+02 9.992651e-01
0.000000e+00 2.104902e+02 1.107047e+02 9.950333e-01
0.000000e+00 1.445301e+02 -2.308213e+02 9.787423e-01
0.000000e+00 -8.280687e-01 1.453417e+01 9.366232e-01
0.000000e+00 2.624530e+01 -5.108384e+00 8.571537e-01
1.091967e+01 8.540048e+02 -5.687325e+02 1.000000e+00
9.723712e+00 6.582725e+02 -3.665642e+01 1.000000e+00
8.124580e+00 6.642503e+02 -3.971693e+02 1.000000e+00
5.634108e+00 4.374708e+02 1.359576e+02 1.000000e+00
2.546981e+00 4.120797e+02 -3.111661e+02 9.992651e-01
4.155897e-01 2.039954e+02 2.043274e+02 9.950333e-01
-2.369943e+00 1.481964e+02 -3.596622e+02 9.787423e-01
2.788824e+00 -1.484415e+00 2.530853e+01 9.366232e-01
1.065029e+00 2.699000e+01 -5.598199e+00 8.571537e-01
1.600631e+01 8.677808e+02 -6.263535e+02 1.000000e+00
1.273268e+01 6.460186e+02 2.468678e+01 1.000000e+00
1.161077e+01 6.750981e+02 -4.588110e+02 1.000000e+00
9.298935e+00 4.274843e+02 2.007673e+02 1.000000e+00
8.285110e+00 4.172204e+02 -3.765817e+02 9.992651e-01
5.085961e+00 2.010502e+02 2.670045e+02 9.950333e-01
3.910767e+00 1.472448e+02 -4.432007e+02 9.787423e-01
1.952281e+00 -1.313061e+00 3.462066e+01 9.366232e-01
1.319672e+00 2.472368e+01 -4.016047e+00 8.571537e-01
2.424130e+01 8.614470e+02 -6.014012e+02 1.000000e+00
2.254029e+01 6.503758e+02 8.161870e-01 1.000000e+00
1.814812e+01 6.701348e+02 -4.313374e+02 1.000000e+00
1.399869e+01 4.318796e+02 1.740241e+02 1.000000e+00
9.312382e+00 4.130276e+02 -3.451696e+02 9.992651e-01
5.668300e+00 2.017141e+02 2.372329e+02 9.950333e-01
1.905454e+00 1.440571e+02 -4.007896e+02 9.787423e-01
-2.700530e+00 -9.074445e-01 3.017990e+01 9.366232e-01
-1.693578e+00 2.280564e+01 -3.924929e+00 8.571537e-01
2.764003e+01 8.538941e+02 -6.028954e+02 1.000000e+00
2.505344e+01 6.443926e+02 7.186996e+00 1.000000e+00
2.225554e+01 6.627938e+02 -4.348360e+02 1.000000e+00
1.759847e+01 4.272332e+02 1.779733e+02 1.000000e+00
1.272640e+01 4.091149e+02 -3.498668e+02 9.992651e-01
7.920606e+00 2.004904e+02 2.404505e+02 9.950333e-01
2.800336e+00 1.444494e+02 -4.097801e+02 9.787423e-01
-6.038150e-01 5.392230e-01 2.693690e+01 9.366232e-01
-5.359895e-01 2.412008e+01 -6.655275e+00 8.571537e-01
3.110160e+01 8.499850e+02 -6.005765e+02 1.000000e+00
2.647310e+01 6.403432e+02 8.293251e+00 1.000000e+00
2.160388e+01 6.593593e+02 -4.318421e+02 1.000000e+00
1.760210e+01 4.239624e+02 1.786517e+02 1.000000e+00
1.276432e+01 4.063658e+02 -3.494951e+02 9.992651e-01
8.897332e+00 2.003501e+02 2.416610e+02 9.950333e-01
5.766837e+00 1.439393e+02 -4.097375e+02 9.787423e-01
1.785560e+00 1.028294e+00 2.836312e+01 9.366232e-01
9.875556e-01 2.502503e+01 -6.335531e+00 8.571537e-01
3.653790e+01 8.430576e+02 -5.939353e+02 1.000000e+00
3.429855e+01 6.341042e+02 6.944087e+00 1.000000e+00
2.907585e+01 6.545684e+02 -4.283678e+02 1.000000e+00
2.219826e+01 4.195630e+02 1.773427e+02 1.000000e+00
1.651645e+01 4.034048e+02 -3.458959e+02 9.992651e-01
9.850840e+00 1.950753e+02 2.375801e+02 9.950333e-01
3.755502e+00 1.428654e+02 -4.041895e+02 9.787423e-01
2.244274e-02 -1.026054e+00 2.855682e+01 9.366232e-01
4.078958e-01 2.461155e+01 -5.338817e+00 8.571537e-01
3.423087e+01 8.352474e+02 -5.908338e+02 1.000000e+00
2.907965e+01 6.273281e+02 8.735069e+00 1.000000e+00
2.546851e+01 6.477342e+02 -4.262876e+02 1.000000e+00
2.088384e+01 4.141750e+02 1.764300e+02 1.000000e+00
1.511215e+01 3.993690e+02 -3.437545e+02 9.992651e-01
1.088802e+01 1.929207e+02 2.349503e+02 9.950333e-01
6.253358e+00 1.403347e+02 -4.028332e+02 9.787423e-01
1.206255e+00 -9.831524e-01 2.763131e+01 9.366232e-01
6.715537e-01 2.341449e+01 -5.576640e+00 8.571537e-01
3.591319e+01 8.290118e+02 -5.881307e+02 1.000000e+00
3.218234e+01 6.205284e+02 8.181553e+00 1.000000e+00
2.738510e+01 6.422666e+02 -4.213821e+02 1.000000e+00
2.203498e+01 4.080184e+02 1.742253e+02 1.000000e+00
1.649859e+01 3.960017e+02 -3.406947e+02 9.992651e-01
1.096346e+01 1.915908e+02 2.343817e+02 9.950333e-01
5.865451e+00 1.382224e+02 -3.996547e+02 9.787423e-01
1.181615e+00 -7.417504e-01 2.837896e+01 9.366232e-01
8.861984e-01 2.327488e+01 -5.370969e+00 8.571537e-01
0.000000e+00 6.207538e+02 -1.861535e+02 1.000000e+00
0.000000e+00 6.175269e+02 -3.405134e+02 1.000000e+00
0.000000e+00 4.611301e+02 -3.284547e+00 1.000000e+00
0.000000e+00 4.284706e+02 -2.214411e+02 1.000000e+00
0.000000e+00 2.621779e+02 1.077864e+02 9.992651e-01
0.000000e+00 2.196395e+02 -1.504968e+02 9.950333e-01
0.000000e+00 8.250960e+01 2.081337e+02 9.787423e-01
0.000000e+00 2.417377e+01 -2.189167e+01 9.366232e-01
0.000000e+00 -5.517590e+00 -4.201364e-01 8.571537e-01
7.055895e+00 6.091003e+02 -1.034043e+02 1.000000e+00
5.253996e+00 6.372509e+02 -4.280237e+02 1.000000e+00
4.039507e+00 4.506161e+02 8.840710e+01 1.000000e+00
2.644695e+00 4.444864e+02 -3.162078e+02 1.000000e+00
2.466626e+00 2.555776e+02 2.097324e+02 9.992651e-01
4.381725e+00 2.274834e+02 -2.388388e+02 9.950333e-01
7.043315e+00 7.974738e+01 3.431791e+02 9.787423e-01
1.952114e-01 2.527279e+01 -3.057445e+01 9.366232e-01
8.427497e-01 -6.330752e+00 1.336792e+00 8.571537e-01
1.702172e+01 5.977074e+02 -4.193273e+01 1.000000e+00
1.704747e+01 6.501348e+02 -4.902961e+02 1.000000e+00
1.292955e+01 4.405198e+02 1.522433e+02 1.000000e+00
1.101222e+01 4.525608e+02 -3.812028e+02 1.000000e+00
7.437182e+00 2.490359e+02 2.802309e+02 9.992651e-01
5.553665e+00 2.288601e+02 -2.960765e+02 9.950333e-01
1.874915e+00 7.733721e+01 4.364145e+02 9.787423e-01
-3.418823e-01 2.283054e+01 -3.622458e+01 9.366232e-01
-1.919827e-01 -6.126510e+00 2.172788e+00 8.571537e-01
1.834856e+01 5.984962e+02 -6.433363e+01 1.000000e+00
1.454215e+01 6.417442e+02 -4.637401e+02 1.000000e+00
1.340183e+01 4.414219e+02 1.266485e+02 1.000000e+00
1.087149e+01 4.464318e+02 -3.510226e+02 1.000000e+00
7.841188e+00 2.498514e+02 2.491637e+02 9.992651e-01
4.293544e+00 2.262063e+02 -2.650879e+02 9.950333e-01
2.219052e+00 7.909897e+01 3.970568e+02 9.787423e-01
-5.745761e-01 2.201991e+01 -3.482603e+01 9.366232e-01
-5.951577e-01 -4.738883e+00 3.008323e-01 8.571537e-01
2.622100e+01 5.957574e+02 -5.981672e+01 1.000000e+00
2.440677e+01 6.366962e+02 -4.652699e+02 1.000000e+00
1.976252e+01 4.387620e+02 1.312101e+02 1.000000e+00
1.456871e+01 4.434301e+02 -3.540310e+02 1.000000e+00
1.055378e+01 2.490765e+02 2.540827e+02 9.992651e-01
7.691002e+00 2.258575e+02 -2.681552e+02 9.950333e-01
3.570227e+00 8.050958e+01 4.025215e+02 9.787423e-01
8.413536e-01 2.450192e+01 -3.553516e+01 9.366232e-01
6.868927e-01 -3.442989e+00 4.998871e-01 8.571537e-01
2.978035e+01 5.933021e+02 -5.627111e+01 1.000000e+00
2.607084e+01 6.357368e+02 -4.646337e+02 1.000000e+00
2.184422e+01 4.370952e+02 1.313752e+02 1.000000e+00
1.794708e+01 4.411519e+02 -3.535359e+02 1.000000e+00
1.290909e+01 2.478922e+02 2.544928e+02 9.992651e-01
7.852128e+00 2.227389e+02 -2.684922e+02 9.950333e-01
3.650230e+00 7.803146e+01 4.021949e+02 9.787423e-01
6.383137e-01 2.410359e+01 -3.390800e+01 9.366232e-01
4.395207e-01 -3.775323e+00 1.891481e+00 8.571537e-01
2.911095e+01 5.856666e+02 -5.897630e+01 1.000000e+00
2.520356e+01 6.265114e+02 -4.592344e+02 1.000000e+00
2.194198e+01 4.308023e+02 1.305567e+02 1.000000e+00
1.741501e+01 4.368426e+02 -3.501877e+02 1.000000e+00
1.254326e+01 2.437222e+02 2.509648e+02 9.992651e-01
8.784348e+00 2.230714e+02 -2.648894e+02 9.950333e-01
4.458618e+00 7.638416e+01 3.979443e+02 9.787423e-01
-2.890384e-01 2.430208e+01 -3.430825e+01 9.366232e-01
-3.904404e-01 -4.788519e+00 8.993917e-01 8.571537e-01
3.422834e+01 5.791399e+02 -5.730640e+01 1.000000e+00
3.154676e+01 6.202009e+02 -4.568313e+02 1.000000e+00
2.535772e+01 4.250765e+02 1.298431e+02 1.000000e+00
2.022522e+01 4.320175e+02 -3.487438e+02 1.000000e+00
1.539945e+01 2.400606e+02 2.499517e+02 9.992651e-01
9.572114e+00 2.202673e+02 -2.632081e+02 9.950333e-01
4.602409e+00 7.665192e+01 3.958340e+02 9.787423e-01
1.101404e+00 2.400815e+01 -3.433786e+01 9.366232e-01
9.294333e-01 -4.043295e+00 7.086495e-01 8.571537e-01
3.294764e+01 5.753226e+02 -5.493355e+01 1.000000e+00
2.935078e+01 6.201737e+02 -4.549729e+02 1.000000e+00
2.491020e+01 4.225360e+02 1.271189e+02 1.000000e+00
1.990883e+01 4.306158e+02 -3.457914e+02 1.000000e+00
1.481119e+01 2.380239e+02 2.470547e+02 9.992651e-01
9.825910e+00 2.165482e+02 -2.616432e+02 9.950333e-01
4.861624e+00 7.474453e+01 3.925300e+02 9.787423e-01
5.864732e-01 2.318305e+01 -3.284794e+01 9.366232e-01
3.382645e-01 -4.069430e+00 1.776835e+00 8.571537e-01
0.000000e+00 5.562730e+02 -3.781506e+02 1.000000e+00
0.000000e+00 4.406539e+02 -5.552662e+01 1.000000e+00
0.000000e+00 4.248671e+02 -2.471899e+02 1.000000e+00
0.000000e+00 2.883720e+02 6.570993e+01 1.000000e+00
0.000000e+00 2.598037e+02 -1.844864e+02 9.992651e-01
0.000000e+00 1.334378e+02 1.105490e+02 9.950333e-01
0.000000e+00 9.070928e+01 -2.152679e+02 9.787423e-01
0.000000e+00 -3.756491e+00 1.586772e+01 9.366232e-01
0.000000e+00 1.346889e+01 -2.304386e+00 8.571537e-01
7.758460e+00 5.735082e+02 -4.633504e+02 1.000000e+00
6.591790e+00 4.303622e+02 3.407373e+01 1.000000e+00
5.582249e+00 4.404701e+02 -3.397518e+02 1.000000e+00
4.135639e+00 2.803174e+02 1.615274e+02 1.000000e+00
2.008408e+00 2.701715e+02 -2.858096e+02 9.992651e-01
-1.735861e+00 1.272972e+02 1.996798e+02 9.950333e-01
-4.230786e+00 9.295297e+01 -3.455727e+02 9.787423e-01
2.473057e+00 -5.115017e+00 2.743818e+01 9.366232e-01
8.138569e-01 1.409360e+01 -2.346644e+00 8.571537e-01
1.301721e+01 5.819144e+02 -5.236597e+02 1.000000e+00
1.058101e+01 4.165305e+02 9.737988e+01 1.000000e+00
8.095779e+00 4.473516e+02 -4.058764e+02 1.000000e+00
5.005172e+00 2.718041e+02 2.295012e+02 1.000000e+00
4.369750e+00 2.757986e+02 -3.561941e+02 9.992651e-01
1.972614e+00 1.241469e+02 2.594479e+02 9.950333e-01
1.328577e+00 9.415165e+01 -4.357871e+02 9.787423e-01
-7.170416e-01 -4.400593e+00 3.340556e+01 9.366232e-01
-2.291027e-01 1.343734e+01 -2.693816e+00 8.571537e-01
1.979318e+01 5.782431e+02 -4.975258e+02 1.000000e+00
1.793760e+01 4.211745e+02 7.113998e+01 1.000000e+00
1.592004e+01 4.440954e+02 -3.776406e+02 1.000000e+00
1.265294e+01 2.734052e+02 1.990905e+02 1.000000e+00
7.924188e+00 2.721006e+02 -3.248779e+02 9.992651e-01
6.004189e+00 1.253131e+02 2.311223e+02 9.950333e-01
3.124966e+00 9.187072e+01 -3.963489e+02 9.787423e-01
7.397174e-01 -2.782408e+00 2.919880e+01 9.366232e-01
5.096565e-01 1.300556e+01 -2.595368e+00 8.571537e-01
2.188940e+01 5.754366e+02 -5.001444e+02 1.000000e+00
1.838984e+01 4.209256e+02 7.597112e+01 1.000000e+00
1.524610e+01 4.432075e+02 -3.796415e+02 1.000000e+00
1.232926e+01 2.737854e+02 2.015809e+02 1.000000e+00
1.000872e+01 2.708523e+02 -3.271136e+02 9.992651e-01
6.371356e+00 1.245480e+02 2.343707e+02 9.950333e-01
3.838884e+00 9.091198e+01 -3.981021e+02 9.787423e-01
1.986580e+00 -1.914029e+00 3.220801e+01 9.366232e-01
1.223534e+00 1.354974e+01 -1.372637e+00 8.571537e-01
2.720736e+01 5.663455e+02 -4.985531e+02 1.000000e+00
2.417026e+01 4.104461e+02 7.658549e+01 1.000000e+00
1.939069e+01 4.345152e+02 -3.802456e+02 1.000000e+00
1.576858e+01 2.690302e+02 2.042847e+02 1.000000e+00
1.131716e+01 2.674455e+02 -3.277940e+02 9.992651e-01
6.586679e+00 1.241805e+02 2.329295e+02 9.950333e-01
2.634392e+00 9.272790e+01 -3.967569e+02 9.787423e-01
-1.838375e-01 -1.545664e+00 3.272747e+01 9.366232e-01
-1.092478e-01 1.372834e+01 -9.967578e-01 8.571537e-01
2.864322e+01 5.655254e+02 -4.936435e+02 1.000000e+00
2.538198e+01 4.134784e+02 7.412729e+01 1.000000e+00
2.258101e+01 4.344513e+02 -3.765927e+02 1.000000e+00
1.654224e+01 2.673138e+02 1.992560e+02 1.000000e+00
1.125677e+01 2.661189e+02 -3.253513e+02 9.992651e-01
7.931028e+00 1.207099e+02 2.290687e+02 9.950333e-01
3.134518e+00 9.111932e+01 -3.983776e+02 9.787423e-01
-1.964467e-01 -3.109098e+00 3.100782e+01 9.366232e-01
-7.551633e-03 1.412048e+01 -1.602667e+00 8.571537e-01
2.964278e+01 5.611235e+02 -4.926478e+02 1.000000e+00
2.560096e+01 4.088526e+02 7.475826e+01 1.000000e+00
2.088199e+01 4.314017e+02 -3.751801e+02 1.000000e+00
1.718676e+01 2.648466e+02 1.972434e+02 1.000000e+00
1.329280e+01 2.641450e+02 -3.243561e+02 9.992651e-01
7.964461e+00 1.196910e+02 2.268051e+02 9.950333e-01
4.840123e+00 8.913696e+01 -3.975256e+02 9.787423e-01
1.758258e+00 -2.518342e+00 3.191539e+01 9.366232e-01
9.710577e-01 1.352059e+01 -9.655485e-01 8.571537e-01
3.001800e+01 5.515964e+02 -4.894316e+02 1.000000e+00
2.657005e+01 3.949766e+02 7.304023e+01 1.000000e+00
2.225731e+01 4.222089e+02 -3.731340e+02 1.000000e+00
1.766386e+01 2.577098e+02 1.966543e+02 1.000000e+00
1.291093e+01 2.600551e+02 -3.234139e+02 9.992651e-01
8.027368e+00 1.186266e+02 2.226236e+02 9.950333e-01
3.677115e+00 8.942303e+01 -3.916613e+02 9.787423e-01
2.772363e-02 -2.008765e+00 3.320474e+01 9.366232e-01
-3.456866e-02 1.291715e+01 -1.776159e-01 8.571537e-01
0.000000e+00 3.858766e+02 -1.085330e+02 1.000000e+00
0.000000e+00 3.849893e+02 -2.755570e+02 1.000000e+00
0.000000e+00 2.821610e+02 3.031341e+01 1.000000e+00
0.000000e+00 2.668043e+02 -1.870620e+02 1.000000e+00
0.000000e+00 1.612763e+02 1.183702e+02 9.992651e-01
0.000000e+00 1.349762e+02 -1.307969e+02 9.950333e-01
0.000000e+00 4.999574e+01 2.014677e+02 9.787423e-01
0.000000e+00 1.340070e+01 -2.021370e+01 9.366232e-01
0.000000e+00 -3.630055e+00 -1.239415e+00 8.571537e-01
8.189685e+00 3.768959e+02 -2.321691e+01 1.000000e+00
6.928122e+00 3.984919e+02 -3.651627e+02 1.000000e+00
5.985666e+00 2.731581e+02 1.236249e+02 1.000000e+00
3.803128e+00 2.754446e+02 -2.849890e+02 1.000000e+00
2.127109e+00 1.521290e+02 2.198665e+02 9.992651e-01
3.172828e+00 1.403937e+02 -2.189056e+02 9.950333e-01
4.828659e+00 4.751250e+01 3.365896e+02 9.787423e-01
-7.961254e-01 1.411553e+01 -2.956898e+01 9.366232e-01
3.649312e-01 -4.471508e+00 9.613278e-03 8.571537e-01
1.020754e+01 3.706203e+02 3.893948e+01 1.000000e+00
9.124221e+00 4.106238e+02 -4.297112e+02 1.000000e+00
6.742043e+00 2.686211e+02 1.909052e+02 1.000000e+00
7.375015e+00 2.835595e+02 -3.530062e+02 1.000000e+00
5.587980e+00 1.462042e+02 2.916698e+02 9.992651e-01
4.748193e+00 1.425749e+02 -2.773896e+02 9.950333e-01
2.834550e+00 4.591663e+01 4.348098e+02 9.787423e-01
8.291783e-03 1.403880e+01 -3.526616e+01 9.366232e-01
-2.358319e-01 -4.117247e+00 7.256491e-01 8.571537e-01
1.758482e+01 3.689524e+02 1.446168e+01 1.000000e+00
1.558800e+01 4.019349e+02 -4.022314e+02 1.000000e+00
1.293330e+01 2.666535e+02 1.623176e+02 1.000000e+00
9.053842e+00 2.795741e+02 -3.214447e+02 1.000000e+00
6.966248e+00 1.485077e+02 2.615822e+02 9.992651e-01
3.994908e+00 1.407429e+02 -2.476916e+02 9.950333e-01
1.332812e+00 4.789888e+01 3.950520e+02 9.787423e-01
4.006087e-01 1.288865e+01 -3.222988e+01 9.366232e-01
2.806492e-01 -3.881893e+00 1.542437e-01 8.571537e-01
2.131574e+01 3.670753e+02 1.788691e+01 1.000000e+00
1.881433e+01 3.988546e+02 -4.036440e+02 1.000000e+00
1.615146e+01 2.636941e+02 1.650720e+02 1.000000e+00
1.340205e+01 2.757482e+02 -3.242094e+02 1.000000e+00
8.723663e+00 1.465346e+02 2.642359e+02 9.992651e-01
6.402519e+00 1.393553e+02 -2.491658e+02 9.950333e-01
3.929366e+00 4.729090e+01 3.961303e+02 9.787423e-01
1.977413e+00 1.144650e+01 -3.102854e+01 9.366232e-01
1.362483e+00 -4.350353e+00 1.309570e+00 8.571537e-01
2.352236e+01 3.692139e+02 2.021999e+01 1.000000e+00
1.994032e+01 4.024280e+02 -4.043603e+02 1.000000e+00
1.583350e+01 2.677116e+02 1.673976e+02 1.000000e+00
1.294858e+01 2.767955e+02 -3.243246e+02 1.000000e+00
9.635852e+00 1.459366e+02 2.641404e+02 9.992651e-01
6.340752e+00 1.379426e+02 -2.476582e+02 9.950333e-01
3.782855e+00 4.546191e+01 3.985520e+02 9.787423e-01
2.235307e-01 1.192041e+01 -2.919353e+01 9.366232e-01
1.914164e-01 -3.898939e+00 2.453338e+00 8.571537e-01
2.680005e+01 3.608328e+02 1.813144e+01 1.000000e+00
2.398443e+01 3.905739e+02 -3.997574e+02 1.000000e+00
1.999900e+01 2.597391e+02 1.633387e+02 1.000000e+00
1.526469e+01 2.719965e+02 -3.207303e+02 1.000000e+00
1.109054e+01 1.438624e+02 2.608817e+02 9.992651e-01
6.885896e+00 1.383796e+02 -2.470554e+02 9.950333e-01
1.768971e+00 4.601866e+01 3.929022e+02 9.787423e-01
-1.102429e+00 1.318984e+01 -3.100406e+01 9.366232e-01
-6.989121e-01 -4.518421e+00 1.183672e+00 8.571537e-01
2.699259e+01 3.561798e+02 1.920877e+01 1.000000e+00
2.334172e+01 3.877182e+02 -3.980528e+02 1.000000e+00
1.909632e+01 2.560393e+02 1.625237e+02 1.000000e+00
1.575035e+01 2.687967e+02 -3.206009e+02 1.000000e+00
1.117763e+01 1.412355e+02 2.588777e+02 9.992651e-01
7.551631e+00 1.362888e+02 -2.472877e+02 9.950333e-01
4.635638e+00 4.574123e+01 3.882498e+02 9.787423e-01
1.587601e+00 1.198341e+01 -3.080940e+01 9.366232e-01
1.003714e+00 -4.418692e+00 1.091474e+00 8.571537e-01
2.743953e+01 3.558856e+02 1.943299e+01 1.000000e+00
2.408553e+01 3.924040e+02 -3.965762e+02 1.000000e+00
1.994051e+01 2.579643e+02 1.617572e+02 1.000000e+00
1.582350e+01 2.694922e+02 -3.188427e+02 1.000000e+00
1.135675e+01 1.392089e+02 2.552486e+02 9.992651e-01
7.118599e+00 1.342861e+02 -2.445009e+02 9.950333e-01
2.938113e+00 4.405741e+01 3.852958e+02 9.787423e-01
-5.210223e-01 1.126915e+01 -2.896465e+01 9.366232e-01
-4.587110e-01 -3.988942e+00 1.924411e+00 8.571537e-01
0.000000e+00 3.226556e+02 -3.096591e+02 1.000000e+00
0.000000e+00 2.527314e+02 -1.418061e+01 1.000000e+00
0.000000e+00 2.458984e+02 -2.123777e+02 1.000000e+00
0.000000e+00 1.632705e+02 7.685222e+01 1.000000e+00
0.000000e+00 1.445283e+02 -1.736703e+02 9.992651e-01
0.000000e+00 6.997762e+01 1.011027e+02 9.950333e-01
0.000000e+00 4.685858e+01 -2.041447e+02 9.787423e-01
0.000000e+00 -1.573453e+00 1.680129e+01 9.366232e-01
0.000000e+00 7.080212e+00 8.691599e-03 8.571537e-01
3.132181e+00 3.285910e+02 -3.961165e+02 1.000000e+00
1.956493e+00 2.403762e+02 7.616045e+01 1.000000e+00
5.622962e-01 2.509064e+02 -3.067661e+02 1.000000e+00
-2.721085e-01 1.559582e+02 1.740497e+02 1.000000e+00
-7.098812e-01 1.538189e+02 -2.744554e+02 9.992651e-01
-1.849030e+00 6.874821e+01 1.916185e+02 9.950333e-01
-3.187894e+00 5.178664e+01 -3.388733e+02 9.787423e-01
2.128219e+00 -2.105829e+00 2.771883e+01 9.366232e-01
4.048694e-01 7.683952e+00 -2.769567e-01 8.571537e-01
1.391698e+01 3.330044e+02 -4.578828e+02 1.000000e+00
1.213714e+01 2.307414e+02 1.416176e+02 1.000000e+00
1.054819e+01 2.534505e+02 -3.752792e+02 1.000000e+00
6.704166e+00 1.481848e+02 2.423594e+02 1.000000e+00
3.865513e+00 1.583375e+02 -3.478745e+02 9.992651e-01
-1.700041e-01 6.720850e+01 2.522302e+02 9.950333e-01
-1.252535e+00 5.269692e+01 -4.365720e+02 9.787423e-01
-9.777953e-01 -3.361900e+00 3.424208e+01 9.366232e-01
-4.626754e-01 6.776630e+00 -6.316715e-01 8.571537e-01
1.385572e+01 3.347843e+02 -4.308564e+02 1.000000e+00
1.110054e+01 2.380752e+02 1.142918e+02 1.000000e+00
8.858323e+00 2.560290e+02 -3.455461e+02 1.000000e+00
8.008595e+00 1.516724e+02 2.115255e+02 1.000000e+00
5.968121e+00 1.549501e+02 -3.183209e+02 9.992651e-01
4.383751e+00 6.597233e+01 2.209045e+02 9.950333e-01
2.792185e+00 4.819297e+01 -3.958253e+02 9.787423e-01
-8.490329e-01 -4.733945e+00 2.891324e+01 9.366232e-01
-5.623447e-01 5.224647e+00 -1.482557e+00 8.571537e-01
2.005942e+01 3.306890e+02 -4.325740e+02 1.000000e+00
1.721543e+01 2.344100e+02 1.170857e+02 1.000000e+00
1.409546e+01 2.533210e+02 -3.467762e+02 1.000000e+00
1.024652e+01 1.512418e+02 2.134852e+02 1.000000e+00
7.764636e+00 1.549316e+02 -3.192664e+02 9.992651e-01
4.993607e+00 6.599418e+01 2.226987e+02 9.950333e-01
2.815795e+00 4.842350e+01 -3.966032e+02 9.787423e-01
1.630890e+00 -4.882623e+00 2.930589e+01 9.366232e-01
1.232163e+00 4.484108e+00 -1.129433e+00 8.571537e-01
2.280212e+01 3.246280e+02 -4.320152e+02 1.000000e+00
2.036501e+01 2.285492e+02 1.193068e+02 1.000000e+00
1.679256e+01 2.469586e+02 -3.486598e+02 1.000000e+00
1.346987e+01 1.470137e+02 2.142723e+02 1.000000e+00
9.749667e+00 1.535683e+02 -3.199154e+02 9.992651e-01
6.019037e+00 6.607948e+01 2.226141e+02 9.950333e-01
2.917623e+00 4.878120e+01 -3.980669e+02 9.787423e-01
1.112649e+00 -5.085148e+00 3.168114e+01 9.366232e-01
7.008325e-01 4.162653e+00 5.692437e-01 8.571537e-01
2.294422e+01 3.259628e+02 -4.278953e+02 1.000000e+00
1.879193e+01 2.331169e+02 1.163308e+02 1.000000e+00
1.638646e+01 2.495395e+02 -3.437620e+02 1.000000e+00
1.293253e+01 1.483208e+02 2.098610e+02 1.000000e+00
9.011585e+00 1.520060e+02 -3.178617e+02 9.992651e-01
5.301198e+00 6.354239e+01 2.177755e+02 9.950333e-01
2.631108e+00 4.771111e+01 -3.950156e+02 9.787423e-01
-9.576982e-01 -5.716839e+00 3.013057e+01 9.366232e-01
-5.320228e-01 5.110466e+00 -2.748446e-01 8.571537e-01
2.569618e+01 3.227163e+02 -4.264722e+02 1.000000e+00
2.327133e+01 2.283667e+02 1.163401e+02 1.000000e+00
1.911669e+01 2.466306e+02 -3.432151e+02 1.000000e+00
1.440265e+01 1.463230e+02 2.084214e+02 1.000000e+00
1.086680e+01 1.510241e+02 -3.180244e+02 9.992651e-01
7.188030e+00 6.337621e+01 2.149581e+02 9.950333e-01
3.766091e+00 4.737418e+01 -3.955777e+02 9.787423e-01
1.863578e+00 -4.530587e+00 2.981660e+01 9.366232e-01
1.260611e+00 5.251004e+00 -1.177007e-01 8.571537e-01
2.504855e+01 3.164284e+02 -4.230220e+02 1.000000e+00
2.195676e+01 2.193123e+02 1.154130e+02 1.000000e+00
1.827819e+01 2.405880e+02 -3.432086e+02 1.000000e+00
1.419786e+01 1.414729e+02 2.066864e+02 1.000000e+00
1.021058e+01 1.504994e+02 -3.170543e+02 9.992651e-01
6.296963e+00 6.386460e+01 2.116875e+02 9.950333e-01
2.792250e+00 4.759894e+01 -3.956039e+02 9.787423e-01
-9.363175e-02 -3.333107e+00 3.191013e+01 9.366232e-01
-1.280037e-01 5.230788e+00 1.348082e+00 8.571537e-01
0.000000e+00 1.791461e+02 -6.109045e+01 1.000000e+00
0.000000e+00 1.789445e+02 -2.373674e+02 1.000000e+00
0.000000e+00 1.265047e+02 4.870181e+01 1.000000e+00
0.000000e+00 1.219277e+02 -1.704501e+02 1.000000e+00
0.000000e+00 7.494646e+01 1.231838e+02 9.992651e-01
0.000000e+00 6.810918e+01 -1.177172e+02 9.950333e-01
0.000000e+00 2.781077e+01 1.960549e+02 9.787423e-01
0.000000e+00 5.953848e+00 -1.776466e+01 9.366232e-01
0.000000e+00 -1.647743e+00 -1.095921e+00 8.571537e-01
6.288451e+00 1.817517e+02 2.521825e+01 1.000000e+00
4.924382e+00 1.942815e+02 -3.281777e+02 1.000000e+00
5.037663e+00 1.298972e+02 1.439383e+02 1.000000e+00
4.156572e+00 1.322103e+02 -2.673532e+02 1.000000e+00
3.473947e+00 7.024374e+01 2.262306e+02 9.992651e-01
3.759790e+00 6.754353e+01 -2.064768e+02 9.950333e-01
4.729397e+00 2.208896e+01 3.352573e+02 9.787423e-01
-1.170117e+00 6.153926e+00 -2.656512e+01 9.366232e-01
8.202273e-02 -2.160161e+00 5.444168e-01 8.571537e-01
8.472341e+00 1.793512e+02 8.884742e+01 1.000000e+00
7.897795e+00 2.009651e+02 -3.940527e+02 1.000000e+00
4.637503e+00 1.287504e+02 2.125965e+02 1.000000e+00
4.316885e+00 1.386437e+02 -3.354597e+02 1.000000e+00
3.254301e+00 6.756776e+01 3.013606e+02 9.992651e-01
3.364035e+00 6.806598e+01 -2.663375e+02 9.950333e-01
9.594771e-01 2.085469e+01 4.352492e+02 9.787423e-01
-2.627201e+00 6.182590e+00 -3.448252e+01 9.366232e-01
-1.952566e+00 -2.260437e+00 -3.776329e-02 8.571537e-01
1.595371e+01 1.748089e+02 6.330077e+01 1.000000e+00
1.430091e+01 1.927472e+02 -3.652326e+02 1.000000e+00
1.254474e+01 1.236743e+02 1.830146e+02 1.000000e+00
9.030263e+00 1.330937e+02 -3.051792e+02 1.000000e+00
5.571465e+00 6.866978e+01 2.697111e+02 9.992651e-01
1.924417e+00 6.952242e+01 -2.363460e+02 9.950333e-01
-8.781389e-01 2.444877e+01 3.894953e+02 9.787423e-01
-1.445616e+00 6.122134e+00 -3.523906e+01 9.366232e-01
-1.062271e+00 -1.997343e+00 -3.479383e+00 8.571537e-01
1.732389e+01 1.774502e+02 6.540705e+01 1.000000e+00
1.479986e+01 1.960477e+02 -3.662190e+02 1.000000e+00
1.203487e+01 1.265625e+02 1.852792e+02 1.000000e+00
1.017293e+01 1.338690e+02 -3.070602e+02 1.000000e+00
7.559003e+00 6.781031e+01 2.708013e+02 9.992651e-01
5.186345e+00 6.810039e+01 -2.382657e+02 9.950333e-01
3.573496e+00 2.271626e+01 3.909383e+02 9.787423e-01
1.585128e+00 5.924992e+00 -3.485163e+01 9.366232e-01
8.348464e-01 -1.711819e+00 -3.471860e+00 8.571537e-01
2.088256e+01 1.777666e+02 6.849045e+01 1.000000e+00
1.826649e+01 1.957911e+02 -3.674340e+02 1.000000e+00
1.448462e+01 1.275444e+02 1.869733e+02 1.000000e+00
1.124509e+01 1.348980e+02 -3.063714e+02 1.000000e+00
8.556148e+00 6.747619e+01 2.725214e+02 9.992651e-01
5.441887e+00 6.654285e+01 -2.387864e+02 9.950333e-01
2.499016e+00 2.183782e+01 3.944575e+02 9.787423e-01
-9.174851e-02 5.250487e+00 -3.334044e+01 9.366232e-01
5.690554e-02 -1.993434e+00 -2.610677e+00 8.571537e-01
2.325280e+01 1.728217e+02 6.685813e+01 1.000000e+00
2.044372e+01 1.892583e+02 -3.626508e+02 1.000000e+00
1.721518e+01 1.228766e+02 1.832441e+02 1.000000e+00
1.347344e+01 1.310052e+02 -3.031943e+02 1.000000e+00
8.869910e+00 6.715012e+01 2.676315e+02 9.992651e-01
6.167488e+00 6.821401e+01 -2.349764e+02 9.950333e-01
2.785210e+00 2.236640e+01 3.853537e+02 9.787423e-01
-2.248501e-01 5.964026e+00 -3.475718e+01 9.366232e-01
2.054673e-02 -2.574350e+00 -3.500422e+00 8.571537e-01
2.281413e+01 1.711613e+02 6.706996e+01 1.000000e+00
1.933050e+01 1.894055e+02 -3.614501e+02 1.000000e+00
1.540370e+01 1.225198e+02 1.833741e+02 1.000000e+00
1.276075e+01 1.305782e+02 -3.031877e+02 1.000000e+00
1.038114e+01 6.641012e+01 2.666118e+02 9.992651e-01
6.788898e+00 6.775807e+01 -2.347884e+02 9.950333e-01
3.943849e+00 2.272422e+01 3.833615e+02 9.787423e-01
2.261175e+00 6.191238e+00 -3.326735e+01 9.366232e-01
1.442700e+00 -1.994903e+00 -2.745441e+00 8.571537e-01
2.316050e+01 1.705757e+02 6.653063e+01 1.000000e+00
2.029157e+01 1.906298e+02 -3.599500e+02 1.000000e+00
1.666784e+01 1.225259e+02 1.824074e+02 1.000000e+00
1.312741e+01 1.311998e+02 -3.010341e+02 1.000000e+00
9.542563e+00 6.461575e+01 2.657779e+02 9.992651e-01
6.175015e+00 6.563866e+01 -2.351252e+02 9.950333e-01
3.014573e+00 2.238913e+01 3.840016e+02 9.787423e-01
5.355614e-01 5.780334e+00 -3.035601e+01 9.366232e-01
3.217303e-01 -1.464896e+00 -1.152042e+00 8.571537e-01
0.000000e+00 1.108591e+02 -2.733479e+02 1.000000e+00
0.000000e+00 8.785880e+01 7.349556e+00 1.000000e+00
0.000000e+00 8.653677e+01 -1.948208e+02 1.000000e+00
0.000000e+00 5.797389e+01 8.342957e+01 1.000000e+00
0.000000e+00 4.799255e+01 -1.667259e+02 9.992651e-01
0.000000e+00 1.935679e+01 9.804263e+01 9.950333e-01
0.000000e+00 1.132372e+01 -2.007710e+02 9.787423e-01
0.000000e+00 -1.166746e+00 1.745002e+01 9.366232e-01
0.000000e+00 1.592872e+00 1.837774e+00 8.571537e-01
6.291201e+00 1.079786e+02 -3.601123e+02 1.000000e+00
5.792888e+00 7.807322e+01 9.855091e+01 1.000000e+00
3.903802e+00 8.225477e+01 -2.903051e+02 1.000000e+00
2.126916e+00 5.073386e+01 1.790502e+02 1.000000e+00
-7.812211e-01 5.052815e+01 -2.715983e+02 9.992651e-01
-3.672929e+00 2.167251e+01 1.855218e+02 9.950333e-01
-5.446199e+00 1.601287e+01 -3.397371e+02 9.787423e-01
1.594499e+00 -1.438276e+00 2.781484e+01 9.366232e-01
8.166958e-02 1.739506e+00 8.198654e-01 8.571537e-01
9.625092e+00 1.096653e+02 -4.235401e+02 1.000000e+00
6.593792e+00 7.519839e+01 1.648502e+02 1.000000e+00
6.007608e+00 8.296795e+01 -3.590862e+02 1.000000e+00
4.125055e+00 4.728227e+01 2.475493e+02 1.000000e+00
3.554570e+00 5.206148e+01 -3.483556e+02 9.992651e-01
6.446452e-01 2.202769e+01 2.441317e+02 9.950333e-01
6.954242e-01 1.698445e+01 -4.390670e+02 9.787423e-01
-8.554112e-01 -9.580536e-01 3.384606e+01 9.366232e-01
-5.390177e-01 2.158074e+00 -4.400399e-02 8.571537e-01
1.383600e+01 1.134858e+02 -3.961419e+02 1.000000e+00
1.198597e+01 8.083807e+01 1.367330e+02 1.000000e+00
9.212188e+00 8.713393e+01 -3.292297e+02 1.000000e+00
6.922282e+00 5.170570e+01 2.174156e+02 1.000000e+00
5.174500e+00 5.223632e+01 -3.162578e+02 9.992651e-01
4.485588e+00 2.101264e+01 2.136445e+02 9.950333e-01
2.224879e+00 1.533780e+01 -3.962395e+02 9.787423e-01
-5.425184e-01 6.594931e-01 2.951165e+01 9.366232e-01
-3.557185e-01 3.053559e+00 1.469618e-01 8.571537e-01
1.792694e+01 1.097218e+02 -3.963979e+02 1.000000e+00
1.518111e+01 7.670668e+01 1.390054e+02 1.000000e+00
1.328049e+01 8.345969e+01 -3.302228e+02 1.000000e+00
1.039421e+01 4.981961e+01 2.188291e+02 1.000000e+00
7.722803e+00 5.272828e+01 -3.172026e+02 9.992651e-01
4.676887e+00 2.290668e+01 2.161166e+02 9.950333e-01
2.777063e+00 1.752720e+01 -3.980134e+02 9.787423e-01
7.800382e-01 1.051108e+00 3.007352e+01 9.366232e-01
6.221430e-01 3.101556e+00 3.816159e-01 8.571537e-01
1.923378e+01 1.083425e+02 -3.970151e+02 1.000000e+00
1.635739e+01 7.618659e+01 1.415040e+02 1.000000e+00
1.363075e+01 8.283245e+01 -3.306809e+02 1.000000e+00
1.098416e+01 4.907190e+01 2.201813e+02 1.000000e+00
8.543033e+00 5.275273e+01 -3.188932e+02 9.992651e-01
5.146802e+00 2.392123e+01 2.164013e+02 9.950333e-01
2.667686e+00 1.782593e+01 -3.988073e+02 9.787423e-01
2.102920e-01 8.107903e-01 3.001261e+01 9.366232e-01
6.154175e-02 2.873400e+00 4.046483e-01 8.571537e-01
2.106212e+01 1.096184e+02 -3.928415e+02 1.000000e+00
1.832353e+01 7.837634e+01 1.389540e+02 1.000000e+00
1.579125e+01 8.425529e+01 -3.262419e+02 1.000000e+00
1.187957e+01 5.079387e+01 2.159895e+02 1.000000e+00
9.429617e+00 5.284730e+01 -3.139713e+02 9.992651e-01
6.461506e+00 2.239441e+01 2.105826e+02 9.950333e-01
3.181388e+00 1.740271e+01 -3.943359e+02 9.787423e-01
8.498855e-01 7.202997e-01 2.993494e+01 9.366232e-01
4.208440e-01 3.303118e+00 3.725702e-01 8.571537e-01
2.239213e+01 1.082674e+02 -3.905453e+02 1.000000e+00
2.001868e+01 7.641607e+01 1.395182e+02 1.000000e+00
1.675124e+01 8.276343e+01 -3.257842e+02 1.000000e+00
1.322615e+01 4.962919e+01 2.155190e+02 1.000000e+00
9.292935e+00 5.248489e+01 -3.141353e+02 9.992651e-01
5.811628e+00 2.231468e+01 2.097461e+02 9.950333e-01
3.923127e+00 1.698013e+01 -3.943319e+02 9.787423e-01
1.257453e+00 1.865011e-01 3.067333e+01 9.366232e-01
9.763979e-01 2.721146e+00 1.008519e+00 8.571537e-01
2.209634e+01 1.063434e+02 -3.873055e+02 1.000000e+00
1.887170e+01 7.414661e+01 1.385988e+02 1.000000e+00
1.571741e+01 8.172559e+01 -3.247428e+02 1.000000e+00
1.224573e+01 4.823941e+01 2.147006e+02 1.000000e+00
9.133862e+00 5.246195e+01 -3.147957e+02 9.992651e-01
5.998159e+00 2.348369e+01 2.095127e+02 9.950333e-01
3.149358e+00 1.706113e+01 -3.929289e+02 9.787423e-01
8.447679e-01 -2.845898e-01 3.119258e+01 9.366232e-01
5.311672e-01 2.019812e+00 1.734609e+00 8.571537e-01
0.000000e+00 0.000000e+00 -4.372026e+01 1.000000e+00
0.000000e+00 0.000000e+00 -2.211507e+02 1.000000e+00
0.000000e+00 0.000000e+00 5.772464e+01 1.000000e+00
0.000000e+00 0.000000e+00 -1.659745e+02 1.000000e+00
0.000000e+00 0.000000e+00 1.199564e+02 9.992651e-01
0.000000e+00 0.000000e+00 -1.192429e+02 9.950333e-01
0.000000e+00 0.000000e+00 1.982873e+02 9.787423e-01
0.000000e+00 0.000000e+00 -1.780908e+01 9.366232e-01
0.000000e+00 0.000000e+00 -2.121084e+00 8.571537e-01
-4.766306e-01 0.000000e+00 4.320665e+01 1.000000e+00
-2.393037e+00 0.000000e+00 -3.134350e+02 1.000000e+00
-2.988180e+00 0.000000e+00 1.529067e+02 1.000000e+00
-2.071798e+00 0.000000e+00 -2.594097e+02 1.000000e+00
2.782745e+00 0.000000e+00 2.302927e+02 9.992651e-01
8.338742e+00 0.000000e+00 -2.020055e+02 9.950333e-01
8.507186e+00 0.000000e+00 3.349893e+02 9.787423e-01
-1.448590e+00 0.000000e+00 -2.730102e+01 9.366232e-01
-1.411445e-01 0.000000e+00 -4.685778e-01 8.571537e-01
1.424480e+01 0.000000e+00 1.077979e+02 1.000000e+00
1.476624e+01 0.000000e+00 -3.799667e+02 1.000000e+00
1.218041e+01 0.000000e+00 2.219400e+02 1.000000e+00
9.901167e+00 0.000000e+00 -3.273437e+02 1.000000e+00
4.136575e+00 0.000000e+00 3.082757e+02 9.992651e-01
6.650144e-01 0.000000e+00 -2.594087e+02 9.950333e-01
-1.986192e+00 0.000000e+00 4.327859e+02 9.787423e-01
-9.270944e-01 0.000000e+00 -3.420854e+01 9.366232e-01
-8.265892e-01 0.000000e+00 -3.261054e-01 8.571537e-01
1.296988e+01 0.000000e+00 8.167181e+01 1.000000e+00
1.066427e+01 0.000000e+00 -3.504468e+02 1.000000e+00
8.852069e+00 0.000000e+00 1.932187e+02 1.000000e+00
7.355299e+00 0.000000e+00 -2.972229e+02 1.000000e+00
6.489466e+00 0.000000e+00 2.737058e+02 9.992651e-01
3.524849e+00 0.000000e+00 -2.324772e+02 9.950333e-01
2.239259e+00 0.000000e+00 3.922758e+02 9.787423e-01
6.429220e-01 0.000000e+00 -3.129627e+01 9.366232e-01
2.578576e-01 0.000000e+00 -1.567182e+00 8.571537e-01
1.477969e+01 0.000000e+00 8.324990e+01 1.000000e+00
1.338735e+01 0.000000e+00 -3.508984e+02 1.000000e+00
1.092222e+01 0.000000e+00 1.957014e+02 1.000000e+00
8.478729e+00 0.000000e+00 -2.965070e+02 1.000000e+00
6.849209e+00 0.000000e+00 2.782842e+02 9.992651e-01
6.354194e+00 0.000000e+00 -2.316748e+02 9.950333e-01
3.825002e+00 0.000000e+00 3.942025e+02 9.787423e-01
6.930000e-01 0.000000e+00 -3.030688e+01 9.366232e-01
3.339066e-01 0.000000e+00 -4.608013e-01 8.571537e-01
2.104304e+01 0.000000e+00 8.716209e+01 1.000000e+00
1.925733e+01 0.000000e+00 -3.507435e+02 1.000000e+00
1.646405e+01 0.000000e+00 1.979701e+02 1.000000e+00
1.304926e+01 0.000000e+00 -2.969452e+02 1.000000e+00
9.148076e+00 0.000000e+00 2.803664e+02 9.992651e-01
5.084421e+00 0.000000e+00 -2.297622e+02 9.950333e-01
2.626071e+00 0.000000e+00 3.942216e+02 9.787423e-01
1.174795e-01 0.000000e+00 -2.980875e+01 9.366232e-01
1.542092e-01 0.000000e+00 4.521959e-02 8.571537e-01
2.180882e+01 0.000000e+00 8.684633e+01 1.000000e+00
1.906686e+01 0.000000e+00 -3.460020e+02 1.000000e+00
1.500009e+01 0.000000e+00 1.947823e+02 1.000000e+00
1.238249e+01 0.000000e+00 -2.920658e+02 1.000000e+00
9.276437e+00 0.000000e+00 2.739272e+02 9.992651e-01
5.347833e+00 0.000000e+00 -2.276998e+02 9.950333e-01
2.455261e+00 0.000000e+00 3.896540e+02 9.787423e-01
2.598449e-02 0.000000e+00 -3.072716e+01 9.366232e-01
2.594533e-01 0.000000e+00 -4.773250e-01 8.571537e-01
2.143584e+01 0.000000e+00 8.714942e+01 1.000000e+00
1.830511e+01 0.000000e+00 -3.451477e+02 1.000000e+00
1.546193e+01 0.000000e+00 1.950286e+02 1.000000e+00
1.197999e+01 0.000000e+00 -2.913394e+02 1.000000e+00
9.354410e+00 0.000000e+00 2.751209e+02 9.992651e-01
7.600346e+00 0.000000e+00 -2.264365e+02 9.950333e-01
4.193178e+00 0.000000e+00 3.890652e+02 9.787423e-01
1.157867e+00 0.000000e+00 -3.029554e+01 9.366232e-01
5.520973e-01 0.000000e+00 -2.811548e-01 8.571537e-01
2.152363e+01 0.000000e+00 8.577213e+01 1.000000e+00
1.887255e+01 0.000000e+00 -3.432311e+02 1.000000e+00
1.559301e+01 0.000000e+00 1.943231e+02 1.000000e+00
1.243246e+01 0.000000e+00 -2.906057e+02 1.000000e+00
9.120695e+00 0.000000e+00 2.765075e+02 9.992651e-01
6.121025e+00 0.000000e+00 -2.233193e+02 9.950333e-01
3.308122e+00 0.000000e+00 3.879626e+02 9.787423e-01
3.804329e-01 0.000000e+00 -2.901988e+01 9.366232e-01
3.073052e-01 0.000000e+00 2.477441e-01 8.571537e-01
