0 729 0.00000e+00
  1     729
0.000000e+00 -1.903121e+03 0.000000e+00 1.000000e+00
0.000000e+00 -1.760114e+03 -2.420692e+02 1.000000e+00
0.000000e+00 -1.936641e+03 -4.731305e+02 1.000000e+00
0.000000e+00 -1.708850e+03 -7.164163e+02 1.000000e+00
0.000000e+00 -1.809361e+03 -9.493381e+02 1.000000e+00
0.000000e+00 -1.485074e+03 -1.216197e+03 1.000000e+00
0.000000e+00 -1.491824e+03 -1.448561e+03 1.000000e+00
0.000000e+00 -1.083405e+03 -1.731613e+03 1.000000e+00
0.000000e+00 -1.020947e+03 -1.943658e+03 1.000000e+00
-5.445974e+00 -1.967198e+03 0.000000e+00 1.000000e+00
-4.402572e+00 -1.723270e+03 -2.418472e+02 1.000000e+00
-2.197052e+00 -2.000816e+03 -4.728725e+02 1.000000e+00
-2.862066e+00 -1.672191e+03 -7.181412e+02 1.000000e+00
-4.018808e+00 -1.871509e+03 -9.490840e+02 1.000000e+00
-5.825796e+00 -1.447132e+03 -1.219192e+03 1.000000e+00
-7.615604e+00 -1.550184e+03 -1.448063e+03 1.000000e+00
-8.592823e+00 -1.042776e+03 -1.735795e+03 1.000000e+00
-7.936398e+00 -1.074502e+03 -1.942408e+03 1.000000e+00
-9.736286e+00 -2.010724e+03 0.000000e+00 1.000000e+00
-8.900171e+00 -1.703177e+03 -2.416295e+02 1.000000e+00
-8.281617e+00 -2.044343e+03 -4.734727e+02 1.000000e+00
-8.137791e+00 -1.652579e+03 -7.203654e+02 1.000000e+00
-1.150024e+01 -1.912365e+03 -9.522488e+02 1.000000e+00
-1.379604e+01 -1.425623e+03 -1.222320e+03 1.000000e+00
-1.626293e+01 -1.587179e+03 -1.451973e+03 1.000000e+00
-1.773555e+01 -1.018603e+03 -1.740979e+03 1.000000e+00
-1.739760e+01 -1.107026e+03 -1.947156e+03 1.000000e+00
-1.160917e+01 -2.004220e+03 0.000000e+00 1.000000e+00
-1.145257e+01 -1.730248e+03 -2.419197e+02 1.000000e+00
-1.224949e+01 -2.038381e+03 -4.758591e+02 1.000000e+00
-1.537849e+01 -1.678459e+03 -7.231891e+02 1.000000e+00
-1.647551e+01 -1.905012e+03 -9.565071e+02 1.000000e+00
-1.952540e+01 -1.447298e+03 -1.226993e+03 1.000000e+00
-2.485846e+01 -1.578269e+03 -1.459036e+03 1.000000e+00
-2.594242e+01 -1.036404e+03 -1.746516e+03 1.000000e+00
-2.430241e+01 -1.095593e+03 -1.956285e+03 1.000000e+00
-1.505120e+01 -2.017055e+03 0.000000e+00 1.000000e+00
-1.564796e+01 -1.735907e+03 -2.429882e+02 1.000000e+00
-1.689437e+01 -2.050955e+03 -4.788805e+02 1.000000e+00
-1.827346e+01 -1.683160e+03 -7.271417e+02 1.000000e+00
-2.277758e+01 -1.915537e+03 -9.616275e+02 1.000000e+00
-2.713382e+01 -1.448027e+03 -1.233882e+03 1.000000e+00
-2.981486e+01 -1.586946e+03 -1.465738e+03 1.000000e+00
-3.238308e+01 -1.033775e+03 -1.756259e+03 1.000000e+00
-3.222032e+01 -1.100831e+03 -1.964487e+03 1.000000e+00
-1.799272e+01 -2.025400e+03 0.000000e+00 1.000000e+00
-1.909762e+01 -1.744000e+03 -2.448676e+02 1.000000e+00
-1.959956e+01 -2.058452e+03 -4.814939e+02 1.000000e+00
-2.212045e+01 -1.691016e+03 -7.319299e+02 1.000000e+00
-2.613236e+01 -1.920341e+03 -9.687319e+02 1.000000e+00
-3.074208e+01 -1.452675e+03 -1.240899e+03 1.000000e+00
-3.610874e+01 -1.588731e+03 -1.474409e+03 1.000000e+00
-3.700576e+01 -1.035703e+03 -1.765851e+03 1.000000e+00
-3.498891e+01 -1.098463e+03 -1.974988e+03 1.000000e+00
-1.690547e+01 -2.031346e+03 0.000000e+00 1.000000e+00
-1.848905e+01 -1.753203e+03 -2.469823e+02 1.000000e+00
-2.215830e+01 -2.064518e+03 -4.852518e+02 1.000000e+00
-2.661563e+01 -1.698481e+03 -7.377725e+02 1.000000e+00
-2.998342e+01 -1.924100e+03 -9.749246e+02 1.000000e+00
-3.386398e+01 -1.456394e+03 -1.249848e+03 1.000000e+00
-3.793409e+01 -1.590391e+03 -1.483892e+03 1.000000e+00
-3.996973e+01 -1.036224e+03 -1.775743e+03 1.000000e+00
-3.905932e+01 -1.095903e+03 -1.985466e+03 1.000000e+00
-2.110201e+01 -2.038419e+03 0.000000e+00 1.000000e+00
-2.241377e+01 -1.760062e+03 -2.492320e+02 1.000000e+00
-2.361496e+01 -2.071518e+03 -4.894165e+02 1.000000e+00
-2.633860e+01 -1.704529e+03 -7.435467e+02 1.000000e+00
-3.173624e+01 -1.928228e+03 -9.826512e+02 1.000000e+00
-3.702778e+01 -1.459360e+03 -1.258582e+03 1.000000e+00
-3.965280e+01 -1.591612e+03 -1.493501e+03 1.000000e+00
-4.045837e+01 -1.036615e+03 -1.786581e+03 1.000000e+00
-3.996864e+01 -1.092792e+03 -1.996103e+03 1.000000e+00
-1.977363e+01 -2.045046e+03 0.000000e+00 1.000000e+00
-2.132517e+01 -1.766471e+03 -2.515652e+02 1.000000e+00
-2.420092e+01 -2.077768e+03 -4.932197e+02 1.000000e+00
-2.836624e+01 -1.710683e+03 -7.497778e+02 1.000000e+00
-3.264760e+01 -1.931694e+03 -9.908565e+02 1.000000e+00
-3.684217e+01 -1.462649e+03 -1.267603e+03 1.000000e+00
-3.950278e+01 -1.591807e+03 -1.503220e+03 1.000000e+00
-4.062108e+01 -1.037341e+03 -1.797222e+03 1.000000e+00
-4.009749e+01 -1.089461e+03 -2.007022e+03 1.000000e+00
0.000000e+00 -1.701571e+03 0.000000e+00 1.000000e+00
0.000000e+00 -1.909775e+03 -2.480554e+02 1.000000e+00
0.000000e+00 -1.727833e+03 -4.935546e+02 1.000000e+00
0.000000e+00 -1.851649e+03 -7.261506e+02 1.000000e+00
0.000000e+00 -1.587125e+03 -9.848065e+02 1.000000e+00
0.000000e+00 -1.619763e+03 -1.219698e+03 1.000000e+00
0.000000e+00 -1.255116e+03 -1.495002e+03 1.000000e+00
0.000000e+00 -1.212317e+03 -1.714710e+03 1.000000e+00
0.000000e+00 -7.695422e+02 -1.997991e+03 1.000000e+00
-5.663563e+00 -1.664906e+03 0.000000e+00 1.000000e+00
-4.187534e+00 -1.972927e+03 -2.475300e+02 1.000000e+00
-2.773248e+00 -1.692233e+03 -4.941306e+02 1.000000e+00
-2.710331e+00 -1.913915e+03 -7.263768e+02 1.000000e+00
-4.522624e+00 -1.551190e+03 -9.868338e+02 1.000000e+00
-5.513766e+00 -1.678880e+03 -1.219381e+03 1.000000e+00
-7.710153e+00 -1.216919e+03 -1.498851e+03 1.000000e+00
-7.770055e+00 -1.266721e+03 -1.713094e+03 1.000000e+00
-7.703155e+00 -7.281214e+02 -2.003979e+03 1.000000e+00
-9.474834e+00 -1.644040e+03 0.000000e+00 1.000000e+00
-9.276782e+00 -2.016107e+03 -2.473392e+02 1.000000e+00
-8.170406e+00 -1.672585e+03 -4.948843e+02 1.000000e+00
-8.707330e+00 -1.956326e+03 -7.283008e+02 1.000000e+00
-1.104685e+01 -1.530268e+03 -9.903085e+02 1.000000e+00
-1.419593e+01 -1.717665e+03 -1.222165e+03 1.000000e+00
-1.499852e+01 -1.193592e+03 -1.502693e+03 1.000000e+00
-1.740689e+01 -1.301048e+03 -1.718270e+03 1.000000e+00
-1.659169e+01 -7.026735e+02 -2.008633e+03 1.000000e+00
-1.221093e+01 -1.670123e+03 0.000000e+00 1.000000e+00
-1.165665e+01 -2.010236e+03 -2.478207e+02 1.000000e+00
-1.292849e+01 -1.698652e+03 -4.968722e+02 1.000000e+00
-1.548695e+01 -1.950270e+03 -7.317205e+02 1.000000e+00
-1.704909e+01 -1.553361e+03 -9.936898e+02 1.000000e+00
-1.918985e+01 -1.709541e+03 -1.227918e+03 1.000000e+00
-2.498424e+01 -1.213026e+03 -1.508096e+03 1.000000e+00
-2.508226e+01 -1.290940e+03 -1.725722e+03 1.000000e+00
-2.366631e+01 -7.175609e+02 -2.014934e+03 1.000000e+00
-1.533064e+01 -1.675829e+03 0.000000e+00 1.000000e+00
-1.596812e+01 -2.022682e+03 -2.487272e+02 1.000000e+00
-1.713235e+01 -1.703892e+03 -5.001595e+02 1.000000e+00
-1.876284e+01 -1.961942e+03 -7.352497e+02 1.000000e+00
-2.251480e+01 -1.556191e+03 -9.993417e+02 1.000000e+00
-2.702989e+01 -1.717832e+03 -1.233861e+03 1.000000e+00
-2.871808e+01 -1.212970e+03 -1.516128e+03 1.000000e+00
-3.141363e+01 -1.297318e+03 -1.733258e+03 1.000000e+00
-3.092884e+01 -7.123580e+02 -2.025352e+03 1.000000e+00
-1.852688e+01 -1.683579e+03 0.000000e+00 1.000000e+00
-1.953422e+01 -2.030554e+03 -2.505715e+02 1.000000e+00
-2.009636e+01 -1.711458e+03 -5.027226e+02 1.000000e+00
-2.246915e+01 -1.968775e+03 -7.402514e+02 1.000000e+00
-2.661461e+01 -1.561816e+03 -1.006007e+03 1.000000e+00
-3.040054e+01 -1.720733e+03 -1.241263e+03 1.000000e+00
-3.544977e+01 -1.216126e+03 -1.523928e+03 1.000000e+00
-3.597916e+01 -1.297202e+03 -1.743741e+03 1.000000e+00
-3.418560e+01 -7.123853e+02 -2.034456e+03 1.000000e+00
-1.782282e+01 -1.693214e+03 0.000000e+00 1.000000e+00
-1.899686e+01 -2.036221e+03 -2.525062e+02 1.000000e+00
-2.267918e+01 -1.720085e+03 -5.066619e+02 1.000000e+00
-2.666226e+01 -1.973881e+03 -7.456732e+02 1.000000e+00
-2.962325e+01 -1.567057e+03 -1.012714e+03 1.000000e+00
-3.353537e+01 -1.723407e+03 -1.249458e+03 1.000000e+00
-3.693340e+01 -1.218390e+03 -1.533823e+03 1.000000e+00
-3.903031e+01 -1.297035e+03 -1.753024e+03 1.000000e+00
-3.753924e+01 -7.104457e+02 -2.044990e+03 1.000000e+00
-2.144283e+01 -1.699912e+03 0.000000e+00 1.000000e+00
-2.296772e+01 -2.043213e+03 -2.547087e+02 1.000000e+00
-2.390633e+01 -1.726416e+03 -5.107707e+02 1.000000e+00
-2.663768e+01 -1.979856e+03 -7.514111e+02 1.000000e+00
-3.185093e+01 -1.570943e+03 -1.020302e+03 1.000000e+00
-3.630260e+01 -1.725406e+03 -1.258134e+03 1.000000e+00
-3.891837e+01 -1.220246e+03 -1.543184e+03 1.000000e+00
-3.938541e+01 -1.296025e+03 -1.763721e+03 1.000000e+00
-3.910399e+01 -7.083034e+02 -2.055274e+03 1.000000e+00
-2.049642e+01 -1.705552e+03 0.000000e+00 1.000000e+00
-2.192754e+01 -2.049833e+03 -2.570902e+02 1.000000e+00
-2.454732e+01 -1.732552e+03 -5.143065e+02 1.000000e+00
-2.834834e+01 -1.985237e+03 -7.579536e+02 1.000000e+00
-3.239734e+01 -1.575632e+03 -1.028046e+03 1.000000e+00
-3.620214e+01 -1.726690e+03 -1.267068e+03 1.000000e+00
-3.866719e+01 -1.222816e+03 -1.552775e+03 1.000000e+00
-3.970789e+01 -1.294017e+03 -1.773893e+03 1.000000e+00
-3.894921e+01 -7.074824e+02 -2.066543e+03 1.000000e+00
0.000000e+00 -1.838325e+03 0.000000e+00 1.000000e+00
0.000000e+00 -1.713224e+03 -2.594514e+02 1.000000e+00
0.000000e+00 -1.860255e+03 -5.027703e+02 1.000000e+00
0.000000e+00 -1.643685e+03 -7.547883e+02 1.000000e+00
0.000000e+00 -1.710969e+03 -9.920900e+02 1.000000e+00
0.000000e+00 -1.397700e+03 -1.261323e+03 1.000000e+00
0.000000e+00 -1.371125e+03 -1.487149e+03 1.000000e+00
0.000000e+00 -9.749050e+02 -1.764386e+03 1.000000e+00
0.000000e+00 -8.828824e+02 -1.959573e+03 1.000000e+00
-5.023259e+00 -1.899444e+03 0.000000e+00 1.000000e+00
-4.733751e+00 -1.678290e+03 -2.596075e+02 1.000000e+00
-2.636978e+00 -1.921662e+03 -5.020341e+02 1.000000e+00
-3.371385e+00 -1.609016e+03 -7.570811e+02 1.000000e+00
-4.468563e+00 -1.770473e+03 -9.912494e+02 1.000000e+00
-5.827371e+00 -1.361019e+03 -1.264691e+03 1.000000e+00
-7.137674e+00 -1.426683e+03 -1.486116e+03 1.000000e+00
-7.410797e+00 -9.353076e+02 -1.768775e+03 1.000000e+00
-6.751141e+00 -9.332359e+02 -1.957656e+03 1.000000e+00
-9.928087e+00 -1.941987e+03 0.000000e+00 1.000000e+00
-8.892811e+00 -1.658063e+03 -2.596304e+02 1.000000e+00
-8.825730e+00 -1.964542e+03 -5.025971e+02 1.000000e+00
-8.553084e+00 -1.589549e+03 -7.593150e+02 1.000000e+00
-1.130385e+01 -1.810863e+03 -9.942184e+02 1.000000e+00
-1.373883e+01 -1.338734e+03 -1.267977e+03 1.000000e+00
-1.460436e+01 -1.463470e+03 -1.489031e+03 1.000000e+00
-1.634635e+01 -9.105172e+02 -1.774765e+03 1.000000e+00
-1.674491e+01 -9.651442e+02 -1.961218e+03 1.000000e+00
-1.222016e+01 -1.936023e+03 0.000000e+00 1.000000e+00
-1.247480e+01 -1.683732e+03 -2.599493e+02 1.000000e+00
-1.304749e+01 -1.959031e+03 -5.049562e+02 1.000000e+00
-1.600911e+01 -1.613879e+03 -7.620723e+02 1.000000e+00
-1.717348e+01 -1.804165e+03 -9.985981e+02 1.000000e+00
-1.940547e+01 -1.358986e+03 -1.272194e+03 1.000000e+00
-2.429893e+01 -1.454807e+03 -1.496166e+03 1.000000e+00
-2.454029e+01 -9.270000e+02 -1.779650e+03 1.000000e+00
-2.212615e+01 -9.537310e+02 -1.970236e+03 1.000000e+00
-1.592494e+01 -1.947996e+03 0.000000e+00 1.000000e+00
-1.602199e+01 -1.689474e+03 -2.609239e+02 1.000000e+00
-1.767020e+01 -1.970643e+03 -5.079874e+02 1.000000e+00
-1.895261e+01 -1.618473e+03 -7.660059e+02 1.000000e+00
-2.244738e+01 -1.813703e+03 -1.003564e+03 1.000000e+00
-2.649914e+01 -1.359907e+03 -1.278896e+03 1.000000e+00
-2.785593e+01 -1.461995e+03 -1.502985e+03 1.000000e+00
-3.025530e+01 -9.249305e+02 -1.788452e+03 1.000000e+00
-2.989869e+01 -9.574518e+02 -1.977949e+03 1.000000e+00
-1.883289e+01 -1.956075e+03 0.000000e+00 1.000000e+00
-2.005883e+01 -1.696618e+03 -2.625651e+02 1.000000e+00
-2.044901e+01 -1.978113e+03 -5.108584e+02 1.000000e+00
-2.285550e+01 -1.625366e+03 -7.706478e+02 1.000000e+00
-2.685086e+01 -1.818309e+03 -1.010542e+03 1.000000e+00
-3.017463e+01 -1.363663e+03 -1.285611e+03 1.000000e+00
-3.443372e+01 -1.463624e+03 -1.511287e+03 1.000000e+00
-3.486753e+01 -9.263418e+02 -1.798029e+03 1.000000e+00
-3.289939e+01 -9.550563e+02 -1.987746e+03 1.000000e+00
-1.877699e+01 -1.961266e+03 0.000000e+00 1.000000e+00
-1.970544e+01 -1.705891e+03 -2.644394e+02 1.000000e+00
-2.304619e+01 -1.983152e+03 -5.145705e+02 1.000000e+00
-2.669631e+01 -1.632440e+03 -7.763677e+02 1.000000e+00
-2.937698e+01 -1.821887e+03 -1.016786e+03 1.000000e+00
-3.291566e+01 -1.366731e+03 -1.294040e+03 1.000000e+00
-3.612628e+01 -1.465167e+03 -1.520650e+03 1.000000e+00
-3.780423e+01 -9.259962e+02 -1.807409e+03 1.000000e+00
-3.608973e+01 -9.526284e+02 -1.997764e+03 1.000000e+00
-2.196202e+01 -1.968672e+03 0.000000e+00 1.000000e+00
-2.323689e+01 -1.712017e+03 -2.663876e+02 1.000000e+00
-2.432538e+01 -1.989752e+03 -5.189110e+02 1.000000e+00
-2.684201e+01 -1.638046e+03 -7.817818e+02 1.000000e+00
-3.164040e+01 -1.825348e+03 -1.024382e+03 1.000000e+00
-3.562091e+01 -1.369311e+03 -1.302484e+03 1.000000e+00
-3.776226e+01 -1.465977e+03 -1.529868e+03 1.000000e+00
-3.835411e+01 -9.260861e+02 -1.817880e+03 1.000000e+00
-3.770618e+01 -9.494537e+02 -2.007812e+03 1.000000e+00
-2.118973e+01 -1.975524e+03 0.000000e+00 1.000000e+00
-2.253796e+01 -1.717354e+03 -2.686140e+02 1.000000e+00
-2.487868e+01 -1.995895e+03 -5.226194e+02 1.000000e+00
-2.834489e+01 -1.643773e+03 -7.880262e+02 1.000000e+00
-3.216214e+01 -1.828034e+03 -1.032134e+03 1.000000e+00
-3.552251e+01 -1.372681e+03 -1.311069e+03 1.000000e+00
-3.777260e+01 -1.465313e+03 -1.539193e+03 1.000000e+00
-3.859719e+01 -9.269050e+02 -1.828020e+03 1.000000e+00
-3.757803e+01 -9.452866e+02 -2.018502e+03 1.000000e+00
0.000000e+00 -1.650731e+03 0.000000e+00 1.000000e+00
0.000000e+00 -1.834688e+03 -2.655416e+02 1.000000e+00
0.000000e+00 -1.665773e+03 -5.235253e+02 1.000000e+00
0.000000e+00 -1.757103e+03 -7.637708e+02 1.000000e+00
0.000000e+00 -1.502915e+03 -1.027638e+03 1.000000e+00
0.000000e+00 -1.502287e+03 -1.260454e+03 1.000000e+00
0.000000e+00 -1.147765e+03 -1.531686e+03 1.000000e+00
0.000000e+00 -1.073551e+03 -1.739104e+03 1.000000e+00
0.000000e+00 -6.448068e+02 -2.007627e+03 1.000000e+00
-5.455790e+00 -1.616702e+03 0.000000e+00 1.000000e+00
-4.268861e+00 -1.894368e+03 -2.650391e+02 1.000000e+00
-3.314672e+00 -1.632177e+03 -5.242978e+02 1.000000e+00
-3.276420e+00 -1.816430e+03 -7.637539e+02 1.000000e+00
-4.869957e+00 -1.467853e+03 -1.029974e+03 1.000000e+00
-5.261197e+00 -1.558094e+03 -1.259422e+03 1.000000e+00
-7.010959e+00 -1.110539e+03 -1.536382e+03 1.000000e+00
-6.266807e+00 -1.124854e+03 -1.735784e+03 1.000000e+00
-6.716485e+00 -6.054231e+02 -2.015508e+03 1.000000e+00
-9.457913e+00 -1.596393e+03 0.000000e+00 1.000000e+00
-9.529430e+00 -1.936486e+03 -2.649314e+02 1.000000e+00
-8.748421e+00 -1.612708e+03 -5.253730e+02 1.000000e+00
-9.457648e+00 -1.858664e+03 -7.653564e+02 1.000000e+00
-1.116024e+01 -1.446780e+03 -1.033592e+03 1.000000e+00
-1.423762e+01 -1.596199e+03 -1.261727e+03 1.000000e+00
-1.399523e+01 -1.087636e+03 -1.540380e+03 1.000000e+00
-1.616874e+01 -1.158560e+03 -1.739816e+03 1.000000e+00
-1.605472e+01 -5.801025e+02 -2.021501e+03 1.000000e+00
-1.269654e+01 -1.620933e+03 0.000000e+00 1.000000e+00
-1.274632e+01 -1.931411e+03 -2.656452e+02 1.000000e+00
-1.346471e+01 -1.636990e+03 -5.269776e+02 1.000000e+00
-1.568870e+01 -1.853217e+03 -7.691729e+02 1.000000e+00
-1.749605e+01 -1.468574e+03 -1.036599e+03 1.000000e+00
-1.863915e+01 -1.588293e+03 -1.267533e+03 1.000000e+00
-2.353351e+01 -1.105539e+03 -1.545140e+03 1.000000e+00
-2.305975e+01 -1.148705e+03 -1.747317e+03 1.000000e+00
-2.108095e+01 -5.935172e+02 -2.026590e+03 1.000000e+00
-1.618113e+01 -1.626550e+03 0.000000e+00 1.000000e+00
-1.655143e+01 -1.943098e+03 -2.665352e+02 1.000000e+00
-1.795718e+01 -1.642053e+03 -5.301183e+02 1.000000e+00
-1.964793e+01 -1.863710e+03 -7.728506e+02 1.000000e+00
-2.229678e+01 -1.471438e+03 -1.041955e+03 1.000000e+00
-2.641145e+01 -1.595449e+03 -1.273329e+03 1.000000e+00
-2.730677e+01 -1.105539e+03 -1.553015e+03 1.000000e+00
-2.927571e+01 -1.153694e+03 -1.754106e+03 1.000000e+00
-2.864219e+01 -5.891240e+02 -2.036128e+03 1.000000e+00
-1.923377e+01 -1.633387e+03 0.000000e+00 1.000000e+00
-2.028893e+01 -1.950764e+03 -2.681285e+02 1.000000e+00
-2.079058e+01 -1.648867e+03 -5.330133e+02 1.000000e+00
-2.292425e+01 -1.870595e+03 -7.775532e+02 1.000000e+00
-2.677026e+01 -1.476162e+03 -1.048535e+03 1.000000e+00
-2.945713e+01 -1.598337e+03 -1.280398e+03 1.000000e+00
-3.307280e+01 -1.108292e+03 -1.560417e+03 1.000000e+00
-3.325939e+01 -1.153337e+03 -1.764247e+03 1.000000e+00
-3.149023e+01 -5.887378e+02 -2.044810e+03 1.000000e+00
-1.959995e+01 -1.642515e+03 0.000000e+00 1.000000e+00
-2.060126e+01 -1.955761e+03 -2.699833e+02 1.000000e+00
-2.337361e+01 -1.656972e+03 -5.365629e+02 1.000000e+00
-2.672025e+01 -1.874746e+03 -7.831987e+02 1.000000e+00
-2.927673e+01 -1.480970e+03 -1.054916e+03 1.000000e+00
-3.236850e+01 -1.600393e+03 -1.288283e+03 1.000000e+00
-3.535603e+01 -1.109512e+03 -1.569931e+03 1.000000e+00
-3.655806e+01 -1.152819e+03 -1.772991e+03 1.000000e+00
-3.435392e+01 -5.863735e+02 -2.054989e+03 1.000000e+00
-2.238617e+01 -1.648262e+03 0.000000e+00 1.000000e+00
-2.340067e+01 -1.962673e+03 -2.718816e+02 1.000000e+00
-2.470590e+01 -1.662857e+03 -5.408603e+02 1.000000e+00
-2.701120e+01 -1.880052e+03 -7.884522e+02 1.000000e+00
-3.119849e+01 -1.484845e+03 -1.062479e+03 1.000000e+00
-3.477222e+01 -1.602183e+03 -1.296380e+03 1.000000e+00
-3.654583e+01 -1.111161e+03 -1.579083e+03 1.000000e+00
-3.697325e+01 -1.151778e+03 -1.783120e+03 1.000000e+00
-3.612273e+01 -5.838401e+02 -2.064638e+03 1.000000e+00
-2.191498e+01 -1.653318e+03 0.000000e+00 1.000000e+00
-2.305389e+01 -1.968778e+03 -2.739428e+02 1.000000e+00
-2.514771e+01 -1.668478e+03 -5.448044e+02 1.000000e+00
-2.824655e+01 -1.884789e+03 -7.942307e+02 1.000000e+00
-3.180703e+01 -1.488875e+03 -1.070394e+03 1.000000e+00
-3.467271e+01 -1.602732e+03 -1.304389e+03 1.000000e+00
-3.663484e+01 -1.113136e+03 -1.588434e+03 1.000000e+00
-3.726630e+01 -1.149308e+03 -1.792755e+03 1.000000e+00
-3.585833e+01 -5.825611e+02 -2.075058e+03 1.000000e+00
0.000000e+00 -1.760499e+03 0.000000e+00 1.000000e+00
0.000000e+00 -1.650564e+03 -2.770689e+02 1.000000e+00
0.000000e+00 -1.769243e+03 -5.318041e+02 1.000000e+00
0.000000e+00 -1.562362e+03 -7.924722e+02 1.000000e+00
0.000000e+00 -1.596261e+03 -1.031756e+03 1.000000e+00
0.000000e+00 -1.292139e+03 -1.299484e+03 1.000000e+00
0.000000e+00 -1.234204e+03 -1.516632e+03 1.000000e+00
0.000000e+00 -8.476131e+02 -1.782542e+03 1.000000e+00
0.000000e+00 -7.314554e+02 -1.956638e+03 1.000000e+00
-4.811801e+00 -1.818172e+03 0.000000e+00 1.000000e+00
-4.897957e+00 -1.618074e+03 -2.773338e+02 1.000000e+00
-3.132612e+00 -1.827491e+03 -5.311246e+02 1.000000e+00
-4.114062e+00 -1.529742e+03 -7.948870e+02 1.000000e+00
-4.455794e+00 -1.652492e+03 -1.030353e+03 1.000000e+00
-5.507917e+00 -1.257235e+03 -1.303536e+03 1.000000e+00
-6.244002e+00 -1.286943e+03 -1.514547e+03 1.000000e+00
-6.322663e+00 -8.106976e+02 -1.787830e+03 1.000000e+00
-6.117633e+00 -7.787861e+02 -1.953429e+03 1.000000e+00
-9.648554e+00 -1.858816e+03 0.000000e+00 1.000000e+00
-9.335746e+00 -1.598400e+03 -2.776710e+02 1.000000e+00
-9.455229e+00 -1.869303e+03 -5.316210e+02 1.000000e+00
-9.361542e+00 -1.510015e+03 -7.974754e+02 1.000000e+00
-1.190739e+01 -1.691925e+03 -1.032464e+03 1.000000e+00
-1.370903e+01 -1.234749e+03 -1.307595e+03 1.000000e+00
-1.395933e+01 -1.322632e+03 -1.516169e+03 1.000000e+00
-1.496291e+01 -7.865898e+02 -1.794436e+03 1.000000e+00
-1.569617e+01 -8.090836e+02 -1.955753e+03 1.000000e+00
-1.307300e+01 -1.853967e+03 0.000000e+00 1.000000e+00
-1.329393e+01 -1.621992e+03 -2.780608e+02 1.000000e+00
-1.343500e+01 -1.864637e+03 -5.339632e+02 1.000000e+00
-1.605622e+01 -1.532727e+03 -8.001683e+02 1.000000e+00
-1.702002e+01 -1.685503e+03 -1.036932e+03 1.000000e+00
-1.868600e+01 -1.254011e+03 -1.311458e+03 1.000000e+00
-2.208055e+01 -1.313916e+03 -1.522886e+03 1.000000e+00
-2.218786e+01 -8.015916e+02 -1.798942e+03 1.000000e+00
-2.003175e+01 -7.985640e+02 -1.964208e+03 1.000000e+00
-1.626898e+01 -1.865212e+03 0.000000e+00 1.000000e+00
-1.706247e+01 -1.627620e+03 -2.791097e+02 1.000000e+00
-1.830058e+01 -1.875237e+03 -5.367393e+02 1.000000e+00
-1.973372e+01 -1.537153e+03 -8.043383e+02 1.000000e+00
-2.260963e+01 -1.694099e+03 -1.041513e+03 1.000000e+00
-2.558020e+01 -1.255090e+03 -1.317983e+03 1.000000e+00
-2.692559e+01 -1.320104e+03 -1.529482e+03 1.000000e+00
-2.771427e+01 -7.996710e+02 -1.806737e+03 1.000000e+00
-2.684781e+01 -8.011353e+02 -1.971443e+03 1.000000e+00
-1.955036e+01 -1.872698e+03 0.000000e+00 1.000000e+00
-2.050916e+01 -1.634151e+03 -2.806770e+02 1.000000e+00
-2.102184e+01 -1.882532e+03 -5.397250e+02 1.000000e+00
-2.320594e+01 -1.543025e+03 -8.088683e+02 1.000000e+00
-2.628197e+01 -1.698748e+03 -1.048136e+03 1.000000e+00
-2.895305e+01 -1.257715e+03 -1.324510e+03 1.000000e+00
-3.144295e+01 -1.321626e+03 -1.537203e+03 1.000000e+00
-3.186942e+01 -8.008022e+02 -1.815903e+03 1.000000e+00
-3.000512e+01 -7.977436e+02 -1.980295e+03 1.000000e+00
-2.038105e+01 -1.877670e+03 0.000000e+00 1.000000e+00
-2.139979e+01 -1.642585e+03 -2.823972e+02 1.000000e+00
-2.362868e+01 -1.887140e+03 -5.433788e+02 1.000000e+00
-2.654979e+01 -1.549695e+03 -8.141898e+02 1.000000e+00
-2.903173e+01 -1.701542e+03 -1.054606e+03 1.000000e+00
-3.171722e+01 -1.260828e+03 -1.332144e+03 1.000000e+00
-3.438078e+01 -1.322332e+03 -1.546128e+03 1.000000e+00
-3.477348e+01 -8.003392e+02 -1.824932e+03 1.000000e+00
-3.238664e+01 -7.955450e+02 -1.989487e+03 1.000000e+00
-2.244528e+01 -1.883964e+03 0.000000e+00 1.000000e+00
-2.378880e+01 -1.648549e+03 -2.845049e+02 1.000000e+00
-2.489113e+01 -1.893069e+03 -5.471712e+02 1.000000e+00
-2.718540e+01 -1.554545e+03 -8.198271e+02 1.000000e+00
-3.076118e+01 -1.704859e+03 -1.061520e+03 1.000000e+00
-3.370834e+01 -1.262765e+03 -1.340335e+03 1.000000e+00
-3.539704e+01 -1.323067e+03 -1.554921e+03 1.000000e+00
-3.537095e+01 -7.993220e+02 -1.834500e+03 1.000000e+00
-3.428890e+01 -7.925270e+02 -1.999177e+03 1.000000e+00
-2.258392e+01 -1.889603e+03 0.000000e+00 1.000000e+00
-2.352650e+01 -1.653952e+03 -2.867119e+02 1.000000e+00
-2.524493e+01 -1.898541e+03 -5.507460e+02 1.000000e+00
-2.807620e+01 -1.559729e+03 -8.259384e+02 1.000000e+00
-3.125736e+01 -1.707260e+03 -1.068597e+03 1.000000e+00
-3.361600e+01 -1.265252e+03 -1.348676e+03 1.000000e+00
-3.526983e+01 -1.322468e+03 -1.563489e+03 1.000000e+00
-3.567122e+01 -7.995358e+02 -1.844137e+03 1.000000e+00
-3.394068e+01 -7.885488e+02 -2.008770e+03 1.000000e+00
0.000000e+00 -1.584218e+03 0.000000e+00 1.000000e+00
0.000000e+00 -1.744148e+03 -2.823393e+02 1.000000e+00
0.000000e+00 -1.586299e+03 -5.522474e+02 1.000000e+00
0.000000e+00 -1.646819e+03 -7.992379e+02 1.000000e+00
0.000000e+00 -1.399507e+03 -1.064885e+03 1.000000e+00
0.000000e+00 -1.367416e+03 -1.292412e+03 1.000000e+00
0.000000e+00 -1.022026e+03 -1.555198e+03 1.000000e+00
0.000000e+00 -9.204713e+02 -1.745988e+03 1.000000e+00
0.000000e+00 -5.073106e+02 -1.993472e+03 1.000000e+00
-5.472404e+00 -1.553017e+03 0.000000e+00 1.000000e+00
-4.365844e+00 -1.800215e+03 -2.817847e+02 1.000000e+00
-4.209525e+00 -1.555206e+03 -5.535798e+02 1.000000e+00
-4.088954e+00 -1.702814e+03 -7.984890e+02 1.000000e+00
-5.109242e+00 -1.366671e+03 -1.067781e+03 1.000000e+00
-5.177235e+00 -1.420395e+03 -1.290656e+03 1.000000e+00
-6.850543e+00 -9.875933e+02 -1.560830e+03 1.000000e+00
-5.687690e+00 -9.685590e+02 -1.741010e+03 1.000000e+00
-6.407923e+00 -4.699570e+02 -2.003159e+03 1.000000e+00
-8.823195e+00 -1.533449e+03 0.000000e+00 1.000000e+00
-9.904832e+00 -1.840570e+03 -2.819749e+02 1.000000e+00
-9.228802e+00 -1.536157e+03 -5.549171e+02 1.000000e+00
-9.751612e+00 -1.743156e+03 -7.996839e+02 1.000000e+00
-1.146531e+01 -1.345564e+03 -1.071737e+03 1.000000e+00
-1.343421e+01 -1.456804e+03 -1.292025e+03 1.000000e+00
-1.262237e+01 -9.650132e+02 -1.565898e+03 1.000000e+00
-1.451945e+01 -1.000990e+03 -1.742796e+03 1.000000e+00
-1.406977e+01 -4.447727e+02 -2.010868e+03 1.000000e+00
-1.383580e+01 -1.556125e+03 0.000000e+00 1.000000e+00
-1.345792e+01 -1.836156e+03 -2.827457e+02 1.000000e+00
-1.407179e+01 -1.558700e+03 -5.567156e+02 1.000000e+00
-1.611195e+01 -1.738217e+03 -8.031454e+02 1.000000e+00
-1.729516e+01 -1.365736e+03 -1.074922e+03 1.000000e+00
-1.870931e+01 -1.449551e+03 -1.297749e+03 1.000000e+00
-2.150879e+01 -9.813665e+02 -1.569446e+03 1.000000e+00
-2.096257e+01 -9.917145e+02 -1.750880e+03 1.000000e+00
-1.930902e+01 -4.564124e+02 -2.014161e+03 1.000000e+00
-1.614000e+01 -1.561774e+03 0.000000e+00 1.000000e+00
-1.755549e+01 -1.846699e+03 -2.837582e+02 1.000000e+00
-1.834278e+01 -1.563755e+03 -5.597110e+02 1.000000e+00
-1.966507e+01 -1.747645e+03 -8.067492e+02 1.000000e+00
-2.221289e+01 -1.368580e+03 -1.080148e+03 1.000000e+00
-2.456117e+01 -1.456299e+03 -1.303198e+03 1.000000e+00
-2.553913e+01 -9.810984e+02 -1.576908e+03 1.000000e+00
-2.617056e+01 -9.956841e+02 -1.756778e+03 1.000000e+00
-2.465661e+01 -4.526020e+02 -2.022985e+03 1.000000e+00
-2.007670e+01 -1.568124e+03 0.000000e+00 1.000000e+00
-2.064488e+01 -1.854060e+03 -2.853984e+02 1.000000e+00
-2.134643e+01 -1.569700e+03 -5.626385e+02 1.000000e+00
-2.352989e+01 -1.754164e+03 -8.113363e+02 1.000000e+00
-2.587800e+01 -1.372231e+03 -1.086309e+03 1.000000e+00
-2.848600e+01 -1.458763e+03 -1.309850e+03 1.000000e+00
-3.030874e+01 -9.831688e+02 -1.584060e+03 1.000000e+00
-3.022697e+01 -9.947968e+02 -1.765762e+03 1.000000e+00
-2.853001e+01 -4.522971e+02 -2.031180e+03 1.000000e+00
-2.063998e+01 -1.576155e+03 0.000000e+00 1.000000e+00
-2.234620e+01 -1.859120e+03 -2.873379e+02 1.000000e+00
-2.360332e+01 -1.576913e+03 -5.657985e+02 1.000000e+00
-2.620343e+01 -1.758045e+03 -8.170515e+02 1.000000e+00
-2.875395e+01 -1.377084e+03 -1.092118e+03 1.000000e+00
-3.061400e+01 -1.460023e+03 -1.317686e+03 1.000000e+00
-3.300091e+01 -9.849297e+02 -1.592258e+03 1.000000e+00
-3.274339e+01 -9.936271e+02 -1.774550e+03 1.000000e+00
-2.995991e+01 -4.497178e+02 -2.039983e+03 1.000000e+00
-2.310898e+01 -1.581901e+03 0.000000e+00 1.000000e+00
-2.373560e+01 -1.865144e+03 -2.894103e+02 1.000000e+00
-2.517988e+01 -1.582246e+03 -5.695046e+02 1.000000e+00
-2.726374e+01 -1.762695e+03 -8.224742e+02 1.000000e+00
-2.998406e+01 -1.380186e+03 -1.099033e+03 1.000000e+00
-3.284457e+01 -1.461460e+03 -1.325284e+03 1.000000e+00
-3.381316e+01 -9.853381e+02 -1.601005e+03 1.000000e+00
-3.378383e+01 -9.926316e+02 -1.783478e+03 1.000000e+00
-3.210253e+01 -4.463220e+02 -2.049102e+03 1.000000e+00
-2.310168e+01 -1.587713e+03 0.000000e+00 1.000000e+00
-2.399029e+01 -1.870157e+03 -2.912292e+02 1.000000e+00
-2.529524e+01 -1.587828e+03 -5.736943e+02 1.000000e+00
-2.789941e+01 -1.767037e+03 -8.276037e+02 1.000000e+00
-3.066279e+01 -1.383363e+03 -1.106590e+03 1.000000e+00
-3.252258e+01 -1.462440e+03 -1.332696e+03 1.000000e+00
-3.383749e+01 -9.865667e+02 -1.609687e+03 1.000000e+00
-3.384812e+01 -9.904219e+02 -1.792372e+03 1.000000e+00
-3.185240e+01 -4.446187e+02 -2.058246e+03 1.000000e+00
0.000000e+00 -1.666367e+03 0.000000e+00 1.000000e+00
0.000000e+00 -1.570783e+03 -2.936140e+02 1.000000e+00
0.000000e+00 -1.662293e+03 -5.583353e+02 1.000000e+00
0.000000e+00 -1.462778e+03 -8.260826e+02 1.000000e+00
0.000000e+00 -1.465698e+03 -1.064004e+03 1.000000e+00
0.000000e+00 -1.168273e+03 -1.325491e+03 1.000000e+00
0.000000e+00 -1.083551e+03 -1.530534e+03 1.000000e+00
0.000000e+00 -7.081029e+02 -1.778462e+03 1.000000e+00
0.000000e+00 -5.723318e+02 -1.926913e+03 1.000000e+00
-4.925727e+00 -1.720296e+03 0.000000e+00 1.000000e+00
-5.030029e+00 -1.540792e+03 -2.939277e+02 1.000000e+00
-3.848032e+00 -1.716245e+03 -5.578922e+02 1.000000e+00
-5.057155e+00 -1.432137e+03 -8.284650e+02 1.000000e+00
-4.331690e+00 -1.517492e+03 -1.061922e+03 1.000000e+00
-5.801727e+00 -1.135357e+03 -1.330758e+03 1.000000e+00
-6.115790e+00 -1.131901e+03 -1.526851e+03 1.000000e+00
-5.889287e+00 -6.729365e+02 -1.785181e+03 1.000000e+00
-5.379394e+00 -6.150836e+02 -1.921715e+03 1.000000e+00
-9.117057e+00 -1.759568e+03 0.000000e+00 1.000000e+00
-9.555675e+00 -1.521935e+03 -2.946696e+02 1.000000e+00
-9.994431e+00 -1.755881e+03 -5.583651e+02 1.000000e+00
-9.611593e+00 -1.413278e+03 -8.312725e+02 1.000000e+00
-1.192436e+01 -1.554778e+03 -1.063151e+03 1.000000e+00
-1.257631e+01 -1.113792e+03 -1.335746e+03 1.000000e+00
-1.265152e+01 -1.166223e+03 -1.527257e+03 1.000000e+00
-1.344954e+01 -6.494824e+02 -1.792236e+03 1.000000e+00
-1.364971e+01 -6.437754e+02 -1.922272e+03 1.000000e+00
-1.425165e+01 -1.755724e+03 0.000000e+00 1.000000e+00
-1.379614e+01 -1.543611e+03 -2.951187e+02 1.000000e+00
-1.400355e+01 -1.751639e+03 -5.609645e+02 1.000000e+00
-1.626544e+01 -1.434196e+03 -8.334507e+02 1.000000e+00
-1.676205e+01 -1.548887e+03 -1.068002e+03 1.000000e+00
-1.865558e+01 -1.131023e+03 -1.339018e+03 1.000000e+00
-1.993250e+01 -1.158386e+03 -1.533603e+03 1.000000e+00
-1.964149e+01 -6.624778e+02 -1.795974e+03 1.000000e+00
-1.739662e+01 -6.335976e+02 -1.930317e+03 1.000000e+00
-1.617843e+01 -1.765737e+03 0.000000e+00 1.000000e+00
-1.781513e+01 -1.549097e+03 -2.963359e+02 1.000000e+00
-1.866492e+01 -1.761129e+03 -5.635873e+02 1.000000e+00
-1.948039e+01 -1.438093e+03 -8.374296e+02 1.000000e+00
-2.201649e+01 -1.556510e+03 -1.072575e+03 1.000000e+00
-2.349320e+01 -1.131749e+03 -1.344954e+03 1.000000e+00
-2.442501e+01 -1.163281e+03 -1.539782e+03 1.000000e+00
-2.481698e+01 -6.606277e+02 -1.802859e+03 1.000000e+00
-2.287543e+01 -6.349778e+02 -1.936624e+03 1.000000e+00
-2.068042e+01 -1.773064e+03 0.000000e+00 1.000000e+00
-2.070862e+01 -1.555028e+03 -2.979267e+02 1.000000e+00
-2.141939e+01 -1.768259e+03 -5.666233e+02 1.000000e+00
-2.373843e+01 -1.443286e+03 -8.418425e+02 1.000000e+00
-2.517579e+01 -1.561070e+03 -1.078497e+03 1.000000e+00
-2.792877e+01 -1.134323e+03 -1.351393e+03 1.000000e+00
-2.868493e+01 -1.164519e+03 -1.546634e+03 1.000000e+00
-2.833022e+01 -6.617143e+02 -1.811349e+03 1.000000e+00
-2.630700e+01 -6.314673e+02 -1.944105e+03 1.000000e+00
-2.124676e+01 -1.778547e+03 0.000000e+00 1.000000e+00
-2.270908e+01 -1.561995e+03 -2.995158e+02 1.000000e+00
-2.383256e+01 -1.772701e+03 -5.702611e+02 1.000000e+00
-2.566837e+01 -1.449224e+03 -8.467711e+02 1.000000e+00
-2.818761e+01 -1.562895e+03 -1.084701e+03 1.000000e+00
-2.955411e+01 -1.137482e+03 -1.358452e+03 1.000000e+00
-3.112863e+01 -1.163922e+03 -1.554629e+03 1.000000e+00
-3.087966e+01 -6.612908e+02 -1.819686e+03 1.000000e+00
-2.754511e+01 -6.287103e+02 -1.952177e+03 1.000000e+00
-2.315112e+01 -1.784118e+03 0.000000e+00 1.000000e+00
-2.414867e+01 -1.567698e+03 -3.017094e+02 1.000000e+00
-2.504610e+01 -1.777934e+03 -5.735567e+02 1.000000e+00
-2.726121e+01 -1.453508e+03 -8.524594e+02 1.000000e+00
-2.931618e+01 -1.565915e+03 -1.090954e+03 1.000000e+00
-3.152712e+01 -1.138720e+03 -1.365940e+03 1.000000e+00
-3.241398e+01 -1.164535e+03 -1.562921e+03 1.000000e+00
-3.159244e+01 -6.597795e+02 -1.827996e+03 1.000000e+00
-2.973099e+01 -6.263519e+02 -1.960893e+03 1.000000e+00
-2.352889e+01 -1.788550e+03 0.000000e+00 1.000000e+00
-2.432368e+01 -1.573611e+03 -3.037116e+02 1.000000e+00
-2.534810e+01 -1.782321e+03 -5.772372e+02 1.000000e+00
-2.759516e+01 -1.458211e+03 -8.581124e+02 1.000000e+00
-2.993287e+01 -1.568306e+03 -1.097205e+03 1.000000e+00
-3.139841e+01 -1.140306e+03 -1.374059e+03 1.000000e+00
-3.217936e+01 -1.164267e+03 -1.570273e+03 1.000000e+00
-3.176732e+01 -6.588530e+02 -1.837040e+03 1.000000e+00
-2.940108e+01 -6.224121e+02 -1.968850e+03 1.000000e+00
0.000000e+00 -1.500820e+03 0.000000e+00 1.000000e+00
0.000000e+00 -1.636325e+03 -2.977935e+02 1.000000e+00
0.000000e+00 -1.488082e+03 -5.771724e+02 1.000000e+00
0.000000e+00 -1.520663e+03 -8.285904e+02 1.000000e+00
0.000000e+00 -1.276964e+03 -1.092345e+03 1.000000e+00
0.000000e+00 -1.218280e+03 -1.310222e+03 1.000000e+00
0.000000e+00 -8.827819e+02 -1.558644e+03 1.000000e+00
0.000000e+00 -7.583606e+02 -1.728055e+03 1.000000e+00
0.000000e+00 -3.640801e+02 -1.948156e+03 1.000000e+00
-5.569034e+00 -1.471714e+03 0.000000e+00 1.000000e+00
-4.441116e+00 -1.688574e+03 -2.972618e+02 1.000000e+00
-4.806408e+00 -1.459565e+03 -5.788203e+02 1.000000e+00
-4.450733e+00 -1.571838e+03 -8.273355e+02 1.000000e+00
-5.127140e+00 -1.247251e+03 -1.095796e+03 1.000000e+00
-4.838221e+00 -1.266398e+03 -1.307553e+03 1.000000e+00
-6.680720e+00 -8.507213e+02 -1.565581e+03 1.000000e+00
-5.030970e+00 -8.024090e+02 -1.721038e+03 1.000000e+00
-5.206149e+00 -3.285595e+02 -1.959642e+03 1.000000e+00
-8.821554e+00 -1.452962e+03 0.000000e+00 1.000000e+00
-9.958327e+00 -1.726900e+03 -2.975358e+02 1.000000e+00
-9.875816e+00 -1.441472e+03 -5.806394e+02 1.000000e+00
-1.033283e+01 -1.609216e+03 -8.278992e+02 1.000000e+00
-1.126679e+01 -1.227415e+03 -1.100209e+03 1.000000e+00
-1.291774e+01 -1.300591e+03 -1.307902e+03 1.000000e+00
-1.157077e+01 -8.286578e+02 -1.571968e+03 1.000000e+00
-1.322519e+01 -8.329470e+02 -1.720215e+03 1.000000e+00
-1.171777e+01 -3.029818e+02 -1.968662e+03 1.000000e+00
-1.475731e+01 -1.473583e+03 0.000000e+00 1.000000e+00
-1.375810e+01 -1.723167e+03 -2.982611e+02 1.000000e+00
-1.408558e+01 -1.461942e+03 -5.826476e+02 1.000000e+00
-1.589786e+01 -1.604731e+03 -8.311649e+02 1.000000e+00
-1.645758e+01 -1.245238e+03 -1.103170e+03 1.000000e+00
-1.760993e+01 -1.293862e+03 -1.313573e+03 1.000000e+00
-1.856427e+01 -8.426682e+02 -1.574469e+03 1.000000e+00
-1.772049e+01 -8.243216e+02 -1.728299e+03 1.000000e+00
-1.629249e+01 -3.131204e+02 -1.970493e+03 1.000000e+00
-1.643519e+01 -1.479167e+03 0.000000e+00 1.000000e+00
-1.806957e+01 -1.732715e+03 -2.993843e+02 1.000000e+00
-1.888750e+01 -1.466761e+03 -5.854258e+02 1.000000e+00
-1.951701e+01 -1.613397e+03 -8.347820e+02 1.000000e+00
-2.158861e+01 -1.247756e+03 -1.108061e+03 1.000000e+00
-2.296536e+01 -1.299911e+03 -1.318551e+03 1.000000e+00
-2.341013e+01 -8.427617e+02 -1.581385e+03 1.000000e+00
-2.338932e+01 -8.271221e+02 -1.733083e+03 1.000000e+00
-2.056882e+01 -3.102150e+02 -1.978567e+03 1.000000e+00
-2.087869e+01 -1.484727e+03 0.000000e+00 1.000000e+00
-2.071090e+01 -1.739823e+03 -3.010134e+02 1.000000e+00
-2.136022e+01 -1.472013e+03 -5.884051e+02 1.000000e+00
-2.332312e+01 -1.619101e+03 -8.390986e+02 1.000000e+00
-2.455830e+01 -1.251063e+03 -1.113814e+03 1.000000e+00
-2.638554e+01 -1.301845e+03 -1.324349e+03 1.000000e+00
-2.656324e+01 -8.443063e+02 -1.588479e+03 1.000000e+00
-2.610974e+01 -8.257253e+02 -1.740260e+03 1.000000e+00
-2.385426e+01 -3.093038e+02 -1.986018e+03 1.000000e+00
-2.168482e+01 -1.491223e+03 0.000000e+00 1.000000e+00
-2.313410e+01 -1.744838e+03 -3.026934e+02 1.000000e+00
-2.392142e+01 -1.478330e+03 -5.917814e+02 1.000000e+00
-2.541314e+01 -1.622446e+03 -8.441043e+02 1.000000e+00
-2.732570e+01 -1.255420e+03 -1.119417e+03 1.000000e+00
-2.883630e+01 -1.302392e+03 -1.331517e+03 1.000000e+00
-2.956944e+01 -8.458499e+02 -1.595376e+03 1.000000e+00
-2.874102e+01 -8.240578e+02 -1.748681e+03 1.000000e+00
-2.523059e+01 -3.072269e+02 -1.992915e+03 1.000000e+00
-2.357820e+01 -1.497142e+03 0.000000e+00 1.000000e+00
-2.404787e+01 -1.749879e+03 -3.046833e+02 1.000000e+00
-2.513509e+01 -1.483464e+03 -5.953544e+02 1.000000e+00
-2.675832e+01 -1.626669e+03 -8.490666e+02 1.000000e+00
-2.853950e+01 -1.257752e+03 -1.125879e+03 1.000000e+00
-3.002757e+01 -1.304484e+03 -1.338277e+03 1.000000e+00
-3.026180e+01 -8.454911e+02 -1.603290e+03 1.000000e+00
-2.941891e+01 -8.233290e+02 -1.756443e+03 1.000000e+00
-2.666346e+01 -3.036189e+02 -2.000540e+03 1.000000e+00
-2.378709e+01 -1.503152e+03 0.000000e+00 1.000000e+00
-2.454748e+01 -1.753778e+03 -3.064254e+02 1.000000e+00
-2.527130e+01 -1.488835e+03 -5.993798e+02 1.000000e+00
-2.708016e+01 -1.629767e+03 -8.538367e+02 1.000000e+00
-2.897676e+01 -1.260270e+03 -1.132642e+03 1.000000e+00
-2.997047e+01 -1.305011e+03 -1.344911e+03 1.000000e+00
-3.029693e+01 -8.450894e+02 -1.611258e+03 1.000000e+00
-2.933747e+01 -8.213863e+02 -1.763936e+03 1.000000e+00
-2.666035e+01 -3.010669e+02 -2.008337e+03 1.000000e+00
0.000000e+00 -1.555432e+03 0.000000e+00 1.000000e+00
0.000000e+00 -1.471288e+03 -3.073202e+02 1.000000e+00
0.000000e+00 -1.537293e+03 -5.810395e+02 1.000000e+00
0.000000e+00 -1.344086e+03 -8.509137e+02 1.000000e+00
0.000000e+00 -1.318610e+03 -1.084282e+03 1.000000e+00
0.000000e+00 -1.028304e+03 -1.335133e+03 1.000000e+00
0.000000e+00 -9.225372e+02 -1.520884e+03 1.000000e+00
0.000000e+00 -5.611328e+02 -1.746188e+03 1.000000e+00
0.000000e+00 -4.107760e+02 -1.863448e+03 1.000000e+00
-4.548984e+00 -1.604861e+03 0.000000e+00 1.000000e+00
-5.444191e+00 -1.444161e+03 -3.081553e+02 1.000000e+00
-4.328188e+00 -1.586943e+03 -5.799824e+02 1.000000e+00
-5.487920e+00 -1.316343e+03 -8.539838e+02 1.000000e+00
-4.575387e+00 -1.365974e+03 -1.081474e+03 1.000000e+00
-5.760932e+00 -9.987837e+02 -1.341022e+03 1.000000e+00
-5.739979e+00 -9.659215e+02 -1.516188e+03 1.000000e+00
-5.608673e+00 -5.285494e+02 -1.754125e+03 1.000000e+00
-3.831604e+00 -4.491595e+02 -1.855694e+03 1.000000e+00
-9.432415e+00 -1.641571e+03 0.000000e+00 1.000000e+00
-9.468012e+00 -1.426562e+03 -3.093042e+02 1.000000e+00
-1.022071e+01 -1.623499e+03 -5.801625e+02 1.000000e+00
-9.854609e+00 -1.298421e+03 -8.572532e+02 1.000000e+00
-1.100208e+01 -1.400081e+03 -1.081691e+03 1.000000e+00
-1.161898e+01 -9.781566e+02 -1.346845e+03 1.000000e+00
-1.128255e+01 -9.971167e+02 -1.515285e+03 1.000000e+00
-1.113623e+01 -5.049101e+02 -1.761819e+03 1.000000e+00
-1.082933e+01 -4.759319e+02 -1.853543e+03 1.000000e+00
-1.434619e+01 -1.637615e+03 0.000000e+00 1.000000e+00
-1.422338e+01 -1.446581e+03 -3.099569e+02 1.000000e+00
-1.416166e+01 -1.620039e+03 -5.826326e+02 1.000000e+00
-1.571585e+01 -1.316793e+03 -8.593518e+02 1.000000e+00
-1.635765e+01 -1.395166e+03 -1.086494e+03 1.000000e+00
-1.717116e+01 -9.930724e+02 -1.349323e+03 1.000000e+00
-1.708515e+01 -9.902751e+02 -1.521508e+03 1.000000e+00
-1.705667e+01 -5.164371e+02 -1.764519e+03 1.000000e+00
-1.428371e+01 -4.663482e+02 -1.861012e+03 1.000000e+00
-1.719391e+01 -1.646567e+03 0.000000e+00 1.000000e+00
-1.792737e+01 -1.451706e+03 -3.111836e+02 1.000000e+00
-1.865956e+01 -1.628636e+03 -5.851607e+02 1.000000e+00
-1.938365e+01 -1.320446e+03 -8.632099e+02 1.000000e+00
-2.042262e+01 -1.401702e+03 -1.090702e+03 1.000000e+00
-2.196536e+01 -9.941040e+02 -1.354847e+03 1.000000e+00
-2.183925e+01 -9.938290e+02 -1.526677e+03 1.000000e+00
-2.072227e+01 -5.148642e+02 -1.770676e+03 1.000000e+00
-1.829373e+01 -4.666181e+02 -1.866163e+03 1.000000e+00
-2.062816e+01 -1.653790e+03 0.000000e+00 1.000000e+00
-2.094491e+01 -1.456949e+03 -3.127725e+02 1.000000e+00
-2.134869e+01 -1.635003e+03 -5.881000e+02 1.000000e+00
-2.278902e+01 -1.325079e+03 -8.674960e+02 1.000000e+00
-2.405781e+01 -1.405100e+03 -1.095814e+03 1.000000e+00
-2.497971e+01 -9.964667e+02 -1.360901e+03 1.000000e+00
-2.462507e+01 -9.943376e+02 -1.532590e+03 1.000000e+00
-2.444263e+01 -5.153488e+02 -1.778015e+03 1.000000e+00
-2.150455e+01 -4.638083e+02 -1.872315e+03 1.000000e+00
-2.237864e+01 -1.658797e+03 0.000000e+00 1.000000e+00
-2.305964e+01 -1.463073e+03 -3.143826e+02 1.000000e+00
-2.390248e+01 -1.639329e+03 -5.915540e+02 1.000000e+00
-2.485368e+01 -1.330165e+03 -8.719453e+02 1.000000e+00
-2.638812e+01 -1.406943e+03 -1.101727e+03 1.000000e+00
-2.762534e+01 -9.991723e+02 -1.366845e+03 1.000000e+00
-2.762775e+01 -9.936243e+02 -1.539868e+03 1.000000e+00
-2.596106e+01 -5.153028e+02 -1.784805e+03 1.000000e+00
-2.199960e+01 -4.604358e+02 -1.879220e+03 1.000000e+00
-2.356188e+01 -1.663699e+03 0.000000e+00 1.000000e+00
-2.425423e+01 -1.468346e+03 -3.162817e+02 1.000000e+00
-2.485014e+01 -1.643594e+03 -5.950179e+02 1.000000e+00
-2.627381e+01 -1.333822e+03 -8.767635e+02 1.000000e+00
-2.754650e+01 -1.409480e+03 -1.107640e+03 1.000000e+00
-2.836322e+01 -9.995057e+02 -1.373393e+03 1.000000e+00
-2.816067e+01 -9.941014e+02 -1.547095e+03 1.000000e+00
-2.692679e+01 -5.127014e+02 -1.791669e+03 1.000000e+00
-2.399637e+01 -4.580572e+02 -1.886330e+03 1.000000e+00
-2.401453e+01 -1.667006e+03 0.000000e+00 1.000000e+00
-2.455433e+01 -1.474352e+03 -3.182261e+02 1.000000e+00
-2.514984e+01 -1.647146e+03 -5.984293e+02 1.000000e+00
-2.643207e+01 -1.338051e+03 -8.818833e+02 1.000000e+00
-2.792026e+01 -1.411383e+03 -1.113347e+03 1.000000e+00
-2.843046e+01 -1.000774e+03 -1.380237e+03 1.000000e+00
-2.817027e+01 -9.939628e+02 -1.553782e+03 1.000000e+00
-2.684408e+01 -5.115070e+02 -1.799308e+03 1.000000e+00
-2.363949e+01 -4.553000e+02 -1.892467e+03 1.000000e+00
