0 729 0.00000e+00
  1     729
0.000000e+00 -2.231518e+03 -6.809236e+02 1.000000e+00
0.000000e+00 -1.925798e+03 -8.125061e+02 1.000000e+00
0.000000e+00 -1.808183e+03 -1.064378e+03 1.000000e+00
0.000000e+00 -1.385933e+03 -1.126799e+03 1.000000e+00
0.000000e+00 -1.187776e+03 -1.424820e+03 1.000000e+00
0.000000e+00 -5.585889e+02 -1.328090e+03 1.000000e+00
0.000000e+00 -7.103886e+01 -1.635163e+03 1.000000e+00
0.000000e+00 8.754875e+02 -1.347108e+03 1.000000e+00
0.000000e+00 1.582828e+03 -1.601037e+03 1.000000e+00
-5.859888e+00 -2.284551e+03 -6.927068e+02 1.000000e+00
-6.247652e+00 -1.902615e+03 -8.020314e+02 1.000000e+00
-5.118688e+00 -1.854374e+03 -1.080267e+03 1.000000e+00
-4.078385e+00 -1.359450e+03 -1.108016e+03 1.000000e+00
-4.292956e+00 -1.226223e+03 -1.459658e+03 1.000000e+00
-1.816085e+00 -5.236192e+02 -1.285285e+03 1.000000e+00
6.208491e-01 -9.367841e+01 -1.683937e+03 1.000000e+00
1.640628e+00 9.167171e+02 -1.293429e+03 1.000000e+00
6.709773e+00 1.569674e+03 -1.654567e+03 1.000000e+00
-1.323579e+01 -2.322111e+03 -7.023323e+02 1.000000e+00
-1.362711e+01 -1.885970e+03 -7.989343e+02 1.000000e+00
-1.272936e+01 -1.885492e+03 -1.092778e+03 1.000000e+00
-1.234335e+01 -1.340719e+03 -1.100774e+03 1.000000e+00
-9.881122e+00 -1.250411e+03 -1.480824e+03 1.000000e+00
-6.578688e+00 -4.969399e+02 -1.260953e+03 1.000000e+00
-5.223455e-01 -9.935813e+01 -1.709914e+03 1.000000e+00
4.219671e+00 9.501633e+02 -1.262047e+03 1.000000e+00
7.906782e+00 1.582373e+03 -1.680418e+03 1.000000e+00
-1.895275e+01 -2.320174e+03 -7.040614e+02 1.000000e+00
-1.917872e+01 -1.901653e+03 -8.084769e+02 1.000000e+00
-1.907733e+01 -1.880294e+03 -1.094697e+03 1.000000e+00
-1.602054e+01 -1.351666e+03 -1.111267e+03 1.000000e+00
-1.252035e+01 -1.240455e+03 -1.474492e+03 1.000000e+00
-9.611050e+00 -4.984633e+02 -1.274669e+03 1.000000e+00
-6.398807e+00 -7.708436e+01 -1.693799e+03 1.000000e+00
1.697375e+00 9.568051e+02 -1.270633e+03 1.000000e+00
9.806453e+00 1.613640e+03 -1.658356e+03 1.000000e+00
-2.375958e+01 -2.326136e+03 -7.123342e+02 1.000000e+00
-2.601171e+01 -1.903278e+03 -8.145206e+02 1.000000e+00
-2.375941e+01 -1.882868e+03 -1.102125e+03 1.000000e+00
-2.079801e+01 -1.347065e+03 -1.114955e+03 1.000000e+00
-1.834854e+01 -1.232608e+03 -1.482219e+03 1.000000e+00
-1.280955e+01 -4.821634e+02 -1.271340e+03 1.000000e+00
-5.010150e+00 -6.085780e+01 -1.695877e+03 1.000000e+00
8.075193e-01 9.822496e+02 -1.258908e+03 1.000000e+00
8.086757e+00 1.630717e+03 -1.654421e+03 1.000000e+00
-2.834131e+01 -2.328654e+03 -7.202048e+02 1.000000e+00
-2.770559e+01 -1.906074e+03 -8.219776e+02 1.000000e+00
-2.805402e+01 -1.881427e+03 -1.109667e+03 1.000000e+00
-2.729498e+01 -1.345848e+03 -1.121971e+03 1.000000e+00
-2.156215e+01 -1.226694e+03 -1.482565e+03 1.000000e+00
-1.390833e+01 -4.713551e+02 -1.273002e+03 1.000000e+00
-7.495166e+00 -4.588909e+01 -1.690675e+03 1.000000e+00
2.762103e-01 1.006392e+03 -1.256829e+03 1.000000e+00
6.961564e+00 1.661123e+03 -1.641203e+03 1.000000e+00
-3.033874e+01 -2.330698e+03 -7.279870e+02 1.000000e+00
-3.264331e+01 -1.906829e+03 -8.305521e+02 1.000000e+00
-3.074627e+01 -1.880173e+03 -1.117113e+03 1.000000e+00
-2.540283e+01 -1.338267e+03 -1.127678e+03 1.000000e+00
-2.277965e+01 -1.217984e+03 -1.487316e+03 1.000000e+00
-1.992691e+01 -4.558200e+02 -1.273531e+03 1.000000e+00
-1.150639e+01 -2.617941e+01 -1.687659e+03 1.000000e+00
-1.141258e+00 1.025771e+03 -1.247733e+03 1.000000e+00
8.971931e+00 1.682687e+03 -1.632644e+03 1.000000e+00
-3.250312e+01 -2.332318e+03 -7.367200e+02 1.000000e+00
-3.309103e+01 -1.906422e+03 -8.392269e+02 1.000000e+00
-3.282143e+01 -1.876308e+03 -1.124096e+03 1.000000e+00
-3.163281e+01 -1.331464e+03 -1.133962e+03 1.000000e+00
-2.585656e+01 -1.204393e+03 -1.492058e+03 1.000000e+00
-1.750085e+01 -4.397867e+02 -1.274547e+03 1.000000e+00
-9.616567e+00 -4.587253e+00 -1.682842e+03 1.000000e+00
-2.916935e+00 1.049155e+03 -1.242631e+03 1.000000e+00
4.378361e+00 1.707512e+03 -1.620579e+03 1.000000e+00
-3.304217e+01 -2.334315e+03 -7.451539e+02 1.000000e+00
-3.421046e+01 -1.906881e+03 -8.471971e+02 1.000000e+00
-3.357676e+01 -1.871250e+03 -1.133045e+03 1.000000e+00
-3.096064e+01 -1.329484e+03 -1.140109e+03 1.000000e+00
-2.637787e+01 -1.196612e+03 -1.493848e+03 1.000000e+00
-1.996674e+01 -4.285696e+02 -1.276081e+03 1.000000e+00
-1.215605e+01 1.074057e+01 -1.679266e+03 1.000000e+00
-3.296623e+00 1.073236e+03 -1.239763e+03 1.000000e+00
5.435983e+00 1.733774e+03 -1.609316e+03 1.000000e+00
0.000000e+00 -2.032429e+03 -8.109207e+02 1.000000e+00
0.000000e+00 -1.971151e+03 -1.070232e+03 1.000000e+00
0.000000e+00 -1.583939e+03 -1.194878e+03 1.000000e+00
0.000000e+00 -1.439766e+03 -1.469996e+03 1.000000e+00
0.000000e+00 -9.544120e+02 -1.478174e+03 1.000000e+00
0.000000e+00 -6.364060e+02 -1.822524e+03 1.000000e+00
0.000000e+00 1.442013e+02 -1.643186e+03 1.000000e+00
0.000000e+00 6.939259e+02 -1.945659e+03 1.000000e+00
0.000000e+00 1.717965e+03 -1.555093e+03 1.000000e+00
-6.463752e+00 -2.008136e+03 -8.043577e+02 1.000000e+00
-7.706462e+00 -2.023023e+03 -1.082670e+03 1.000000e+00
-5.408790e+00 -1.559081e+03 -1.181950e+03 1.000000e+00
-4.425010e+00 -1.485380e+03 -1.493457e+03 1.000000e+00
-5.580576e+00 -9.270720e+02 -1.448637e+03 1.000000e+00
-1.983224e+00 -6.742731e+02 -1.858903e+03 1.000000e+00
1.595375e+00 1.792108e+02 -1.600143e+03 1.000000e+00
2.462955e+00 6.750336e+02 -1.995645e+03 1.000000e+00
4.935062e+00 1.762830e+03 -1.497252e+03 1.000000e+00
-1.427912e+01 -1.991052e+03 -8.035563e+02 1.000000e+00
-1.317655e+01 -2.057609e+03 -1.092824e+03 1.000000e+00
-1.368659e+01 -1.541216e+03 -1.179191e+03 1.000000e+00
-1.212332e+01 -1.513417e+03 -1.509308e+03 1.000000e+00
-9.915455e+00 -9.031771e+02 -1.436001e+03 1.000000e+00
-6.638696e+00 -6.919372e+02 -1.877541e+03 1.000000e+00
-1.929185e+00 2.077824e+02 -1.577178e+03 1.000000e+00
5.179102e+00 6.764578e+02 -2.018861e+03 1.000000e+00
1.158381e+01 1.795795e+03 -1.463539e+03 1.000000e+00
-2.064659e+01 -2.007938e+03 -8.122875e+02 1.000000e+00
-2.202616e+01 -2.053233e+03 -1.095690e+03 1.000000e+00
-1.979775e+01 -1.553865e+03 -1.190409e+03 1.000000e+00
-1.785304e+01 -1.505187e+03 -1.508523e+03 1.000000e+00
-1.479870e+01 -9.085083e+02 -1.448958e+03 1.000000e+00
-1.124929e+01 -6.740181e+02 -1.868827e+03 1.000000e+00
-6.412526e+00 2.120539e+02 -1.587773e+03 1.000000e+00
-9.500821e-01 7.044193e+02 -1.999578e+03 1.000000e+00
6.143622e+00 1.808720e+03 -1.472097e+03 1.000000e+00
-2.546682e+01 -2.011964e+03 -8.186884e+02 1.000000e+00
-2.621821e+01 -2.058134e+03 -1.105568e+03 1.000000e+00
-2.568720e+01 -1.554343e+03 -1.195351e+03 1.000000e+00
-2.122944e+01 -1.507856e+03 -1.517521e+03 1.000000e+00
-1.739884e+01 -9.042430e+02 -1.449928e+03 1.000000e+00
-1.186610e+01 -6.669342e+02 -1.875243e+03 1.000000e+00
-5.189413e+00 2.280974e+02 -1.580724e+03 1.000000e+00
2.505279e+00 7.172410e+02 -2.000470e+03 1.000000e+00
1.106040e+01 1.835022e+03 -1.456051e+03 1.000000e+00
-3.106824e+01 -2.016799e+03 -8.263979e+02 1.000000e+00
-3.028972e+01 -2.057106e+03 -1.114005e+03 1.000000e+00
-2.895786e+01 -1.554742e+03 -1.204438e+03 1.000000e+00
-2.839796e+01 -1.501465e+03 -1.523532e+03 1.000000e+00
-2.502298e+01 -8.954672e+02 -1.455266e+03 1.000000e+00
-1.755011e+01 -6.547331e+02 -1.873439e+03 1.000000e+00
-9.358174e+00 2.456015e+02 -1.580832e+03 1.000000e+00
4.335130e-01 7.370539e+02 -1.990294e+03 1.000000e+00
8.830548e+00 1.856153e+03 -1.451335e+03 1.000000e+00
-3.215161e+01 -2.019123e+03 -8.361795e+02 1.000000e+00
-3.483837e+01 -2.058186e+03 -1.122998e+03 1.000000e+00
-3.281356e+01 -1.551902e+03 -1.212547e+03 1.000000e+00
-2.669755e+01 -1.499438e+03 -1.530468e+03 1.000000e+00
-2.177748e+01 -8.861669e+02 -1.460037e+03 1.000000e+00
-1.759485e+01 -6.427617e+02 -1.875297e+03 1.000000e+00
-9.945211e+00 2.621172e+02 -1.577289e+03 1.000000e+00
-2.295183e+00 7.570094e+02 -1.984510e+03 1.000000e+00
6.928258e+00 1.877148e+03 -1.440540e+03 1.000000e+00
-3.546713e+01 -2.020416e+03 -8.460314e+02 1.000000e+00
-3.521453e+01 -2.057533e+03 -1.132490e+03 1.000000e+00
-3.420460e+01 -1.550022e+03 -1.220662e+03 1.000000e+00
-3.296329e+01 -1.494810e+03 -1.537135e+03 1.000000e+00
-2.846641e+01 -8.786135e+02 -1.465435e+03 1.000000e+00
-1.984431e+01 -6.277215e+02 -1.876505e+03 1.000000e+00
-1.114168e+01 2.767108e+02 -1.575438e+03 1.000000e+00
-7.287715e-01 7.758718e+02 -1.976749e+03 1.000000e+00
8.867556e+00 1.898416e+03 -1.431692e+03 1.000000e+00
-3.551039e+01 -2.021817e+03 -8.549787e+02 1.000000e+00
-3.671642e+01 -2.055138e+03 -1.141163e+03 1.000000e+00
-3.538358e+01 -1.547573e+03 -1.230291e+03 1.000000e+00
-3.246436e+01 -1.484164e+03 -1.544327e+03 1.000000e+00
-2.801054e+01 -8.686754e+02 -1.469164e+03 1.000000e+00
-2.115881e+01 -6.131875e+02 -1.877350e+03 1.000000e+00
-1.231736e+01 2.948045e+02 -1.574056e+03 1.000000e+00
-2.586046e+00 7.965434e+02 -1.968373e+03 1.000000e+00
6.718474e+00 1.922759e+03 -1.425857e+03 1.000000e+00
0.000000e+00 -2.089225e+03 -1.017770e+03 1.000000e+00
0.000000e+00 -1.749451e+03 -1.179519e+03 1.000000e+00
0.000000e+00 -1.641494e+03 -1.459277e+03 1.000000e+00
0.000000e+00 -1.199922e+03 -1.549703e+03 1.000000e+00
0.000000e+00 -1.025196e+03 -1.881010e+03 1.000000e+00
0.000000e+00 -3.954199e+02 -1.821354e+03 1.000000e+00
0.000000e+00 2.105641e+01 -2.178614e+03 1.000000e+00
0.000000e+00 9.000776e+02 -1.916024e+03 1.000000e+00
0.000000e+00 1.471109e+03 -2.211128e+03 1.000000e+00
-7.006358e+00 -2.142628e+03 -1.028227e+03 1.000000e+00
-7.970561e+00 -1.721650e+03 -1.171813e+03 1.000000e+00
-6.571992e+00 -1.690038e+03 -1.472312e+03 1.000000e+00
-4.700442e+00 -1.170422e+03 -1.534948e+03 1.000000e+00
-5.672778e+00 -1.063751e+03 -1.911005e+03 1.000000e+00
-2.868473e+00 -3.588745e+02 -1.784808e+03 1.000000e+00
6.764110e-01 -7.447353e+00 -2.220160e+03 1.000000e+00
2.804013e+00 9.414333e+02 -1.869829e+03 1.000000e+00
7.639004e+00 1.463228e+03 -2.259279e+03 1.000000e+00
-1.551507e+01 -2.180924e+03 -1.036738e+03 1.000000e+00
-1.400644e+01 -1.703160e+03 -1.171429e+03 1.000000e+00
-1.345008e+01 -1.721932e+03 -1.483673e+03 1.000000e+00
-1.362090e+01 -1.152178e+03 -1.532003e+03 1.000000e+00
-9.810536e+00 -1.088901e+03 -1.927197e+03 1.000000e+00
-7.727141e+00 -3.331806e+02 -1.770198e+03 1.000000e+00
-3.453443e+00 -2.083728e+01 -2.238209e+03 1.000000e+00
2.606692e+00 9.692476e+02 -1.846661e+03 1.000000e+00
7.921477e+00 1.468661e+03 -2.279083e+03 1.000000e+00
-2.144576e+01 -2.177229e+03 -1.040462e+03 1.000000e+00
-2.285028e+01 -1.718074e+03 -1.181676e+03 1.000000e+00
-2.153521e+01 -1.716226e+03 -1.487188e+03 1.000000e+00
-1.690077e+01 -1.162562e+03 -1.543556e+03 1.000000e+00
-1.580972e+01 -1.077925e+03 -1.923621e+03 1.000000e+00
-1.215347e+01 -3.362531e+02 -1.784225e+03 1.000000e+00
-5.962711e+00 7.591988e-01 -2.223911e+03 1.000000e+00
1.104021e+00 9.768925e+02 -1.856435e+03 1.000000e+00
8.162155e+00 1.495505e+03 -2.259594e+03 1.000000e+00
-2.802798e+01 -2.183061e+03 -1.049864e+03 1.000000e+00
-2.753227e+01 -1.718863e+03 -1.189195e+03 1.000000e+00
-2.648203e+01 -1.718993e+03 -1.496789e+03 1.000000e+00
-2.500913e+01 -1.159989e+03 -1.547998e+03 1.000000e+00
-2.005147e+01 -1.075788e+03 -1.933119e+03 1.000000e+00
-1.333496e+01 -3.239912e+02 -1.780220e+03 1.000000e+00
-8.494409e+00 1.168755e+01 -2.230954e+03 1.000000e+00
-2.181593e+00 9.977553e+02 -1.844620e+03 1.000000e+00
8.900089e+00 1.511861e+03 -2.257074e+03 1.000000e+00
-3.235239e+01 -2.184753e+03 -1.058949e+03 1.000000e+00
-3.215958e+01 -1.723215e+03 -1.197827e+03 1.000000e+00
-2.970816e+01 -1.716022e+03 -1.506217e+03 1.000000e+00
-2.606536e+01 -1.159463e+03 -1.556241e+03 1.000000e+00
-2.300400e+01 -1.068805e+03 -1.936987e+03 1.000000e+00
-1.883232e+01 -3.145438e+02 -1.784667e+03 1.000000e+00
-8.608542e+00 2.329100e+01 -2.225767e+03 1.000000e+00
2.307385e+00 1.012504e+03 -1.843436e+03 1.000000e+00
9.944524e+00 1.530926e+03 -2.242954e+03 1.000000e+00
-3.499781e+01 -2.186598e+03 -1.069015e+03 1.000000e+00
-3.621221e+01 -1.722280e+03 -1.207926e+03 1.000000e+00
-3.486875e+01 -1.715584e+03 -1.515131e+03 1.000000e+00
-3.131397e+01 -1.152807e+03 -1.563731e+03 1.000000e+00
-2.633241e+01 -1.062317e+03 -1.943119e+03 1.000000e+00
-1.843406e+01 -3.018109e+02 -1.786481e+03 1.000000e+00
-1.193405e+01 3.964499e+01 -2.223671e+03 1.000000e+00
-4.256834e+00 1.031780e+03 -1.837683e+03 1.000000e+00
5.867825e+00 1.551044e+03 -2.235193e+03 1.000000e+00
-3.730015e+01 -2.188745e+03 -1.078969e+03 1.000000e+00
-3.743753e+01 -1.721568e+03 -1.218606e+03 1.000000e+00
-3.529353e+01 -1.712588e+03 -1.524097e+03 1.000000e+00
-3.229219e+01 -1.149140e+03 -1.571629e+03 1.000000e+00
-2.804673e+01 -1.054820e+03 -1.947715e+03 1.000000e+00
-2.138119e+01 -2.914210e+02 -1.788877e+03 1.000000e+00
-1.152919e+01 5.621111e+01 -2.222891e+03 1.000000e+00
-1.158405e+00 1.047369e+03 -1.832257e+03 1.000000e+00
9.700710e+00 1.569788e+03 -2.223469e+03 1.000000e+00
-3.750990e+01 -2.188905e+03 -1.089056e+03 1.000000e+00
-3.865474e+01 -1.722637e+03 -1.228199e+03 1.000000e+00
-3.693760e+01 -1.707785e+03 -1.533685e+03 1.000000e+00
-3.362132e+01 -1.144524e+03 -1.579812e+03 1.000000e+00
-2.906472e+01 -1.043049e+03 -1.953904e+03 1.000000e+00
-2.225622e+01 -2.808372e+02 -1.791557e+03 1.000000e+00
-1.302805e+01 7.066810e+01 -2.220325e+03 1.000000e+00
-2.396036e+00 1.063985e+03 -1.827827e+03 1.000000e+00
7.810132e+00 1.588279e+03 -2.212625e+03 1.000000e+00
0.000000e+00 -1.869581e+03 -1.106411e+03 1.000000e+00
0.000000e+00 -1.812808e+03 -1.389481e+03 1.000000e+00
0.000000e+00 -1.399697e+03 -1.539625e+03 1.000000e+00
0.000000e+00 -1.269990e+03 -1.841281e+03 1.000000e+00
0.000000e+00 -7.609420e+02 -1.882767e+03 1.000000e+00
0.000000e+00 -4.829305e+02 -2.270243e+03 1.000000e+00
0.000000e+00 2.730728e+02 -2.136365e+03 1.000000e+00
0.000000e+00 7.279332e+02 -2.502014e+03 1.000000e+00
0.000000e+00 1.671206e+03 -2.139829e+03 1.000000e+00
-6.535963e+00 -1.841085e+03 -1.101931e+03 1.000000e+00
-8.098279e+00 -1.864832e+03 -1.400542e+03 1.000000e+00
-6.683851e+00 -1.370248e+03 -1.529717e+03 1.000000e+00
-5.211945e+00 -1.317228e+03 -1.861082e+03 1.000000e+00
-4.784084e+00 -7.292869e+02 -1.858426e+03 1.000000e+00
-1.534213e+00 -5.184324e+02 -2.301558e+03 1.000000e+00
9.216953e-01 3.118234e+02 -2.101341e+03 1.000000e+00
2.551270e+00 7.057213e+02 -2.544268e+03 1.000000e+00
8.295877e+00 1.713432e+03 -2.088604e+03 1.000000e+00
-1.740333e+01 -1.821634e+03 -1.103830e+03 1.000000e+00
-1.482443e+01 -1.899862e+03 -1.409070e+03 1.000000e+00
-1.457385e+01 -1.350921e+03 -1.530837e+03 1.000000e+00
-1.365278e+01 -1.345175e+03 -1.874046e+03 1.000000e+00
-1.306875e+01 -7.079415e+02 -1.851639e+03 1.000000e+00
-1.087319e+01 -5.383892e+02 -2.315994e+03 1.000000e+00
-7.123500e+00 3.399626e+02 -2.088333e+03 1.000000e+00
-5.648311e-01 7.006483e+02 -2.559495e+03 1.000000e+00
3.856735e+00 1.743328e+03 -2.065938e+03 1.000000e+00
-2.190379e+01 -1.839096e+03 -1.113127e+03 1.000000e+00
-2.337652e+01 -1.894632e+03 -1.413790e+03 1.000000e+00
-2.201003e+01 -1.364195e+03 -1.542482e+03 1.000000e+00
-1.777580e+01 -1.337764e+03 -1.874844e+03 1.000000e+00
-1.389809e+01 -7.159665e+02 -1.866217e+03 1.000000e+00
-1.209211e+01 -5.237910e+02 -2.309756e+03 1.000000e+00
-5.574187e+00 3.399304e+02 -2.098741e+03 1.000000e+00
1.116253e+00 7.221118e+02 -2.544322e+03 1.000000e+00
9.642403e+00 1.754061e+03 -2.076099e+03 1.000000e+00
-3.002209e+01 -1.841540e+03 -1.120774e+03 1.000000e+00
-2.848692e+01 -1.898738e+03 -1.424601e+03 1.000000e+00
-2.707893e+01 -1.362828e+03 -1.549195e+03 1.000000e+00
-2.593533e+01 -1.339552e+03 -1.885913e+03 1.000000e+00
-2.319167e+01 -7.093287e+02 -1.866547e+03 1.000000e+00
-1.569095e+01 -5.186426e+02 -2.318986e+03 1.000000e+00
-1.100134e+01 3.558907e+02 -2.092271e+03 1.000000e+00
-3.698867e+00 7.356901e+02 -2.549270e+03 1.000000e+00
5.636319e+00 1.775902e+03 -2.059414e+03 1.000000e+00
-3.392365e+01 -1.846016e+03 -1.130432e+03 1.000000e+00
-3.397048e+01 -1.897556e+03 -1.433987e+03 1.000000e+00
-3.134334e+01 -1.365349e+03 -1.559054e+03 1.000000e+00
-2.656370e+01 -1.334053e+03 -1.894366e+03 1.000000e+00
-2.284932e+01 -7.058304e+02 -1.873610e+03 1.000000e+00
-1.941797e+01 -5.085843e+02 -2.320500e+03 1.000000e+00
-1.138426e+01 3.670937e+02 -2.095264e+03 1.000000e+00
-6.847831e-01 7.501204e+02 -2.540290e+03 1.000000e+00
8.786044e+00 1.789164e+03 -2.057281e+03 1.000000e+00
-3.675975e+01 -1.847361e+03 -1.140767e+03 1.000000e+00
-3.689071e+01 -1.898303e+03 -1.445118e+03 1.000000e+00
-3.554939e+01 -1.362422e+03 -1.568637e+03 1.000000e+00
-3.276215e+01 -1.332676e+03 -1.902603e+03 1.000000e+00
-2.837868e+01 -6.971655e+02 -1.880756e+03 1.000000e+00
-2.052737e+01 -4.992935e+02 -2.323335e+03 1.000000e+00
-1.141481e+01 3.797619e+02 -2.094215e+03 1.000000e+00
-3.182925e+00 7.647621e+02 -2.535944e+03 1.000000e+00
6.870116e+00 1.808349e+03 -2.049285e+03 1.000000e+00
-3.933781e+01 -1.847930e+03 -1.151706e+03 1.000000e+00
-3.941638e+01 -1.897371e+03 -1.455639e+03 1.000000e+00
-3.695980e+01 -1.359705e+03 -1.579395e+03 1.000000e+00
-3.333508e+01 -1.327177e+03 -1.910354e+03 1.000000e+00
-2.894073e+01 -6.893275e+02 -1.887191e+03 1.000000e+00
-2.296157e+01 -4.883945e+02 -2.325865e+03 1.000000e+00
-1.440134e+01 3.924999e+02 -2.094626e+03 1.000000e+00
-3.341438e+00 7.837194e+02 -2.531040e+03 1.000000e+00
7.422584e+00 1.826050e+03 -2.040531e+03 1.000000e+00
-3.930538e+01 -1.850246e+03 -1.162289e+03 1.000000e+00
-4.023053e+01 -1.895235e+03 -1.466180e+03 1.000000e+00
-3.861836e+01 -1.359254e+03 -1.589242e+03 1.000000e+00
-3.502145e+01 -1.321154e+03 -1.919224e+03 1.000000e+00
-3.034711e+01 -6.838027e+02 -1.894115e+03 1.000000e+00
-2.359517e+01 -4.763564e+02 -2.330282e+03 1.000000e+00
-1.458651e+01 4.031814e+02 -2.094365e+03 1.000000e+00
-3.821152e+00 7.964277e+02 -2.526004e+03 1.000000e+00
7.132018e+00 1.839557e+03 -2.032862e+03 1.000000e+00
0.000000e+00 -1.945331e+03 -1.273788e+03 1.000000e+00
0.000000e+00 -1.573644e+03 -1.457426e+03 1.000000e+00
0.000000e+00 -1.476758e+03 -1.756238e+03 1.000000e+00
0.000000e+00 -1.008833e+03 -1.872312e+03 1.000000e+00
0.000000e+00 -8.431641e+02 -2.235555e+03 1.000000e+00
0.000000e+00 -1.973125e+02 -2.217694e+03 1.000000e+00
0.000000e+00 1.549086e+02 -2.631435e+03 1.000000e+00
0.000000e+00 9.859219e+02 -2.421517e+03 1.000000e+00
0.000000e+00 1.441274e+03 -2.787532e+03 1.000000e+00
-7.677745e+00 -2.001868e+03 -1.282220e+03 1.000000e+00
-7.857718e+00 -1.542401e+03 -1.452223e+03 1.000000e+00
-7.336931e+00 -1.527024e+03 -1.767886e+03 1.000000e+00
-6.699982e+00 -9.783800e+02 -1.861359e+03 1.000000e+00
-7.385881e+00 -8.892676e+02 -2.259303e+03 1.000000e+00
-3.587696e+00 -1.652201e+02 -2.188464e+03 1.000000e+00
-1.261953e+00 1.206023e+02 -2.667634e+03 1.000000e+00
7.963905e-01 1.025579e+03 -2.382739e+03 1.000000e+00
5.362087e+00 1.424520e+03 -2.830421e+03 1.000000e+00
-1.695447e+01 -2.039417e+03 -1.289472e+03 1.000000e+00
-1.565541e+01 -1.521038e+03 -1.454918e+03 1.000000e+00
-1.443239e+01 -1.559166e+03 -1.777732e+03 1.000000e+00
-1.259562e+01 -9.583224e+02 -1.862082e+03 1.000000e+00
-9.967178e+00 -9.118428e+02 -2.272399e+03 1.000000e+00
-1.195563e+01 -1.412774e+02 -2.181488e+03 1.000000e+00
-7.107731e+00 1.061545e+02 -2.680105e+03 1.000000e+00
-1.075515e+00 1.056301e+03 -2.370065e+03 1.000000e+00
3.607211e+00 1.426089e+03 -2.844419e+03 1.000000e+00
-2.376434e+01 -2.033589e+03 -1.295137e+03 1.000000e+00
-2.428890e+01 -1.536082e+03 -1.465557e+03 1.000000e+00
-2.271712e+01 -1.551894e+03 -1.782587e+03 1.000000e+00
-2.018394e+01 -9.701024e+02 -1.874323e+03 1.000000e+00
-1.852000e+01 -9.020759e+02 -2.270317e+03 1.000000e+00
-1.252153e+01 -1.430808e+02 -2.195648e+03 1.000000e+00
-9.800708e+00 1.243672e+02 -2.670758e+03 1.000000e+00
-3.239348e+00 1.059940e+03 -2.380305e+03 1.000000e+00
5.891029e+00 1.448086e+03 -2.828367e+03 1.000000e+00
-3.083280e+01 -2.040335e+03 -1.305030e+03 1.000000e+00
-2.886172e+01 -1.535962e+03 -1.473994e+03 1.000000e+00
-2.752205e+01 -1.555424e+03 -1.793922e+03 1.000000e+00
-2.410197e+01 -9.661613e+02 -1.879535e+03 1.000000e+00
-2.076595e+01 -9.031406e+02 -2.282338e+03 1.000000e+00
-1.862344e+01 -1.347719e+02 -2.192020e+03 1.000000e+00
-1.050049e+01 1.307878e+02 -2.680250e+03 1.000000e+00
-2.599730e+00 1.075626e+03 -2.369687e+03 1.000000e+00
6.010878e+00 1.460729e+03 -2.831307e+03 1.000000e+00
-3.548705e+01 -2.040703e+03 -1.314780e+03 1.000000e+00
-3.549313e+01 -1.538819e+03 -1.484278e+03 1.000000e+00
-3.245969e+01 -1.551918e+03 -1.804081e+03 1.000000e+00
-2.958473e+01 -9.667015e+02 -1.888889e+03 1.000000e+00
-2.599416e+01 -8.934925e+02 -2.288999e+03 1.000000e+00
-1.969006e+01 -1.276863e+02 -2.198290e+03 1.000000e+00
-1.426037e+01 1.456369e+02 -2.677721e+03 1.000000e+00
-5.923404e+00 1.088542e+03 -2.372084e+03 1.000000e+00
4.358383e+00 1.478779e+03 -2.818672e+03 1.000000e+00
-3.814357e+01 -2.042610e+03 -1.326090e+03 1.000000e+00
-3.776542e+01 -1.538155e+03 -1.495405e+03 1.000000e+00
-3.626987e+01 -1.551195e+03 -1.814577e+03 1.000000e+00
-3.214230e+01 -9.621235e+02 -1.898240e+03 1.000000e+00
-2.820965e+01 -8.902202e+02 -2.295655e+03 1.000000e+00
-2.337230e+01 -1.175301e+02 -2.203388e+03 1.000000e+00
-1.335939e+01 1.554250e+02 -2.677809e+03 1.000000e+00
-1.898097e+00 1.101361e+03 -2.368855e+03 1.000000e+00
7.820474e+00 1.490239e+03 -2.811728e+03 1.000000e+00
-4.073164e+01 -2.043755e+03 -1.336823e+03 1.000000e+00
-4.080476e+01 -1.537616e+03 -1.507255e+03 1.000000e+00
-3.825465e+01 -1.548348e+03 -1.824817e+03 1.000000e+00
-3.489426e+01 -9.565520e+02 -1.907940e+03 1.000000e+00
-3.074803e+01 -8.824205e+02 -2.302251e+03 1.000000e+00
-2.354030e+01 -1.084572e+02 -2.208528e+03 1.000000e+00
-1.578574e+01 1.679281e+02 -2.677682e+03 1.000000e+00
-6.102120e+00 1.114201e+03 -2.365824e+03 1.000000e+00
5.345914e+00 1.506663e+03 -2.803744e+03 1.000000e+00
-4.079090e+01 -2.042807e+03 -1.348324e+03 1.000000e+00
-4.159288e+01 -1.538416e+03 -1.518118e+03 1.000000e+00
-4.009594e+01 -1.543464e+03 -1.835210e+03 1.000000e+00
-3.667584e+01 -9.544555e+02 -1.917803e+03 1.000000e+00
-3.218693e+01 -8.753455e+02 -2.309083e+03 1.000000e+00
-2.520964e+01 -9.874953e+01 -2.213284e+03 1.000000e+00
-1.639922e+01 1.822946e+02 -2.680290e+03 1.000000e+00
-5.823499e+00 1.126268e+03 -2.362584e+03 1.000000e+00
5.163291e+00 1.520997e+03 -2.796191e+03 1.000000e+00
0.000000e+00 -1.711568e+03 -1.329191e+03 1.000000e+00
0.000000e+00 -1.660221e+03 -1.628138e+03 1.000000e+00
0.000000e+00 -1.220717e+03 -1.796080e+03 1.000000e+00
0.000000e+00 -1.103852e+03 -2.117821e+03 1.000000e+00
0.000000e+00 -5.616664e+02 -2.190532e+03 1.000000e+00
0.000000e+00 -3.011597e+02 -2.615111e+03 1.000000e+00
0.000000e+00 4.493879e+02 -2.538775e+03 1.000000e+00
0.000000e+00 8.201531e+02 -2.969351e+03 1.000000e+00
0.000000e+00 1.701032e+03 -2.660668e+03 1.000000e+00
-7.335899e+00 -1.678350e+03 -1.326799e+03 1.000000e+00
-8.473180e+00 -1.713764e+03 -1.636823e+03 1.000000e+00
-6.769137e+00 -1.186523e+03 -1.789792e+03 1.000000e+00
-7.267585e+00 -1.150269e+03 -2.134657e+03 1.000000e+00
-8.527480e+00 -5.247105e+02 -2.170781e+03 1.000000e+00
-6.982347e+00 -3.402957e+02 -2.642712e+03 1.000000e+00
-4.742442e+00 4.864263e+02 -2.509667e+03 1.000000e+00
-8.643250e-01 7.960706e+02 -3.003883e+03 1.000000e+00
2.959687e+00 1.743697e+03 -2.622109e+03 1.000000e+00
-1.808463e+01 -1.658022e+03 -1.330118e+03 1.000000e+00
-1.555860e+01 -1.748350e+03 -1.644667e+03 1.000000e+00
-1.551393e+01 -1.165646e+03 -1.794365e+03 1.000000e+00
-1.237579e+01 -1.179758e+03 -2.144024e+03 1.000000e+00
-9.625446e+00 -5.038671e+02 -2.170351e+03 1.000000e+00
-1.011773e+01 -3.601768e+02 -2.654393e+03 1.000000e+00
-7.404524e+00 5.119625e+02 -2.502635e+03 1.000000e+00
-2.615909e+00 7.859391e+02 -3.015236e+03 1.000000e+00
2.277292e+00 1.772571e+03 -2.611066e+03 1.000000e+00
-2.399694e+01 -1.675922e+03 -1.339728e+03 1.000000e+00
-2.536990e+01 -1.740278e+03 -1.650995e+03 1.000000e+00
-2.219057e+01 -1.179031e+03 -1.805868e+03 1.000000e+00
-2.061948e+01 -1.171120e+03 -2.147444e+03 1.000000e+00
-2.026366e+01 -5.120547e+02 -2.183213e+03 1.000000e+00
-1.577556e+01 -3.470192e+02 -2.650178e+03 1.000000e+00
-1.147847e+01 5.144606e+02 -2.515402e+03 1.000000e+00
-6.142089e+00 8.061563e+02 -3.005185e+03 1.000000e+00
2.958924e+00 1.781271e+03 -2.620904e+03 1.000000e+00
-3.222154e+01 -1.676491e+03 -1.348113e+03 1.000000e+00
-2.974481e+01 -1.745346e+03 -1.662649e+03 1.000000e+00
-2.827256e+01 -1.175791e+03 -1.813307e+03 1.000000e+00
-2.394817e+01 -1.173554e+03 -2.160083e+03 1.000000e+00
-2.007447e+01 -5.040936e+02 -2.185042e+03 1.000000e+00
-1.914122e+01 -3.443856e+02 -2.661896e+03 1.000000e+00
-1.353943e+01 5.257864e+02 -2.509447e+03 1.000000e+00
-4.547224e+00 8.150540e+02 -3.013152e+03 1.000000e+00
3.716404e+00 1.796065e+03 -2.607476e+03 1.000000e+00
-3.586805e+01 -1.680114e+03 -1.358953e+03 1.000000e+00
-3.622174e+01 -1.743816e+03 -1.672833e+03 1.000000e+00
-3.274310e+01 -1.177694e+03 -1.824525e+03 1.000000e+00
-3.069067e+01 -1.168479e+03 -2.169239e+03 1.000000e+00
-2.866195e+01 -5.048823e+02 -2.193877e+03 1.000000e+00
-2.071924e+01 -3.326646e+02 -2.665126e+03 1.000000e+00
-1.415556e+01 5.332456e+02 -2.514334e+03 1.000000e+00
-6.859502e+00 8.304120e+02 -3.008017e+03 1.000000e+00
2.391587e+00 1.805721e+03 -2.609040e+03 1.000000e+00
-3.972044e+01 -1.680380e+03 -1.370096e+03 1.000000e+00
-3.873579e+01 -1.743514e+03 -1.684840e+03 1.000000e+00
-3.751286e+01 -1.175046e+03 -1.835255e+03 1.000000e+00
-3.211789e+01 -1.165290e+03 -2.178927e+03 1.000000e+00
-2.749569e+01 -4.960616e+02 -2.202358e+03 1.000000e+00
-2.575316e+01 -3.254843e+02 -2.670137e+03 1.000000e+00
-1.704782e+01 5.454581e+02 -2.517022e+03 1.000000e+00
-5.343196e+00 8.417991e+02 -3.005140e+03 1.000000e+00
5.963016e+00 1.820783e+03 -2.604551e+03 1.000000e+00
-4.166621e+01 -1.681465e+03 -1.381361e+03 1.000000e+00
-4.191812e+01 -1.742614e+03 -1.696496e+03 1.000000e+00
-3.887245e+01 -1.173098e+03 -1.846804e+03 1.000000e+00
-3.633135e+01 -1.161232e+03 -2.187594e+03 1.000000e+00
-3.298136e+01 -4.888127e+02 -2.212446e+03 1.000000e+00
-2.448373e+01 -3.172942e+02 -2.674669e+03 1.000000e+00
-1.599459e+01 5.550965e+02 -2.519604e+03 1.000000e+00
-7.189916e+00 8.523038e+02 -3.002857e+03 1.000000e+00
3.650117e+00 1.831129e+03 -2.598156e+03 1.000000e+00
-4.183885e+01 -1.683093e+03 -1.393398e+03 1.000000e+00
-4.249345e+01 -1.739563e+03 -1.707578e+03 1.000000e+00
-4.103182e+01 -1.171651e+03 -1.857518e+03 1.000000e+00
-3.755808e+01 -1.154546e+03 -2.198854e+03 1.000000e+00
-3.340530e+01 -4.845430e+02 -2.219255e+03 1.000000e+00
-2.650987e+01 -3.080954e+02 -2.680028e+03 1.000000e+00
-1.732798e+01 5.671053e+02 -2.522767e+03 1.000000e+00
-6.659915e+00 8.676802e+02 -3.002800e+03 1.000000e+00
4.084868e+00 1.844595e+03 -2.591822e+03 1.000000e+00
0.000000e+00 -1.812067e+03 -1.464133e+03 1.000000e+00
0.000000e+00 -1.407929e+03 -1.663046e+03 1.000000e+00
0.000000e+00 -1.322549e+03 -1.973363e+03 1.000000e+00
0.000000e+00 -8.287004e+02 -2.111173e+03 1.000000e+00
0.000000e+00 -6.687338e+02 -2.493451e+03 1.000000e+00
0.000000e+00 5.438175e+00 -2.515863e+03 1.000000e+00
0.000000e+00 3.150011e+02 -2.980375e+03 1.000000e+00
0.000000e+00 1.128179e+03 -2.831525e+03 1.000000e+00
0.000000e+00 1.482228e+03 -3.268829e+03 1.000000e+00
-7.621337e+00 -1.869990e+03 -1.470840e+03 1.000000e+00
-7.696028e+00 -1.371691e+03 -1.659912e+03 1.000000e+00
-7.202404e+00 -1.374778e+03 -1.983405e+03 1.000000e+00
-5.872477e+00 -7.920514e+02 -2.102918e+03 1.000000e+00
-6.741046e+00 -7.092187e+02 -2.513484e+03 1.000000e+00
-7.521391e+00 4.531519e+01 -2.495806e+03 1.000000e+00
-6.723273e+00 2.831200e+02 -3.008787e+03 1.000000e+00
-2.533767e+00 1.168172e+03 -2.800006e+03 1.000000e+00
2.122298e+00 1.466941e+03 -3.305650e+03 1.000000e+00
-1.837133e+01 -1.907403e+03 -1.476696e+03 1.000000e+00
-1.728085e+01 -1.349618e+03 -1.665137e+03 1.000000e+00
-1.542912e+01 -1.406620e+03 -1.991979e+03 1.000000e+00
-1.404501e+01 -7.707166e+02 -2.106802e+03 1.000000e+00
-1.313323e+01 -7.347716e+02 -2.522552e+03 1.000000e+00
-1.136845e+01 6.983302e+01 -2.495043e+03 1.000000e+00
-8.504051e+00 2.674124e+02 -3.018663e+03 1.000000e+00
-6.002480e+00 1.195679e+03 -2.794648e+03 1.000000e+00
-1.346572e+00 1.463837e+03 -3.316020e+03 1.000000e+00
-2.436924e+01 -1.899683e+03 -1.483474e+03 1.000000e+00
-2.473902e+01 -1.364669e+03 -1.675823e+03 1.000000e+00
-2.238383e+01 -1.397368e+03 -1.998541e+03 1.000000e+00
-1.867353e+01 -7.824970e+02 -2.118678e+03 1.000000e+00
-1.725834e+01 -7.238706e+02 -2.522814e+03 1.000000e+00
-1.605706e+01 6.629703e+01 -2.507819e+03 1.000000e+00
-1.299975e+01 2.819812e+02 -3.013234e+03 1.000000e+00
-5.266932e+00 1.201940e+03 -2.806531e+03 1.000000e+00
2.603845e+00 1.484095e+03 -3.305546e+03 1.000000e+00
-3.348377e+01 -1.906647e+03 -1.494350e+03 1.000000e+00
-3.129157e+01 -1.361822e+03 -1.684692e+03 1.000000e+00
-2.875934e+01 -1.401823e+03 -2.010781e+03 1.000000e+00
-2.522831e+01 -7.770096e+02 -2.124528e+03 1.000000e+00
-2.316219e+01 -7.242257e+02 -2.536853e+03 1.000000e+00
-2.085808e+01 7.618305e+01 -2.506480e+03 1.000000e+00
-1.555394e+01 2.892743e+02 -3.024190e+03 1.000000e+00
-1.043388e+01 1.213915e+03 -2.798892e+03 1.000000e+00
-1.435988e+00 1.493861e+03 -3.312150e+03 1.000000e+00
-3.616325e+01 -1.906970e+03 -1.504711e+03 1.000000e+00
-3.604196e+01 -1.364012e+03 -1.696157e+03 1.000000e+00
-3.272066e+01 -1.397777e+03 -2.021109e+03 1.000000e+00
-3.039202e+01 -7.780364e+02 -2.136113e+03 1.000000e+00
-2.781104e+01 -7.164542e+02 -2.543375e+03 1.000000e+00
-2.197028e+01 7.767332e+01 -2.513570e+03 1.000000e+00
-1.476217e+01 3.034189e+02 -3.024956e+03 1.000000e+00
-5.658637e+00 1.219849e+03 -2.803800e+03 1.000000e+00
3.847322e+00 1.510456e+03 -3.303134e+03 1.000000e+00
-4.082943e+01 -1.908072e+03 -1.516474e+03 1.000000e+00
-4.009624e+01 -1.362685e+03 -1.708026e+03 1.000000e+00
-3.816816e+01 -1.395974e+03 -2.032589e+03 1.000000e+00
-3.332426e+01 -7.737249e+02 -2.145979e+03 1.000000e+00
-2.836583e+01 -7.103343e+02 -2.552031e+03 1.000000e+00
-2.641720e+01 8.840228e+01 -2.521411e+03 1.000000e+00
-1.957613e+01 3.117222e+02 -3.027050e+03 1.000000e+00
-9.616263e+00 1.232654e+03 -2.803808e+03 1.000000e+00
6.546419e-01 1.518787e+03 -3.299755e+03 1.000000e+00
-4.243756e+01 -1.908227e+03 -1.527833e+03 1.000000e+00
-4.241645e+01 -1.362477e+03 -1.720142e+03 1.000000e+00
-3.943777e+01 -1.392589e+03 -2.043802e+03 1.000000e+00
-3.713430e+01 -7.697141e+02 -2.156551e+03 1.000000e+00
-3.446964e+01 -7.056259e+02 -2.560719e+03 1.000000e+00
-2.613654e+01 9.837086e+01 -2.528899e+03 1.000000e+00
-1.693937e+01 3.210470e+02 -3.030005e+03 1.000000e+00
-7.851815e+00 1.242901e+03 -2.804307e+03 1.000000e+00
3.491214e+00 1.527957e+03 -3.294743e+03 1.000000e+00
-4.271920e+01 -1.906985e+03 -1.540197e+03 1.000000e+00
-4.313903e+01 -1.362604e+03 -1.731232e+03 1.000000e+00
-4.156685e+01 -1.387511e+03 -2.055247e+03 1.000000e+00
-3.824298e+01 -7.666036e+02 -2.167970e+03 1.000000e+00
-3.379284e+01 -6.973037e+02 -2.569238e+03 1.000000e+00
-2.755568e+01 1.054059e+02 -2.534294e+03 1.000000e+00
-1.832182e+01 3.301163e+02 -3.034958e+03 1.000000e+00
-7.400688e+00 1.253998e+03 -2.804010e+03 1.000000e+00
3.478215e+00 1.543398e+03 -3.291566e+03 1.000000e+00
0.000000e+00 -1.563056e+03 -1.494711e+03 1.000000e+00
0.000000e+00 -1.521280e+03 -1.801030e+03 1.000000e+00
0.000000e+00 -1.054404e+03 -1.982524e+03 1.000000e+00
0.000000e+00 -9.459910e+02 -2.316537e+03 1.000000e+00
0.000000e+00 -3.651252e+02 -2.413758e+03 1.000000e+00
0.000000e+00 -1.190185e+02 -2.861680e+03 1.000000e+00
0.000000e+00 6.427461e+02 -2.838301e+03 1.000000e+00
0.000000e+00 9.541005e+02 -3.319790e+03 1.000000e+00
0.000000e+00 1.805227e+03 -3.080789e+03 1.000000e+00
-7.877729e+00 -1.528229e+03 -1.492942e+03 1.000000e+00
-7.872544e+00 -1.576963e+03 -1.808190e+03 1.000000e+00
-7.231895e+00 -1.016951e+03 -1.979591e+03 1.000000e+00
-6.508265e+00 -9.972253e+02 -2.328310e+03 1.000000e+00
-5.447508e+00 -3.267901e+02 -2.399913e+03 1.000000e+00
-7.129714e+00 -1.561634e+02 -2.885684e+03 1.000000e+00
-7.965277e+00 6.832160e+02 -2.816412e+03 1.000000e+00
-4.970076e+00 9.283221e+02 -3.347857e+03 1.000000e+00
-2.029257e-01 1.845022e+03 -3.049869e+03 1.000000e+00
-1.862634e+01 -1.506614e+03 -1.498021e+03 1.000000e+00
-1.750582e+01 -1.611064e+03 -1.814834e+03 1.000000e+00
-1.564510e+01 -9.938143e+02 -1.986449e+03 1.000000e+00
-1.294653e+01 -1.026027e+03 -2.335750e+03 1.000000e+00
-1.436894e+01 -3.012720e+02 -2.402730e+03 1.000000e+00
-1.272876e+01 -1.754315e+02 -2.893939e+03 1.000000e+00
-9.351570e+00 7.112031e+02 -2.816772e+03 1.000000e+00
-6.215762e+00 9.205621e+02 -3.355864e+03 1.000000e+00
-2.995221e+00 1.875200e+03 -3.047910e+03 1.000000e+00
-2.512377e+01 -1.524649e+03 -1.507823e+03 1.000000e+00
-2.497000e+01 -1.601590e+03 -1.822377e+03 1.000000e+00
-2.249793e+01 -1.007345e+03 -1.997661e+03 1.000000e+00
-1.908273e+01 -1.015535e+03 -2.341155e+03 1.000000e+00
-1.643919e+01 -3.108849e+02 -2.414498e+03 1.000000e+00
-1.601083e+01 -1.628577e+02 -2.892735e+03 1.000000e+00
-1.464886e+01 7.122708e+02 -2.829327e+03 1.000000e+00
-9.016548e+00 9.352446e+02 -3.349764e+03 1.000000e+00
1.907003e-01 1.882217e+03 -3.060173e+03 1.000000e+00
-3.382304e+01 -1.523248e+03 -1.516752e+03 1.000000e+00
-3.211552e+01 -1.607294e+03 -1.834663e+03 1.000000e+00
-2.843092e+01 -1.002015e+03 -2.005678e+03 1.000000e+00
-2.466228e+01 -1.019161e+03 -2.354232e+03 1.000000e+00
-2.420607e+01 -3.044816e+02 -2.418081e+03 1.000000e+00
-2.212055e+01 -1.603607e+02 -2.905583e+03 1.000000e+00
-1.647041e+01 7.239482e+02 -2.825797e+03 1.000000e+00
-1.028289e+01 9.453303e+02 -3.360658e+03 1.000000e+00
-4.828619e+00 1.892404e+03 -3.050936e+03 1.000000e+00
-3.705269e+01 -1.525900e+03 -1.528577e+03 1.000000e+00
-3.601860e+01 -1.604798e+03 -1.844915e+03 1.000000e+00
-3.306840e+01 -1.003225e+03 -2.017950e+03 1.000000e+00
-3.105397e+01 -1.012667e+03 -2.363756e+03 1.000000e+00
-2.742236e+01 -3.022573e+02 -2.428527e+03 1.000000e+00
-2.246505e+01 -1.483793e+02 -2.909081e+03 1.000000e+00
-1.756901e+01 7.265156e+02 -2.833574e+03 1.000000e+00
-8.769938e+00 9.620239e+02 -3.358412e+03 1.000000e+00
3.046785e+00 1.897663e+03 -3.054941e+03 1.000000e+00
-4.138954e+01 -1.526604e+03 -1.539803e+03 1.000000e+00
-4.091961e+01 -1.603714e+03 -1.857358e+03 1.000000e+00
-3.838765e+01 -1.001048e+03 -2.029579e+03 1.000000e+00
-3.360989e+01 -1.009942e+03 -2.373683e+03 1.000000e+00
-2.983627e+01 -2.965297e+02 -2.438152e+03 1.000000e+00
-2.722921e+01 -1.416315e+02 -2.916694e+03 1.000000e+00
-1.962785e+01 7.372545e+02 -2.838486e+03 1.000000e+00
-1.095952e+01 9.674940e+02 -3.359111e+03 1.000000e+00
-2.606272e+00 1.910332e+03 -3.052983e+03 1.000000e+00
-4.300302e+01 -1.526550e+03 -1.551612e+03 1.000000e+00
-4.286572e+01 -1.601904e+03 -1.869457e+03 1.000000e+00
-3.976262e+01 -9.985921e+02 -2.040993e+03 1.000000e+00
-3.778990e+01 -1.004255e+03 -2.384571e+03 1.000000e+00
-3.473495e+01 -2.891853e+02 -2.448655e+03 1.000000e+00
-2.724445e+01 -1.344292e+02 -2.923454e+03 1.000000e+00
-1.858404e+01 7.493841e+02 -2.843997e+03 1.000000e+00
-9.034041e+00 9.790611e+02 -3.360388e+03 1.000000e+00
2.611664e+00 1.921671e+03 -3.051409e+03 1.000000e+00
-4.356273e+01 -1.528262e+03 -1.563714e+03 1.000000e+00
-4.363317e+01 -1.599039e+03 -1.881092e+03 1.000000e+00
-4.213182e+01 -9.976909e+02 -2.052396e+03 1.000000e+00
-3.911367e+01 -9.980292e+02 -2.396867e+03 1.000000e+00
-3.476173e+01 -2.844358e+02 -2.456901e+03 1.000000e+00
-2.871122e+01 -1.264445e+02 -2.931494e+03 1.000000e+00
-1.980376e+01 7.565294e+02 -2.848727e+03 1.000000e+00
-9.400366e+00 9.875016e+02 -3.362462e+03 1.000000e+00
1.473938e+00 1.928206e+03 -3.048459e+03 1.000000e+00
0.000000e+00 -1.693581e+03 -1.602308e+03 1.000000e+00
0.000000e+00 -1.256262e+03 -1.813709e+03 1.000000e+00
0.000000e+00 -1.185260e+03 -2.126278e+03 1.000000e+00
0.000000e+00 -6.609744e+02 -2.282890e+03 1.000000e+00
0.000000e+00 -4.974965e+02 -2.672417e+03 1.000000e+00
0.000000e+00 2.116150e+02 -2.730485e+03 1.000000e+00
0.000000e+00 4.860274e+02 -3.221121e+03 1.000000e+00
0.000000e+00 1.298489e+03 -3.131474e+03 1.000000e+00
0.000000e+00 1.581841e+03 -3.619648e+03 1.000000e+00
-8.993566e+00 -1.753247e+03 -1.607421e+03 1.000000e+00
-7.875886e+00 -1.218204e+03 -1.811838e+03 1.000000e+00
-7.944475e+00 -1.239075e+03 -2.135270e+03 1.000000e+00
-6.736722e+00 -6.210455e+02 -2.276558e+03 1.000000e+00
-6.311531e+00 -5.438063e+02 -2.687242e+03 1.000000e+00
-7.345382e+00 2.523027e+02 -2.716899e+03 1.000000e+00
-8.558071e+00 4.562531e+02 -3.244066e+03 1.000000e+00
-6.652682e+00 1.341523e+03 -3.108502e+03 1.000000e+00
-3.522010e+00 1.564499e+03 -3.650360e+03 1.000000e+00
-1.789312e+01 -1.789909e+03 -1.612754e+03 1.000000e+00
-1.755746e+01 -1.194458e+03 -1.818309e+03 1.000000e+00
-1.525140e+01 -1.271276e+03 -2.143091e+03 1.000000e+00
-1.202771e+01 -5.971241e+02 -2.282129e+03 1.000000e+00
-1.172322e+01 -5.678271e+02 -2.693163e+03 1.000000e+00
-1.242657e+01 2.805151e+02 -2.721378e+03 1.000000e+00
-9.684629e+00 4.420453e+02 -3.250454e+03 1.000000e+00
-6.059444e+00 1.372196e+03 -3.110380e+03 1.000000e+00
-2.090456e+00 1.562547e+03 -3.659543e+03 1.000000e+00
-2.669189e+01 -1.781124e+03 -1.620123e+03 1.000000e+00
-2.541824e+01 -1.209400e+03 -1.829250e+03 1.000000e+00
-2.271778e+01 -1.260469e+03 -2.150286e+03 1.000000e+00
-1.948708e+01 -6.089694e+02 -2.293702e+03 1.000000e+00
-1.905921e+01 -5.565464e+02 -2.696105e+03 1.000000e+00
-1.759118e+01 2.759312e+02 -2.732215e+03 1.000000e+00
-1.652252e+01 4.560781e+02 -3.249718e+03 1.000000e+00
-1.311725e+01 1.376735e+03 -3.122828e+03 1.000000e+00
-5.417200e+00 1.578158e+03 -3.652802e+03 1.000000e+00
-3.360336e+01 -1.788907e+03 -1.631888e+03 1.000000e+00
-3.214982e+01 -1.204886e+03 -1.838281e+03 1.000000e+00
-2.789491e+01 -1.264629e+03 -2.162669e+03 1.000000e+00
-2.363674e+01 -6.023542e+02 -2.300686e+03 1.000000e+00
-2.167194e+01 -5.578522e+02 -2.710146e+03 1.000000e+00
-2.195305e+01 2.841624e+02 -2.733123e+03 1.000000e+00
-1.662320e+01 4.635396e+02 -3.260750e+03 1.000000e+00
-9.137030e+00 1.387688e+03 -3.119454e+03 1.000000e+00
-3.278665e+00 1.589362e+03 -3.662446e+03 1.000000e+00
-3.791167e+01 -1.787704e+03 -1.642544e+03 1.000000e+00
-3.642701e+01 -1.206480e+03 -1.850451e+03 1.000000e+00
-3.363244e+01 -1.260513e+03 -2.173102e+03 1.000000e+00
-3.180959e+01 -6.025478e+02 -2.312995e+03 1.000000e+00
-2.925974e+01 -5.477911e+02 -2.716447e+03 1.000000e+00
-2.340316e+01 2.867394e+02 -2.743166e+03 1.000000e+00
-2.001361e+01 4.781568e+02 -3.262922e+03 1.000000e+00
-1.325867e+01 1.390468e+03 -3.126296e+03 1.000000e+00
-2.024576e+00 1.604696e+03 -3.658911e+03 1.000000e+00
-4.162114e+01 -1.787931e+03 -1.654057e+03 1.000000e+00
-4.108102e+01 -1.205228e+03 -1.862768e+03 1.000000e+00
-3.808085e+01 -1.257690e+03 -2.184925e+03 1.000000e+00
-3.364466e+01 -5.987720e+02 -2.323365e+03 1.000000e+00
-2.953294e+01 -5.433092e+02 -2.725984e+03 1.000000e+00
-2.782135e+01 2.954951e+02 -2.751759e+03 1.000000e+00
-2.015714e+01 4.844860e+02 -3.268824e+03 1.000000e+00
-1.020443e+01 1.402834e+03 -3.128466e+03 1.000000e+00
-2.140199e+00 1.608528e+03 -3.658286e+03 1.000000e+00
-4.350108e+01 -1.787426e+03 -1.665990e+03 1.000000e+00
-4.316989e+01 -1.204086e+03 -1.874999e+03 1.000000e+00
-4.042857e+01 -1.253748e+03 -2.196420e+03 1.000000e+00
-3.814631e+01 -5.946317e+02 -2.334686e+03 1.000000e+00
-3.523165e+01 -5.363840e+02 -2.736817e+03 1.000000e+00
-2.808342e+01 3.053108e+02 -2.760737e+03 1.000000e+00
-1.966356e+01 4.925667e+02 -3.273306e+03 1.000000e+00
-1.096988e+01 1.414579e+03 -3.132902e+03 1.000000e+00
-2.754937e-02 1.618740e+03 -3.656671e+03 1.000000e+00
-4.405147e+01 -1.785483e+03 -1.678227e+03 1.000000e+00
-4.401731e+01 -1.204697e+03 -1.886603e+03 1.000000e+00
-4.242439e+01 -1.249285e+03 -2.208519e+03 1.000000e+00
-3.977925e+01 -5.911364e+02 -2.346228e+03 1.000000e+00
-3.567873e+01 -5.293518e+02 -2.747357e+03 1.000000e+00
-2.980206e+01 3.113167e+02 -2.767606e+03 1.000000e+00
-2.089258e+01 5.018367e+02 -3.280982e+03 1.000000e+00
-1.104875e+01 1.422046e+03 -3.135477e+03 1.000000e+00
-7.999281e-01 1.626532e+03 -3.656915e+03 1.000000e+00
