0 729 0.00000e+00
  1     729
-2.363949e+01 -4.553000e+02 -1.892467e+03 1.000000e+00
-1.852600e+01 6.291468e+01 -2.105839e+03 1.000000e+00
-1.192118e+01 1.260935e+02 -2.091346e+03 1.000000e+00
-3.348897e+00 6.984047e+02 -2.286371e+03 1.000000e+00
8.117884e+00 9.501671e+02 -2.063593e+03 1.000000e+00
2.012519e+01 1.708130e+03 -2.310907e+03 1.000000e+00
3.025439e+01 1.842780e+03 -1.833497e+03 1.000000e+00
3.854358e+01 2.331790e+03 -2.071069e+03 1.000000e+00
4.434776e+01 2.201061e+03 -1.396750e+03 1.000000e+00
-2.250075e+01 -4.520358e+02 -1.899056e+03 1.000000e+00
-1.838162e+01 6.653689e+01 -2.111505e+03 1.000000e+00
-1.104060e+01 1.299243e+02 -2.094575e+03 1.000000e+00
-2.070879e+00 7.024057e+02 -2.289617e+03 1.000000e+00
8.243225e+00 9.530941e+02 -2.063518e+03 1.000000e+00
1.969563e+01 1.710784e+03 -2.308957e+03 1.000000e+00
3.049687e+01 1.843015e+03 -1.826320e+03 1.000000e+00
3.875141e+01 2.329871e+03 -2.064180e+03 1.000000e+00
4.372647e+01 2.196917e+03 -1.385954e+03 1.000000e+00
-2.196319e+01 -4.486985e+02 -1.904617e+03 1.000000e+00
-1.640762e+01 6.839841e+01 -2.116638e+03 1.000000e+00
-1.113744e+01 1.336511e+02 -2.098831e+03 1.000000e+00
-4.392442e+00 7.046243e+02 -2.291825e+03 1.000000e+00
6.312442e+00 9.562552e+02 -2.063822e+03 1.000000e+00
1.753114e+01 1.712642e+03 -2.306449e+03 1.000000e+00
2.624385e+01 1.842458e+03 -1.821117e+03 1.000000e+00
3.401062e+01 2.327705e+03 -2.056032e+03 1.000000e+00
3.922453e+01 2.190616e+03 -1.377695e+03 1.000000e+00
-1.864136e+01 -4.474713e+02 -1.909831e+03 1.000000e+00
-1.529864e+01 7.122340e+01 -2.121158e+03 1.000000e+00
-9.131520e+00 1.360083e+02 -2.103251e+03 1.000000e+00
-1.793679e+00 7.069841e+02 -2.293423e+03 1.000000e+00
6.754305e+00 9.586027e+02 -2.065237e+03 1.000000e+00
1.726628e+01 1.713071e+03 -2.302710e+03 1.000000e+00
2.623006e+01 1.842748e+03 -1.818881e+03 1.000000e+00
3.276516e+01 2.324765e+03 -2.047124e+03 1.000000e+00
3.785003e+01 2.185781e+03 -1.371048e+03 1.000000e+00
-1.630198e+01 -4.465138e+02 -1.915133e+03 1.000000e+00
-1.341154e+01 7.433373e+01 -2.125769e+03 1.000000e+00
-8.769908e+00 1.376920e+02 -2.105825e+03 1.000000e+00
-3.437033e+00 7.101679e+02 -2.296700e+03 1.000000e+00
4.484205e+00 9.607476e+02 -2.065333e+03 1.000000e+00
1.210516e+01 1.714914e+03 -2.303432e+03 1.000000e+00
1.933966e+01 1.843748e+03 -1.813226e+03 1.000000e+00
2.639557e+01 2.323592e+03 -2.042936e+03 1.000000e+00
3.108538e+01 2.182561e+03 -1.361185e+03 1.000000e+00
-1.336334e+01 -4.437593e+02 -1.919643e+03 1.000000e+00
-9.590648e+00 7.318019e+01 -2.128260e+03 1.000000e+00
-6.515781e+00 1.416429e+02 -2.110705e+03 1.000000e+00
-2.674273e+00 7.089451e+02 -2.296956e+03 1.000000e+00
2.484138e+00 9.650897e+02 -2.069187e+03 1.000000e+00
1.079099e+01 1.713426e+03 -2.298889e+03 1.000000e+00
1.698986e+01 1.847377e+03 -1.815393e+03 1.000000e+00
2.194662e+01 2.318924e+03 -2.032139e+03 1.000000e+00
2.404918e+01 2.183674e+03 -1.362990e+03 1.000000e+00
-8.744098e+00 -4.520231e+02 -1.920176e+03 1.000000e+00
-8.618532e+00 8.274893e+01 -2.134543e+03 1.000000e+00
-5.336429e+00 1.349458e+02 -2.108736e+03 1.000000e+00
-2.128208e+00 7.194528e+02 -2.305188e+03 1.000000e+00
1.886694e+00 9.589207e+02 -2.061480e+03 1.000000e+00
5.583045e+00 1.724574e+03 -2.308224e+03 1.000000e+00
9.815492e+00 1.841269e+03 -1.802703e+03 1.000000e+00
1.291528e+01 2.329404e+03 -2.041365e+03 1.000000e+00
1.721810e+01 2.175750e+03 -1.343547e+03 1.000000e+00
-6.064744e+00 -4.266083e+02 -1.928120e+03 1.000000e+00
-3.922468e+00 5.778194e+01 -2.129449e+03 1.000000e+00
-3.756607e+00 1.610156e+02 -2.119268e+03 1.000000e+00
-2.562423e+00 6.982592e+02 -2.292776e+03 1.000000e+00
7.059127e-01 9.844714e+02 -2.082652e+03 1.000000e+00
1.833392e+00 1.708947e+03 -2.284437e+03 1.000000e+00
4.077863e+00 1.865083e+03 -1.828728e+03 1.000000e+00
7.202541e+00 2.317593e+03 -2.007242e+03 1.000000e+00
8.214605e+00 2.193613e+03 -1.373638e+03 1.000000e+00
0.000000e+00 -3.921286e+02 -1.937908e+03 1.000000e+00
0.000000e+00 2.168397e+01 -2.118208e+03 1.000000e+00
0.000000e+00 1.974476e+02 -2.135387e+03 1.000000e+00
0.000000e+00 6.659449e+02 -2.270662e+03 1.000000e+00
0.000000e+00 1.021652e+03 -2.116320e+03 1.000000e+00
0.000000e+00 1.682794e+03 -2.244312e+03 1.000000e+00
0.000000e+00 1.903495e+03 -1.873786e+03 1.000000e+00
0.000000e+00 2.295918e+03 -1.954075e+03 1.000000e+00
0.000000e+00 2.229228e+03 -1.430428e+03 1.000000e+00
-2.037156e+01 -1.600545e+02 -1.918980e+03 1.000000e+00
-1.480986e+01 -9.132750e+01 -1.938056e+03 1.000000e+00
-8.075162e+00 4.035412e+02 -2.117910e+03 1.000000e+00
7.508851e-01 5.084662e+02 -1.991272e+03 1.000000e+00
1.270613e+01 1.185839e+03 -2.194092e+03 1.000000e+00
2.493157e+01 1.442378e+03 -1.794659e+03 1.000000e+00
3.459371e+01 2.004467e+03 -2.018126e+03 1.000000e+00
4.171611e+01 1.971930e+03 -1.412509e+03 1.000000e+00
4.663254e+01 2.278932e+03 -1.645145e+03 1.000000e+00
-1.947232e+01 -1.583977e+02 -1.924079e+03 1.000000e+00
-1.488606e+01 -8.829401e+01 -1.942946e+03 1.000000e+00
-7.878733e+00 4.054681e+02 -2.120451e+03 1.000000e+00
1.526207e+00 5.102923e+02 -1.992209e+03 1.000000e+00
1.145761e+01 1.186409e+03 -2.194822e+03 1.000000e+00
2.300590e+01 1.441077e+03 -1.789360e+03 1.000000e+00
3.359721e+01 2.001629e+03 -2.012963e+03 1.000000e+00
4.090615e+01 1.965845e+03 -1.403045e+03 1.000000e+00
4.457788e+01 2.269649e+03 -1.636969e+03 1.000000e+00
-1.845551e+01 -1.568026e+02 -1.928896e+03 1.000000e+00
-1.293143e+01 -8.431325e+01 -1.947038e+03 1.000000e+00
-6.920314e+00 4.078798e+02 -2.123610e+03 1.000000e+00
-7.318509e-02 5.138458e+02 -1.993444e+03 1.000000e+00
1.212262e+01 1.188537e+03 -2.193625e+03 1.000000e+00
2.353418e+01 1.442323e+03 -1.786761e+03 1.000000e+00
3.150974e+01 2.001194e+03 -2.006564e+03 1.000000e+00
3.815582e+01 1.962053e+03 -1.395836e+03 1.000000e+00
4.300622e+01 2.265108e+03 -1.627045e+03 1.000000e+00
-1.607483e+01 -1.538733e+02 -1.933948e+03 1.000000e+00
-1.281479e+01 -8.298281e+01 -1.950412e+03 1.000000e+00
-6.452198e+00 4.110217e+02 -2.126385e+03 1.000000e+00
6.158376e-01 5.156785e+02 -1.995509e+03 1.000000e+00
8.676554e+00 1.189666e+03 -2.191232e+03 1.000000e+00
1.914454e+01 1.443387e+03 -1.785596e+03 1.000000e+00
2.796352e+01 1.999065e+03 -1.999878e+03 1.000000e+00
3.378759e+01 1.958834e+03 -1.390980e+03 1.000000e+00
3.747667e+01 2.258960e+03 -1.615646e+03 1.000000e+00
-1.416233e+01 -1.525249e+02 -1.937421e+03 1.000000e+00
-9.801196e+00 -8.158669e+01 -1.954441e+03 1.000000e+00
-6.173313e+00 4.126819e+02 -2.128445e+03 1.000000e+00
3.309192e-01 5.164667e+02 -1.996105e+03 1.000000e+00
8.988961e+00 1.190044e+03 -2.193128e+03 1.000000e+00
1.692728e+01 1.442604e+03 -1.781836e+03 1.000000e+00
2.354639e+01 1.996891e+03 -1.997106e+03 1.000000e+00
2.974006e+01 1.955111e+03 -1.382970e+03 1.000000e+00
3.330894e+01 2.251959e+03 -1.610586e+03 1.000000e+00
-1.117739e+01 -1.533887e+02 -1.939954e+03 1.000000e+00
-8.621382e+00 -7.759104e+01 -1.957768e+03 1.000000e+00
-3.825910e+00 4.127355e+02 -2.130150e+03 1.000000e+00
-1.461956e+00 5.212983e+02 -1.998812e+03 1.000000e+00
4.394349e+00 1.190256e+03 -2.190220e+03 1.000000e+00
1.221618e+01 1.447206e+03 -1.783962e+03 1.000000e+00
1.910560e+01 1.995485e+03 -1.989119e+03 1.000000e+00
2.236457e+01 1.957888e+03 -1.384068e+03 1.000000e+00
2.525981e+01 2.247024e+03 -1.597746e+03 1.000000e+00
-7.964534e+00 -1.449913e+02 -1.946593e+03 1.000000e+00
-6.397203e+00 -8.527907e+01 -1.956039e+03 1.000000e+00
-4.477170e+00 4.221777e+02 -2.136118e+03 1.000000e+00
-7.525776e-02 5.137674e+02 -1.994271e+03 1.000000e+00
3.801597e+00 1.200030e+03 -2.199102e+03 1.000000e+00
8.041987e+00 1.439741e+03 -1.771896e+03 1.000000e+00
1.096457e+01 2.003844e+03 -1.998841e+03 1.000000e+00
1.522127e+01 1.948993e+03 -1.367324e+03 1.000000e+00
1.750270e+01 2.253670e+03 -1.606100e+03 1.000000e+00
-5.049284e+00 -1.704981e+02 -1.940755e+03 1.000000e+00
-3.869983e+00 -5.975598e+01 -1.966694e+03 1.000000e+00
-2.523451e+00 3.998757e+02 -2.126388e+03 1.000000e+00
-1.460453e+00 5.387963e+02 -2.009833e+03 1.000000e+00
6.919033e-01 1.181059e+03 -2.176327e+03 1.000000e+00
3.347887e+00 1.463261e+03 -1.800052e+03 1.000000e+00
5.616378e+00 1.989297e+03 -1.965132e+03 1.000000e+00
8.092756e+00 1.968985e+03 -1.398338e+03 1.000000e+00
8.376127e+00 2.241142e+03 -1.565912e+03 1.000000e+00
0.000000e+00 -2.056074e+02 -1.930147e+03 1.000000e+00
0.000000e+00 -2.517732e+01 -1.980236e+03 1.000000e+00
0.000000e+00 3.681858e+02 -2.110872e+03 1.000000e+00
0.000000e+00 5.755358e+02 -2.033388e+03 1.000000e+00
0.000000e+00 1.153119e+03 -2.139952e+03 1.000000e+00
0.000000e+00 1.501337e+03 -1.844188e+03 1.000000e+00
0.000000e+00 1.967642e+03 -1.914063e+03 1.000000e+00
0.000000e+00 2.005719e+03 -1.452207e+03 1.000000e+00
0.000000e+00 2.221257e+03 -1.505375e+03 1.000000e+00
-1.686169e+01 -2.958136e+02 -1.775689e+03 1.000000e+00
-1.106249e+01 1.781377e+02 -1.955152e+03 1.000000e+00
-3.926677e+00 2.364271e+02 -1.887385e+03 1.000000e+00
4.784204e+00 7.436415e+02 -2.046324e+03 1.000000e+00
1.672724e+01 9.565392e+02 -1.757530e+03 1.000000e+00
2.918116e+01 1.605984e+03 -1.965923e+03 1.000000e+00
3.820559e+01 1.679809e+03 -1.424874e+03 1.000000e+00
4.421199e+01 2.056142e+03 -1.639814e+03 1.000000e+00
4.766226e+01 1.869904e+03 -9.504797e+02 1.000000e+00
-1.599324e+01 -2.922230e+02 -1.780520e+03 1.000000e+00
-1.167130e+01 1.803004e+02 -1.958755e+03 1.000000e+00
-4.278753e+00 2.402197e+02 -1.888577e+03 1.000000e+00
4.751445e+00 7.457123e+02 -2.047182e+03 1.000000e+00
1.558009e+01 9.589264e+02 -1.754880e+03 1.000000e+00
2.695395e+01 1.606942e+03 -1.962782e+03 1.000000e+00
3.626477e+01 1.677354e+03 -1.417117e+03 1.000000e+00
4.255273e+01 2.051861e+03 -1.632911e+03 1.000000e+00
4.515025e+01 1.863512e+03 -9.411229e+02 1.000000e+00
-1.517213e+01 -2.892219e+02 -1.784392e+03 1.000000e+00
-8.977710e+00 1.816117e+02 -1.961782e+03 1.000000e+00
-3.037035e+00 2.429861e+02 -1.890707e+03 1.000000e+00
4.381926e+00 7.464722e+02 -2.047198e+03 1.000000e+00
1.559018e+01 9.589651e+02 -1.753471e+03 1.000000e+00
2.712229e+01 1.604786e+03 -1.958507e+03 1.000000e+00
3.522172e+01 1.673250e+03 -1.411832e+03 1.000000e+00
4.099353e+01 2.046479e+03 -1.624154e+03 1.000000e+00
4.437520e+01 1.853518e+03 -9.346316e+02 1.000000e+00
-1.328358e+01 -2.885540e+02 -1.788293e+03 1.000000e+00
-1.017721e+01 1.848157e+02 -1.964169e+03 1.000000e+00
-3.882829e+00 2.438690e+02 -1.892841e+03 1.000000e+00
3.528903e+00 7.484719e+02 -2.047002e+03 1.000000e+00
1.222816e+01 9.593899e+02 -1.752879e+03 1.000000e+00
2.242890e+01 1.602781e+03 -1.953183e+03 1.000000e+00
2.993623e+01 1.671026e+03 -1.408986e+03 1.000000e+00
3.493443e+01 2.040879e+03 -1.615020e+03 1.000000e+00
3.794537e+01 1.846935e+03 -9.285237e+02 1.000000e+00
-1.146450e+01 -2.869600e+02 -1.791724e+03 1.000000e+00
-7.165954e+00 1.864488e+02 -1.966862e+03 1.000000e+00
-2.740491e+00 2.462497e+02 -1.893770e+03 1.000000e+00
2.800387e+00 7.494795e+02 -2.047676e+03 1.000000e+00
1.193815e+01 9.606945e+02 -1.751014e+03 1.000000e+00
1.974680e+01 1.603215e+03 -1.952097e+03 1.000000e+00
2.622285e+01 1.669426e+03 -1.402639e+03 1.000000e+00
3.152244e+01 2.036867e+03 -1.610648e+03 1.000000e+00
3.442414e+01 1.843257e+03 -9.197239e+02 1.000000e+00
-9.403105e+00 -2.842687e+02 -1.794494e+03 1.000000e+00
-6.443516e+00 1.854478e+02 -1.968305e+03 1.000000e+00
-2.485953e+00 2.494218e+02 -1.896052e+03 1.000000e+00
1.812600e+00 7.484105e+02 -2.046853e+03 1.000000e+00
6.214900e+00 9.620678e+02 -1.752493e+03 1.000000e+00
1.492819e+01 1.599723e+03 -1.946227e+03 1.000000e+00
2.039918e+01 1.669368e+03 -1.402980e+03 1.000000e+00
2.399577e+01 2.030920e+03 -1.600919e+03 1.000000e+00
2.463060e+01 1.839541e+03 -9.212186e+02 1.000000e+00
-6.585668e+00 -2.920652e+02 -1.793708e+03 1.000000e+00
-5.201033e+00 1.951205e+02 -1.973595e+03 1.000000e+00
-2.360928e+00 2.426776e+02 -1.892726e+03 1.000000e+00
3.066294e-01 7.587124e+02 -2.053239e+03 1.000000e+00
6.214561e+00 9.560136e+02 -1.742655e+03 1.000000e+00
9.261206e+00 1.609769e+03 -1.955371e+03 1.000000e+00
1.259384e+01 1.662424e+03 -1.388421e+03 1.000000e+00
1.536154e+01 2.039228e+03 -1.609893e+03 1.000000e+00
1.912477e+01 1.830276e+03 -9.016493e+02 1.000000e+00
-4.580846e+00 -2.681869e+02 -1.802938e+03 1.000000e+00
-2.985383e+00 1.723044e+02 -1.965146e+03 1.000000e+00
-1.637680e+00 2.674661e+02 -1.905585e+03 1.000000e+00
-3.525093e-01 7.379983e+02 -2.035703e+03 1.000000e+00
1.307468e+00 9.790159e+02 -1.768804e+03 1.000000e+00
3.488802e+00 1.592501e+03 -1.923144e+03 1.000000e+00
6.748957e+00 1.683017e+03 -1.420658e+03 1.000000e+00
8.088899e+00 2.024230e+03 -1.569119e+03 1.000000e+00
8.098241e+00 1.846886e+03 -9.386949e+02 1.000000e+00
0.000000e+00 -2.359414e+02 -1.814879e+03 1.000000e+00
0.000000e+00 1.401327e+02 -1.951514e+03 1.000000e+00
0.000000e+00 3.010748e+02 -1.923198e+03 1.000000e+00
0.000000e+00 7.087570e+02 -2.010858e+03 1.000000e+00
0.000000e+00 1.013301e+03 -1.807483e+03 1.000000e+00
0.000000e+00 1.566530e+03 -1.875125e+03 1.000000e+00
0.000000e+00 1.717444e+03 -1.471793e+03 1.000000e+00
0.000000e+00 2.002005e+03 -1.510913e+03 1.000000e+00
0.000000e+00 1.878856e+03 -1.001048e+03 1.000000e+00
-1.335515e+01 -3.483381e+01 -1.788642e+03 1.000000e+00
-7.323431e+00 3.427344e+01 -1.758333e+03 1.000000e+00
-1.782642e-02 4.707364e+02 -1.902533e+03 1.000000e+00
8.584580e+00 5.525282e+02 -1.720882e+03 1.000000e+00
2.012098e+01 1.133139e+03 -1.892595e+03 1.000000e+00
3.223273e+01 1.324133e+03 -1.432745e+03 1.000000e+00
4.081324e+01 1.774400e+03 -1.635974e+03 1.000000e+00
4.553865e+01 1.686156e+03 -1.003795e+03 1.000000e+00
4.741971e+01 1.897266e+03 -1.246076e+03 1.000000e+00
-1.207862e+01 -3.328708e+01 -1.792251e+03 1.000000e+00
-6.992340e+00 3.844838e+01 -1.760749e+03 1.000000e+00
-1.093788e-01 4.720507e+02 -1.903344e+03 1.000000e+00
9.317735e+00 5.549205e+02 -1.719720e+03 1.000000e+00
2.070702e+01 1.132916e+03 -1.891457e+03 1.000000e+00
3.149764e+01 1.321101e+03 -1.426927e+03 1.000000e+00
3.991718e+01 1.770582e+03 -1.630435e+03 1.000000e+00
4.552157e+01 1.679642e+03 -9.955566e+02 1.000000e+00
4.839981e+01 1.890593e+03 -1.238026e+03 1.000000e+00
-1.244618e+01 -3.236598e+01 -1.795504e+03 1.000000e+00
-6.905826e+00 4.103241e+01 -1.762601e+03 1.000000e+00
-2.480294e-01 4.728904e+02 -1.904267e+03 1.000000e+00
6.326613e+00 5.559327e+02 -1.719117e+03 1.000000e+00
1.674384e+01 1.132189e+03 -1.888437e+03 1.000000e+00
2.795177e+01 1.318527e+03 -1.423633e+03 1.000000e+00
3.567463e+01 1.766293e+03 -1.623135e+03 1.000000e+00
3.976648e+01 1.671672e+03 -9.905426e+02 1.000000e+00
4.012641e+01 1.882756e+03 -1.229113e+03 1.000000e+00
-9.599855e+00 -2.945801e+01 -1.798309e+03 1.000000e+00
-5.832928e+00 4.152288e+01 -1.764501e+03 1.000000e+00
-9.676390e-02 4.753641e+02 -1.904699e+03 1.000000e+00
8.106734e+00 5.558318e+02 -1.719013e+03 1.000000e+00
1.772614e+01 1.131911e+03 -1.885152e+03 1.000000e+00
2.677123e+01 1.316613e+03 -1.421232e+03 1.000000e+00
3.363894e+01 1.761288e+03 -1.616282e+03 1.000000e+00
3.867483e+01 1.666515e+03 -9.861581e+02 1.000000e+00
4.164621e+01 1.873770e+03 -1.220528e+03 1.000000e+00
-9.679407e+00 -2.840984e+01 -1.800492e+03 1.000000e+00
-5.263117e+00 4.394965e+01 -1.766303e+03 1.000000e+00
-6.119699e-01 4.762843e+02 -1.905130e+03 1.000000e+00
4.845702e+00 5.575278e+02 -1.717963e+03 1.000000e+00
1.247518e+01 1.130908e+03 -1.884639e+03 1.000000e+00
2.122106e+01 1.314859e+03 -1.416608e+03 1.000000e+00
2.681305e+01 1.757959e+03 -1.613290e+03 1.000000e+00
3.079734e+01 1.662623e+03 -9.783651e+02 1.000000e+00
3.178627e+01 1.866809e+03 -1.216256e+03 1.000000e+00
-6.813560e+00 -2.951693e+01 -1.802211e+03 1.000000e+00
-4.520269e+00 4.656218e+01 -1.767876e+03 1.000000e+00
-2.531686e-01 4.754922e+02 -1.905042e+03 1.000000e+00
3.719715e+00 5.593898e+02 -1.718800e+03 1.000000e+00
1.018359e+01 1.129557e+03 -1.880514e+03 1.000000e+00
1.623123e+01 1.315583e+03 -1.416957e+03 1.000000e+00
2.192710e+01 1.753490e+03 -1.605125e+03 1.000000e+00
2.454793e+01 1.659965e+03 -9.792241e+02 1.000000e+00
2.618443e+01 1.860187e+03 -1.205579e+03 1.000000e+00
-5.765727e+00 -2.084156e+01 -1.807188e+03 1.000000e+00
-3.112936e+00 3.970185e+01 -1.765285e+03 1.000000e+00
-8.035044e-01 4.853065e+02 -1.909721e+03 1.000000e+00
2.787398e+00 5.526573e+02 -1.712530e+03 1.000000e+00
6.325536e+00 1.138127e+03 -1.888332e+03 1.000000e+00
1.191285e+01 1.307876e+03 -1.403822e+03 1.000000e+00
1.369086e+01 1.760992e+03 -1.614731e+03 1.000000e+00
1.680008e+01 1.650677e+03 -9.619257e+02 1.000000e+00
1.782614e+01 1.865795e+03 -1.215334e+03 1.000000e+00
-3.035475e+00 -4.314849e+01 -1.799189e+03 1.000000e+00
-2.780642e+00 6.297750e+01 -1.777135e+03 1.000000e+00
-1.190379e+00 4.646693e+02 -1.896463e+03 1.000000e+00
5.419454e-01 5.764944e+02 -1.731398e+03 1.000000e+00
1.174508e+00 1.118818e+03 -1.858732e+03 1.000000e+00
3.515531e+00 1.329229e+03 -1.437054e+03 1.000000e+00
5.728263e+00 1.744842e+03 -1.574478e+03 1.000000e+00
8.047030e+00 1.669167e+03 -9.995687e+02 1.000000e+00
7.830156e+00 1.850850e+03 -1.169464e+03 1.000000e+00
0.000000e+00 -7.400568e+01 -1.787135e+03 1.000000e+00
0.000000e+00 9.444103e+01 -1.792700e+03 1.000000e+00
0.000000e+00 4.355275e+02 -1.877828e+03 1.000000e+00
0.000000e+00 6.094274e+02 -1.758020e+03 1.000000e+00
0.000000e+00 1.093600e+03 -1.817805e+03 1.000000e+00
0.000000e+00 1.363335e+03 -1.486028e+03 1.000000e+00
0.000000e+00 1.721797e+03 -1.517706e+03 1.000000e+00
0.000000e+00 1.702397e+03 -1.058685e+03 1.000000e+00
0.000000e+00 1.831522e+03 -1.104286e+03 1.000000e+00
-9.659672e+00 -1.546696e+02 -1.620486e+03 1.000000e+00
-3.622328e+00 2.629850e+02 -1.763541e+03 1.000000e+00
3.693455e+00 3.101532e+02 -1.646029e+03 1.000000e+00
1.222404e+01 7.391348e+02 -1.774977e+03 1.000000e+00
2.330517e+01 8.985810e+02 -1.434072e+03 1.000000e+00
3.461849e+01 1.428495e+03 -1.626967e+03 1.000000e+00
4.242587e+01 1.443932e+03 -1.053073e+03 1.000000e+00
4.639174e+01 1.723838e+03 -1.274699e+03 1.000000e+00
4.710088e+01 1.510157e+03 -5.994988e+02 1.000000e+00
-9.029639e+00 -1.525285e+02 -1.622836e+03 1.000000e+00
-3.452613e+00 2.628021e+02 -1.765099e+03 1.000000e+00
3.239964e+00 3.118692e+02 -1.645735e+03 1.000000e+00
1.179254e+01 7.372142e+02 -1.773293e+03 1.000000e+00
2.240129e+01 8.955450e+02 -1.431410e+03 1.000000e+00
3.227157e+01 1.423043e+03 -1.622204e+03 1.000000e+00
4.019641e+01 1.435690e+03 -1.046333e+03 1.000000e+00
4.472417e+01 1.714564e+03 -1.268204e+03 1.000000e+00
4.567835e+01 1.496623e+03 -5.928798e+02 1.000000e+00
-8.603299e+00 -1.496267e+02 -1.624678e+03 1.000000e+00
-2.985641e+00 2.643523e+02 -1.766355e+03 1.000000e+00
3.442575e+00 3.139509e+02 -1.645594e+03 1.000000e+00
1.105740e+01 7.379576e+02 -1.771493e+03 1.000000e+00
2.143328e+01 8.950068e+02 -1.429059e+03 1.000000e+00
3.272830e+01 1.420781e+03 -1.616624e+03 1.000000e+00
3.871731e+01 1.430355e+03 -1.042697e+03 1.000000e+00
4.218811e+01 1.709380e+03 -1.259896e+03 1.000000e+00
4.267237e+01 1.488826e+03 -5.894809e+02 1.000000e+00
-7.161381e+00 -1.492331e+02 -1.626681e+03 1.000000e+00
-3.035134e+00 2.672033e+02 -1.767260e+03 1.000000e+00
2.554439e+00 3.139689e+02 -1.645360e+03 1.000000e+00
9.582789e+00 7.388661e+02 -1.770061e+03 1.000000e+00
1.842503e+01 8.934377e+02 -1.425982e+03 1.000000e+00
2.680319e+01 1.417899e+03 -1.612504e+03 1.000000e+00
3.298190e+01 1.425856e+03 -1.038890e+03 1.000000e+00
3.679711e+01 1.701602e+03 -1.253152e+03 1.000000e+00
3.848558e+01 1.483304e+03 -5.844137e+02 1.000000e+00
-6.831064e+00 -1.479221e+02 -1.628708e+03 1.000000e+00
-2.847835e+00 2.669246e+02 -1.767751e+03 1.000000e+00
2.285530e+00 3.152887e+02 -1.645084e+03 1.000000e+00
8.048842e+00 7.371004e+02 -1.768618e+03 1.000000e+00
1.563153e+01 8.917219e+02 -1.423592e+03 1.000000e+00
2.336936e+01 1.413021e+03 -1.609636e+03 1.000000e+00
2.953699e+01 1.421075e+03 -1.032572e+03 1.000000e+00
3.210180e+01 1.693513e+03 -1.250182e+03 1.000000e+00
3.186522e+01 1.474449e+03 -5.774995e+02 1.000000e+00
-5.041500e+00 -1.448291e+02 -1.629835e+03 1.000000e+00
-1.624184e+00 2.674343e+02 -1.768131e+03 1.000000e+00
1.185194e+00 3.181631e+02 -1.645553e+03 1.000000e+00
6.179991e+00 7.378112e+02 -1.766132e+03 1.000000e+00
1.194291e+01 8.938239e+02 -1.423839e+03 1.000000e+00
1.889896e+01 1.411490e+03 -1.603206e+03 1.000000e+00
2.164680e+01 1.420949e+03 -1.033000e+03 1.000000e+00
2.542762e+01 1.690600e+03 -1.240553e+03 1.000000e+00
2.660406e+01 1.472947e+03 -5.799949e+02 1.000000e+00
-4.173238e+00 -1.523197e+02 -1.627492e+03 1.000000e+00
-2.756733e+00 2.757742e+02 -1.772559e+03 1.000000e+00
8.410774e-01 3.106710e+02 -1.640636e+03 1.000000e+00
2.933665e+00 7.456584e+02 -1.772012e+03 1.000000e+00
6.940479e+00 8.854366e+02 -1.411739e+03 1.000000e+00
1.049559e+01 1.417794e+03 -1.613017e+03 1.000000e+00
1.445070e+01 1.410629e+03 -1.017604e+03 1.000000e+00
1.487110e+01 1.694589e+03 -1.251104e+03 1.000000e+00
1.577411e+01 1.461064e+03 -5.607122e+02 1.000000e+00
-2.355448e+00 -1.305797e+02 -1.638262e+03 1.000000e+00
-7.919906e-01 2.556496e+02 -1.761041e+03 1.000000e+00
-3.186633e-01 3.331826e+02 -1.655135e+03 1.000000e+00
1.593817e+00 7.264753e+02 -1.750248e+03 1.000000e+00
3.723878e+00 9.074404e+02 -1.443178e+03 1.000000e+00
4.243593e+00 1.399789e+03 -1.573567e+03 1.000000e+00
7.034568e+00 1.430142e+03 -1.055895e+03 1.000000e+00
8.992357e+00 1.678271e+03 -1.205538e+03 1.000000e+00
9.761932e+00 1.476532e+03 -6.048351e+02 1.000000e+00
0.000000e+00 -1.013422e+02 -1.651531e+03 1.000000e+00
0.000000e+00 2.287169e+02 -1.745627e+03 1.000000e+00
0.000000e+00 3.645053e+02 -1.674859e+03 1.000000e+00
0.000000e+00 7.015216e+02 -1.721059e+03 1.000000e+00
0.000000e+00 9.403516e+02 -1.487446e+03 1.000000e+00
0.000000e+00 1.377643e+03 -1.520298e+03 1.000000e+00
0.000000e+00 1.463844e+03 -1.112307e+03 1.000000e+00
0.000000e+00 1.658413e+03 -1.141442e+03 1.000000e+00
0.000000e+00 1.507873e+03 -6.722432e+02 1.000000e+00
-5.879161e+00 6.443879e+01 -1.621591e+03 1.000000e+00
1.180300e-01 1.278215e+02 -1.544845e+03 1.000000e+00
7.168063e+00 4.942724e+02 -1.655726e+03 1.000000e+00
1.542296e+01 5.471412e+02 -1.431643e+03 1.000000e+00
2.606375e+01 1.017401e+03 -1.587253e+03 1.000000e+00
3.620862e+01 1.137271e+03 -1.092800e+03 1.000000e+00
4.296115e+01 1.485101e+03 -1.303081e+03 1.000000e+00
4.630625e+01 1.363340e+03 -6.733975e+02 1.000000e+00
4.625793e+01 1.510575e+03 -9.444921e+02 1.000000e+00
-5.936215e+00 6.558513e+01 -1.624138e+03 1.000000e+00
-2.883897e-01 1.308553e+02 -1.544437e+03 1.000000e+00
6.924917e+00 4.951035e+02 -1.655082e+03 1.000000e+00
1.426263e+01 5.484210e+02 -1.429474e+03 1.000000e+00
2.456279e+01 1.016734e+03 -1.583227e+03 1.000000e+00
3.462374e+01 1.135350e+03 -1.088622e+03 1.000000e+00
4.070892e+01 1.480717e+03 -1.296970e+03 1.000000e+00
4.333446e+01 1.355828e+03 -6.682809e+02 1.000000e+00
4.274710e+01 1.503993e+03 -9.390038e+02 1.000000e+00
-4.596094e+00 6.641965e+01 -1.625804e+03 1.000000e+00
6.129427e-01 1.319967e+02 -1.544545e+03 1.000000e+00
6.613591e+00 4.951214e+02 -1.653851e+03 1.000000e+00
1.434646e+01 5.472996e+02 -1.427837e+03 1.000000e+00
2.390999e+01 1.013587e+03 -1.578922e+03 1.000000e+00
3.276676e+01 1.128758e+03 -1.085811e+03 1.000000e+00
3.939717e+01 1.474243e+03 -1.289807e+03 1.000000e+00
4.286937e+01 1.346143e+03 -6.653989e+02 1.000000e+00
4.353699e+01 1.494756e+03 -9.318097e+02 1.000000e+00
-5.299149e+00 6.839782e+01 -1.626106e+03 1.000000e+00
-1.777696e-01 1.319751e+02 -1.545135e+03 1.000000e+00
5.253428e+00 4.962442e+02 -1.652610e+03 1.000000e+00
1.153944e+01 5.461145e+02 -1.425596e+03 1.000000e+00
2.001199e+01 1.011256e+03 -1.575868e+03 1.000000e+00
2.911546e+01 1.123817e+03 -1.081483e+03 1.000000e+00
3.343966e+01 1.467991e+03 -1.285820e+03 1.000000e+00
3.511657e+01 1.340065e+03 -6.605112e+02 1.000000e+00
3.524767e+01 1.484595e+03 -9.262625e+02 1.000000e+00
-3.602106e+00 6.900467e+01 -1.626919e+03 1.000000e+00
-3.886086e-02 1.346726e+02 -1.545066e+03 1.000000e+00
4.779474e+00 4.962905e+02 -1.651618e+03 1.000000e+00
1.074335e+01 5.478402e+02 -1.423404e+03 1.000000e+00
1.795801e+01 1.010083e+03 -1.573300e+03 1.000000e+00
2.461153e+01 1.123802e+03 -1.077418e+03 1.000000e+00
2.973732e+01 1.463088e+03 -1.282458e+03 1.000000e+00
3.304083e+01 1.336375e+03 -6.547772e+02 1.000000e+00
3.294965e+01 1.479694e+03 -9.232827e+02 1.000000e+00
-3.208780e+00 6.841335e+01 -1.627767e+03 1.000000e+00
-4.232349e-01 1.355177e+02 -1.545184e+03 1.000000e+00
3.275347e+00 4.953347e+02 -1.650183e+03 1.000000e+00
6.769783e+00 5.473519e+02 -1.422995e+03 1.000000e+00
1.282376e+01 1.006040e+03 -1.568814e+03 1.000000e+00
1.827192e+01 1.119556e+03 -1.077365e+03 1.000000e+00
2.293340e+01 1.457104e+03 -1.274029e+03 1.000000e+00
2.342320e+01 1.330179e+03 -6.566137e+02 1.000000e+00
2.404165e+01 1.470754e+03 -9.140056e+02 1.000000e+00
-2.979141e+00 7.655262e+01 -1.631609e+03 1.000000e+00
-2.498700e-01 1.294877e+02 -1.541022e+03 1.000000e+00
1.575700e+00 5.043010e+02 -1.654431e+03 1.000000e+00
5.316559e+00 5.415597e+02 -1.414843e+03 1.000000e+00
8.662768e+00 1.014846e+03 -1.576920e+03 1.000000e+00
1.318191e+01 1.112803e+03 -1.062877e+03 1.000000e+00
1.403984e+01 1.464475e+03 -1.285553e+03 1.000000e+00
1.694256e+01 1.322280e+03 -6.386241e+02 1.000000e+00
1.693832e+01 1.476350e+03 -9.271251e+02 1.000000e+00
-9.174368e-01 5.721995e+01 -1.621179e+03 1.000000e+00
-7.950323e-01 1.504806e+02 -1.554046e+03 1.000000e+00
4.424664e-01 4.856830e+02 -1.638230e+03 1.000000e+00
1.882959e+00 5.628368e+02 -1.436192e+03 1.000000e+00
2.024795e+00 9.970590e+02 -1.542182e+03 1.000000e+00
4.068183e+00 1.133638e+03 -1.102031e+03 1.000000e+00
6.201923e+00 1.446671e+03 -1.239675e+03 1.000000e+00
7.449685e+00 1.339280e+03 -6.832669e+02 1.000000e+00
7.251154e+00 1.461914e+03 -8.756095e+02 1.000000e+00
0.000000e+00 3.012239e+01 -1.607250e+03 1.000000e+00
0.000000e+00 1.770323e+02 -1.571176e+03 1.000000e+00
0.000000e+00 4.598022e+02 -1.617234e+03 1.000000e+00
0.000000e+00 5.905156e+02 -1.465703e+03 1.000000e+00
0.000000e+00 9.711353e+02 -1.496594e+03 1.000000e+00
0.000000e+00 1.162026e+03 -1.156126e+03 1.000000e+00
0.000000e+00 1.422892e+03 -1.177670e+03 1.000000e+00
0.000000e+00 1.365539e+03 -7.489198e+02 1.000000e+00
0.000000e+00 1.438226e+03 -8.042394e+02 1.000000e+00
-2.381937e+00 -4.363916e+01 -1.433190e+03 1.000000e+00
3.696592e+00 3.074973e+02 -1.544452e+03 1.000000e+00
1.021682e+01 3.393984e+02 -1.384540e+03 1.000000e+00
1.788605e+01 6.815464e+02 -1.493018e+03 1.000000e+00
2.768159e+01 7.835966e+02 -1.122308e+03 1.000000e+00
3.691785e+01 1.195079e+03 -1.320201e+03 1.000000e+00
4.241912e+01 1.164329e+03 -7.419755e+02 1.000000e+00
4.475518e+01 1.369795e+03 -9.908082e+02 1.000000e+00
4.405009e+01 1.154295e+03 -3.471667e+02 1.000000e+00
-2.211156e+00 -4.162523e+01 -1.433406e+03 1.000000e+00
4.003736e+00 3.080209e+02 -1.544119e+03 1.000000e+00
1.029484e+01 3.398493e+02 -1.383079e+03 1.000000e+00
1.805984e+01 6.801998e+02 -1.489902e+03 1.000000e+00
2.758598e+01 7.804637e+02 -1.119624e+03 1.000000e+00
3.651264e+01 1.188249e+03 -1.314550e+03 1.000000e+00
4.185445e+01 1.156492e+03 -7.382923e+02 1.000000e+00
4.377198e+01 1.361985e+03 -9.851259e+02 1.000000e+00
4.440560e+01 1.146764e+03 -3.420699e+02 1.000000e+00
-2.297013e+00 -4.040177e+01 -1.433672e+03 1.000000e+00
2.901694e+00 3.088885e+02 -1.543536e+03 1.000000e+00
8.479449e+00 3.397787e+02 -1.381709e+03 1.000000e+00
1.512097e+01 6.793376e+02 -1.486298e+03 1.000000e+00
2.338067e+01 7.774323e+02 -1.117407e+03 1.000000e+00
3.185889e+01 1.184410e+03 -1.308581e+03 1.000000e+00
3.692497e+01 1.148928e+03 -7.356683e+02 1.000000e+00
3.920024e+01 1.354631e+03 -9.788075e+02 1.000000e+00
3.731787e+01 1.137609e+03 -3.407467e+02 1.000000e+00
-1.628872e+00 -3.979004e+01 -1.434477e+03 1.000000e+00
3.146970e+00 3.100110e+02 -1.542633e+03 1.000000e+00
8.962734e+00 3.396702e+02 -1.379945e+03 1.000000e+00
1.506027e+01 6.787526e+02 -1.484058e+03 1.000000e+00
2.313537e+01 7.745972e+02 -1.113090e+03 1.000000e+00
3.114790e+01 1.179987e+03 -1.305566e+03 1.000000e+00
3.570976e+01 1.143480e+03 -7.305560e+02 1.000000e+00
3.700714e+01 1.346980e+03 -9.756952e+02 1.000000e+00
3.694433e+01 1.130151e+03 -3.378381e+02 1.000000e+00
-1.604486e+00 -3.767342e+01 -1.435095e+03 1.000000e+00
2.244105e+00 3.093436e+02 -1.541671e+03 1.000000e+00
6.108696e+00 3.407788e+02 -1.378574e+03 1.000000e+00
1.149654e+01 6.765551e+02 -1.481412e+03 1.000000e+00
1.841597e+01 7.729970e+02 -1.110250e+03 1.000000e+00
2.417416e+01 1.172972e+03 -1.302317e+03 1.000000e+00
2.813462e+01 1.139202e+03 -7.265791e+02 1.000000e+00
3.016609e+01 1.339449e+03 -9.716730e+02 1.000000e+00
3.065905e+01 1.124271e+03 -3.329400e+02 1.000000e+00
-1.881378e+00 -3.651071e+01 -1.434882e+03 1.000000e+00
1.683966e+00 3.100325e+02 -1.540945e+03 1.000000e+00
4.662112e+00 3.415038e+02 -1.377822e+03 1.000000e+00
8.895626e+00 6.763824e+02 -1.477983e+03 1.000000e+00
1.309226e+01 7.731179e+02 -1.109924e+03 1.000000e+00
1.974039e+01 1.171692e+03 -1.295630e+03 1.000000e+00
2.307674e+01 1.136139e+03 -7.273356e+02 1.000000e+00
2.411502e+01 1.335120e+03 -9.636267e+02 1.000000e+00
2.189530e+01 1.120562e+03 -3.360185e+02 1.000000e+00
-5.729334e-01 -4.273280e+01 -1.431308e+03 1.000000e+00
8.618062e-01 3.174397e+02 -1.544379e+03 1.000000e+00
3.727229e+00 3.350674e+02 -1.371671e+03 1.000000e+00
5.756802e+00 6.836753e+02 -1.484078e+03 1.000000e+00
1.059062e+01 7.648153e+02 -1.096557e+03 1.000000e+00
1.260879e+01 1.176616e+03 -1.306585e+03 1.000000e+00
1.530650e+01 1.126780e+03 -7.104709e+02 1.000000e+00
1.620669e+01 1.339032e+03 -9.767747e+02 1.000000e+00
1.860828e+01 1.110425e+03 -3.170174e+02 1.000000e+00
-1.163878e+00 -2.372149e+01 -1.442965e+03 1.000000e+00
1.542602e-01 2.996790e+02 -1.530472e+03 1.000000e+00
4.501826e-01 3.547351e+02 -1.387532e+03 1.000000e+00
1.555909e+00 6.665760e+02 -1.459133e+03 1.000000e+00
3.080804e+00 7.845079e+02 -1.131656e+03 1.000000e+00
4.082895e+00 1.159494e+03 -1.262415e+03 1.000000e+00
6.031980e+00 1.145496e+03 -7.555561e+02 1.000000e+00
6.040648e+00 1.322694e+03 -9.250248e+02 1.000000e+00
5.700702e+00 1.124983e+03 -3.672634e+02 1.000000e+00
0.000000e+00 1.355235e+00 -1.457698e+03 1.000000e+00
0.000000e+00 2.769522e+02 -1.512981e+03 1.000000e+00
0.000000e+00 3.816095e+02 -1.408870e+03 1.000000e+00
0.000000e+00 6.454212e+02 -1.427256e+03 1.000000e+00
0.000000e+00 8.149423e+02 -1.179410e+03 1.000000e+00
0.000000e+00 1.141128e+03 -1.203860e+03 1.000000e+00
0.000000e+00 1.175778e+03 -8.181817e+02 1.000000e+00
0.000000e+00 1.304918e+03 -8.566693e+02 1.000000e+00
0.000000e+00 1.153868e+03 -4.395989e+02 1.000000e+00
9.861677e-01 1.302385e+02 -1.430466e+03 1.000000e+00
6.830023e+00 1.818019e+02 -1.311003e+03 1.000000e+00
1.308196e+01 4.736979e+02 -1.399307e+03 1.000000e+00
1.971692e+01 4.980176e+02 -1.145175e+03 1.000000e+00
2.878794e+01 8.575759e+02 -1.299905e+03 1.000000e+00
3.702135e+01 9.178901e+02 -7.973093e+02 1.000000e+00
4.160015e+01 1.176368e+03 -1.032470e+03 1.000000e+00
4.289093e+01 1.040796e+03 -4.254403e+02 1.000000e+00
4.160975e+01 1.151811e+03 -7.321652e+02 1.000000e+00
1.222002e+00 1.307066e+02 -1.431439e+03 1.000000e+00
5.967467e+00 1.813040e+02 -1.309397e+03 1.000000e+00
1.249729e+01 4.728685e+02 -1.396932e+03 1.000000e+00
1.931608e+01 4.958728e+02 -1.142522e+03 1.000000e+00
2.732135e+01 8.525150e+02 -1.295515e+03 1.000000e+00
3.437778e+01 9.113231e+02 -7.942855e+02 1.000000e+00
3.928270e+01 1.167875e+03 -1.026312e+03 1.000000e+00
4.176576e+01 1.032003e+03 -4.224462e+02 1.000000e+00
3.946235e+01 1.138852e+03 -7.291384e+02 1.000000e+00
7.630560e-01 1.318618e+02 -1.430914e+03 1.000000e+00
6.925979e+00 1.817549e+02 -1.308462e+03 1.000000e+00
1.196199e+01 4.732819e+02 -1.394271e+03 1.000000e+00
1.775138e+01 4.942989e+02 -1.140349e+03 1.000000e+00
2.669120e+01 8.500765e+02 -1.290003e+03 1.000000e+00
3.501034e+01 9.057020e+02 -7.922223e+02 1.000000e+00
3.838787e+01 1.162130e+03 -1.020631e+03 1.000000e+00
3.871379e+01 1.024708e+03 -4.204714e+02 1.000000e+00
3.878440e+01 1.132454e+03 -7.244851e+02 1.000000e+00
7.930071e-01 1.328304e+02 -1.429771e+03 1.000000e+00
5.038949e+00 1.825825e+02 -1.307553e+03 1.000000e+00
1.009354e+01 4.728981e+02 -1.392135e+03 1.000000e+00
1.596747e+01 4.928767e+02 -1.137000e+03 1.000000e+00
2.245430e+01 8.475175e+02 -1.286995e+03 1.000000e+00
2.855358e+01 9.011984e+02 -7.873536e+02 1.000000e+00
3.315068e+01 1.155473e+03 -1.018528e+03 1.000000e+00
3.410559e+01 1.017555e+03 -4.163385e+02 1.000000e+00
3.328155e+01 1.126931e+03 -7.209352e+02 1.000000e+00
3.430354e-01 1.317987e+02 -1.429438e+03 1.000000e+00
4.471508e+00 1.837600e+02 -1.306348e+03 1.000000e+00
8.487015e+00 4.710273e+02 -1.389896e+03 1.000000e+00
1.294050e+01 4.927300e+02 -1.134122e+03 1.000000e+00
1.944847e+01 8.426351e+02 -1.284288e+03 1.000000e+00
2.519910e+01 8.979323e+02 -7.838925e+02 1.000000e+00
2.855116e+01 1.148301e+03 -1.014335e+03 1.000000e+00
2.982560e+01 1.012013e+03 -4.137089e+02 1.000000e+00
2.771994e+01 1.116539e+03 -7.181931e+02 1.000000e+00
8.414183e-01 1.327245e+02 -1.428743e+03 1.000000e+00
3.626638e+00 1.846953e+02 -1.305537e+03 1.000000e+00
6.844825e+00 4.718003e+02 -1.387628e+03 1.000000e+00
1.010608e+01 4.927931e+02 -1.133088e+03 1.000000e+00
1.574770e+01 8.417123e+02 -1.278980e+03 1.000000e+00
2.019090e+01 8.949645e+02 -7.842295e+02 1.000000e+00
2.316368e+01 1.145224e+03 -1.007445e+03 1.000000e+00
2.397862e+01 1.009229e+03 -4.148998e+02 1.000000e+00
2.531643e+01 1.114050e+03 -7.101707e+02 1.000000e+00
-7.385582e-01 1.393535e+02 -1.431927e+03 1.000000e+00
1.734002e+00 1.787057e+02 -1.300327e+03 1.000000e+00
3.231621e+00 4.781751e+02 -1.391269e+03 1.000000e+00
6.123534e+00 4.861317e+02 -1.124178e+03 1.000000e+00
7.795858e+00 8.478641e+02 -1.287755e+03 1.000000e+00
1.188579e+01 8.870226e+02 -7.684127e+02 1.000000e+00
1.314371e+01 1.149162e+03 -1.020107e+03 1.000000e+00
1.396005e+01 9.992631e+02 -3.966865e+02 1.000000e+00
1.150613e+01 1.116662e+03 -7.250101e+02 1.000000e+00
1.041227e+00 1.225891e+02 -1.419394e+03 1.000000e+00
1.187608e+00 1.967248e+02 -1.314338e+03 1.000000e+00
2.063289e+00 4.621127e+02 -1.372823e+03 1.000000e+00
3.634349e+00 5.045736e+02 -1.147643e+03 1.000000e+00
4.916207e+00 8.318992e+02 -1.248999e+03 1.000000e+00
6.411332e+00 9.049037e+02 -8.120143e+02 1.000000e+00
7.513601e+00 1.133650e+03 -9.692403e+02 1.000000e+00
8.827294e+00 1.015885e+03 -4.475303e+02 1.000000e+00
9.295744e+00 1.101141e+03 -6.690577e+02 1.000000e+00
0.000000e+00 1.012182e+02 -1.403660e+03 1.000000e+00
0.000000e+00 2.205828e+02 -1.332959e+03 1.000000e+00
0.000000e+00 4.418118e+02 -1.349942e+03 1.000000e+00
0.000000e+00 5.298315e+02 -1.179336e+03 1.000000e+00
0.000000e+00 8.122272e+02 -1.199539e+03 1.000000e+00
0.000000e+00 9.305440e+02 -8.710009e+02 1.000000e+00
0.000000e+00 1.114836e+03 -9.032598e+02 1.000000e+00
0.000000e+00 1.043009e+03 -5.165848e+02 1.000000e+00
0.000000e+00 1.085249e+03 -5.935443e+02 1.000000e+00
4.081816e+00 3.276404e+01 -1.229003e+03 1.000000e+00
9.707991e+00 3.100301e+02 -1.315837e+03 1.000000e+00
1.527271e+01 3.251064e+02 -1.124324e+03 1.000000e+00
2.143056e+01 5.834708e+02 -1.225242e+03 1.000000e+00
2.912317e+01 6.349800e+02 -8.412228e+02 1.000000e+00
3.639771e+01 9.355414e+02 -1.059284e+03 1.000000e+00
4.011390e+01 8.798755e+02 -4.966759e+02 1.000000e+00
4.071080e+01 1.032035e+03 -7.795158e+02 1.000000e+00
3.896848e+01 8.378773e+02 -1.729886e+02 1.000000e+00
3.618352e+00 3.311174e+01 -1.228292e+03 1.000000e+00
9.187331e+00 3.116763e+02 -1.313661e+03 1.000000e+00
1.433983e+01 3.246144e+02 -1.122393e+03 1.000000e+00
2.077489e+01 5.822246e+02 -1.220546e+03 1.000000e+00
2.819772e+01 6.334023e+02 -8.392911e+02 1.000000e+00
3.489086e+01 9.315462e+02 -1.053470e+03 1.000000e+00
3.876501e+01 8.755483e+02 -4.940757e+02 1.000000e+00
3.839312e+01 1.023935e+03 -7.762256e+02 1.000000e+00
3.629874e+01 8.340787e+02 -1.709491e+02 1.000000e+00
3.900258e+00 3.316912e+01 -1.227322e+03 1.000000e+00
9.127079e+00 3.119097e+02 -1.311481e+03 1.000000e+00
1.401287e+01 3.229852e+02 -1.120479e+03 1.000000e+00
1.948580e+01 5.804914e+02 -1.215998e+03 1.000000e+00
2.608241e+01 6.286122e+02 -8.373624e+02 1.000000e+00
3.298767e+01 9.253647e+02 -1.047551e+03 1.000000e+00
3.604060e+01 8.679789e+02 -4.925109e+02 1.000000e+00
3.795260e+01 1.016095e+03 -7.711462e+02 1.000000e+00
3.695560e+01 8.252132e+02 -1.703872e+02 1.000000e+00
3.074423e+00 3.389914e+01 -1.226057e+03 1.000000e+00
7.244637e+00 3.111004e+02 -1.310139e+03 1.000000e+00
1.187492e+01 3.227613e+02 -1.117090e+03 1.000000e+00
1.695189e+01 5.784534e+02 -1.214047e+03 1.000000e+00
2.348391e+01 6.247858e+02 -8.315789e+02 1.000000e+00
2.937579e+01 9.194461e+02 -1.045989e+03 1.000000e+00
3.181261e+01 8.613155e+02 -4.881072e+02 1.000000e+00
3.197892e+01 1.010215e+03 -7.686939e+02 1.000000e+00
3.012317e+01 8.164032e+02 -1.672361e+02 1.000000e+00
2.512828e+00 3.609288e+01 -1.225935e+03 1.000000e+00
6.680489e+00 3.108558e+02 -1.307607e+03 1.000000e+00
1.040927e+01 3.244857e+02 -1.115225e+03 1.000000e+00
1.452281e+01 5.761833e+02 -1.210324e+03 1.000000e+00
1.996012e+01 6.254057e+02 -8.289688e+02 1.000000e+00
2.503906e+01 9.159094e+02 -1.041942e+03 1.000000e+00
2.822067e+01 8.588636e+02 -4.857517e+02 1.000000e+00
2.885490e+01 1.004390e+03 -7.656740e+02 1.000000e+00
2.727925e+01 8.149463e+02 -1.661356e+02 1.000000e+00
1.932979e+00 3.583435e+01 -1.225295e+03 1.000000e+00
4.818856e+00 3.106417e+02 -1.305613e+03 1.000000e+00
6.980671e+00 3.230291e+02 -1.114042e+03 1.000000e+00
1.088754e+01 5.748459e+02 -1.206059e+03 1.000000e+00
1.398104e+01 6.213225e+02 -8.290156e+02 1.000000e+00
1.882527e+01 9.113411e+02 -1.035403e+03 1.000000e+00
2.025390e+01 8.531055e+02 -4.868608e+02 1.000000e+00
2.171991e+01 9.979404e+02 -7.581857e+02 1.000000e+00
2.081526e+01 8.068799e+02 -1.697312e+02 1.000000e+00
1.265842e+00 3.058720e+01 -1.220089e+03 1.000000e+00
3.105234e+00 3.175269e+02 -1.309384e+03 1.000000e+00
5.796403e+00 3.181267e+02 -1.106540e+03 1.000000e+00
6.995203e+00 5.817259e+02 -1.212367e+03 1.000000e+00
1.143681e+01 6.154946e+02 -8.141029e+02 1.000000e+00
1.357917e+01 9.171010e+02 -1.048101e+03 1.000000e+00
1.550613e+01 8.463723e+02 -4.690981e+02 1.000000e+00
1.486132e+01 1.003711e+03 -7.728541e+02 1.000000e+00
1.478233e+01 8.006804e+02 -1.497313e+02 1.000000e+00
4.750694e-01 4.647614e+01 -1.232798e+03 1.000000e+00
1.496870e+00 3.026719e+02 -1.293174e+03 1.000000e+00
1.818179e+00 3.349684e+02 -1.124103e+03 1.000000e+00
2.608328e+00 5.670823e+02 -1.184658e+03 1.000000e+00
4.218737e+00 6.322202e+02 -8.528013e+02 1.000000e+00
4.098215e+00 9.029313e+02 -9.995587e+02 1.000000e+00
5.643060e+00 8.622204e+02 -5.182412e+02 1.000000e+00
6.301518e+00 9.888056e+02 -7.178244e+02 1.000000e+00
6.214328e+00 8.161310e+02 -2.046359e+02 1.000000e+00
0.000000e+00 6.606428e+01 -1.249410e+03 1.000000e+00
0.000000e+00 2.822897e+02 -1.273482e+03 1.000000e+00
0.000000e+00 3.557000e+02 -1.147485e+03 1.000000e+00
0.000000e+00 5.472368e+02 -1.149932e+03 1.000000e+00
0.000000e+00 6.529472e+02 -9.048193e+02 1.000000e+00
0.000000e+00 8.834922e+02 -9.369462e+02 1.000000e+00
0.000000e+00 8.839183e+02 -5.845452e+02 1.000000e+00
0.000000e+00 9.676125e+02 -6.453368e+02 1.000000e+00
0.000000e+00 8.335605e+02 -2.801743e+02 1.000000e+00
