0 729 0.00000e+00
  1     729
8.650517e+00 9.547835e+03 -1.417588e+02 8.571537e-01
7.232794e+00 9.773375e+03 -6.938662e+01 7.399081e-01
5.892362e+00 9.720111e+03 -6.087877e+01 5.967547e-01
4.410490e+00 9.933149e+03 2.040409e+00 4.469133e-01
3.071651e+00 9.879683e+03 -2.442667e+01 3.077485e-01
1.920789e+00 1.005156e+04 4.489264e+01 1.891254e-01
1.022070e+00 9.996678e+03 -1.012211e+01 9.748217e-02
3.729231e-01 1.010647e+04 7.276279e+01 3.527858e-02
0.000000e+00 1.009424e+04 0.000000e+00 0.000000e+00
7.723699e+00 9.557164e+03 -1.379578e+02 8.571537e-01
6.694344e+00 9.775637e+03 -6.764793e+01 7.399081e-01
5.538156e+00 9.726127e+03 -5.944157e+01 5.967547e-01
4.121395e+00 9.933448e+03 8.316032e-01 4.469133e-01
2.770070e+00 9.882753e+03 -2.486199e+01 3.077485e-01
1.673189e+00 1.005356e+04 4.324858e+01 1.891254e-01
8.135658e-01 9.997418e+03 -1.133122e+01 9.748217e-02
2.050231e-01 1.011013e+04 7.021577e+01 3.527858e-02
0.000000e+00 1.009424e+04 0.000000e+00 0.000000e+00
5.640436e+00 9.562866e+03 -1.364445e+02 8.571537e-01
5.005211e+00 9.782383e+03 -6.695920e+01 7.399081e-01
4.252698e+00 9.729626e+03 -5.874174e+01 5.967547e-01
3.389195e+00 9.936720e+03 3.571330e-01 4.469133e-01
2.478892e+00 9.883497e+03 -2.519254e+01 3.077485e-01
1.549973e+00 1.005430e+04 4.212156e+01 1.891254e-01
8.844935e-01 9.997297e+03 -1.214489e+01 9.748217e-02
3.649025e-01 1.011108e+04 6.779398e+01 3.527858e-02
0.000000e+00 1.009424e+04 0.000000e+00 0.000000e+00
7.021452e+00 9.570503e+03 -1.359768e+02 8.571537e-01
5.796783e+00 9.789417e+03 -6.695448e+01 7.399081e-01
4.533029e+00 9.734538e+03 -5.932608e+01 5.967547e-01
3.204933e+00 9.940925e+03 1.017510e+00 4.469133e-01
2.224763e+00 9.886754e+03 -2.500913e+01 3.077485e-01
1.356038e+00 1.005290e+04 4.292406e+01 1.891254e-01
6.267102e-01 9.999506e+03 -1.081503e+01 9.748217e-02
2.626747e-01 1.010598e+04 7.061732e+01 3.527858e-02
0.000000e+00 1.009424e+04 0.000000e+00 0.000000e+00
8.552885e+00 9.577670e+03 -1.318990e+02 8.571537e-01
6.915938e+00 9.792825e+03 -6.514333e+01 7.399081e-01
5.604494e+00 9.738388e+03 -5.796180e+01 5.967547e-01
4.164704e+00 9.943944e+03 7.595803e-01 4.469133e-01
2.761032e+00 9.887740e+03 -2.507047e+01 3.077485e-01
1.725799e+00 1.005725e+04 4.299290e+01 1.891254e-01
8.744474e-01 9.997662e+03 -1.104569e+01 9.748217e-02
2.542392e-01 1.011082e+04 7.159053e+01 3.527858e-02
0.000000e+00 1.009424e+04 0.000000e+00 0.000000e+00
7.199273e+00 9.582233e+03 -1.268693e+02 8.571537e-01
5.860658e+00 9.794015e+03 -6.268923e+01 7.399081e-01
4.890463e+00 9.742909e+03 -5.421858e+01 5.967547e-01
3.878296e+00 9.943704e+03 1.649149e+00 4.469133e-01
2.871982e+00 9.889610e+03 -2.296063e+01 3.077485e-01
1.867800e+00 1.005648e+04 4.367190e+01 1.891254e-01
1.166453e+00 9.998692e+03 -8.826644e+00 9.748217e-02
4.941744e-01 1.011215e+04 7.007447e+01 3.527858e-02
0.000000e+00 1.009424e+04 0.000000e+00 0.000000e+00
3.576523e+00 9.582651e+03 -1.260053e+02 8.571537e-01
3.493622e+00 9.799884e+03 -6.097353e+01 7.399081e-01
2.881945e+00 9.744671e+03 -5.370730e+01 5.967547e-01
2.132413e+00 9.946641e+03 3.797707e+00 4.469133e-01
1.691937e+00 9.892512e+03 -2.155893e+01 3.077485e-01
1.171260e+00 1.005483e+04 4.558058e+01 1.891254e-01
5.432317e-01 1.000383e+04 -6.695731e+00 9.748217e-02
2.280180e-01 1.010479e+04 7.458056e+01 3.527858e-02
0.000000e+00 1.009424e+04 0.000000e+00 0.000000e+00
1.590233e+00 9.588338e+03 -1.271470e+02 8.571537e-01
1.320926e+00 9.813943e+03 -6.258213e+01 7.399081e-01
1.168801e+00 9.746249e+03 -5.496516e+01 5.967547e-01
7.768407e-01 9.956311e+03 3.093092e+00 4.469133e-01
2.605429e-01 9.891104e+03 -2.321477e+01 3.077485e-01
-1.185122e-01 1.006162e+04 4.552370e+01 1.891254e-01
-1.222718e-01 1.000061e+04 -8.306349e+00 9.748217e-02
-1.086792e-01 1.010740e+04 7.705058e+01 3.527858e-02
0.000000e+00 1.009424e+04 0.000000e+00 0.000000e+00
0.000000e+00 9.620794e+03 -1.266640e+02 8.571537e-01
0.000000e+00 9.841733e+03 -6.483103e+01 7.399081e-01
0.000000e+00 9.772461e+03 -5.466444e+01 5.967547e-01
0.000000e+00 9.977767e+03 1.179015e+00 4.469133e-01
0.000000e+00 9.906968e+03 -2.432336e+01 3.077485e-01
0.000000e+00 1.007450e+04 4.414085e+01 1.891254e-01
0.000000e+00 1.000413e+04 -9.029354e+00 9.748217e-02
0.000000e+00 1.011354e+04 7.494851e+01 3.527858e-02
0.000000e+00 1.009424e+04 0.000000e+00 0.000000e+00
1.109833e+01 9.571866e+03 -1.710644e+02 8.571537e-01
9.391336e+00 9.519696e+03 -1.266072e+02 7.399081e-01
7.573265e+00 9.777802e+03 -5.133789e+01 5.967547e-01
5.762183e+00 9.725769e+03 -5.838093e+01 4.469133e-01
4.018079e+00 9.961278e+03 2.831043e+00 3.077485e-01
2.520323e+00 9.908222e+03 -5.395652e+01 1.891254e-01
1.290321e+00 1.008473e+04 8.446732e+00 9.748217e-02
4.842715e-01 1.003744e+04 -7.629140e+01 3.527858e-02
0.000000e+00 1.009424e+04 0.000000e+00 0.000000e+00
9.981580e+00 9.576856e+03 -1.679897e+02 8.571537e-01
8.726217e+00 9.530504e+03 -1.238167e+02 7.399081e-01
7.062348e+00 9.781617e+03 -5.069500e+01 5.967547e-01
5.135366e+00 9.732922e+03 -5.837666e+01 4.469133e-01
3.549978e+00 9.963364e+03 3.313480e+00 3.077485e-01
2.206404e+00 9.909422e+03 -5.440176e+01 1.891254e-01
1.109098e+00 1.008573e+04 9.403687e+00 9.748217e-02
4.870946e-01 1.003433e+04 -7.351074e+01 3.527858e-02
0.000000e+00 1.009424e+04 0.000000e+00 0.000000e+00
8.700109e+00 9.586497e+03 -1.654765e+02 8.571537e-01
7.346823e+00 9.536166e+03 -1.221653e+02 7.399081e-01
5.981102e+00 9.787939e+03 -5.058539e+01 5.967547e-01
4.550894e+00 9.736358e+03 -5.871866e+01 4.469133e-01
2.940669e+00 9.967041e+03 2.824609e+00 3.077485e-01
1.750955e+00 9.911113e+03 -5.459046e+01 1.891254e-01
8.489139e-01 1.008697e+04 9.857572e+00 9.748217e-02
2.889386e-01 1.003394e+04 -7.112394e+01 3.527858e-02
0.000000e+00 1.009424e+04 0.000000e+00 0.000000e+00
8.614224e+00 9.593154e+03 -1.638291e+02 8.571537e-01
7.270630e+00 9.540425e+03 -1.219226e+02 7.399081e-01
5.817639e+00 9.792403e+03 -5.043267e+01 5.967547e-01
4.526227e+00 9.739611e+03 -5.842641e+01 4.469133e-01
3.225988e+00 9.968634e+03 1.062358e+00 3.077485e-01
2.015692e+00 9.915876e+03 -5.547484e+01 1.891254e-01
1.021911e+00 1.008618e+04 7.192760e+00 9.748217e-02
2.900738e-01 1.003981e+04 -7.572541e+01 3.527858e-02
0.000000e+00 1.009424e+04 0.000000e+00 0.000000e+00
1.047958e+01 9.597367e+03 -1.599868e+02 8.571537e-01
8.608700e+00 9.546978e+03 -1.199042e+02 7.399081e-01
6.685441e+00 9.796448e+03 -4.946957e+01 5.967547e-01
4.758369e+00 9.742931e+03 -5.766318e+01 4.469133e-01
3.284943e+00 9.972990e+03 1.565930e+00 3.077485e-01
2.066654e+00 9.914632e+03 -5.585962e+01 1.891254e-01
1.061090e+00 1.009040e+04 7.031157e+00 9.748217e-02
5.009688e-01 1.003517e+04 -7.669695e+01 3.527858e-02
0.000000e+00 1.009424e+04 0.000000e+00 0.000000e+00
7.306285e+00 9.601512e+03 -1.574844e+02 8.571537e-01
6.549244e+00 9.554364e+03 -1.169065e+02 7.399081e-01
5.492319e+00 9.798308e+03 -4.836933e+01 5.967547e-01
4.270544e+00 9.747869e+03 -5.660289e+01 4.469133e-01
2.797885e+00 9.973702e+03 1.810166e+00 3.077485e-01
1.707095e+00 9.916920e+03 -5.362755e+01 1.891254e-01
8.994210e-01 1.008963e+04 8.550859e+00 9.748217e-02
3.495862e-01 1.003391e+04 -7.220115e+01 3.527858e-02
0.000000e+00 1.009424e+04 0.000000e+00 0.000000e+00
4.897475e+00 9.610390e+03 -1.571979e+02 8.571537e-01
4.148643e+00 9.556192e+03 -1.172092e+02 7.399081e-01
3.302690e+00 9.803560e+03 -4.801727e+01 5.967547e-01
2.424244e+00 9.749914e+03 -5.800269e+01 4.469133e-01
1.650754e+00 9.973197e+03 4.342301e-01 3.077485e-01
1.098510e+00 9.920446e+03 -5.525134e+01 1.891254e-01
6.209589e-01 1.008484e+04 5.649408e+00 9.748217e-02
5.234119e-02 1.004190e+04 -7.904675e+01 3.527858e-02
0.000000e+00 1.009424e+04 0.000000e+00 0.000000e+00
3.359320e+00 9.627311e+03 -1.569583e+02 8.571537e-01
3.054823e+00 9.559590e+03 -1.167547e+02 7.399081e-01
2.637692e+00 9.817424e+03 -4.780241e+01 5.967547e-01
2.111294e+00 9.750513e+03 -5.845270e+01 4.469133e-01
1.496708e+00 9.982789e+03 1.795319e-01 3.077485e-01
8.953994e-01 9.917594e+03 -5.780121e+01 1.891254e-01
3.955591e-01 1.009114e+04 4.124099e+00 9.748217e-02
2.466984e-01 1.003974e+04 -8.425052e+01 3.527858e-02
0.000000e+00 1.009424e+04 0.000000e+00 0.000000e+00
0.000000e+00 9.656374e+03 -1.575341e+02 8.571537e-01
0.000000e+00 9.589671e+03 -1.147010e+02 7.399081e-01
0.000000e+00 9.843795e+03 -4.774417e+01 5.967547e-01
0.000000e+00 9.773673e+03 -5.700465e+01 4.469133e-01
0.000000e+00 1.000261e+04 9.150141e-02 3.077485e-01
0.000000e+00 9.928965e+03 -5.711679e+01 1.891254e-01
0.000000e+00 1.010190e+04 5.161696e+00 9.748217e-02
0.000000e+00 1.003872e+04 -8.120543e+01 3.527858e-02
0.000000e+00 1.009424e+04 0.000000e+00 0.000000e+00
1.362661e+01 9.237639e+03 -2.642335e+02 8.571537e-01
1.159260e+01 9.552079e+03 -1.444375e+02 7.399081e-01
9.472298e+00 9.498631e+03 -1.062054e+02 5.967547e-01
7.162698e+00 9.802584e+03 -1.977093e+01 4.469133e-01
4.989722e+00 9.752127e+03 -4.071457e+01 3.077485e-01
3.086669e+00 1.000256e+04 4.247407e+01 1.891254e-01
1.652541e+00 9.945763e+03 -1.207956e+01 9.748217e-02
5.992123e-01 1.010051e+04 8.336676e+01 3.527858e-02
0.000000e+00 1.009424e+04 0.000000e+00 0.000000e+00
1.317270e+01 9.251533e+03 -2.588334e+02 8.571537e-01
1.118348e+01 9.556466e+03 -1.407569e+02 7.399081e-01
9.134880e+00 9.508249e+03 -1.044092e+02 5.967547e-01
6.848258e+00 9.805924e+03 -1.874347e+01 4.469133e-01
4.542833e+00 9.757323e+03 -4.143950e+01 3.077485e-01
2.770307e+00 1.000594e+04 4.318867e+01 1.891254e-01
1.498138e+00 9.947399e+03 -1.356207e+01 9.748217e-02
4.496155e-01 1.010452e+04 8.038464e+01 3.527858e-02
0.000000e+00 1.009424e+04 0.000000e+00 0.000000e+00
1.087993e+01 9.259489e+03 -2.551076e+02 8.571537e-01
9.318980e+00 9.565755e+03 -1.385035e+02 7.399081e-01
7.538196e+00 9.513914e+03 -1.036914e+02 5.967547e-01
5.693762e+00 9.812104e+03 -1.860367e+01 4.469133e-01
4.214506e+00 9.760713e+03 -4.182225e+01 3.077485e-01
2.539256e+00 1.000887e+04 4.169924e+01 1.891254e-01
1.173593e+00 9.948479e+03 -1.583621e+01 9.748217e-02
3.872683e-01 1.010535e+04 7.715794e+01 3.527858e-02
0.000000e+00 1.009424e+04 0.000000e+00 0.000000e+00
9.900134e+00 9.266486e+03 -2.548401e+02 8.571537e-01
8.591847e+00 9.573846e+03 -1.385036e+02 7.399081e-01
7.080418e+00 9.519304e+03 -1.031076e+02 5.967547e-01
5.286736e+00 9.815682e+03 -1.840434e+01 4.469133e-01
3.773783e+00 9.764588e+03 -3.905308e+01 3.077485e-01
2.517378e+00 1.000755e+04 4.276973e+01 1.891254e-01
1.512068e+00 9.951547e+03 -1.244563e+01 9.748217e-02
7.469199e-01 1.010042e+04 8.220521e+01 3.527858e-02
0.000000e+00 1.009424e+04 0.000000e+00 0.000000e+00
1.270039e+01 9.275562e+03 -2.511198e+02 8.571537e-01
1.037307e+01 9.578651e+03 -1.364660e+02 7.399081e-01
8.279489e+00 9.525297e+03 -1.014937e+02 5.967547e-01
6.343713e+00 9.820432e+03 -1.742819e+01 4.469133e-01
4.387892e+00 9.765317e+03 -3.859969e+01 3.077485e-01
2.603035e+00 1.001265e+04 4.508897e+01 1.891254e-01
1.412974e+00 9.949189e+03 -1.040192e+01 9.748217e-02
3.760775e-01 1.010673e+04 8.294812e+01 3.527858e-02
0.000000e+00 1.009424e+04 0.000000e+00 0.000000e+00
9.383065e+00 9.286629e+03 -2.452465e+02 8.571537e-01
8.077575e+00 9.583033e+03 -1.342391e+02 7.399081e-01
6.632799e+00 9.533368e+03 -9.970629e+01 5.967547e-01
4.814972e+00 9.822878e+03 -1.822765e+01 4.469133e-01
3.388416e+00 9.770291e+03 -3.956873e+01 3.077485e-01
2.009952e+00 1.001347e+04 4.125051e+01 1.891254e-01
8.230653e-01 9.951455e+03 -1.490153e+01 9.748217e-02
1.238395e-01 1.010780e+04 7.544398e+01 3.527858e-02
0.000000e+00 1.009424e+04 0.000000e+00 0.000000e+00
5.491689e+00 9.290401e+03 -2.463468e+02 8.571537e-01
5.020173e+00 9.592970e+03 -1.340627e+02 7.399081e-01
3.997122e+00 9.536570e+03 -1.003662e+02 5.967547e-01
2.878802e+00 9.826609e+03 -1.778625e+01 4.469133e-01
1.956027e+00 9.775140e+03 -3.768666e+01 3.077485e-01
1.252966e+00 1.001181e+04 4.384966e+01 1.891254e-01
8.691167e-01 9.957708e+03 -1.088753e+01 9.748217e-02
6.845772e-01 1.009997e+04 8.401995e+01 3.527858e-02
0.000000e+00 1.009424e+04 0.000000e+00 0.000000e+00
5.542144e+00 9.295109e+03 -2.445631e+02 8.571537e-01
4.505914e+00 9.609736e+03 -1.329234e+02 7.399081e-01
3.982777e+00 9.537271e+03 -9.938465e+01 5.967547e-01
3.483127e+00 9.838049e+03 -1.522754e+01 4.469133e-01
2.792682e+00 9.772165e+03 -3.578397e+01 3.077485e-01
1.952191e+00 1.001982e+04 4.897155e+01 1.891254e-01
1.107987e+00 9.953239e+03 -5.826326e+00 9.748217e-02
2.437100e-01 1.010403e+04 9.173336e+01 3.527858e-02
0.000000e+00 1.009424e+04 0.000000e+00 0.000000e+00
0.000000e+00 9.327818e+03 -2.394828e+02 8.571537e-01
0.000000e+00 9.637229e+03 -1.318084e+02 7.399081e-01
0.000000e+00 9.563083e+03 -9.694331e+01 5.967547e-01
0.000000e+00 9.859965e+03 -1.451818e+01 4.469133e-01
0.000000e+00 9.787489e+03 -3.505471e+01 3.077485e-01
0.000000e+00 1.003378e+04 4.816884e+01 1.891254e-01
0.000000e+00 9.956542e+03 -7.288796e+00 9.748217e-02
0.000000e+00 1.011089e+04 8.770853e+01 3.527858e-02
0.000000e+00 1.009424e+04 0.000000e+00 0.000000e+00
1.660870e+01 9.237776e+03 -3.200470e+02 8.571537e-01
1.394894e+01 9.186624e+03 -2.225118e+02 7.399081e-01
1.129303e+01 9.554018e+03 -1.005794e+02 5.967547e-01
8.538203e+00 9.514609e+03 -9.188821e+01 4.469133e-01
5.911767e+00 9.855596e+03 -9.041810e+00 3.077485e-01
3.693148e+00 9.807130e+03 -6.737579e+01 1.891254e-01
1.884593e+00 1.006149e+04 4.830034e+00 9.748217e-02
6.927575e-01 1.001301e+04 -9.194544e+01 3.527858e-02
0.000000e+00 1.009424e+04 0.000000e+00 0.000000e+00
1.437242e+01 9.242607e+03 -3.155868e+02 8.571537e-01
1.250769e+01 9.199034e+03 -2.201377e+02 7.399081e-01
1.010867e+01 9.557183e+03 -9.876263e+01 5.967547e-01
7.645133e+00 9.520913e+03 -9.107096e+01 4.469133e-01
5.604531e+00 9.857908e+03 -5.829841e+00 3.077485e-01
3.728168e+00 9.808844e+03 -6.682063e+01 1.891254e-01
2.006815e+00 1.006249e+04 8.274303e+00 9.748217e-02
9.229616e-01 1.001030e+04 -8.772485e+01 3.527858e-02
0.000000e+00 1.009424e+04 0.000000e+00 0.000000e+00
1.400328e+01 9.253850e+03 -3.122859e+02 8.571537e-01
1.209371e+01 9.206494e+03 -2.172464e+02 7.399081e-01
9.982745e+00 9.565710e+03 -9.763342e+01 5.967547e-01
7.705493e+00 9.525457e+03 -8.962704e+01 4.469133e-01
5.164128e+00 9.862455e+03 -4.655812e+00 3.077485e-01
3.176793e+00 9.810922e+03 -6.539776e+01 1.891254e-01
1.692449e+00 1.006447e+04 1.032980e+01 9.748217e-02
5.434913e-01 1.001118e+04 -8.567770e+01 3.527858e-02
0.000000e+00 1.009424e+04 0.000000e+00 0.000000e+00
1.247852e+01 9.267293e+03 -3.095434e+02 8.571537e-01
1.056186e+01 9.215237e+03 -2.149549e+02 7.399081e-01
8.325594e+00 9.573998e+03 -9.776875e+01 5.967547e-01
6.177940e+00 9.532583e+03 -8.857659e+01 4.469133e-01
4.144479e+00 9.864905e+03 -7.871418e+00 3.077485e-01
2.398078e+00 9.815889e+03 -6.620449e+01 1.891254e-01
1.157840e+00 1.006282e+04 6.220578e+00 9.748217e-02
2.725408e-01 1.001624e+04 -9.232283e+01 3.527858e-02
0.000000e+00 1.009424e+04 0.000000e+00 0.000000e+00
1.345307e+01 9.273029e+03 -3.064873e+02 8.571537e-01
1.138214e+01 9.223992e+03 -2.138054e+02 7.399081e-01
9.456572e+00 9.578796e+03 -9.637811e+01 5.967547e-01
7.133659e+00 9.535397e+03 -8.910235e+01 4.469133e-01
5.061187e+00 9.869747e+03 -7.131386e+00 3.077485e-01
3.419900e+00 9.813557e+03 -6.687768e+01 1.891254e-01
1.734128e+00 1.006650e+04 5.263235e+00 9.748217e-02
7.803185e-01 1.000930e+04 -9.147018e+01 3.527858e-02
0.000000e+00 1.009424e+04 0.000000e+00 0.000000e+00
1.208663e+01 9.277442e+03 -3.021057e+02 8.571537e-01
1.025501e+01 9.234050e+03 -2.101827e+02 7.399081e-01
8.119879e+00 9.582213e+03 -9.521415e+01 5.967547e-01
6.121800e+00 9.542083e+03 -8.756126e+01 4.469133e-01
4.120816e+00 9.870879e+03 -5.881062e+00 3.077485e-01
2.461020e+00 9.817220e+03 -6.336531e+01 1.891254e-01
1.403401e+00 1.006695e+04 9.387537e+00 9.748217e-02
6.516648e-01 1.001041e+04 -8.376809e+01 3.527858e-02
0.000000e+00 1.009424e+04 0.000000e+00 0.000000e+00
7.416244e+00 9.293234e+03 -3.004577e+02 8.571537e-01
6.463118e+00 9.239324e+03 -2.093215e+02 7.399081e-01
5.169218e+00 9.591532e+03 -9.625343e+01 5.967547e-01
3.781607e+00 9.548174e+03 -8.738264e+01 4.469133e-01
2.626411e+00 9.873040e+03 -7.013785e+00 3.077485e-01
1.620881e+00 9.824117e+03 -6.508671e+01 1.891254e-01
6.835935e-01 1.006310e+04 7.512412e+00 9.748217e-02
-3.655551e-02 1.001955e+04 -9.094391e+01 3.527858e-02
0.000000e+00 1.009424e+04 0.000000e+00 0.000000e+00
5.802614e+00 9.313177e+03 -2.999557e+02 8.571537e-01
4.839444e+00 9.241482e+03 -2.096872e+02 7.399081e-01
3.899541e+00 9.606968e+03 -9.659619e+01 5.967547e-01
3.027167e+00 9.545723e+03 -8.896046e+01 4.469133e-01
1.950202e+00 9.882439e+03 -7.305805e+00 3.077485e-01
1.197227e+00 9.817680e+03 -6.820233e+01 1.891254e-01
6.039735e-01 1.006840e+04 4.263169e+00 9.748217e-02
3.752809e-01 1.001401e+04 -9.616300e+01 3.527858e-02
0.000000e+00 1.009424e+04 0.000000e+00 0.000000e+00
0.000000e+00 9.339151e+03 -2.987700e+02 8.571537e-01
0.000000e+00 9.269456e+03 -2.081664e+02 7.399081e-01
0.000000e+00 9.631213e+03 -9.658843e+01 5.967547e-01
0.000000e+00 9.565018e+03 -8.851143e+01 4.469133e-01
0.000000e+00 9.898825e+03 -7.439273e+00 3.077485e-01
0.000000e+00 9.824459e+03 -6.689767e+01 1.891254e-01
0.000000e+00 1.007721e+04 5.164805e+00 9.748217e-02
0.000000e+00 1.001152e+04 -9.172773e+01 3.527858e-02
0.000000e+00 1.009424e+04 0.000000e+00 0.000000e+00
1.896288e+01 8.755693e+03 -4.459715e+02 8.571537e-01
1.589434e+01 9.201749e+03 -2.526735e+02 7.399081e-01
1.285327e+01 9.163480e+03 -1.701821e+02 5.967547e-01
9.631669e+00 9.600900e+03 -4.690842e+01 4.469133e-01
6.681920e+00 9.567877e+03 -5.886135e+01 3.077485e-01
4.115060e+00 9.931418e+03 4.565448e+01 1.891254e-01
2.159695e+00 9.875667e+03 -1.381297e+01 9.748217e-02
7.503830e-01 1.009503e+04 9.815443e+01 3.527858e-02
0.000000e+00 1.009424e+04 0.000000e+00 0.000000e+00
1.661698e+01 8.774177e+03 -4.427779e+02 8.571537e-01
1.462913e+01 9.209081e+03 -2.487048e+02 7.399081e-01
1.182722e+01 9.176586e+03 -1.697423e+02 5.967547e-01
8.938972e+00 9.606826e+03 -4.435481e+01 4.469133e-01
6.160397e+00 9.573354e+03 -6.101030e+01 3.077485e-01
3.726490e+00 9.933770e+03 4.566667e+01 1.891254e-01
1.807603e+00 9.876453e+03 -1.914636e+01 9.748217e-02
3.514581e-01 1.009751e+04 9.246908e+01 3.527858e-02
0.000000e+00 1.009424e+04 0.000000e+00 0.000000e+00
1.666541e+01 8.785917e+03 -4.389967e+02 8.571537e-01
1.403709e+01 9.221263e+03 -2.453372e+02 7.399081e-01
1.161443e+01 9.183647e+03 -1.679453e+02 5.967547e-01
8.821753e+00 9.614195e+03 -4.220632e+01 4.469133e-01
6.194073e+00 9.576455e+03 -6.015439e+01 3.077485e-01
3.930125e+00 9.936396e+03 4.762970e+01 1.891254e-01
2.303650e+00 9.876768e+03 -1.785922e+01 9.748217e-02
1.116240e+00 1.009713e+04 9.320123e+01 3.527858e-02
0.000000e+00 1.009424e+04 0.000000e+00 0.000000e+00
1.509351e+01 8.794621e+03 -4.338878e+02 8.571537e-01
1.248598e+01 9.230169e+03 -2.441073e+02 7.399081e-01
1.015779e+01 9.190027e+03 -1.650629e+02 5.967547e-01
7.484497e+00 9.617396e+03 -4.368246e+01 4.469133e-01
5.099746e+00 9.581747e+03 -5.670196e+01 3.077485e-01
3.112530e+00 9.936243e+03 4.838656e+01 1.891254e-01
1.437452e+00 9.881261e+03 -1.184977e+01 9.748217e-02
4.872811e-01 1.009384e+04 1.009362e+02 3.527858e-02
0.000000e+00 1.009424e+04 0.000000e+00 0.000000e+00
1.518696e+01 8.809010e+03 -4.315706e+02 8.571537e-01
1.345301e+01 9.238761e+03 -2.414271e+02 7.399081e-01
1.090230e+01 9.199263e+03 -1.649654e+02 5.967547e-01
8.333724e+00 9.625417e+03 -4.311650e+01 4.469133e-01
5.850690e+00 9.584126e+03 -5.854718e+01 3.077485e-01
3.412103e+00 9.943111e+03 4.538925e+01 1.891254e-01
1.790337e+00 9.879247e+03 -1.590516e+01 9.748217e-02
4.144065e-01 1.010194e+04 9.488918e+01 3.527858e-02
0.000000e+00 1.009424e+04 0.000000e+00 0.000000e+00
1.418395e+01 8.824362e+03 -4.263918e+02 8.571537e-01
1.119479e+01 9.244801e+03 -2.383298e+02 7.399081e-01
8.918568e+00 9.208929e+03 -1.631016e+02 5.967547e-01
6.420952e+00 9.628129e+03 -4.180016e+01 4.469133e-01
4.391646e+00 9.590089e+03 -5.787141e+01 3.077485e-01
2.964822e+00 9.943511e+03 4.502959e+01 1.891254e-01
1.681625e+00 9.881038e+03 -1.676404e+01 9.748217e-02
7.437726e-01 1.010050e+04 9.015039e+01 3.527858e-02
0.000000e+00 1.009424e+04 0.000000e+00 0.000000e+00
1.015085e+01 8.830059e+03 -4.220911e+02 8.571537e-01
8.752885e+00 9.256677e+03 -2.373524e+02 7.399081e-01
7.300749e+00 9.213364e+03 -1.619853e+02 5.967547e-01
5.633698e+00 9.632436e+03 -4.236861e+01 4.469133e-01
4.053329e+00 9.595253e+03 -5.556263e+01 3.077485e-01
2.561021e+00 9.941017e+03 4.781212e+01 1.891254e-01
1.308259e+00 9.887718e+03 -1.331070e+01 9.748217e-02
5.946074e-01 1.009204e+04 9.952374e+01 3.527858e-02
0.000000e+00 1.009424e+04 0.000000e+00 0.000000e+00
5.424488e+00 8.834213e+03 -4.219393e+02 8.571537e-01
4.655465e+00 9.277607e+03 -2.382427e+02 7.399081e-01
3.500139e+00 9.214181e+03 -1.645051e+02 5.967547e-01
2.232156e+00 9.647689e+03 -4.385652e+01 4.469133e-01
1.223748e+00 9.591692e+03 -5.868347e+01 3.077485e-01
3.554117e-01 9.951260e+03 4.603631e+01 1.891254e-01
1.054505e-01 9.882854e+03 -1.495932e+01 9.748217e-02
-1.784676e-01 1.009893e+04 9.998457e+01 3.527858e-02
0.000000e+00 1.009424e+04 0.000000e+00 0.000000e+00
0.000000e+00 8.865043e+03 -4.214670e+02 8.571537e-01
0.000000e+00 9.304854e+03 -2.395102e+02 7.399081e-01
0.000000e+00 9.239256e+03 -1.656126e+02 5.967547e-01
0.000000e+00 9.670035e+03 -4.566518e+01 4.469133e-01
0.000000e+00 9.606947e+03 -6.101221e+01 3.077485e-01
0.000000e+00 9.966328e+03 4.282376e+01 1.891254e-01
0.000000e+00 9.885700e+03 -1.713715e+01 9.748217e-02
0.000000e+00 1.010614e+04 9.385888e+01 3.527858e-02
0.000000e+00 1.009424e+04 0.000000e+00 0.000000e+00
2.068735e+01 8.708679e+03 -5.339433e+02 8.571537e-01
1.743771e+01 8.689825e+03 -3.505927e+02 7.399081e-01
1.408530e+01 9.218215e+03 -1.655855e+02 5.967547e-01
1.052644e+01 9.210932e+03 -1.271024e+02 4.469133e-01
7.219387e+00 9.700412e+03 -1.425513e+01 3.077485e-01
4.458431e+00 9.661810e+03 -7.848801e+01 1.891254e-01
2.271604e+00 1.002524e+04 9.920504e+00 9.748217e-02
8.408917e-01 9.975303e+03 -1.086397e+02 3.527858e-02
0.000000e+00 1.009424e+04 0.000000e+00 0.000000e+00
2.177587e+01 8.721694e+03 -5.251998e+02 8.571537e-01
1.787647e+01 8.706746e+03 -3.471414e+02 7.399081e-01
1.474454e+01 9.225024e+03 -1.610364e+02 5.967547e-01
1.126467e+01 9.220149e+03 -1.275111e+02 4.469133e-01
7.853507e+00 9.705307e+03 -1.100426e+01 3.077485e-01
5.060549e+00 9.666378e+03 -7.797336e+01 1.891254e-01
2.694791e+00 1.002809e+04 1.408608e+01 9.748217e-02
1.208752e+00 9.975246e+03 -1.034028e+02 3.527858e-02
0.000000e+00 1.009424e+04 0.000000e+00 0.000000e+00
1.732413e+01 8.738865e+03 -5.188029e+02 8.571537e-01
1.501111e+01 8.716855e+03 -3.435343e+02 7.399081e-01
1.176267e+01 9.235865e+03 -1.585800e+02 5.967547e-01
8.625912e+00 9.225413e+03 -1.268878e+02 4.469133e-01
5.818655e+00 9.711016e+03 -1.027604e+01 3.077485e-01
3.479350e+00 9.668916e+03 -7.811069e+01 1.891254e-01
1.664389e+00 1.003019e+04 1.370938e+01 9.748217e-02
3.933344e-01 9.976540e+03 -1.038863e+02 3.527858e-02
0.000000e+00 1.009424e+04 0.000000e+00 0.000000e+00
1.692888e+01 8.750095e+03 -5.193150e+02 8.571537e-01
1.466357e+01 8.726972e+03 -3.412028e+02 7.399081e-01
1.186475e+01 9.243030e+03 -1.603414e+02 5.967547e-01
8.915459e+00 9.231877e+03 -1.248001e+02 4.469133e-01
6.100529e+00 9.711590e+03 -1.304484e+01 3.077485e-01
3.820469e+00 9.672608e+03 -7.763611e+01 1.891254e-01
2.158544e+00 1.002741e+04 9.830635e+00 9.748217e-02
8.093925e-01 9.979578e+03 -1.102998e+02 3.527858e-02
0.000000e+00 1.009424e+04 0.000000e+00 0.000000e+00
1.986987e+01 8.763754e+03 -5.110774e+02 8.571537e-01
1.611645e+01 8.740160e+03 -3.374607e+02 7.399081e-01
1.326979e+01 9.251629e+03 -1.567183e+02 5.967547e-01
1.010406e+01 9.237212e+03 -1.244876e+02 4.469133e-01
7.067283e+00 9.718840e+03 -1.066834e+01 3.077485e-01
4.663530e+00 9.672281e+03 -7.513783e+01 1.891254e-01
2.309210e+00 1.003404e+04 1.302787e+01 9.748217e-02
1.081770e+00 9.973152e+03 -1.023525e+02 3.527858e-02
0.000000e+00 1.009424e+04 0.000000e+00 0.000000e+00
1.405919e+01 8.772250e+03 -5.044401e+02 8.571537e-01
1.169198e+01 8.753196e+03 -3.337195e+02 7.399081e-01
8.898876e+00 9.256897e+03 -1.543269e+02 5.967547e-01
6.536284e+00 9.246257e+03 -1.227613e+02 4.469133e-01
4.444611e+00 9.720598e+03 -9.904833e+00 3.077485e-01
2.513538e+00 9.677128e+03 -7.416687e+01 1.891254e-01
1.269085e+00 1.003435e+04 1.354491e+01 9.748217e-02
3.109462e-01 9.976202e+03 -9.902341e+01 3.527858e-02
0.000000e+00 1.009424e+04 0.000000e+00 0.000000e+00
1.249622e+01 8.786112e+03 -5.036283e+02 8.571537e-01
1.081890e+01 8.758507e+03 -3.329647e+02 7.399081e-01
8.942039e+00 9.265659e+03 -1.559471e+02 5.967547e-01
6.699373e+00 9.251386e+03 -1.221629e+02 4.469133e-01
4.439848e+00 9.721386e+03 -1.256405e+01 3.077485e-01
2.673371e+00 9.682694e+03 -7.669923e+01 1.891254e-01
1.391917e+00 1.002863e+04 1.054023e+01 9.748217e-02
4.447392e-01 9.985183e+03 -1.103969e+02 3.527858e-02
0.000000e+00 1.009424e+04 0.000000e+00 0.000000e+00
6.425734e+00 8.813548e+03 -5.025775e+02 8.571537e-01
5.237142e+00 8.761419e+03 -3.335368e+02 7.399081e-01
4.054905e+00 9.286166e+03 -1.565734e+02 5.967547e-01
2.948391e+00 9.249757e+03 -1.245597e+02 4.469133e-01
1.987596e+00 9.736037e+03 -1.286956e+01 3.077485e-01
1.366636e+00 9.678056e+03 -7.844720e+01 1.891254e-01
5.508782e-01 1.003776e+04 9.607139e+00 9.748217e-02
2.923256e-01 9.978592e+03 -1.107215e+02 3.527858e-02
0.000000e+00 1.009424e+04 0.000000e+00 0.000000e+00
0.000000e+00 8.843847e+03 -5.035762e+02 8.571537e-01
0.000000e+00 8.790606e+03 -3.335827e+02 7.399081e-01
0.000000e+00 9.313187e+03 -1.572993e+02 5.967547e-01
0.000000e+00 9.271535e+03 -1.251517e+02 4.469133e-01
0.000000e+00 9.756391e+03 -1.269619e+01 3.077485e-01
0.000000e+00 9.687803e+03 -7.780743e+01 1.891254e-01
0.000000e+00 1.004953e+04 9.450044e+00 9.748217e-02
0.000000e+00 9.976716e+03 -1.050133e+02 3.527858e-02
0.000000e+00 1.009424e+04 0.000000e+00 0.000000e+00
2.312576e+01 8.046812e+03 -7.159882e+02 8.571537e-01
1.946456e+01 8.686245e+03 -3.991617e+02 7.399081e-01
1.556287e+01 8.697666e+03 -2.532968e+02 5.967547e-01
1.150444e+01 9.329771e+03 -7.640009e+01 4.469133e-01
7.914396e+00 9.327090e+03 -8.385651e+01 3.077485e-01
4.817548e+00 9.843331e+03 4.699865e+01 1.891254e-01
2.513776e+00 9.783435e+03 -2.477045e+01 9.748217e-02
8.794236e-01 1.009104e+04 1.160278e+02 3.527858e-02
0.000000e+00 1.009424e+04 0.000000e+00 0.000000e+00
2.369652e+01 8.063539e+03 -7.073791e+02 8.571537e-01
1.989132e+01 8.695001e+03 -3.932341e+02 7.399081e-01
1.587855e+01 8.709898e+03 -2.521836e+02 5.967547e-01
1.188046e+01 9.333837e+03 -7.259070e+01 4.469133e-01
8.335762e+00 9.331548e+03 -8.418931e+01 3.077485e-01
5.253665e+00 9.844146e+03 5.036478e+01 1.891254e-01
2.921203e+00 9.783741e+03 -2.490232e+01 9.748217e-02
1.054093e+00 1.009157e+04 1.162036e+02 3.527858e-02
0.000000e+00 1.009424e+04 0.000000e+00 0.000000e+00
2.022564e+01 8.076050e+03 -7.000431e+02 8.571537e-01
1.665192e+01 8.709529e+03 -3.890689e+02 7.399081e-01
1.341846e+01 8.717669e+03 -2.499036e+02 5.967547e-01
9.815942e+00 9.342370e+03 -7.149632e+01 4.469133e-01
6.620880e+00 9.334832e+03 -8.354814e+01 3.077485e-01
4.013128e+00 9.847399e+03 5.136304e+01 1.891254e-01
2.055250e+00 9.784845e+03 -2.455044e+01 9.748217e-02
7.232885e-01 1.009144e+04 1.166313e+02 3.527858e-02
0.000000e+00 1.009424e+04 0.000000e+00 0.000000e+00
1.961071e+01 8.095189e+03 -6.961437e+02 8.571537e-01
1.683174e+01 8.722101e+03 -3.879649e+02 7.399081e-01
1.357420e+01 8.729180e+03 -2.469165e+02 5.967547e-01
9.847503e+00 9.348311e+03 -7.458320e+01 4.469133e-01
6.626012e+00 9.342021e+03 -8.121241e+01 3.077485e-01
3.991300e+00 9.847819e+03 4.903692e+01 1.891254e-01
1.966820e+00 9.789244e+03 -2.290213e+01 9.748217e-02
7.746370e-01 1.008943e+04 1.184542e+02 3.527858e-02
0.000000e+00 1.009424e+04 0.000000e+00 0.000000e+00
2.119009e+01 8.107358e+03 -6.878673e+02 8.571537e-01
1.760356e+01 8.731068e+03 -3.817662e+02 7.399081e-01
1.391910e+01 8.736859e+03 -2.457046e+02 5.967547e-01
1.055888e+01 9.354401e+03 -7.184161e+01 4.469133e-01
7.522925e+00 9.342311e+03 -8.123367e+01 3.077485e-01
4.619152e+00 9.852549e+03 4.949713e+01 1.891254e-01
2.687550e+00 9.784439e+03 -2.308558e+01 9.748217e-02
7.769735e-01 1.009669e+04 1.122017e+02 3.527858e-02
0.000000e+00 1.009424e+04 0.000000e+00 0.000000e+00
1.593210e+01 8.123292e+03 -6.810745e+02 8.571537e-01
1.298598e+01 8.738183e+03 -3.780130e+02 7.399081e-01
1.044765e+01 8.747996e+03 -2.430338e+02 5.967547e-01
7.691920e+00 9.357124e+03 -6.968413e+01 4.469133e-01
5.150802e+00 9.349206e+03 -8.062169e+01 3.077485e-01
3.161506e+00 9.852601e+03 4.929253e+01 1.891254e-01
1.482009e+00 9.787428e+03 -2.329041e+01 9.748217e-02
6.776170e-01 1.009414e+04 1.102506e+02 3.527858e-02
0.000000e+00 1.009424e+04 0.000000e+00 0.000000e+00
1.488878e+01 8.135869e+03 -6.782486e+02 8.571537e-01
1.226935e+01 8.753233e+03 -3.781077e+02 7.399081e-01
9.763088e+00 8.755399e+03 -2.410391e+02 5.967547e-01
7.009121e+00 9.363332e+03 -7.160326e+01 4.469133e-01
4.724029e+00 9.355552e+03 -7.907617e+01 3.077485e-01
2.956174e+00 9.851347e+03 5.029625e+01 1.891254e-01
1.590348e+00 9.795057e+03 -2.146051e+01 9.748217e-02
6.369079e-01 1.008558e+04 1.212473e+02 3.527858e-02
0.000000e+00 1.009424e+04 0.000000e+00 0.000000e+00
7.079711e+00 8.139213e+03 -6.757418e+02 8.571537e-01
6.135303e+00 8.778429e+03 -3.771390e+02 7.399081e-01
5.166135e+00 8.754686e+03 -2.411718e+02 5.967547e-01
4.017782e+00 9.381551e+03 -7.075266e+01 4.469133e-01
3.042179e+00 9.350158e+03 -7.898067e+01 3.077485e-01
1.846275e+00 9.863338e+03 5.201084e+01 1.891254e-01
1.115855e+00 9.788622e+03 -2.056366e+01 9.748217e-02
3.225726e-01 1.009455e+04 1.206550e+02 3.527858e-02
0.000000e+00 1.009424e+04 0.000000e+00 0.000000e+00
0.000000e+00 8.168695e+03 -6.743999e+02 8.571537e-01
0.000000e+00 8.806952e+03 -3.771518e+02 7.399081e-01
0.000000e+00 8.779649e+03 -2.406870e+02 5.967547e-01
0.000000e+00 9.405056e+03 -6.964867e+01 4.469133e-01
0.000000e+00 9.364926e+03 -7.847516e+01 3.077485e-01
0.000000e+00 9.878494e+03 5.185227e+01 1.891254e-01
0.000000e+00 9.791238e+03 -2.016191e+01 9.748217e-02
0.000000e+00 1.010262e+04 1.151100e+02 3.527858e-02
0.000000e+00 1.009424e+04 0.000000e+00 0.000000e+00
2.608896e+01 7.947029e+03 -8.673044e+02 8.571537e-01
2.167192e+01 7.997523e+03 -5.527675e+02 7.399081e-01
1.730923e+01 8.757563e+03 -2.668787e+02 5.967547e-01
1.279257e+01 8.812384e+03 -1.838018e+02 4.469133e-01
8.702645e+00 9.510131e+03 -2.151702e+01 3.077485e-01
5.314146e+00 9.488039e+03 -9.295846e+01 1.891254e-01
2.709727e+00 9.997449e+03 1.984466e+01 9.748217e-02
1.016026e+00 9.931211e+03 -1.295300e+02 3.527858e-02
0.000000e+00 1.009424e+04 0.000000e+00 0.000000e+00
2.353339e+01 7.959696e+03 -8.598798e+02 8.571537e-01
1.961605e+01 8.012458e+03 -5.488537e+02 7.399081e-01
1.574370e+01 8.764409e+03 -2.621097e+02 5.967547e-01
1.146771e+01 8.821347e+03 -1.847044e+02 4.469133e-01
7.576808e+00 9.512730e+03 -1.936567e+01 3.077485e-01
4.690400e+00 9.491047e+03 -9.413776e+01 1.891254e-01
2.385281e+00 9.998084e+03 2.013867e+01 9.748217e-02
8.478630e-01 9.931096e+03 -1.306203e+02 3.527858e-02
0.000000e+00 1.009424e+04 0.000000e+00 0.000000e+00
2.422236e+01 7.978831e+03 -8.520870e+02 8.571537e-01
2.017510e+01 8.023794e+03 -5.439940e+02 7.399081e-01
1.592624e+01 8.777262e+03 -2.585116e+02 5.967547e-01
1.202176e+01 8.827481e+03 -1.832257e+02 4.469133e-01
8.340010e+00 9.519526e+03 -1.935582e+01 3.077485e-01
4.977458e+00 9.493040e+03 -9.490298e+01 1.891254e-01
2.461848e+00 9.999110e+03 1.895471e+01 9.748217e-02
9.105029e-01 9.931819e+03 -1.314388e+02 3.527858e-02
0.000000e+00 1.009424e+04 0.000000e+00 0.000000e+00
2.178913e+01 7.995109e+03 -8.431693e+02 8.571537e-01
1.840172e+01 8.039966e+03 -5.371921e+02 7.399081e-01
1.452322e+01 8.786260e+03 -2.579188e+02 5.967547e-01
1.046625e+01 8.837435e+03 -1.792844e+02 4.469133e-01
6.873179e+00 9.523308e+03 -2.230114e+01 3.077485e-01
4.091123e+00 9.498943e+03 -9.411083e+01 1.891254e-01
2.155633e+00 9.998083e+03 1.617591e+01 9.748217e-02
5.975745e-01 9.934691e+03 -1.338686e+02 3.527858e-02
0.000000e+00 1.009424e+04 0.000000e+00 0.000000e+00
2.069550e+01 8.006223e+03 -8.368690e+02 8.571537e-01
1.719768e+01 8.050043e+03 -5.331278e+02 7.399081e-01
1.404840e+01 8.793956e+03 -2.541430e+02 5.967547e-01
1.043060e+01 8.841467e+03 -1.792257e+02 4.469133e-01
6.990471e+00 9.528512e+03 -2.042781e+01 3.077485e-01
4.410186e+00 9.496648e+03 -9.240488e+01 1.891254e-01
2.151541e+00 1.000400e+04 1.839172e+01 9.748217e-02
1.128264e+00 9.927532e+03 -1.263396e+02 3.527858e-02
0.000000e+00 1.009424e+04 0.000000e+00 0.000000e+00
1.961075e+01 8.017325e+03 -8.300261e+02 8.571537e-01
1.619284e+01 8.065794e+03 -5.284575e+02 7.399081e-01
1.256303e+01 8.800433e+03 -2.502284e+02 5.967547e-01
9.375026e+00 8.851793e+03 -1.771713e+02 4.469133e-01
6.523337e+00 9.529566e+03 -1.948228e+01 3.077485e-01
3.825667e+00 9.501880e+03 -9.227675e+01 1.891254e-01
1.966720e+00 1.000293e+04 1.856953e+01 9.748217e-02
4.448564e-01 9.931469e+03 -1.254853e+02 3.527858e-02
0.000000e+00 1.009424e+04 0.000000e+00 0.000000e+00
1.576372e+01 8.035819e+03 -8.226993e+02 8.571537e-01
1.275698e+01 8.075780e+03 -5.250284e+02 7.399081e-01
9.981947e+00 8.811627e+03 -2.500424e+02 5.967547e-01
7.002860e+00 8.859004e+03 -1.755764e+02 4.469133e-01
4.432319e+00 9.532800e+03 -2.163344e+01 3.077485e-01
2.605591e+00 9.509047e+03 -9.431997e+01 1.891254e-01
1.273862e+00 9.998740e+03 1.436003e+01 9.748217e-02
4.200642e-01 9.941183e+03 -1.390618e+02 3.527858e-02
0.000000e+00 1.009424e+04 0.000000e+00 0.000000e+00
7.889859e+00 8.066247e+03 -8.215247e+02 8.571537e-01
7.013598e+00 8.076252e+03 -5.233755e+02 7.399081e-01
5.940423e+00 8.834793e+03 -2.481951e+02 5.967547e-01
4.742245e+00 8.853982e+03 -1.751965e+02 4.469133e-01
3.465688e+00 9.548275e+03 -1.986998e+01 3.077485e-01
2.332093e+00 9.500472e+03 -9.308354e+01 1.891254e-01
1.207548e+00 1.000786e+04 1.576874e+01 9.748217e-02
6.392731e-01 9.931743e+03 -1.351750e+02 3.527858e-02
0.000000e+00 1.009424e+04 0.000000e+00 0.000000e+00
0.000000e+00 8.098647e+03 -8.229143e+02 8.571537e-01
0.000000e+00 8.104180e+03 -5.212560e+02 7.399081e-01
0.000000e+00 8.861477e+03 -2.463435e+02 5.967547e-01
0.000000e+00 8.873277e+03 -1.734304e+02 4.469133e-01
0.000000e+00 9.566989e+03 -1.825100e+01 3.077485e-01
0.000000e+00 9.507489e+03 -9.103970e+01 1.891254e-01
0.000000e+00 1.001777e+04 1.772037e+01 9.748217e-02
0.000000e+00 9.928117e+03 -1.273209e+02 3.527858e-02
0.000000e+00 1.009424e+04 0.000000e+00 0.000000e+00
2.807698e+01 7.065747e+03 -1.185819e+03 8.571537e-01
2.344217e+01 7.960756e+03 -6.996498e+02 7.399081e-01
1.872234e+01 8.050021e+03 -4.407108e+02 5.967547e-01
1.386248e+01 8.944928e+03 -1.647870e+02 4.469133e-01
9.456605e+00 8.994360e+03 -1.346385e+02 3.077485e-01
5.741719e+00 9.724407e+03 4.770868e+01 1.891254e-01
2.971002e+00 9.655223e+03 -3.772593e+01 9.748217e-02
1.036605e+00 1.008917e+04 1.485326e+02 3.527858e-02
0.000000e+00 1.009424e+04 0.000000e+00 0.000000e+00
2.402813e+01 7.085034e+03 -1.178580e+03 8.571537e-01
2.022843e+01 7.973623e+03 -6.932365e+02 7.399081e-01
1.591531e+01 8.064117e+03 -4.370643e+02 5.967547e-01
1.172324e+01 8.951542e+03 -1.604834e+02 4.469133e-01
7.847898e+00 9.002729e+03 -1.353325e+02 3.077485e-01
4.583311e+00 9.726907e+03 4.889339e+01 1.891254e-01
2.424374e+00 9.657869e+03 -3.797781e+01 9.748217e-02
8.047205e-01 1.009028e+04 1.472635e+02 3.527858e-02
0.000000e+00 1.009424e+04 0.000000e+00 0.000000e+00
2.748078e+01 7.099783e+03 -1.167749e+03 8.571537e-01
2.289787e+01 7.991568e+03 -6.859902e+02 7.399081e-01
1.849552e+01 8.074137e+03 -4.315403e+02 5.967547e-01
1.375764e+01 8.962625e+03 -1.577222e+02 4.469133e-01
9.447514e+00 9.007283e+03 -1.338444e+02 3.077485e-01
5.822217e+00 9.731921e+03 4.850499e+01 1.891254e-01
2.967580e+00 9.660419e+03 -3.684390e+01 9.748217e-02
1.063409e+00 1.009102e+04 1.477644e+02 3.527858e-02
0.000000e+00 1.009424e+04 0.000000e+00 0.000000e+00
2.264559e+01 7.117567e+03 -1.153184e+03 8.571537e-01
1.900380e+01 8.001926e+03 -6.778105e+02 7.399081e-01
1.516062e+01 8.088045e+03 -4.243680e+02 5.967547e-01
1.104324e+01 8.968785e+03 -1.570255e+02 4.469133e-01
7.415177e+00 9.014693e+03 -1.289082e+02 3.077485e-01
4.606266e+00 9.733526e+03 4.825928e+01 1.891254e-01
2.367392e+00 9.665254e+03 -3.424261e+01 9.748217e-02
9.478348e-01 1.009006e+04 1.513299e+02 3.527858e-02
0.000000e+00 1.009424e+04 0.000000e+00 0.000000e+00
2.102302e+01 7.131288e+03 -1.148670e+03 8.571537e-01
1.816397e+01 8.014499e+03 -6.718857e+02 7.399081e-01
1.429439e+01 8.096905e+03 -4.221945e+02 5.967547e-01
1.052401e+01 8.977049e+03 -1.531997e+02 4.469133e-01
7.018653e+00 9.017858e+03 -1.295454e+02 3.077485e-01
3.814817e+00 9.740676e+03 4.791389e+01 1.891254e-01
1.985698e+00 9.661369e+03 -3.650940e+01 9.748217e-02
3.078080e-01 1.009779e+04 1.419835e+02 3.527858e-02
0.000000e+00 1.009424e+04 0.000000e+00 0.000000e+00
2.295008e+01 7.151344e+03 -1.137304e+03 8.571537e-01
1.856636e+01 8.024764e+03 -6.638423e+02 7.399081e-01
1.495890e+01 8.111281e+03 -4.178170e+02 5.967547e-01
1.105574e+01 8.981042e+03 -1.503963e+02 4.469133e-01
7.508644e+00 9.026541e+03 -1.291203e+02 3.077485e-01
4.815961e+00 9.739999e+03 4.814822e+01 1.891254e-01
2.491309e+00 9.664904e+03 -3.609046e+01 9.748217e-02
1.254660e+00 1.009395e+04 1.431223e+02 3.527858e-02
0.000000e+00 1.009424e+04 0.000000e+00 0.000000e+00
1.488504e+01 7.161817e+03 -1.128250e+03 8.571537e-01
1.210968e+01 8.038079e+03 -6.595384e+02 7.399081e-01
9.428679e+00 8.119678e+03 -4.128277e+02 5.967547e-01
6.833548e+00 8.988770e+03 -1.499451e+02 4.469133e-01
4.556427e+00 9.033209e+03 -1.258365e+02 3.077485e-01
2.736547e+00 9.739206e+03 5.074872e+01 1.891254e-01
1.505615e+00 9.672407e+03 -3.218333e+01 9.748217e-02
4.823069e-01 1.008606e+04 1.560043e+02 3.527858e-02
0.000000e+00 1.009424e+04 0.000000e+00 0.000000e+00
1.066554e+01 7.165006e+03 -1.125336e+03 8.571537e-01
9.131180e+00 8.068330e+03 -6.566415e+02 7.399081e-01
7.412828e+00 8.117072e+03 -4.099724e+02 5.967547e-01
5.397550e+00 9.010725e+03 -1.472216e+02 4.469133e-01
3.615501e+00 9.025589e+03 -1.252216e+02 3.077485e-01
1.916089e+00 9.753548e+03 5.070005e+01 1.891254e-01
9.294792e-01 9.663925e+03 -3.299936e+01 9.748217e-02
1.634668e-01 1.009667e+04 1.507216e+02 3.527858e-02
0.000000e+00 1.009424e+04 0.000000e+00 0.000000e+00
0.000000e+00 7.197604e+03 -1.119387e+03 8.571537e-01
0.000000e+00 8.100125e+03 -6.524868e+02 7.399081e-01
0.000000e+00 8.141834e+03 -4.069358e+02 5.967547e-01
0.000000e+00 9.034545e+03 -1.452062e+02 4.469133e-01
0.000000e+00 9.038620e+03 -1.246160e+02 3.077485e-01
0.000000e+00 9.768116e+03 4.950703e+01 1.891254e-01
0.000000e+00 9.665366e+03 -3.387823e+01 9.748217e-02
0.000000e+00 1.010479e+04 1.446563e+02 3.527858e-02
0.000000e+00 1.009424e+04 0.000000e+00 0.000000e+00
