0 729 0.00000e+00
  1     729
5.435983e+00 1.733774e+03 -1.609316e+03 1.000000e+00
1.241622e+01 2.981112e+03 -9.481584e+02 1.000000e+00
1.748781e+01 3.799400e+03 -1.324862e+03 1.000000e+00
2.033830e+01 5.176254e+03 -5.024907e+02 1.000000e+00
2.068032e+01 6.092275e+03 -9.700375e+02 9.992651e-01
1.855499e+01 7.443655e+03 -7.852236e+01 9.950333e-01
1.508027e+01 8.373587e+03 -7.674748e+02 9.787423e-01
1.045586e+01 9.568219e+03 -1.459085e+02 9.366232e-01
8.650517e+00 9.547835e+03 -1.417588e+02 8.571537e-01
6.811625e+00 1.754987e+03 -1.601988e+03 1.000000e+00
1.520879e+01 3.008481e+03 -9.367476e+02 1.000000e+00
2.102497e+01 3.834940e+03 -1.315713e+03 1.000000e+00
2.240107e+01 5.203047e+03 -4.929514e+02 1.000000e+00
2.091594e+01 6.116238e+03 -9.613040e+02 9.992651e-01
1.796355e+01 7.456819e+03 -7.303728e+01 9.950333e-01
1.341962e+01 8.385886e+03 -7.609870e+02 9.787423e-01
8.047033e+00 9.568233e+03 -1.431585e+02 9.366232e-01
7.723699e+00 9.557164e+03 -1.379578e+02 8.571537e-01
2.290706e+00 1.777388e+03 -1.594718e+03 1.000000e+00
6.552822e+00 3.031920e+03 -9.301765e+02 1.000000e+00
1.076852e+01 3.855564e+03 -1.304133e+03 1.000000e+00
1.519889e+01 5.223288e+03 -4.856216e+02 1.000000e+00
1.686330e+01 6.133462e+03 -9.508228e+02 9.992651e-01
1.526669e+01 7.474874e+03 -7.274734e+01 9.950333e-01
1.066924e+01 8.396922e+03 -7.562899e+02 9.787423e-01
6.775120e+00 9.577090e+03 -1.424793e+02 9.366232e-01
5.640436e+00 9.562866e+03 -1.364445e+02 8.571537e-01
4.438667e+00 1.801683e+03 -1.585015e+03 1.000000e+00
1.366189e+01 3.055457e+03 -9.262151e+02 1.000000e+00
1.855468e+01 3.877537e+03 -1.292415e+03 1.000000e+00
1.926150e+01 5.244173e+03 -4.816692e+02 1.000000e+00
1.731032e+01 6.151173e+03 -9.405508e+02 9.992651e-01
1.560616e+01 7.494307e+03 -7.143764e+01 9.950333e-01
1.377563e+01 8.416457e+03 -7.470217e+02 9.787423e-01
8.473405e+00 9.591250e+03 -1.406021e+02 9.366232e-01
7.021452e+00 9.570503e+03 -1.359768e+02 8.571537e-01
2.056309e+00 1.817398e+03 -1.581038e+03 1.000000e+00
7.927648e+00 3.078071e+03 -9.151423e+02 1.000000e+00
1.209304e+01 3.905224e+03 -1.288936e+03 1.000000e+00
1.559080e+01 5.268961e+03 -4.695641e+02 1.000000e+00
1.718158e+01 6.171255e+03 -9.389076e+02 9.992651e-01
1.532039e+01 7.508194e+03 -6.017295e+01 9.950333e-01
1.093463e+01 8.429021e+03 -7.490272e+02 9.787423e-01
1.008744e+01 9.596386e+03 -1.352247e+02 9.366232e-01
8.552885e+00 9.577670e+03 -1.318990e+02 8.571537e-01
1.009509e+00 1.843055e+03 -1.570792e+03 1.000000e+00
2.632024e+00 3.094574e+03 -9.188288e+02 1.000000e+00
6.926303e+00 3.922761e+03 -1.269948e+03 1.000000e+00
9.523965e+00 5.278022e+03 -4.712884e+02 1.000000e+00
1.052894e+01 6.189911e+03 -9.194608e+02 9.992651e-01
1.095094e+01 7.518622e+03 -6.516599e+01 9.950333e-01
1.164697e+01 8.436833e+03 -7.305604e+02 9.787423e-01
9.286108e+00 9.596845e+03 -1.297852e+02 9.366232e-01
7.199273e+00 9.582233e+03 -1.268693e+02 8.571537e-01
-7.134178e-01 1.853423e+03 -1.578992e+03 1.000000e+00
6.126729e+00 3.124207e+03 -9.008155e+02 1.000000e+00
7.408110e+00 3.938905e+03 -1.279862e+03 1.000000e+00
7.723869e+00 5.306748e+03 -4.518657e+02 1.000000e+00
7.154235e+00 6.204032e+03 -9.300582e+02 9.992651e-01
7.274094e+00 7.539463e+03 -4.124537e+01 9.950333e-01
5.620300e+00 8.441035e+03 -7.428422e+02 9.787423e-01
3.146805e+00 9.604156e+03 -1.263484e+02 9.366232e-01
3.576523e+00 9.582651e+03 -1.260053e+02 8.571537e-01
-1.450358e+00 1.879957e+03 -1.544599e+03 1.000000e+00
-2.717895e+00 3.125975e+03 -9.344434e+02 1.000000e+00
-2.050806e+00 3.969843e+03 -1.241038e+03 1.000000e+00
-3.078799e+00 5.321669e+03 -4.947968e+02 1.000000e+00
-4.662502e+00 6.230466e+03 -8.844800e+02 9.992651e-01
-4.939512e+00 7.559664e+03 -8.761948e+01 9.950333e-01
2.430120e-01 8.456378e+03 -6.805587e+02 9.787423e-01
2.496309e-01 9.622408e+03 -1.358513e+02 9.366232e-01
1.590233e+00 9.588338e+03 -1.271470e+02 8.571537e-01
0.000000e+00 1.922899e+03 -1.490136e+03 1.000000e+00
0.000000e+00 3.115514e+03 -9.964315e+02 1.000000e+00
0.000000e+00 4.009313e+03 -1.173557e+03 1.000000e+00
0.000000e+00 5.321549e+03 -5.696108e+02 1.000000e+00
0.000000e+00 6.271192e+03 -8.075801e+02 9.992651e-01
0.000000e+00 7.578841e+03 -1.697724e+02 9.950333e-01
0.000000e+00 8.495246e+03 -5.795806e+02 9.787423e-01
0.000000e+00 9.652373e+03 -1.467807e+02 9.366232e-01
0.000000e+00 9.620794e+03 -1.266640e+02 8.571537e-01
6.718474e+00 1.922759e+03 -1.425857e+03 1.000000e+00
1.498595e+01 2.604113e+03 -1.784688e+03 1.000000e+00
2.117999e+01 3.894724e+03 -1.007612e+03 1.000000e+00
2.466965e+01 4.711535e+03 -1.395067e+03 1.000000e+00
2.506229e+01 6.092768e+03 -4.693653e+02 9.992651e-01
2.322045e+01 7.018862e+03 -9.848224e+02 9.950333e-01
1.933784e+01 8.353840e+03 4.719164e+01 9.787423e-01
1.328754e+01 9.259327e+03 -3.304799e+02 9.366232e-01
1.109833e+01 9.571866e+03 -1.710644e+02 8.571537e-01
5.252053e+00 1.941637e+03 -1.415785e+03 1.000000e+00
1.515493e+01 2.620554e+03 -1.773599e+03 1.000000e+00
2.289055e+01 3.905051e+03 -9.942590e+02 1.000000e+00
2.590213e+01 4.731483e+03 -1.384610e+03 1.000000e+00
2.470489e+01 6.109643e+03 -4.595129e+02 9.992651e-01
2.005186e+01 7.040510e+03 -9.758519e+02 9.950333e-01
1.463913e+01 8.365887e+03 5.565753e+01 9.787423e-01
1.092061e+01 9.277702e+03 -3.273431e+02 9.366232e-01
9.981580e+00 9.576856e+03 -1.679897e+02 8.571537e-01
6.627090e+00 1.962789e+03 -1.409316e+03 1.000000e+00
1.206878e+01 2.645038e+03 -1.763206e+03 1.000000e+00
1.599469e+01 3.932342e+03 -9.853644e+02 1.000000e+00
1.936979e+01 4.756567e+03 -1.371964e+03 1.000000e+00
2.165573e+01 6.133769e+03 -4.516234e+02 9.992651e-01
2.256884e+01 7.060695e+03 -9.636023e+02 9.950333e-01
1.808853e+01 8.384838e+03 5.486757e+01 9.787423e-01
1.071585e+01 9.288201e+03 -3.230840e+02 9.366232e-01
8.700109e+00 9.586497e+03 -1.654765e+02 8.571537e-01
4.736840e+00 1.983296e+03 -1.405305e+03 1.000000e+00
1.461155e+01 2.668974e+03 -1.751379e+03 1.000000e+00
2.079472e+01 3.957990e+03 -9.816162e+02 1.000000e+00
2.237171e+01 4.779241e+03 -1.358995e+03 1.000000e+00
2.021996e+01 6.155761e+03 -4.481868e+02 9.992651e-01
1.634279e+01 7.074559e+03 -9.510580e+02 9.950333e-01
1.373134e+01 8.391181e+03 5.252910e+01 9.787423e-01
1.066104e+01 9.291340e+03 -3.171467e+02 9.366232e-01
8.614224e+00 9.593154e+03 -1.638291e+02 8.571537e-01
1.772542e+00 2.002875e+03 -1.396995e+03 1.000000e+00
5.749124e+00 2.680327e+03 -1.746439e+03 1.000000e+00
1.243081e+01 3.968230e+03 -9.667920e+02 1.000000e+00
1.751671e+01 4.792494e+03 -1.355685e+03 1.000000e+00
1.988614e+01 6.170180e+03 -4.353267e+02 9.992651e-01
1.820172e+01 7.086460e+03 -9.523778e+02 9.950333e-01
1.577336e+01 8.398470e+03 7.296060e+01 9.787423e-01
1.304953e+01 9.301813e+03 -3.108683e+02 9.366232e-01
1.047958e+01 9.597367e+03 -1.599868e+02 8.571537e-01
4.624800e+00 2.015346e+03 -1.400521e+03 1.000000e+00
1.176918e+01 2.709465e+03 -1.731247e+03 1.000000e+00
1.324058e+01 3.995130e+03 -9.696649e+02 1.000000e+00
1.399580e+01 4.823083e+03 -1.334628e+03 1.000000e+00
1.476163e+01 6.189471e+03 -4.360170e+02 9.992651e-01
1.615396e+01 7.109149e+03 -9.308615e+02 9.950333e-01
1.225828e+01 8.413573e+03 6.329778e+01 9.787423e-01
8.092691e+00 9.311633e+03 -3.048511e+02 9.366232e-01
7.306285e+00 9.601512e+03 -1.574844e+02 8.571537e-01
-2.381357e+00 2.039084e+03 -1.383948e+03 1.000000e+00
8.452574e-02 2.718838e+03 -1.739293e+03 1.000000e+00
4.487684e+00 4.018068e+03 -9.522318e+02 1.000000e+00
7.241307e+00 4.833221e+03 -1.342391e+03 1.000000e+00
7.205222e+00 6.211460e+03 -4.158361e+02 9.992651e-01
4.985273e+00 7.116599e+03 -9.395468e+02 9.950333e-01
7.231498e+00 8.427627e+03 8.599166e+01 9.787423e-01
5.480950e+00 9.312845e+03 -3.066793e+02 9.366232e-01
4.897475e+00 9.610390e+03 -1.571979e+02 8.571537e-01
6.795312e-02 2.040394e+03 -1.413889e+03 1.000000e+00
8.529714e-01 2.747247e+03 -1.705099e+03 1.000000e+00
1.221652e+00 4.023957e+03 -9.841978e+02 1.000000e+00
-2.416042e-01 4.861242e+03 -1.303314e+03 1.000000e+00
-9.962912e-01 6.228631e+03 -4.571837e+02 9.992651e-01
-1.020633e+00 7.134223e+03 -8.937739e+02 9.950333e-01
-2.389019e+00 8.447288e+03 4.251630e+01 9.787423e-01
4.701622e+00 9.321221e+03 -2.994120e+02 9.366232e-01
3.359320e+00 9.627311e+03 -1.569583e+02 8.571537e-01
0.000000e+00 2.022675e+03 -1.468330e+03 1.000000e+00
0.000000e+00 2.794663e+03 -1.645942e+03 1.000000e+00
0.000000e+00 4.029216e+03 -1.048779e+03 1.000000e+00
0.000000e+00 4.913364e+03 -1.234762e+03 1.000000e+00
0.000000e+00 6.247269e+03 -5.316438e+02 9.992651e-01
0.000000e+00 7.178702e+03 -8.141284e+02 9.950333e-01
0.000000e+00 8.475420e+03 -4.990379e+01 9.787423e-01
0.000000e+00 9.356969e+03 -2.881890e+02 9.366232e-01
0.000000e+00 9.656374e+03 -1.575341e+02 8.571537e-01
7.810132e+00 1.588279e+03 -2.212625e+03 1.000000e+00
1.718726e+01 2.754677e+03 -1.555948e+03 1.000000e+00
2.449492e+01 3.432273e+03 -1.912927e+03 1.000000e+00
2.874138e+01 4.749935e+03 -1.019157e+03 1.000000e+00
2.944276e+01 5.580997e+03 -1.436001e+03 9.992651e-01
2.677163e+01 6.970603e+03 -4.050635e+02 9.950333e-01
2.192112e+01 7.910190e+03 -1.056463e+03 9.787423e-01
1.591203e+01 9.259552e+03 -3.299103e+02 9.366232e-01
1.362661e+01 9.237639e+03 -2.642335e+02 8.571537e-01
4.215253e+00 1.608560e+03 -2.205220e+03 1.000000e+00
1.272988e+01 2.777140e+03 -1.544692e+03 1.000000e+00
1.855721e+01 3.458418e+03 -1.901328e+03 1.000000e+00
2.339974e+01 4.767476e+03 -1.003594e+03 1.000000e+00
2.666867e+01 5.606011e+03 -1.421393e+03 9.992651e-01
2.654990e+01 6.991542e+03 -3.918379e+02 9.950333e-01
2.463285e+01 7.939922e+03 -1.039194e+03 9.787423e-01
1.698259e+01 9.265570e+03 -3.194818e+02 9.366232e-01
1.317270e+01 9.251533e+03 -2.588334e+02 8.571537e-01
8.641459e+00 1.626909e+03 -2.198193e+03 1.000000e+00
1.769969e+01 2.795474e+03 -1.535043e+03 1.000000e+00
2.648404e+01 3.478004e+03 -1.888286e+03 1.000000e+00
2.932644e+01 4.789007e+03 -9.942183e+02 1.000000e+00
2.735753e+01 5.625308e+03 -1.408286e+03 9.992651e-01
2.384573e+01 7.009177e+03 -3.835919e+02 9.950333e-01
1.792512e+01 7.955997e+03 -1.025981e+03 9.787423e-01
1.180728e+01 9.277468e+03 -3.130862e+02 9.366232e-01
1.087993e+01 9.259489e+03 -2.551076e+02 8.571537e-01
3.763801e+00 1.644478e+03 -2.188561e+03 1.000000e+00
1.084554e+01 2.811392e+03 -1.530502e+03 1.000000e+00
1.523627e+01 3.495536e+03 -1.874055e+03 1.000000e+00
1.926890e+01 4.811311e+03 -9.891791e+02 1.000000e+00
2.141117e+01 5.643826e+03 -1.395734e+03 9.992651e-01
1.866012e+01 7.024560e+03 -3.871432e+02 9.950333e-01
1.248658e+01 7.962958e+03 -1.026193e+03 9.787423e-01
1.083737e+01 9.286431e+03 -3.158115e+02 9.366232e-01
9.900134e+00 9.266486e+03 -2.548401e+02 8.571537e-01
4.054093e+00 1.661221e+03 -2.186448e+03 1.000000e+00
1.143273e+01 2.838564e+03 -1.519707e+03 1.000000e+00
1.722366e+01 3.517752e+03 -1.870519e+03 1.000000e+00
2.122109e+01 4.829896e+03 -9.720629e+02 1.000000e+00
2.205289e+01 5.661950e+03 -1.391409e+03 9.992651e-01
2.241045e+01 7.045896e+03 -3.729271e+02 9.950333e-01
2.307637e+01 7.981440e+03 -1.022494e+03 9.787423e-01
1.713397e+01 9.290352e+03 -3.069311e+02 9.366232e-01
1.270039e+01 9.275562e+03 -2.511198e+02 8.571537e-01
2.042662e+00 1.680141e+03 -2.175669e+03 1.000000e+00
7.883389e+00 2.845377e+03 -1.520409e+03 1.000000e+00
1.557879e+01 3.535490e+03 -1.850168e+03 1.000000e+00
1.898013e+01 4.844503e+03 -9.751061e+02 1.000000e+00
1.955968e+01 5.681545e+03 -1.369073e+03 9.992651e-01
1.838578e+01 7.056985e+03 -3.731784e+02 9.950333e-01
1.500141e+01 8.000028e+03 -9.934370e+02 9.787423e-01
1.028267e+01 9.299815e+03 -2.994308e+02 9.366232e-01
9.383065e+00 9.286629e+03 -2.452465e+02 8.571537e-01
8.812568e-01 1.687815e+03 -2.183570e+03 1.000000e+00
4.447731e+00 2.869393e+03 -1.504825e+03 1.000000e+00
3.498143e+00 3.549514e+03 -1.857680e+03 1.000000e+00
5.036572e+00 4.872756e+03 -9.549466e+02 1.000000e+00
6.326438e+00 5.697070e+03 -1.376229e+03 9.992651e-01
7.128360e+00 7.081788e+03 -3.518354e+02 9.950333e-01
5.606682e+00 8.006520e+03 -1.013175e+03 9.787423e-01
5.451037e+00 9.312250e+03 -3.006189e+02 9.366232e-01
5.491689e+00 9.290401e+03 -2.463468e+02 8.571537e-01
-3.004026e+00 1.715858e+03 -2.156257e+03 1.000000e+00
-9.670676e-02 2.879004e+03 -1.531950e+03 1.000000e+00
3.648694e+00 3.584088e+03 -1.823871e+03 1.000000e+00
4.434059e+00 4.887310e+03 -9.873689e+02 1.000000e+00
2.805416e+00 5.724111e+03 -1.336885e+03 9.992651e-01
1.586714e+00 7.107481e+03 -3.910619e+02 9.950333e-01
6.573712e+00 8.019569e+03 -9.561385e+02 9.787423e-01
6.488897e+00 9.330409e+03 -3.031243e+02 9.366232e-01
5.542144e+00 9.295109e+03 -2.445631e+02 8.571537e-01
0.000000e+00 1.752296e+03 -2.106605e+03 1.000000e+00
0.000000e+00 2.860441e+03 -1.585404e+03 1.000000e+00
0.000000e+00 3.621880e+03 -1.760196e+03 1.000000e+00
0.000000e+00 4.888864e+03 -1.054817e+03 1.000000e+00
0.000000e+00 5.764072e+03 -1.265439e+03 9.992651e-01
0.000000e+00 7.125446e+03 -4.683617e+02 9.950333e-01
0.000000e+00 8.058500e+03 -8.548903e+02 9.787423e-01
0.000000e+00 9.361582e+03 -3.064992e+02 9.366232e-01
0.000000e+00 9.327818e+03 -2.394828e+02 8.571537e-01
7.132018e+00 1.839557e+03 -2.032862e+03 1.000000e+00
1.702787e+01 2.360427e+03 -2.414835e+03 1.000000e+00
2.509356e+01 3.553746e+03 -1.634568e+03 1.000000e+00
2.998751e+01 4.230717e+03 -2.001467e+03 1.000000e+00
3.167680e+01 5.573885e+03 -9.845143e+02 9.992651e-01
3.007107e+01 6.433947e+03 -1.451199e+03 9.950333e-01
2.586823e+01 7.862271e+03 -2.657286e+02 9.787423e-01
1.981976e+01 8.820796e+03 -5.613792e+02 9.366232e-01
1.660870e+01 9.237776e+03 -3.200470e+02 8.571537e-01
6.034814e+00 1.858168e+03 -2.026649e+03 1.000000e+00
1.524223e+01 2.379944e+03 -2.403722e+03 1.000000e+00
2.299251e+01 3.573812e+03 -1.622102e+03 1.000000e+00
2.682057e+01 4.257395e+03 -1.989055e+03 1.000000e+00
2.962060e+01 5.590468e+03 -9.663698e+02 9.992651e-01
3.102162e+01 6.455073e+03 -1.435461e+03 9.950333e-01
2.868534e+01 7.866896e+03 -2.483975e+02 9.787423e-01
1.524701e+01 8.831568e+03 -5.593316e+02 9.366232e-01
1.437242e+01 9.242607e+03 -3.155868e+02 8.571537e-01
6.185146e+00 1.874016e+03 -2.022185e+03 1.000000e+00
1.483703e+01 2.397651e+03 -2.393548e+03 1.000000e+00
2.252724e+01 3.591537e+03 -1.611603e+03 1.000000e+00
2.791036e+01 4.274161e+03 -1.976003e+03 1.000000e+00
2.770836e+01 5.608969e+03 -9.563965e+02 9.992651e-01
2.317378e+01 6.471159e+03 -1.421747e+03 9.950333e-01
1.697283e+01 7.876968e+03 -2.421432e+02 9.787423e-01
1.740411e+01 8.838986e+03 -5.546618e+02 9.366232e-01
1.400328e+01 9.253850e+03 -3.122859e+02 8.571537e-01
3.873448e+00 1.886188e+03 -2.017721e+03 1.000000e+00
1.316742e+01 2.416022e+03 -2.383127e+03 1.000000e+00
1.928635e+01 3.610049e+03 -1.605003e+03 1.000000e+00
2.417887e+01 4.291303e+03 -1.958725e+03 1.000000e+00
2.647115e+01 5.629976e+03 -9.555093e+02 9.992651e-01
2.596569e+01 6.493211e+03 -1.408677e+03 9.950333e-01
2.179555e+01 7.905678e+03 -2.512531e+02 9.787423e-01
1.420035e+01 8.859107e+03 -5.456044e+02 9.366232e-01
1.247852e+01 9.267293e+03 -3.095434e+02 8.571537e-01
4.919006e+00 1.903824e+03 -2.009236e+03 1.000000e+00
1.276477e+01 2.428608e+03 -2.379241e+03 1.000000e+00
1.968221e+01 3.633306e+03 -1.592299e+03 1.000000e+00
2.117274e+01 4.312549e+03 -1.956046e+03 1.000000e+00
2.235576e+01 5.648566e+03 -9.362360e+02 9.992651e-01
2.174585e+01 6.508444e+03 -1.405648e+03 9.950333e-01
2.030088e+01 7.915736e+03 -2.337125e+02 9.787423e-01
1.528836e+01 8.867776e+03 -5.449196e+02 9.366232e-01
1.345307e+01 9.273029e+03 -3.064873e+02 8.571537e-01
-1.091848e-01 1.913412e+03 -2.016738e+03 1.000000e+00
4.459857e+00 2.450083e+03 -2.364040e+03 1.000000e+00
1.052776e+01 3.643389e+03 -1.592478e+03 1.000000e+00
1.858708e+01 4.327948e+03 -1.935125e+03 1.000000e+00
2.034477e+01 5.660467e+03 -9.376490e+02 9.992651e-01
2.050388e+01 6.523587e+03 -1.379998e+03 9.950333e-01
1.866227e+01 7.915978e+03 -2.341690e+02 9.787423e-01
1.541046e+01 8.875575e+03 -5.345688e+02 9.366232e-01
1.208663e+01 9.277442e+03 -3.021057e+02 8.571537e-01
2.262052e+00 1.933060e+03 -2.001595e+03 1.000000e+00
8.872284e+00 2.460443e+03 -2.373052e+03 1.000000e+00
1.090561e+01 3.666121e+03 -1.574917e+03 1.000000e+00
1.079588e+01 4.343258e+03 -1.938250e+03 1.000000e+00
1.347134e+01 5.690629e+03 -9.158220e+02 9.992651e-01
1.392901e+01 6.541788e+03 -1.386054e+03 9.950333e-01
1.194647e+01 7.947751e+03 -2.127123e+02 9.787423e-01
7.802382e+00 8.890476e+03 -5.320846e+02 9.366232e-01
7.416244e+00 9.293234e+03 -3.004577e+02 8.571537e-01
-4.199242e+00 1.931518e+03 -2.023145e+03 1.000000e+00
-3.190760e+00 2.487178e+03 -2.344103e+03 1.000000e+00
1.201635e+00 3.676387e+03 -1.601420e+03 1.000000e+00
2.318507e+00 4.374658e+03 -1.906151e+03 1.000000e+00
7.050998e-01 5.711753e+03 -9.464186e+02 9.992651e-01
4.181542e-01 6.563450e+03 -1.345296e+03 9.950333e-01
1.283314e+00 7.975257e+03 -2.512826e+02 9.787423e-01
7.472558e+00 8.896380e+03 -5.268760e+02 9.366232e-01
5.802614e+00 9.313177e+03 -2.999557e+02 8.571537e-01
0.000000e+00 1.914644e+03 -2.072734e+03 1.000000e+00
0.000000e+00 2.531249e+03 -2.289776e+03 1.000000e+00
0.000000e+00 3.672424e+03 -1.655775e+03 1.000000e+00
0.000000e+00 4.414243e+03 -1.844000e+03 1.000000e+00
0.000000e+00 5.720403e+03 -1.016473e+03 9.992651e-01
0.000000e+00 6.600049e+03 -1.267931e+03 9.950333e-01
0.000000e+00 7.994536e+03 -3.317427e+02 9.787423e-01
0.000000e+00 8.923358e+03 -5.129277e+02 9.366232e-01
0.000000e+00 9.339151e+03 -2.987700e+02 8.571537e-01
5.163291e+00 1.520997e+03 -2.796191e+03 1.000000e+00
1.535413e+01 2.591987e+03 -2.192096e+03 1.000000e+00
2.393927e+01 3.100761e+03 -2.577257e+03 1.000000e+00
2.982444e+01 4.312478e+03 -1.667416e+03 1.000000e+00
3.300455e+01 4.993623e+03 -2.060483e+03 9.992651e-01
3.264813e+01 6.374708e+03 -8.984500e+02 9.950333e-01
2.895000e+01 7.273540e+03 -1.461767e+03 9.787423e-01
2.272179e+01 8.746708e+03 -5.941613e+02 9.366232e-01
1.896288e+01 8.755693e+03 -4.459715e+02 8.571537e-01
7.248347e+00 1.535772e+03 -2.789270e+03 1.000000e+00
1.727929e+01 2.608889e+03 -2.184079e+03 1.000000e+00
2.488773e+01 3.117678e+03 -2.564628e+03 1.000000e+00
3.050225e+01 4.328156e+03 -1.653635e+03 1.000000e+00
3.205659e+01 5.018135e+03 -2.045544e+03 9.992651e-01
3.095164e+01 6.388480e+03 -8.829575e+02 9.950333e-01
2.605342e+01 7.294019e+03 -1.451643e+03 9.787423e-01
1.836291e+01 8.764396e+03 -5.903635e+02 9.366232e-01
1.661698e+01 8.774177e+03 -4.427779e+02 8.571537e-01
2.399921e+00 1.548472e+03 -2.783154e+03 1.000000e+00
1.185080e+01 2.623939e+03 -2.178047e+03 1.000000e+00
1.993916e+01 3.133906e+03 -2.552726e+03 1.000000e+00
2.535559e+01 4.347684e+03 -1.643106e+03 1.000000e+00
2.821144e+01 5.037521e+03 -2.031105e+03 9.992651e-01
2.808320e+01 6.409460e+03 -8.728312e+02 9.950333e-01
2.384561e+01 7.315415e+03 -1.444597e+03 9.787423e-01
1.960306e+01 8.784148e+03 -5.864775e+02 9.366232e-01
1.666541e+01 8.785917e+03 -4.389967e+02 8.571537e-01
5.475483e+00 1.563885e+03 -2.777361e+03 1.000000e+00
1.477402e+01 2.635719e+03 -2.172396e+03 1.000000e+00
2.308614e+01 3.152374e+03 -2.539594e+03 1.000000e+00
2.754465e+01 4.364949e+03 -1.637538e+03 1.000000e+00
2.879177e+01 5.052312e+03 -2.015265e+03 9.992651e-01
2.689330e+01 6.424517e+03 -8.727551e+02 9.950333e-01
2.511638e+01 7.327601e+03 -1.428048e+03 9.787423e-01
1.880882e+01 8.790888e+03 -5.767721e+02 9.366232e-01
1.509351e+01 8.794621e+03 -4.338878e+02 8.571537e-01
2.465885e+00 1.574368e+03 -2.778205e+03 1.000000e+00
1.008043e+01 2.653568e+03 -2.161771e+03 1.000000e+00
1.541010e+01 3.161235e+03 -2.536854e+03 1.000000e+00
2.091811e+01 4.381833e+03 -1.621583e+03 1.000000e+00
2.366056e+01 5.070183e+03 -2.011824e+03 9.992651e-01
2.360657e+01 6.440093e+03 -8.573115e+02 9.950333e-01
1.865705e+01 7.341291e+03 -1.428452e+03 9.787423e-01
1.599500e+01 8.807024e+03 -5.727628e+02 9.366232e-01
1.518696e+01 8.809010e+03 -4.315706e+02 8.571537e-01
4.414551e-01 1.588988e+03 -2.767199e+03 1.000000e+00
7.815438e+00 2.664625e+03 -2.166791e+03 1.000000e+00
1.578537e+01 3.183172e+03 -2.518775e+03 1.000000e+00
1.923162e+01 4.398690e+03 -1.623436e+03 1.000000e+00
2.123266e+01 5.091600e+03 -1.987736e+03 9.992651e-01
2.256099e+01 6.457827e+03 -8.585151e+02 9.950333e-01
2.295783e+01 7.366870e+03 -1.405085e+03 9.787423e-01
1.791004e+01 8.818849e+03 -5.703356e+02 9.366232e-01
1.418395e+01 8.824362e+03 -4.263918e+02 8.571537e-01
6.748479e-01 1.595398e+03 -2.776944e+03 1.000000e+00
3.923721e+00 2.682454e+03 -2.152415e+03 1.000000e+00
6.731804e+00 3.195252e+03 -2.525459e+03 1.000000e+00
1.193316e+01 4.419612e+03 -1.601460e+03 1.000000e+00
1.574100e+01 5.100187e+03 -1.991549e+03 9.992651e-01
1.796923e+01 6.479599e+03 -8.327438e+02 9.950333e-01
1.588679e+01 7.375903e+03 -1.409483e+03 9.787423e-01
1.227106e+01 8.832368e+03 -5.586917e+02 9.366232e-01
1.015085e+01 8.830059e+03 -4.220911e+02 8.571537e-01
-3.344672e+00 1.622890e+03 -2.758452e+03 1.000000e+00
8.295271e-01 2.685789e+03 -2.171652e+03 1.000000e+00
4.577295e+00 3.220733e+03 -2.499046e+03 1.000000e+00
4.134346e+00 4.432129e+03 -1.625354e+03 1.000000e+00
3.066138e+00 5.128217e+03 -1.956415e+03 9.992651e-01
2.248445e+00 6.507735e+03 -8.612990e+02 9.950333e-01
5.286293e+00 7.389929e+03 -1.365131e+03 9.787423e-01
4.627259e+00 8.857410e+03 -5.620465e+02 9.366232e-01
5.424488e+00 8.834213e+03 -4.219393e+02 8.571537e-01
0.000000e+00 1.663195e+03 -2.715354e+03 1.000000e+00
0.000000e+00 2.677676e+03 -2.217906e+03 1.000000e+00
0.000000e+00 3.266942e+03 -2.443840e+03 1.000000e+00
0.000000e+00 4.439663e+03 -1.686983e+03 1.000000e+00
0.000000e+00 5.173765e+03 -1.889387e+03 9.992651e-01
0.000000e+00 6.531267e+03 -9.325155e+02 9.950333e-01
0.000000e+00 7.428346e+03 -1.280072e+03 9.787423e-01
0.000000e+00 8.886407e+03 -5.738818e+02 9.366232e-01
0.000000e+00 8.865043e+03 -4.214670e+02 8.571537e-01
4.084868e+00 1.844595e+03 -2.591822e+03 1.000000e+00
1.450774e+01 2.221330e+03 -3.029949e+03 1.000000e+00
2.339016e+01 3.304793e+03 -2.305948e+03 1.000000e+00
2.999676e+01 3.795859e+03 -2.708787e+03 1.000000e+00
3.423906e+01 5.030757e+03 -1.652687e+03 9.992651e-01
3.465178e+01 5.723638e+03 -2.084949e+03 9.950333e-01
3.097869e+01 7.159456e+03 -7.462831e+02 9.787423e-01
2.385185e+01 8.112419e+03 -9.263649e+02 9.366232e-01
2.068735e+01 8.708679e+03 -5.339433e+02 8.571537e-01
5.196840e+00 1.856130e+03 -2.589978e+03 1.000000e+00
1.553625e+01 2.232144e+03 -3.019852e+03 1.000000e+00
2.433371e+01 3.320240e+03 -2.297063e+03 1.000000e+00
2.982387e+01 3.813014e+03 -2.694471e+03 1.000000e+00
3.345379e+01 5.045370e+03 -1.636590e+03 9.992651e-01
3.336653e+01 5.750339e+03 -2.071073e+03 9.950333e-01
3.161086e+01 7.180815e+03 -7.274598e+02 9.787423e-01
2.699910e+01 8.137391e+03 -9.117883e+02 9.366232e-01
2.177587e+01 8.721694e+03 -5.251998e+02 8.571537e-01
1.944357e+00 1.869907e+03 -2.588072e+03 1.000000e+00
1.184246e+01 2.245632e+03 -3.012066e+03 1.000000e+00
1.975871e+01 3.335758e+03 -2.290187e+03 1.000000e+00
2.650915e+01 3.826875e+03 -2.680686e+03 1.000000e+00
3.003607e+01 5.063759e+03 -1.625139e+03 9.992651e-01
3.086607e+01 5.768581e+03 -2.057007e+03 9.950333e-01
2.757630e+01 7.203475e+03 -7.148522e+02 9.787423e-01
1.973795e+01 8.156356e+03 -9.000844e+02 9.366232e-01
1.732413e+01 8.738865e+03 -5.188029e+02 8.571537e-01
3.554239e+00 1.880104e+03 -2.585818e+03 1.000000e+00
1.316129e+01 2.261810e+03 -3.004944e+03 1.000000e+00
2.106638e+01 3.344648e+03 -2.284979e+03 1.000000e+00
2.626457e+01 3.841119e+03 -2.666370e+03 1.000000e+00
2.666967e+01 5.077860e+03 -1.623550e+03 9.992651e-01
2.520267e+01 5.782591e+03 -2.040097e+03 9.950333e-01
2.084314e+01 7.211974e+03 -7.240058e+02 9.787423e-01
1.895540e+01 8.165965e+03 -8.997491e+02 9.366232e-01
1.692888e+01 8.750095e+03 -5.193150e+02 8.571537e-01
2.389726e+00 1.893348e+03 -2.579752e+03 1.000000e+00
9.632943e+00 2.269440e+03 -3.005989e+03 1.000000e+00
1.591053e+01 3.363910e+03 -2.273064e+03 1.000000e+00
2.128704e+01 3.853975e+03 -2.663117e+03 1.000000e+00
2.816742e+01 5.094165e+03 -1.604942e+03 9.992651e-01
3.077317e+01 5.804779e+03 -2.038299e+03 9.950333e-01
3.043413e+01 7.236541e+03 -7.036918e+02 9.787423e-01
2.499171e+01 8.187726e+03 -8.879219e+02 9.366232e-01
1.986987e+01 8.763754e+03 -5.110774e+02 8.571537e-01
-7.178551e-01 1.902183e+03 -2.589911e+03 1.000000e+00
6.763554e+00 2.283807e+03 -2.991793e+03 1.000000e+00
1.600251e+01 3.373455e+03 -2.276765e+03 1.000000e+00
2.097340e+01 3.871389e+03 -2.642846e+03 1.000000e+00
2.037482e+01 5.109357e+03 -1.606456e+03 9.992651e-01
2.108626e+01 5.824313e+03 -2.011416e+03 9.950333e-01
1.954426e+01 7.252089e+03 -7.022408e+02 9.787423e-01
1.708702e+01 8.211004e+03 -8.721734e+02 9.366232e-01
1.405919e+01 8.772250e+03 -5.044401e+02 8.571537e-01
2.499172e-01 1.917828e+03 -2.580284e+03 1.000000e+00
3.334677e+00 2.292985e+03 -3.001125e+03 1.000000e+00
5.984177e+00 3.391469e+03 -2.259557e+03 1.000000e+00
9.578070e+00 3.882886e+03 -2.648762e+03 1.000000e+00
1.591925e+01 5.130880e+03 -1.584430e+03 9.992651e-01
1.888427e+01 5.832875e+03 -2.013198e+03 9.950333e-01
1.848860e+01 7.264392e+03 -6.806112e+02 9.787423e-01
1.368964e+01 8.215452e+03 -8.721019e+02 9.366232e-01
1.249622e+01 8.786112e+03 -5.036283e+02 8.571537e-01
-3.316472e+00 1.913473e+03 -2.594368e+03 1.000000e+00
1.051318e+00 2.320467e+03 -2.983511e+03 1.000000e+00
5.666547e+00 3.400751e+03 -2.277848e+03 1.000000e+00
7.081968e+00 3.910639e+03 -2.621970e+03 1.000000e+00
6.803487e+00 5.150143e+03 -1.602428e+03 9.992651e-01
7.746610e+00 5.856409e+03 -1.976379e+03 9.950333e-01
6.924084e+00 7.301055e+03 -7.059736e+02 9.787423e-01
8.504097e+00 8.224776e+03 -8.658850e+02 9.366232e-01
6.425734e+00 8.813548e+03 -5.025775e+02 8.571537e-01
0.000000e+00 1.893961e+03 -2.634087e+03 1.000000e+00
0.000000e+00 2.357055e+03 -2.936857e+03 1.000000e+00
0.000000e+00 3.390902e+03 -2.326939e+03 1.000000e+00
0.000000e+00 3.950182e+03 -2.565633e+03 1.000000e+00
0.000000e+00 5.161504e+03 -1.663442e+03 9.992651e-01
0.000000e+00 5.896122e+03 -1.904052e+03 9.950333e-01
0.000000e+00 7.333664e+03 -7.782312e+02 9.787423e-01
0.000000e+00 8.261462e+03 -8.540861e+02 9.366232e-01
0.000000e+00 8.843847e+03 -5.035762e+02 8.571537e-01
3.478215e+00 1.543398e+03 -3.291566e+03 1.000000e+00
1.410757e+01 2.535841e+03 -2.779692e+03 1.000000e+00
2.318527e+01 2.879246e+03 -3.231835e+03 1.000000e+00
2.991303e+01 3.972212e+03 -2.374506e+03 1.000000e+00
3.428764e+01 4.445518e+03 -2.807726e+03 9.992651e-01
3.563104e+01 5.714546e+03 -1.579532e+03 9.950333e-01
3.288536e+01 6.439852e+03 -2.065585e+03 9.787423e-01
2.695322e+01 7.986051e+03 -1.023369e+03 9.366232e-01
2.312576e+01 8.046812e+03 -7.159882e+02 8.571537e-01
6.446680e-01 1.550762e+03 -3.286918e+03 1.000000e+00
1.162948e+01 2.547355e+03 -2.775497e+03 1.000000e+00
2.103888e+01 2.888543e+03 -3.219460e+03 1.000000e+00
2.821793e+01 3.984227e+03 -2.365912e+03 1.000000e+00
3.251306e+01 4.460879e+03 -2.790204e+03 9.992651e-01
3.622039e+01 5.727945e+03 -1.563215e+03 9.950333e-01
3.535791e+01 6.460185e+03 -2.050672e+03 9.787423e-01
2.930853e+01 7.996191e+03 -1.008813e+03 9.366232e-01
2.369652e+01 8.063539e+03 -7.073791e+02 8.571537e-01
4.929037e+00 1.562411e+03 -3.284739e+03 1.000000e+00
1.369109e+01 2.559353e+03 -2.772871e+03 1.000000e+00
2.136153e+01 2.900412e+03 -3.209993e+03 1.000000e+00
2.771475e+01 3.999790e+03 -2.358321e+03 1.000000e+00
3.092103e+01 4.471714e+03 -2.776885e+03 9.992651e-01
2.986117e+01 5.744037e+03 -1.552102e+03 9.950333e-01
2.693155e+01 6.471636e+03 -2.037369e+03 9.787423e-01
2.327983e+01 8.013267e+03 -9.958411e+02 9.366232e-01
2.022564e+01 8.076050e+03 -7.000431e+02 8.571537e-01
-1.287577e+00 1.576154e+03 -3.282758e+03 1.000000e+00
8.760964e+00 2.566381e+03 -2.770526e+03 1.000000e+00
1.737759e+01 2.917240e+03 -3.201975e+03 1.000000e+00
2.252473e+01 4.009288e+03 -2.354041e+03 1.000000e+00
2.659427e+01 4.487630e+03 -2.762843e+03 9.992651e-01
2.751810e+01 5.760671e+03 -1.552576e+03 9.950333e-01
2.464372e+01 6.497484e+03 -2.026180e+03 9.787423e-01
2.147202e+01 8.039792e+03 -9.958312e+02 9.366232e-01
1.961071e+01 8.095189e+03 -6.961437e+02 8.571537e-01
3.330633e+00 1.580124e+03 -3.286296e+03 1.000000e+00
1.147718e+01 2.580513e+03 -2.762807e+03 1.000000e+00
1.806944e+01 2.923297e+03 -3.202459e+03 1.000000e+00
2.465600e+01 4.024700e+03 -2.340640e+03 1.000000e+00
2.863822e+01 4.500199e+03 -2.758823e+03 9.992651e-01
3.172975e+01 5.772297e+03 -1.534425e+03 9.950333e-01
3.310735e+01 6.512179e+03 -2.019457e+03 9.787423e-01
2.790280e+01 8.050655e+03 -9.797639e+02 9.366232e-01
2.119009e+01 8.107358e+03 -6.878673e+02 8.571537e-01
-2.635253e+00 1.592423e+03 -3.278396e+03 1.000000e+00
3.714719e+00 2.589545e+03 -2.772552e+03 1.000000e+00
1.127746e+01 2.936107e+03 -3.185546e+03 1.000000e+00
1.688234e+01 4.035072e+03 -2.344739e+03 1.000000e+00
2.071143e+01 4.513951e+03 -2.735850e+03 9.992651e-01
2.119131e+01 5.783359e+03 -1.536918e+03 9.950333e-01
1.874640e+01 6.524823e+03 -1.990193e+03 9.787423e-01
1.737527e+01 8.054127e+03 -9.696815e+02 9.366232e-01
1.593210e+01 8.123292e+03 -6.810745e+02 8.571537e-01
5.918063e-01 1.597142e+03 -3.289810e+03 1.000000e+00
5.391828e+00 2.605214e+03 -2.760880e+03 1.000000e+00
9.649257e+00 2.946646e+03 -3.194570e+03 1.000000e+00
1.293924e+01 4.053167e+03 -2.325693e+03 1.000000e+00
1.648667e+01 4.526786e+03 -2.741301e+03 9.992651e-01
2.047911e+01 5.808484e+03 -1.511516e+03 9.950333e-01
2.113148e+01 6.544874e+03 -2.001002e+03 9.787423e-01
1.786675e+01 8.080689e+03 -9.653394e+02 9.366232e-01
1.488878e+01 8.135869e+03 -6.782486e+02 8.571537e-01
-3.653829e+00 1.625865e+03 -3.279605e+03 1.000000e+00
-9.654284e-01 2.605772e+03 -2.774142e+03 1.000000e+00
2.682261e+00 2.972185e+03 -3.177952e+03 1.000000e+00
5.332914e+00 4.065177e+03 -2.340163e+03 1.000000e+00
7.644499e+00 4.549720e+03 -2.713673e+03 9.992651e-01
8.642601e+00 5.830386e+03 -1.526182e+03 9.950333e-01
1.146080e+01 6.555863e+03 -1.961363e+03 9.787423e-01
8.060324e+00 8.113016e+03 -9.622233e+02 9.366232e-01
7.079711e+00 8.139213e+03 -6.757418e+02 8.571537e-01
0.000000e+00 1.665818e+03 -3.244281e+03 1.000000e+00
0.000000e+00 2.591656e+03 -2.815583e+03 1.000000e+00
0.000000e+00 3.008618e+03 -3.129843e+03 1.000000e+00
0.000000e+00 4.062586e+03 -2.391108e+03 1.000000e+00
0.000000e+00 4.585400e+03 -2.652050e+03 9.992651e-01
0.000000e+00 5.847681e+03 -1.588398e+03 9.950333e-01
0.000000e+00 6.585833e+03 -1.881317e+03 9.787423e-01
0.000000e+00 8.139669e+03 -9.697164e+02 9.366232e-01
0.000000e+00 8.168695e+03 -6.743999e+02 8.571537e-01
1.473938e+00 1.928206e+03 -3.048459e+03 1.000000e+00
1.236341e+01 2.187041e+03 -3.548469e+03 1.000000e+00
2.164349e+01 3.183960e+03 -2.925131e+03 1.000000e+00
2.851649e+01 3.488542e+03 -3.401631e+03 1.000000e+00
3.362917e+01 4.588148e+03 -2.397583e+03 9.992651e-01
3.564817e+01 5.038690e+03 -2.865409e+03 9.950333e-01
3.527859e+01 6.362890e+03 -1.439066e+03 9.787423e-01
3.115491e+01 7.119749e+03 -1.454427e+03 9.366232e-01
2.608896e+01 7.947029e+03 -8.673044e+02 8.571537e-01
-3.693541e-01 1.940502e+03 -3.050028e+03 1.000000e+00
9.531521e+00 2.196066e+03 -3.540729e+03 1.000000e+00
1.876138e+01 3.196366e+03 -2.921201e+03 1.000000e+00
2.558646e+01 3.497182e+03 -3.389300e+03 1.000000e+00
3.162276e+01 4.600570e+03 -2.385521e+03 9.992651e-01
3.539252e+01 5.053405e+03 -2.849157e+03 9.950333e-01
3.404248e+01 6.373028e+03 -1.425551e+03 9.787423e-01
2.626410e+01 7.137996e+03 -1.447093e+03 9.366232e-01
2.353339e+01 7.959696e+03 -8.598798e+02 8.571537e-01
3.894917e+00 1.948937e+03 -3.050052e+03 1.000000e+00
1.290329e+01 2.205834e+03 -3.538498e+03 1.000000e+00
2.056636e+01 3.206437e+03 -2.916409e+03 1.000000e+00
2.846508e+01 3.504592e+03 -3.379306e+03 1.000000e+00
3.056379e+01 4.615938e+03 -2.380027e+03 9.992651e-01
2.910983e+01 5.062568e+03 -2.836822e+03 9.950333e-01
2.870134e+01 6.390458e+03 -1.415078e+03 9.787423e-01
2.906493e+01 7.152453e+03 -1.438030e+03 9.366232e-01
2.422236e+01 7.978831e+03 -8.520870e+02 8.571537e-01
-2.462486e+00 1.954603e+03 -3.051976e+03 1.000000e+00
7.558505e+00 2.220223e+03 -3.534396e+03 1.000000e+00
1.662733e+01 3.212527e+03 -2.914377e+03 1.000000e+00
2.129624e+01 3.521719e+03 -3.370292e+03 1.000000e+00
2.679593e+01 4.625624e+03 -2.378619e+03 9.992651e-01
3.135081e+01 5.081824e+03 -2.821586e+03 9.950333e-01
2.963066e+01 6.408926e+03 -1.415893e+03 9.787423e-01
2.584568e+01 7.179695e+03 -1.419295e+03 9.366232e-01
2.178913e+01 7.995109e+03 -8.431693e+02 8.571537e-01
2.387550e+00 1.969988e+03 -3.050773e+03 1.000000e+00
9.628592e+00 2.223871e+03 -3.536956e+03 1.000000e+00
1.574582e+01 3.225898e+03 -2.907005e+03 1.000000e+00
2.284945e+01 3.526748e+03 -3.370324e+03 1.000000e+00
2.682044e+01 4.634753e+03 -2.364029e+03 9.992651e-01
2.543378e+01 5.092240e+03 -2.821512e+03 9.950333e-01
2.628000e+01 6.412802e+03 -1.397907e+03 9.787423e-01
2.310165e+01 7.188326e+03 -1.413778e+03 9.366232e-01
2.069550e+01 8.006223e+03 -8.368690e+02 8.571537e-01
-2.654952e+00 1.977375e+03 -3.063034e+03 1.000000e+00
3.849395e+00 2.233621e+03 -3.528338e+03 1.000000e+00
1.143918e+01 3.233892e+03 -2.915088e+03 1.000000e+00
1.707388e+01 3.538448e+03 -3.351173e+03 1.000000e+00
2.209638e+01 4.646340e+03 -2.369656e+03 9.992651e-01
2.783114e+01 5.107910e+03 -2.795109e+03 9.950333e-01
2.670823e+01 6.429041e+03 -1.400676e+03 9.787423e-01
2.287049e+01 7.210119e+03 -1.407011e+03 9.366232e-01
1.961075e+01 8.017325e+03 -8.300261e+02 8.571537e-01
-7.854409e-01 1.990462e+03 -3.056796e+03 1.000000e+00
4.080900e+00 2.239895e+03 -3.538689e+03 1.000000e+00
8.896746e+00 3.249620e+03 -2.901986e+03 1.000000e+00
1.238195e+01 3.549738e+03 -3.360120e+03 1.000000e+00
1.544766e+01 4.664663e+03 -2.347625e+03 9.992651e-01
1.677482e+01 5.119781e+03 -2.798670e+03 9.950333e-01
2.047865e+01 6.452476e+03 -1.374382e+03 9.787423e-01
2.051484e+01 7.229795e+03 -1.393482e+03 9.366232e-01
1.576372e+01 8.035819e+03 -8.226993e+02 8.571537e-01
-2.133498e+00 1.984089e+03 -3.067793e+03 1.000000e+00
-2.948690e-01 2.265485e+03 -3.529755e+03 1.000000e+00
2.406295e+00 3.253584e+03 -2.914240e+03 1.000000e+00
4.866098e+00 3.571018e+03 -3.343345e+03 1.000000e+00
7.520520e+00 4.676866e+03 -2.359363e+03 9.992651e-01
1.048802e+01 5.132083e+03 -2.772594e+03 9.950333e-01
8.895578e+00 6.473986e+03 -1.386114e+03 9.787423e-01
7.787529e+00 7.231015e+03 -1.386562e+03 9.366232e-01
7.889859e+00 8.066247e+03 -8.215247e+02 8.571537e-01
0.000000e+00 1.967674e+03 -3.102076e+03 1.000000e+00
0.000000e+00 2.306667e+03 -3.493571e+03 1.000000e+00
0.000000e+00 3.248582e+03 -2.956849e+03 1.000000e+00
0.000000e+00 3.610046e+03 -3.293444e+03 1.000000e+00
0.000000e+00 4.685614e+03 -2.410899e+03 9.992651e-01
0.000000e+00 5.168254e+03 -2.706183e+03 9.950333e-01
0.000000e+00 6.502010e+03 -1.450207e+03 9.787423e-01
0.000000e+00 7.264237e+03 -1.381893e+03 9.366232e-01
0.000000e+00 8.098647e+03 -8.229143e+02 8.571537e-01
-7.999281e-01 1.626532e+03 -3.656915e+03 1.000000e+00
9.923356e+00 2.575028e+03 -3.253151e+03 1.000000e+00
1.907629e+01 2.787179e+03 -3.768665e+03 1.000000e+00
2.652184e+01 3.784717e+03 -3.027160e+03 1.000000e+00
3.219234e+01 4.038590e+03 -3.539968e+03 9.992651e-01
3.548042e+01 5.143028e+03 -2.364930e+03 9.950333e-01
3.625669e+01 5.547028e+03 -2.840464e+03 9.787423e-01
3.345003e+01 6.926100e+03 -1.669526e+03 9.366232e-01
2.807698e+01 7.065747e+03 -1.185819e+03 8.571537e-01
1.263326e+00 1.636676e+03 -3.655783e+03 1.000000e+00
1.081628e+01 2.589005e+03 -3.252379e+03 1.000000e+00
1.864375e+01 2.795729e+03 -3.762341e+03 1.000000e+00
2.475839e+01 3.797343e+03 -3.022728e+03 1.000000e+00
3.031992e+01 4.047039e+03 -3.525431e+03 9.992651e-01
3.344753e+01 5.153654e+03 -2.355709e+03 9.950333e-01
3.042234e+01 5.559521e+03 -2.830724e+03 9.787423e-01
2.702646e+01 6.945566e+03 -1.661170e+03 9.366232e-01
2.402813e+01 7.085034e+03 -1.178580e+03 8.571537e-01
-5.152362e-01 1.645200e+03 -3.657319e+03 1.000000e+00
8.381498e+00 2.595752e+03 -3.252394e+03 1.000000e+00
1.721525e+01 2.803765e+03 -3.758120e+03 1.000000e+00
2.589582e+01 3.807069e+03 -3.017225e+03 1.000000e+00
2.949914e+01 4.052029e+03 -3.519167e+03 9.992651e-01
3.002934e+01 5.170659e+03 -2.349155e+03 9.950333e-01
3.260589e+01 5.571457e+03 -2.820272e+03 9.787423e-01
3.209242e+01 6.970209e+03 -1.650602e+03 9.366232e-01
2.748078e+01 7.099783e+03 -1.167749e+03 8.571537e-01
3.785134e-01 1.657675e+03 -3.658886e+03 1.000000e+00
1.053119e+01 2.599479e+03 -3.252528e+03 1.000000e+00
1.867301e+01 2.818017e+03 -3.753830e+03 1.000000e+00
2.171609e+01 3.809352e+03 -3.017373e+03 1.000000e+00
2.755056e+01 4.066776e+03 -3.509221e+03 9.992651e-01
3.064182e+01 5.178748e+03 -2.350294e+03 9.950333e-01
2.888600e+01 5.590488e+03 -2.803406e+03 9.787423e-01
2.639338e+01 6.980142e+03 -1.634551e+03 9.366232e-01
2.264559e+01 7.117567e+03 -1.153184e+03 8.571537e-01
-1.690810e+00 1.660639e+03 -3.664120e+03 1.000000e+00
5.217113e+00 2.615257e+03 -3.250610e+03 1.000000e+00
1.100944e+01 2.821562e+03 -3.756900e+03 1.000000e+00
1.975677e+01 3.823019e+03 -3.010345e+03 1.000000e+00
2.228217e+01 4.072826e+03 -3.509982e+03 9.992651e-01
2.370704e+01 5.188206e+03 -2.337306e+03 9.950333e-01
2.275559e+01 5.601967e+03 -2.813884e+03 9.787423e-01
2.271865e+01 6.996035e+03 -1.630792e+03 9.366232e-01
2.102302e+01 7.131288e+03 -1.148670e+03 8.571537e-01
-1.484640e-01 1.668388e+03 -3.659233e+03 1.000000e+00
5.884728e+00 2.621557e+03 -3.264372e+03 1.000000e+00
1.354528e+01 2.828712e+03 -3.744187e+03 1.000000e+00
1.850392e+01 3.830439e+03 -3.017809e+03 1.000000e+00
2.551714e+01 4.081873e+03 -3.489681e+03 9.992651e-01
3.044239e+01 5.199629e+03 -2.341200e+03 9.950333e-01
3.577997e+01 5.626200e+03 -2.779034e+03 9.787423e-01
2.958376e+01 7.018492e+03 -1.618065e+03 9.366232e-01
2.295008e+01 7.151344e+03 -1.137304e+03 8.571537e-01
-3.486049e+00 1.674461e+03 -3.673074e+03 1.000000e+00
1.429661e+00 2.635478e+03 -3.255142e+03 1.000000e+00
6.061406e+00 2.835968e+03 -3.755994e+03 1.000000e+00
9.995662e+00 3.843322e+03 -3.003331e+03 1.000000e+00
1.132359e+01 4.092186e+03 -3.495809e+03 9.992651e-01
1.335480e+01 5.212824e+03 -2.320161e+03 9.950333e-01
1.115758e+01 5.631817e+03 -2.782051e+03 9.787423e-01
1.614374e+01 7.031445e+03 -1.601319e+03 9.366232e-01
1.488504e+01 7.161817e+03 -1.128250e+03 8.571537e-01
7.886280e-02 1.702348e+03 -3.669989e+03 1.000000e+00
1.756455e+00 2.633412e+03 -3.265625e+03 1.000000e+00
3.581466e+00 2.859159e+03 -3.748232e+03 1.000000e+00
6.188318e+00 3.853316e+03 -3.012925e+03 1.000000e+00
8.815233e+00 4.110266e+03 -3.481726e+03 9.992651e-01
1.144377e+01 5.232119e+03 -2.328194e+03 9.950333e-01
1.648251e+01 5.638396e+03 -2.764910e+03 9.787423e-01
1.193249e+01 7.066311e+03 -1.603838e+03 9.366232e-01
1.066554e+01 7.165006e+03 -1.125336e+03 8.571537e-01
0.000000e+00 1.743566e+03 -3.642228e+03 1.000000e+00
0.000000e+00 2.621883e+03 -3.301687e+03 1.000000e+00
0.000000e+00 2.897640e+03 -3.710556e+03 1.000000e+00
0.000000e+00 3.854226e+03 -3.056268e+03 1.000000e+00
0.000000e+00 4.145326e+03 -3.429179e+03 9.992651e-01
0.000000e+00 5.249116e+03 -2.378826e+03 9.950333e-01
0.000000e+00 5.679676e+03 -2.693057e+03 9.787423e-01
0.000000e+00 7.111055e+03 -1.608165e+03 9.366232e-01
0.000000e+00 7.197604e+03 -1.119387e+03 8.571537e-01
