0 729 0.00000e+00
  1     729
4.081816e+00 3.276404e+01 -1.229003e+03 1.000000e+00
9.707991e+00 3.100301e+02 -1.315837e+03 1.000000e+00
1.527271e+01 3.251064e+02 -1.124324e+03 1.000000e+00
2.143056e+01 5.834708e+02 -1.225242e+03 1.000000e+00
2.912317e+01 6.349800e+02 -8.412228e+02 1.000000e+00
3.639771e+01 9.355414e+02 -1.059284e+03 1.000000e+00
4.011390e+01 8.798755e+02 -4.966759e+02 1.000000e+00
4.071080e+01 1.032035e+03 -7.795158e+02 1.000000e+00
3.896848e+01 8.378773e+02 -1.729886e+02 1.000000e+00
3.618352e+00 3.311174e+01 -1.228292e+03 1.000000e+00
9.187331e+00 3.116763e+02 -1.313661e+03 1.000000e+00
1.433983e+01 3.246144e+02 -1.122393e+03 1.000000e+00
2.077489e+01 5.822246e+02 -1.220546e+03 1.000000e+00
2.819772e+01 6.334023e+02 -8.392911e+02 1.000000e+00
3.489086e+01 9.315462e+02 -1.053470e+03 1.000000e+00
3.876501e+01 8.755483e+02 -4.940757e+02 1.000000e+00
3.839312e+01 1.023935e+03 -7.762256e+02 1.000000e+00
3.629874e+01 8.340787e+02 -1.709491e+02 1.000000e+00
3.900258e+00 3.316912e+01 -1.227322e+03 1.000000e+00
9.127079e+00 3.119097e+02 -1.311481e+03 1.000000e+00
1.401287e+01 3.229852e+02 -1.120479e+03 1.000000e+00
1.948580e+01 5.804914e+02 -1.215998e+03 1.000000e+00
2.608241e+01 6.286122e+02 -8.373624e+02 1.000000e+00
3.298767e+01 9.253647e+02 -1.047551e+03 1.000000e+00
3.604060e+01 8.679789e+02 -4.925109e+02 1.000000e+00
3.795260e+01 1.016095e+03 -7.711462e+02 1.000000e+00
3.695560e+01 8.252132e+02 -1.703872e+02 1.000000e+00
3.074423e+00 3.389914e+01 -1.226057e+03 1.000000e+00
7.244637e+00 3.111004e+02 -1.310139e+03 1.000000e+00
1.187492e+01 3.227613e+02 -1.117090e+03 1.000000e+00
1.695189e+01 5.784534e+02 -1.214047e+03 1.000000e+00
2.348391e+01 6.247858e+02 -8.315789e+02 1.000000e+00
2.937579e+01 9.194461e+02 -1.045989e+03 1.000000e+00
3.181261e+01 8.613155e+02 -4.881072e+02 1.000000e+00
3.197892e+01 1.010215e+03 -7.686939e+02 1.000000e+00
3.012317e+01 8.164032e+02 -1.672361e+02 1.000000e+00
2.512828e+00 3.609288e+01 -1.225935e+03 1.000000e+00
6.680489e+00 3.108558e+02 -1.307607e+03 1.000000e+00
1.040927e+01 3.244857e+02 -1.115225e+03 1.000000e+00
1.452281e+01 5.761833e+02 -1.210324e+03 1.000000e+00
1.996012e+01 6.254057e+02 -8.289688e+02 1.000000e+00
2.503906e+01 9.159094e+02 -1.041942e+03 1.000000e+00
2.822067e+01 8.588636e+02 -4.857517e+02 1.000000e+00
2.885490e+01 1.004390e+03 -7.656740e+02 1.000000e+00
2.727925e+01 8.149463e+02 -1.661356e+02 1.000000e+00
1.932979e+00 3.583435e+01 -1.225295e+03 1.000000e+00
4.818856e+00 3.106417e+02 -1.305613e+03 1.000000e+00
6.980671e+00 3.230291e+02 -1.114042e+03 1.000000e+00
1.088754e+01 5.748459e+02 -1.206059e+03 1.000000e+00
1.398104e+01 6.213225e+02 -8.290156e+02 1.000000e+00
1.882527e+01 9.113411e+02 -1.035403e+03 1.000000e+00
2.025390e+01 8.531055e+02 -4.868608e+02 1.000000e+00
2.171991e+01 9.979404e+02 -7.581857e+02 1.000000e+00
2.081526e+01 8.068799e+02 -1.697312e+02 1.000000e+00
1.265842e+00 3.058720e+01 -1.220089e+03 1.000000e+00
3.105234e+00 3.175269e+02 -1.309384e+03 1.000000e+00
5.796403e+00 3.181267e+02 -1.106540e+03 1.000000e+00
6.995203e+00 5.817259e+02 -1.212367e+03 1.000000e+00
1.143681e+01 6.154946e+02 -8.141029e+02 1.000000e+00
1.357917e+01 9.171010e+02 -1.048101e+03 1.000000e+00
1.550613e+01 8.463723e+02 -4.690981e+02 1.000000e+00
1.486132e+01 1.003711e+03 -7.728541e+02 1.000000e+00
1.478233e+01 8.006804e+02 -1.497313e+02 1.000000e+00
4.750694e-01 4.647614e+01 -1.232798e+03 1.000000e+00
1.496870e+00 3.026719e+02 -1.293174e+03 1.000000e+00
1.818179e+00 3.349684e+02 -1.124103e+03 1.000000e+00
2.608328e+00 5.670823e+02 -1.184658e+03 1.000000e+00
4.218737e+00 6.322202e+02 -8.528013e+02 1.000000e+00
4.098215e+00 9.029313e+02 -9.995587e+02 1.000000e+00
5.643060e+00 8.622204e+02 -5.182412e+02 1.000000e+00
6.301518e+00 9.888056e+02 -7.178244e+02 1.000000e+00
6.214328e+00 8.161310e+02 -2.046359e+02 1.000000e+00
0.000000e+00 6.606428e+01 -1.249410e+03 1.000000e+00
0.000000e+00 2.822897e+02 -1.273482e+03 1.000000e+00
0.000000e+00 3.557000e+02 -1.147485e+03 1.000000e+00
0.000000e+00 5.472368e+02 -1.149932e+03 1.000000e+00
0.000000e+00 6.529472e+02 -9.048193e+02 1.000000e+00
0.000000e+00 8.834922e+02 -9.369462e+02 1.000000e+00
0.000000e+00 8.839183e+02 -5.845452e+02 1.000000e+00
0.000000e+00 9.676125e+02 -6.453368e+02 1.000000e+00
0.000000e+00 8.335605e+02 -2.801743e+02 1.000000e+00
6.933164e+00 1.570313e+02 -1.230708e+03 1.000000e+00
1.196679e+01 1.942327e+02 -1.080118e+03 1.000000e+00
1.710042e+01 4.109764e+02 -1.153703e+03 1.000000e+00
2.232541e+01 4.132876e+02 -8.845090e+02 1.000000e+00
2.917179e+01 6.713013e+02 -1.050055e+03 1.000000e+00
3.490288e+01 6.872546e+02 -5.542125e+02 1.000000e+00
3.767466e+01 8.732148e+02 -8.208408e+02 1.000000e+00
3.802841e+01 7.456854e+02 -2.451201e+02 1.000000e+00
3.591319e+01 8.290118e+02 -5.881307e+02 1.000000e+00
7.005552e+00 1.585084e+02 -1.230258e+03 1.000000e+00
1.193073e+01 1.928263e+02 -1.077036e+03 1.000000e+00
1.716253e+01 4.107874e+02 -1.151217e+03 1.000000e+00
2.168949e+01 4.105829e+02 -8.813103e+02 1.000000e+00
2.907854e+01 6.663698e+02 -1.045049e+03 1.000000e+00
3.495290e+01 6.814828e+02 -5.522670e+02 1.000000e+00
3.727269e+01 8.642687e+02 -8.161730e+02 1.000000e+00
3.758611e+01 7.410322e+02 -2.433157e+02 1.000000e+00
3.617863e+01 8.208741e+02 -5.842332e+02 1.000000e+00
5.783441e+00 1.593337e+02 -1.228434e+03 1.000000e+00
1.025047e+01 1.919866e+02 -1.075174e+03 1.000000e+00
1.467097e+01 4.106593e+02 -1.147531e+03 1.000000e+00
1.997176e+01 4.080902e+02 -8.787517e+02 1.000000e+00
2.511156e+01 6.636849e+02 -1.039795e+03 1.000000e+00
3.016538e+01 6.768394e+02 -5.504919e+02 1.000000e+00
3.318806e+01 8.582418e+02 -8.109858e+02 1.000000e+00
3.350723e+01 7.345599e+02 -2.427838e+02 1.000000e+00
3.074805e+01 8.146024e+02 -5.802280e+02 1.000000e+00
5.506571e+00 1.587700e+02 -1.226200e+03 1.000000e+00
1.003514e+01 1.929005e+02 -1.073328e+03 1.000000e+00
1.401116e+01 4.088448e+02 -1.144385e+03 1.000000e+00
1.814501e+01 4.067556e+02 -8.748184e+02 1.000000e+00
2.418428e+01 6.603647e+02 -1.037527e+03 1.000000e+00
2.933581e+01 6.726290e+02 -5.450648e+02 1.000000e+00
3.151545e+01 8.535535e+02 -8.094644e+02 1.000000e+00
3.156809e+01 7.270175e+02 -2.393913e+02 1.000000e+00
2.997772e+01 8.089823e+02 -5.799318e+02 1.000000e+00
4.617708e+00 1.576640e+02 -1.225048e+03 1.000000e+00
7.783407e+00 1.939446e+02 -1.070862e+03 1.000000e+00
1.155630e+01 4.065241e+02 -1.141736e+03 1.000000e+00
1.501272e+01 4.064642e+02 -8.718290e+02 1.000000e+00
1.985167e+01 6.548812e+02 -1.033422e+03 1.000000e+00
2.362632e+01 6.686257e+02 -5.430349e+02 1.000000e+00
2.535658e+01 8.462853e+02 -8.053654e+02 1.000000e+00
2.639455e+01 7.228602e+02 -2.381798e+02 1.000000e+00
2.572894e+01 8.021000e+02 -5.755311e+02 1.000000e+00
3.238286e+00 1.583843e+02 -1.223497e+03 1.000000e+00
5.780068e+00 1.940016e+02 -1.069658e+03 1.000000e+00
8.559819e+00 4.075887e+02 -1.138319e+03 1.000000e+00
1.109089e+01 4.058275e+02 -8.705140e+02 1.000000e+00
1.490868e+01 6.554208e+02 -1.028135e+03 1.000000e+00
1.829407e+01 6.671600e+02 -5.435136e+02 1.000000e+00
2.083706e+01 8.445931e+02 -7.988245e+02 1.000000e+00
1.961218e+01 7.200513e+02 -2.409144e+02 1.000000e+00
1.801368e+01 8.004774e+02 -5.682801e+02 1.000000e+00
2.111567e+00 1.637093e+02 -1.226045e+03 1.000000e+00
4.741692e+00 1.886301e+02 -1.063808e+03 1.000000e+00
5.904936e+00 4.125788e+02 -1.142098e+03 1.000000e+00
8.198381e+00 3.992917e+02 -8.605723e+02 1.000000e+00
1.030036e+01 6.592879e+02 -1.037721e+03 1.000000e+00
1.342446e+01 6.591024e+02 -5.270354e+02 1.000000e+00
1.293404e+01 8.472328e+02 -8.133513e+02 1.000000e+00
1.522206e+01 7.108433e+02 -2.211914e+02 1.000000e+00
1.464123e+01 8.015681e+02 -5.862493e+02 1.000000e+00
1.603368e+00 1.503556e+02 -1.212630e+03 1.000000e+00
1.108512e+00 2.030982e+02 -1.078470e+03 1.000000e+00
2.696796e+00 3.992872e+02 -1.121945e+03 1.000000e+00
3.998702e+00 4.144370e+02 -8.865133e+02 1.000000e+00
3.704530e+00 6.456876e+02 -9.953251e+02 1.000000e+00
5.504034e+00 6.731976e+02 -5.743731e+02 1.000000e+00
6.598464e+00 8.337576e+02 -7.598220e+02 1.000000e+00
5.730511e+00 7.253867e+02 -2.754751e+02 1.000000e+00
4.698276e+00 7.877214e+02 -5.267318e+02 1.000000e+00
0.000000e+00 1.336585e+02 -1.196062e+03 1.000000e+00
0.000000e+00 2.230014e+02 -1.098201e+03 1.000000e+00
0.000000e+00 3.840014e+02 -1.096976e+03 1.000000e+00
0.000000e+00 4.363364e+02 -9.208851e+02 1.000000e+00
0.000000e+00 6.321072e+02 -9.425153e+02 1.000000e+00
0.000000e+00 6.968547e+02 -6.362175e+02 1.000000e+00
0.000000e+00 8.210411e+02 -6.907640e+02 1.000000e+00
0.000000e+00 7.500845e+02 -3.496521e+02 1.000000e+00
0.000000e+00 7.758371e+02 -4.479052e+02 1.000000e+00
9.280669e+00 7.132067e+01 -1.028174e+03 1.000000e+00
1.411384e+01 2.749281e+02 -1.098392e+03 1.000000e+00
1.837185e+01 2.772538e+02 -8.884093e+02 1.000000e+00
2.300626e+01 4.571877e+02 -9.890193e+02 1.000000e+00
2.848213e+01 4.747269e+02 -6.064504e+02 1.000000e+00
3.351068e+01 6.827235e+02 -8.495784e+02 1.000000e+00
3.535928e+01 6.192277e+02 -3.123065e+02 1.000000e+00
3.512137e+01 7.285781e+02 -6.282126e+02 1.000000e+00
3.294764e+01 5.753226e+02 -5.493355e+01 1.000000e+00
8.527775e+00 6.940206e+01 -1.027234e+03 1.000000e+00
1.305463e+01 2.747599e+02 -1.094721e+03 1.000000e+00
1.769835e+01 2.743810e+02 -8.859938e+02 1.000000e+00
2.165847e+01 4.548131e+02 -9.846130e+02 1.000000e+00
2.663251e+01 4.703100e+02 -6.036063e+02 1.000000e+00
3.093361e+01 6.757044e+02 -8.454322e+02 1.000000e+00
3.355700e+01 6.142053e+02 -3.098037e+02 1.000000e+00
3.397221e+01 7.190133e+02 -6.246326e+02 1.000000e+00
3.035116e+01 5.669119e+02 -5.599016e+01 1.000000e+00
8.804045e+00 6.896295e+01 -1.025674e+03 1.000000e+00
1.322438e+01 2.751714e+02 -1.091523e+03 1.000000e+00
1.670499e+01 2.726653e+02 -8.832950e+02 1.000000e+00
2.152187e+01 4.533939e+02 -9.801708e+02 1.000000e+00
2.667985e+01 4.664066e+02 -6.014172e+02 1.000000e+00
3.161858e+01 6.709578e+02 -8.403286e+02 1.000000e+00
3.298108e+01 6.089443e+02 -3.089607e+02 1.000000e+00
3.227724e+01 7.133306e+02 -6.202061e+02 1.000000e+00
3.214719e+01 5.613898e+02 -5.627832e+01 1.000000e+00
7.218801e+00 7.044410e+01 -1.022467e+03 1.000000e+00
1.104628e+01 2.742904e+02 -1.090086e+03 1.000000e+00
1.459523e+01 2.732745e+02 -8.789677e+02 1.000000e+00
1.809558e+01 4.512274e+02 -9.779441e+02 1.000000e+00
2.240841e+01 4.645241e+02 -5.962089e+02 1.000000e+00
2.648387e+01 6.676747e+02 -8.384610e+02 1.000000e+00
2.829469e+01 6.036887e+02 -3.053212e+02 1.000000e+00
2.853466e+01 7.098129e+02 -6.191871e+02 1.000000e+00
2.622331e+01 5.579967e+02 -5.246043e+01 1.000000e+00
5.767511e+00 7.098834e+01 -1.021894e+03 1.000000e+00
8.781152e+00 2.720791e+02 -1.086245e+03 1.000000e+00
1.219049e+01 2.735222e+02 -8.769971e+02 1.000000e+00
1.511209e+01 4.476558e+02 -9.734143e+02 1.000000e+00
1.905124e+01 4.630503e+02 -5.940784e+02 1.000000e+00
2.215071e+01 6.623368e+02 -8.341278e+02 1.000000e+00
2.384032e+01 6.002691e+02 -3.038519e+02 1.000000e+00
2.384884e+01 7.029330e+02 -6.151158e+02 1.000000e+00
2.185208e+01 5.509338e+02 -5.470836e+01 1.000000e+00
5.231110e+00 7.092889e+01 -1.020933e+03 1.000000e+00
8.005899e+00 2.728596e+02 -1.083516e+03 1.000000e+00
9.690166e+00 2.722434e+02 -8.754432e+02 1.000000e+00
1.296460e+01 4.474368e+02 -9.688908e+02 1.000000e+00
1.555123e+01 4.600388e+02 -5.944026e+02 1.000000e+00
1.926027e+01 6.595710e+02 -8.278181e+02 1.000000e+00
2.040017e+01 5.962449e+02 -3.055382e+02 1.000000e+00
2.059502e+01 7.002241e+02 -6.086008e+02 1.000000e+00
2.051917e+01 5.470834e+02 -5.734467e+01 1.000000e+00
2.699301e+00 6.667247e+01 -1.014643e+03 1.000000e+00
3.880975e+00 2.782408e+02 -1.087742e+03 1.000000e+00
6.262468e+00 2.678137e+02 -8.670949e+02 1.000000e+00
6.538600e+00 4.532175e+02 -9.758551e+02 1.000000e+00
9.892151e+00 4.553649e+02 -5.786358e+02 1.000000e+00
1.068280e+01 6.642262e+02 -8.419077e+02 1.000000e+00
1.179673e+01 5.905881e+02 -2.868949e+02 1.000000e+00
1.107345e+01 7.042681e+02 -6.250903e+02 1.000000e+00
1.034639e+01 5.424536e+02 -3.552732e+01 1.000000e+00
1.576279e+00 7.850921e+01 -1.028287e+03 1.000000e+00
3.016526e+00 2.666221e+02 -1.070121e+03 1.000000e+00
3.428951e+00 2.803290e+02 -8.859959e+02 1.000000e+00
4.415875e+00 4.411781e+02 -9.461706e+02 1.000000e+00
6.188851e+00 4.683224e+02 -6.206417e+02 1.000000e+00
5.978618e+00 6.520706e+02 -7.904057e+02 1.000000e+00
7.726965e+00 6.029874e+02 -3.390176e+02 1.000000e+00
7.610638e+00 6.909389e+02 -5.678304e+02 1.000000e+00
7.290495e+00 5.536592e+02 -9.366393e+01 1.000000e+00
0.000000e+00 9.430198e+01 -1.046061e+03 1.000000e+00
0.000000e+00 2.519208e+02 -1.048893e+03 1.000000e+00
0.000000e+00 2.965880e+02 -9.109907e+02 1.000000e+00
0.000000e+00 4.258844e+02 -9.094550e+02 1.000000e+00
0.000000e+00 4.850344e+02 -6.763790e+02 1.000000e+00
0.000000e+00 6.363571e+02 -7.241965e+02 1.000000e+00
0.000000e+00 6.196425e+02 -4.083537e+02 1.000000e+00
0.000000e+00 6.753389e+02 -4.934819e+02 1.000000e+00
0.000000e+00 5.710009e+02 -1.711495e+02 1.000000e+00
1.140289e+01 1.468271e+02 -1.045511e+03 1.000000e+00
1.575974e+01 1.694699e+02 -8.717529e+02 1.000000e+00
1.955642e+01 3.162596e+02 -9.401816e+02 1.000000e+00
2.307006e+01 3.067929e+02 -6.669264e+02 1.000000e+00
2.780217e+01 4.759280e+02 -8.466682e+02 1.000000e+00
3.177764e+01 4.674255e+02 -3.676217e+02 1.000000e+00
3.312118e+01 5.936262e+02 -6.646113e+02 1.000000e+00
3.236320e+01 4.915821e+02 -1.205296e+02 1.000000e+00
3.001800e+01 5.515964e+02 -4.894316e+02 1.000000e+00
1.099305e+01 1.490064e+02 -1.043606e+03 1.000000e+00
1.527431e+01 1.692774e+02 -8.683494e+02 1.000000e+00
1.914661e+01 3.171494e+02 -9.371841e+02 1.000000e+00
2.242533e+01 3.056415e+02 -6.632233e+02 1.000000e+00
2.767182e+01 4.749880e+02 -8.428028e+02 1.000000e+00
3.092428e+01 4.667469e+02 -3.654331e+02 1.000000e+00
3.251679e+01 5.890031e+02 -6.607062e+02 1.000000e+00
3.201315e+01 4.902216e+02 -1.196570e+02 1.000000e+00
2.930537e+01 5.502670e+02 -4.873210e+02 1.000000e+00
1.042853e+01 1.492685e+02 -1.040432e+03 1.000000e+00
1.401405e+01 1.679321e+02 -8.661924e+02 1.000000e+00
1.688593e+01 3.163151e+02 -9.330419e+02 1.000000e+00
2.043644e+01 3.028348e+02 -6.602771e+02 1.000000e+00
2.415489e+01 4.718898e+02 -8.385316e+02 1.000000e+00
2.788689e+01 4.622586e+02 -3.634777e+02 1.000000e+00
2.961991e+01 5.836961e+02 -6.563589e+02 1.000000e+00
2.864879e+01 4.846938e+02 -1.196522e+02 1.000000e+00
2.726143e+01 5.444608e+02 -4.831838e+02 1.000000e+00
8.807310e+00 1.470544e+02 -1.038036e+03 1.000000e+00
1.219899e+01 1.672291e+02 -8.632122e+02 1.000000e+00
1.541634e+01 3.132736e+02 -9.298506e+02 1.000000e+00
1.828034e+01 3.006820e+02 -6.562399e+02 1.000000e+00
2.245017e+01 4.664579e+02 -8.360580e+02 1.000000e+00
2.534379e+01 4.556457e+02 -3.590291e+02 1.000000e+00
2.654916e+01 5.784812e+02 -6.549656e+02 1.000000e+00
2.649376e+01 4.773760e+02 -1.162959e+02 1.000000e+00
2.394586e+01 5.358891e+02 -4.823722e+02 1.000000e+00
8.021053e+00 1.469991e+02 -1.036231e+03 1.000000e+00
1.061146e+01 1.694895e+02 -8.602695e+02 1.000000e+00
1.333894e+01 3.124329e+02 -9.265318e+02 1.000000e+00
1.564703e+01 3.022073e+02 -6.539495e+02 1.000000e+00
1.946736e+01 4.648894e+02 -8.307375e+02 1.000000e+00
2.266024e+01 4.560975e+02 -3.586395e+02 1.000000e+00
2.365311e+01 5.757238e+02 -6.497457e+02 1.000000e+00
2.336027e+01 4.770547e+02 -1.166762e+02 1.000000e+00
2.196442e+01 5.368653e+02 -4.783344e+02 1.000000e+00
5.782153e+00 1.470928e+02 -1.033512e+03 1.000000e+00
7.506284e+00 1.682307e+02 -8.593693e+02 1.000000e+00
9.234756e+00 3.124649e+02 -9.226236e+02 1.000000e+00
1.117038e+01 3.000447e+02 -6.525795e+02 1.000000e+00
1.394344e+01 4.639037e+02 -8.258734e+02 1.000000e+00
1.544467e+01 4.531250e+02 -3.588420e+02 1.000000e+00
1.709119e+01 5.727401e+02 -6.437529e+02 1.000000e+00
1.624043e+01 4.720921e+02 -1.190961e+02 1.000000e+00
1.568356e+01 5.328692e+02 -4.710030e+02 1.000000e+00
3.146410e+00 1.504444e+02 -1.035862e+03 1.000000e+00
5.916007e+00 1.634820e+02 -8.529317e+02 1.000000e+00
6.934947e+00 3.164582e+02 -9.268328e+02 1.000000e+00
8.706223e+00 2.944859e+02 -6.417508e+02 1.000000e+00
1.010284e+01 4.664362e+02 -8.371811e+02 1.000000e+00
1.325517e+01 4.462273e+02 -3.406928e+02 1.000000e+00
1.286849e+01 5.744019e+02 -6.596603e+02 1.000000e+00
1.405650e+01 4.656095e+02 -9.765045e+01 1.000000e+00
1.151435e+01 5.321938e+02 -4.908310e+02 1.000000e+00
3.171615e+00 1.413617e+02 -1.021587e+03 1.000000e+00
2.056983e+00 1.744871e+02 -8.683572e+02 1.000000e+00
3.224871e+00 3.075673e+02 -9.057001e+02 1.000000e+00
4.467262e+00 3.063544e+02 -6.694662e+02 1.000000e+00
3.982456e+00 4.568999e+02 -7.917697e+02 1.000000e+00
5.313887e+00 4.583484e+02 -3.911501e+02 1.000000e+00
5.877636e+00 5.642975e+02 -6.038716e+02 1.000000e+00
5.084967e+00 4.781730e+02 -1.536938e+02 1.000000e+00
5.700011e+00 5.234064e+02 -4.293297e+02 1.000000e+00
0.000000e+00 1.290740e+02 -1.004104e+03 1.000000e+00
0.000000e+00 1.880259e+02 -8.893657e+02 1.000000e+00
0.000000e+00 2.955036e+02 -8.795071e+02 1.000000e+00
0.000000e+00 3.213768e+02 -7.056147e+02 1.000000e+00
0.000000e+00 4.450134e+02 -7.358025e+02 1.000000e+00
0.000000e+00 4.745413e+02 -4.566747e+02 1.000000e+00
0.000000e+00 5.518524e+02 -5.324062e+02 1.000000e+00
0.000000e+00 4.931767e+02 -2.292676e+02 1.000000e+00
0.000000e+00 5.101432e+02 -3.474562e+02 1.000000e+00
1.304785e+01 7.298225e+01 -8.526526e+02 1.000000e+00
1.698432e+01 2.068459e+02 -9.144245e+02 1.000000e+00
2.004950e+01 2.024699e+02 -6.948697e+02 1.000000e+00
2.322648e+01 3.146446e+02 -8.008073e+02 1.000000e+00
2.662826e+01 3.157097e+02 -4.272877e+02 1.000000e+00
2.974611e+01 4.450913e+02 -6.932050e+02 1.000000e+00
3.058094e+01 3.922255e+02 -1.813983e+02 1.000000e+00
2.990236e+01 4.634373e+02 -5.233744e+02 1.000000e+00
2.743953e+01 3.558856e+02 1.943299e+01 1.000000e+00
1.279775e+01 7.067336e+01 -8.511354e+02 1.000000e+00
1.619909e+01 2.052856e+02 -9.105196e+02 1.000000e+00
1.957516e+01 1.990736e+02 -6.918704e+02 1.000000e+00
2.191667e+01 3.112811e+02 -7.972280e+02 1.000000e+00
2.568372e+01 3.094306e+02 -4.233827e+02 1.000000e+00
2.887092e+01 4.370144e+02 -6.904658e+02 1.000000e+00
2.926844e+01 3.863176e+02 -1.793100e+02 1.000000e+00
2.895000e+01 4.545607e+02 -5.202703e+02 1.000000e+00
2.660775e+01 3.477270e+02 1.917467e+01 1.000000e+00
1.162192e+01 7.001360e+01 -8.493146e+02 1.000000e+00
1.516764e+01 2.049299e+02 -9.067224e+02 1.000000e+00
1.746869e+01 1.977565e+02 -6.889495e+02 1.000000e+00
2.079329e+01 3.100273e+02 -7.929301e+02 1.000000e+00
2.374377e+01 3.063268e+02 -4.210669e+02 1.000000e+00
2.663784e+01 4.336761e+02 -6.861262e+02 1.000000e+00
2.798284e+01 3.823330e+02 -1.784586e+02 1.000000e+00
2.650182e+01 4.505127e+02 -5.166845e+02 1.000000e+00
2.412557e+01 3.438857e+02 1.861838e+01 1.000000e+00
1.052996e+01 7.197564e+01 -8.452226e+02 1.000000e+00
1.375207e+01 2.049909e+02 -9.049774e+02 1.000000e+00
1.574245e+01 1.989543e+02 -6.846927e+02 1.000000e+00
1.831306e+01 3.092648e+02 -7.902735e+02 1.000000e+00
2.174248e+01 3.073009e+02 -4.169980e+02 1.000000e+00
2.445819e+01 4.340110e+02 -6.838534e+02 1.000000e+00
2.481392e+01 3.804641e+02 -1.752093e+02 1.000000e+00
2.449591e+01 4.500735e+02 -5.154681e+02 1.000000e+00
2.264301e+01 3.445756e+02 2.098730e+01 1.000000e+00
8.758602e+00 7.173218e+01 -8.438821e+02 1.000000e+00
1.077716e+01 2.018537e+02 -9.012260e+02 1.000000e+00
1.294934e+01 1.976599e+02 -6.827567e+02 1.000000e+00
1.493870e+01 3.047994e+02 -7.857515e+02 1.000000e+00
1.739683e+01 3.035163e+02 -4.155294e+02 1.000000e+00
1.956394e+01 4.268293e+02 -6.786437e+02 1.000000e+00
2.049826e+01 3.751668e+02 -1.755144e+02 1.000000e+00
1.974928e+01 4.428788e+02 -5.099223e+02 1.000000e+00
1.838044e+01 3.360591e+02 1.903398e+01 1.000000e+00
6.448157e+00 7.105996e+01 -8.432787e+02 1.000000e+00
8.638544e+00 2.021547e+02 -8.977366e+02 1.000000e+00
9.831821e+00 1.968546e+02 -6.814644e+02 1.000000e+00
1.213561e+01 3.053326e+02 -7.810349e+02 1.000000e+00
1.396271e+01 3.015049e+02 -4.155863e+02 1.000000e+00
1.633302e+01 4.254776e+02 -6.725626e+02 1.000000e+00
1.676364e+01 3.728463e+02 -1.767917e+02 1.000000e+00
1.597032e+01 4.424161e+02 -5.045534e+02 1.000000e+00
1.370839e+01 3.332935e+02 1.655471e+01 1.000000e+00
5.110211e+00 6.897523e+01 -8.371201e+02 1.000000e+00
5.983191e+00 2.068007e+02 -9.015579e+02 1.000000e+00
7.645624e+00 1.940040e+02 -6.730865e+02 1.000000e+00
7.557582e+00 3.102789e+02 -7.884125e+02 1.000000e+00
1.048965e+01 2.991007e+02 -3.987225e+02 1.000000e+00
1.106975e+01 4.303021e+02 -6.878364e+02 1.000000e+00
1.189783e+01 3.695880e+02 -1.563032e+02 1.000000e+00
1.144879e+01 4.456217e+02 -5.224005e+02 1.000000e+00
1.213459e+01 3.327647e+02 3.973497e+01 1.000000e+00
1.478089e+00 7.636857e+01 -8.512358e+02 1.000000e+00
2.843318e+00 1.983689e+02 -8.832873e+02 1.000000e+00
2.710478e+00 2.015183e+02 -6.926168e+02 1.000000e+00
3.654059e+00 3.010243e+02 -7.576505e+02 1.000000e+00
4.976461e+00 3.067177e+02 -4.421011e+02 1.000000e+00
4.414388e+00 4.193805e+02 -6.340453e+02 1.000000e+00
5.463243e+00 3.771992e+02 -2.100844e+02 1.000000e+00
4.671563e+00 4.339470e+02 -4.630346e+02 1.000000e+00
2.771744e+00 3.386510e+02 -1.964733e+01 1.000000e+00
0.000000e+00 8.620113e+01 -8.696404e+02 1.000000e+00
0.000000e+00 1.884255e+02 -8.612306e+02 1.000000e+00
0.000000e+00 2.128079e+02 -7.183741e+02 1.000000e+00
0.000000e+00 2.907052e+02 -7.193611e+02 1.000000e+00
0.000000e+00 3.185664e+02 -4.995180e+02 1.000000e+00
0.000000e+00 4.083090e+02 -5.655571e+02 1.000000e+00
0.000000e+00 3.903044e+02 -2.814029e+02 1.000000e+00
0.000000e+00 4.240501e+02 -3.870941e+02 1.000000e+00
0.000000e+00 3.501433e+02 -9.968881e+01 1.000000e+00
1.444354e+01 1.050359e+02 -8.967363e+02 1.000000e+00
1.789575e+01 1.158744e+02 -7.089324e+02 1.000000e+00
2.045033e+01 2.013872e+02 -7.781824e+02 1.000000e+00
2.281518e+01 1.900336e+02 -5.059308e+02 1.000000e+00
2.590042e+01 2.842047e+02 -6.996899e+02 1.000000e+00
2.802770e+01 2.720198e+02 -2.376582e+02 1.000000e+00
2.837130e+01 3.448399e+02 -5.560140e+02 1.000000e+00
2.724483e+01 2.774625e+02 -3.734113e+01 1.000000e+00
2.504855e+01 3.164284e+02 -4.230220e+02 1.000000e+00
1.365238e+01 1.063741e+02 -8.940344e+02 1.000000e+00
1.705464e+01 1.161033e+02 -7.055268e+02 1.000000e+00
1.960813e+01 2.019493e+02 -7.749070e+02 1.000000e+00
2.158745e+01 1.899153e+02 -5.021898e+02 1.000000e+00
2.457764e+01 2.851019e+02 -6.964924e+02 1.000000e+00
2.675215e+01 2.727578e+02 -2.348709e+02 1.000000e+00
2.730700e+01 3.432897e+02 -5.532245e+02 1.000000e+00
2.612683e+01 2.780895e+02 -3.618671e+01 1.000000e+00
2.341649e+01 3.158596e+02 -4.219028e+02 1.000000e+00
1.322904e+01 1.066104e+02 -8.905054e+02 1.000000e+00
1.629600e+01 1.155191e+02 -7.031025e+02 1.000000e+00
1.821344e+01 2.009305e+02 -7.708042e+02 1.000000e+00
2.050299e+01 1.881007e+02 -4.993429e+02 1.000000e+00
2.338249e+01 2.834395e+02 -6.925547e+02 1.000000e+00
2.537159e+01 2.695867e+02 -2.333320e+02 1.000000e+00
2.592112e+01 3.400506e+02 -5.492692e+02 1.000000e+00
2.479650e+01 2.751972e+02 -3.639589e+01 1.000000e+00
2.367620e+01 3.129762e+02 -4.188927e+02 1.000000e+00
1.126578e+01 1.045508e+02 -8.882777e+02 1.000000e+00
1.394911e+01 1.141175e+02 -6.996702e+02 1.000000e+00
1.587838e+01 1.980063e+02 -7.681110e+02 1.000000e+00
1.736321e+01 1.854557e+02 -4.955893e+02 1.000000e+00
2.012027e+01 2.777824e+02 -6.901909e+02 1.000000e+00
2.207790e+01 2.631349e+02 -2.300069e+02 1.000000e+00
2.238093e+01 3.346372e+02 -5.478779e+02 1.000000e+00
2.152815e+01 2.687212e+02 -3.400202e+01 1.000000e+00
1.952247e+01 3.059697e+02 -4.179219e+02 1.000000e+00
9.413492e+00 1.040966e+02 -8.860430e+02 1.000000e+00
1.142584e+01 1.156855e+02 -6.971191e+02 1.000000e+00
1.339280e+01 1.977727e+02 -7.644743e+02 1.000000e+00
1.510565e+01 1.871370e+02 -4.941869e+02 1.000000e+00
1.710395e+01 2.776388e+02 -6.845980e+02 1.000000e+00
1.862822e+01 2.648938e+02 -2.304476e+02 1.000000e+00
1.927934e+01 3.341788e+02 -5.424274e+02 1.000000e+00
1.836843e+01 2.694870e+02 -3.586057e+01 1.000000e+00
1.619412e+01 3.069259e+02 -4.133773e+02 1.000000e+00
7.690744e+00 1.047770e+02 -8.826644e+02 1.000000e+00
9.768771e+00 1.156219e+02 -6.964128e+02 1.000000e+00
1.059221e+01 1.978272e+02 -7.606439e+02 1.000000e+00
1.176231e+01 1.857825e+02 -4.932785e+02 1.000000e+00
1.421172e+01 2.777711e+02 -6.797667e+02 1.000000e+00
1.483186e+01 2.633004e+02 -2.309873e+02 1.000000e+00
1.579848e+01 3.327651e+02 -5.366250e+02 1.000000e+00
1.516879e+01 2.670381e+02 -3.795705e+01 1.000000e+00
1.495921e+01 3.069763e+02 -4.074778e+02 1.000000e+00
4.202758e+00 1.059437e+02 -8.848195e+02 1.000000e+00
5.945015e+00 1.112788e+02 -6.900993e+02 1.000000e+00
6.073789e+00 1.990374e+02 -7.651784e+02 1.000000e+00
7.708989e+00 1.804085e+02 -4.815562e+02 1.000000e+00
7.512455e+00 2.773220e+02 -6.923232e+02 1.000000e+00
9.709614e+00 2.560471e+02 -2.112712e+02 1.000000e+00
8.389311e+00 3.313199e+02 -5.545269e+02 1.000000e+00
8.310661e+00 2.603190e+02 -1.515973e+01 1.000000e+00
6.133588e+00 3.021729e+02 -4.287424e+02 1.000000e+00
3.628510e+00 1.006422e+02 -8.693754e+02 1.000000e+00
3.265939e+00 1.182938e+02 -7.062473e+02 1.000000e+00
4.741775e+00 1.947025e+02 -7.430342e+02 1.000000e+00
5.462207e+00 1.883144e+02 -5.102038e+02 1.000000e+00
4.906356e+00 2.722904e+02 -6.458366e+02 1.000000e+00
6.281180e+00 2.652358e+02 -2.626209e+02 1.000000e+00
7.455138e+00 3.257049e+02 -4.971431e+02 1.000000e+00
6.949173e+00 2.700902e+02 -7.287460e+01 1.000000e+00
7.316889e+00 2.976899e+02 -3.663102e+02 1.000000e+00
0.000000e+00 9.461131e+01 -8.507614e+02 1.000000e+00
0.000000e+00 1.280255e+02 -7.275918e+02 1.000000e+00
0.000000e+00 1.889763e+02 -7.161404e+02 1.000000e+00
0.000000e+00 1.988595e+02 -5.478969e+02 1.000000e+00
0.000000e+00 2.665856e+02 -5.879770e+02 1.000000e+00
0.000000e+00 2.776162e+02 -3.300986e+02 1.000000e+00
0.000000e+00 3.193637e+02 -4.230782e+02 1.000000e+00
0.000000e+00 2.826688e+02 -1.499946e+02 1.000000e+00
0.000000e+00 2.949256e+02 -2.836145e+02 1.000000e+00
1.536889e+01 4.602562e+01 -7.285601e+02 1.000000e+00
1.850411e+01 1.129417e+02 -7.861274e+02 1.000000e+00
2.058310e+01 1.082896e+02 -5.631439e+02 1.000000e+00
2.258232e+01 1.625408e+02 -6.741437e+02 1.000000e+00
2.471133e+01 1.603310e+02 -3.080799e+02 1.000000e+00
2.667159e+01 2.216342e+02 -5.906147e+02 1.000000e+00
2.659456e+01 1.913332e+02 -9.771933e+01 1.000000e+00
2.552705e+01 2.270973e+02 -4.548853e+02 1.000000e+00
2.316050e+01 1.705757e+02 6.653063e+01 1.000000e+00
1.499444e+01 4.479517e+01 -7.259451e+02 1.000000e+00
1.786835e+01 1.117295e+02 -7.826500e+02 1.000000e+00
2.016879e+01 1.063701e+02 -5.597200e+02 1.000000e+00
2.172244e+01 1.601409e+02 -6.711712e+02 1.000000e+00
2.400942e+01 1.558905e+02 -3.042427e+02 1.000000e+00
2.596590e+01 2.166569e+02 -5.887781e+02 1.000000e+00
2.573253e+01 1.874016e+02 -9.560072e+01 1.000000e+00
2.532595e+01 2.220553e+02 -4.529699e+02 1.000000e+00
2.277379e+01 1.668409e+02 6.658375e+01 1.000000e+00
1.343482e+01 4.419639e+01 -7.235806e+02 1.000000e+00
1.633448e+01 1.109327e+02 -7.788842e+02 1.000000e+00
1.782290e+01 1.056008e+02 -5.569510e+02 1.000000e+00
1.964331e+01 1.590459e+02 -6.670991e+02 1.000000e+00
2.143176e+01 1.534379e+02 -3.023279e+02 1.000000e+00
2.311441e+01 2.147537e+02 -5.852089e+02 1.000000e+00
2.358079e+01 1.848459e+02 -9.524428e+01 1.000000e+00
2.179063e+01 2.193360e+02 -4.503405e+02 1.000000e+00
1.968303e+01 1.640678e+02 6.602677e+01 1.000000e+00
1.185910e+01 4.525697e+01 -7.197188e+02 1.000000e+00
1.464018e+01 1.111650e+02 -7.766697e+02 1.000000e+00
1.611920e+01 1.065063e+02 -5.532344e+02 1.000000e+00
1.766959e+01 1.593090e+02 -6.645227e+02 1.000000e+00
1.944837e+01 1.549402e+02 -2.994658e+02 1.000000e+00
2.104847e+01 2.159188e+02 -5.831392e+02 1.000000e+00
2.106589e+01 1.850007e+02 -9.334078e+01 1.000000e+00
2.053350e+01 2.200750e+02 -4.496404e+02 1.000000e+00
1.819155e+01 1.649294e+02 6.720171e+01 1.000000e+00
1.022595e+01 4.548252e+01 -7.178156e+02 1.000000e+00
1.239023e+01 1.097494e+02 -7.732469e+02 1.000000e+00
1.368741e+01 1.055730e+02 -5.515762e+02 1.000000e+00
1.491123e+01 1.563922e+02 -6.605519e+02 1.000000e+00
1.653446e+01 1.526260e+02 -2.994881e+02 1.000000e+00
1.802573e+01 2.112107e+02 -5.780196e+02 1.000000e+00
1.815271e+01 1.816285e+02 -9.521850e+01 1.000000e+00
1.734842e+01 2.161214e+02 -4.441096e+02 1.000000e+00
1.611992e+01 1.613215e+02 6.386280e+01 1.000000e+00
7.490172e+00 4.435044e+01 -7.172155e+02 1.000000e+00
9.062793e+00 1.087158e+02 -7.697586e+02 1.000000e+00
9.932076e+00 1.042208e+02 -5.509807e+02 1.000000e+00
1.105178e+01 1.554033e+02 -6.561743e+02 1.000000e+00
1.174910e+01 1.497580e+02 -2.998410e+02 1.000000e+00
1.310984e+01 2.090558e+02 -5.730823e+02 1.000000e+00
1.290947e+01 1.785655e+02 -9.686187e+01 1.000000e+00
1.220469e+01 2.134022e+02 -4.392818e+02 1.000000e+00
1.069079e+01 1.562167e+02 6.213372e+01 1.000000e+00
5.585988e+00 4.353428e+01 -7.117109e+02 1.000000e+00
6.235713e+00 1.118195e+02 -7.730732e+02 1.000000e+00
8.217276e+00 1.037849e+02 -5.427725e+02 1.000000e+00
7.704895e+00 1.595063e+02 -6.641987e+02 1.000000e+00
9.595643e+00 1.500758e+02 -2.828405e+02 1.000000e+00
9.589192e+00 2.138383e+02 -5.895641e+02 1.000000e+00
1.082080e+01 1.794067e+02 -7.515809e+01 1.000000e+00
1.006648e+01 2.179054e+02 -4.592816e+02 1.000000e+00
9.786460e+00 1.596204e+02 8.580925e+01 1.000000e+00
2.334003e+00 4.732628e+01 -7.259844e+02 1.000000e+00
4.100001e+00 1.074796e+02 -7.542012e+02 1.000000e+00
3.330662e+00 1.066296e+02 -5.626635e+02 1.000000e+00
3.475935e+00 1.538610e+02 -6.336044e+02 1.000000e+00
4.208712e+00 1.526997e+02 -3.274158e+02 1.000000e+00
3.599168e+00 2.061262e+02 -5.353176e+02 1.000000e+00
3.371981e+00 1.816549e+02 -1.300563e+02 1.000000e+00
3.989463e+00 2.096634e+02 -3.988225e+02 1.000000e+00
3.602784e+00 1.617244e+02 2.473968e+01 1.000000e+00
0.000000e+00 5.137501e+01 -7.443745e+02 1.000000e+00
0.000000e+00 1.008672e+02 -7.317590e+02 1.000000e+00
0.000000e+00 1.100766e+02 -5.890024e+02 1.000000e+00
0.000000e+00 1.461043e+02 -5.950029e+02 1.000000e+00
0.000000e+00 1.555234e+02 -3.857489e+02 1.000000e+00
0.000000e+00 1.962031e+02 -4.662694e+02 1.000000e+00
0.000000e+00 1.838156e+02 -2.031065e+02 1.000000e+00
0.000000e+00 1.983934e+02 -3.205257e+02 1.000000e+00
0.000000e+00 1.604397e+02 -5.624281e+01 1.000000e+00
1.595770e+01 3.928451e+01 -8.088187e+02 1.000000e+00
1.877121e+01 4.278326e+01 -6.156918e+02 1.000000e+00
2.067167e+01 7.135672e+01 -6.857070e+02 1.000000e+00
2.208457e+01 6.638943e+01 -4.150771e+02 1.000000e+00
2.412846e+01 9.616946e+01 -6.180115e+02 1.000000e+00
2.546736e+01 9.170414e+01 -1.651898e+02 1.000000e+00
2.549444e+01 1.156625e+02 -4.945773e+02 1.000000e+00
2.401023e+01 9.227274e+01 7.656361e+00 1.000000e+00
2.209634e+01 1.063434e+02 -3.873055e+02 1.000000e+00
1.515301e+01 3.969529e+01 -8.057628e+02 1.000000e+00
1.779991e+01 4.291906e+01 -6.121813e+02 1.000000e+00
1.952782e+01 7.140434e+01 -6.826146e+02 1.000000e+00
2.085430e+01 6.662593e+01 -4.113891e+02 1.000000e+00
2.256219e+01 9.717728e+01 -6.156654e+02 1.000000e+00
2.372953e+01 9.223927e+01 -1.623206e+02 1.000000e+00
2.375102e+01 1.156031e+02 -4.932038e+02 1.000000e+00
2.227610e+01 9.244085e+01 8.641975e+00 1.000000e+00
2.080532e+01 1.057778e+02 -3.864057e+02 1.000000e+00
1.423406e+01 3.982330e+01 -8.022963e+02 1.000000e+00
1.661699e+01 4.286869e+01 -6.094166e+02 1.000000e+00
1.826313e+01 7.089431e+01 -6.787707e+02 1.000000e+00
1.950236e+01 6.617693e+01 -4.091404e+02 1.000000e+00
2.133293e+01 9.692866e+01 -6.118621e+02 1.000000e+00
2.270445e+01 9.079527e+01 -1.613893e+02 1.000000e+00
2.248700e+01 1.145652e+02 -4.906451e+02 1.000000e+00
2.143998e+01 9.165301e+01 8.048694e+00 1.000000e+00
1.970097e+01 1.049554e+02 -3.847932e+02 1.000000e+00
1.250346e+01 3.895227e+01 -8.002836e+02 1.000000e+00
1.470717e+01 4.216949e+01 -6.057969e+02 1.000000e+00
1.614038e+01 6.960930e+01 -6.761800e+02 1.000000e+00
1.693948e+01 6.461709e+01 -4.061181e+02 1.000000e+00
1.877554e+01 9.399596e+01 -6.096133e+02 1.000000e+00
1.981149e+01 8.751716e+01 -1.593141e+02 1.000000e+00
1.985256e+01 1.117504e+02 -4.894073e+02 1.000000e+00
1.868117e+01 8.872204e+01 9.306033e+00 1.000000e+00
1.753862e+01 1.018312e+02 -3.844848e+02 1.000000e+00
1.032411e+01 3.837613e+01 -7.977185e+02 1.000000e+00
1.189177e+01 4.247916e+01 -6.036940e+02 1.000000e+00
1.328569e+01 6.954663e+01 -6.726693e+02 1.000000e+00
1.379072e+01 6.516075e+01 -4.052161e+02 1.000000e+00
1.486490e+01 9.394156e+01 -6.045388e+02 1.000000e+00
1.593659e+01 8.842799e+01 -1.610102e+02 1.000000e+00
1.609573e+01 1.117070e+02 -4.838526e+02 1.000000e+00
1.489132e+01 8.873770e+01 6.268275e+00 1.000000e+00
1.343549e+01 1.013962e+02 -3.795434e+02 1.000000e+00
7.942519e+00 3.890412e+01 -7.944057e+02 1.000000e+00
9.485378e+00 4.311766e+01 -6.030344e+02 1.000000e+00
1.054547e+01 7.013592e+01 -6.689750e+02 1.000000e+00
1.108430e+01 6.537270e+01 -4.051955e+02 1.000000e+00
1.234033e+01 9.488051e+01 -6.000933e+02 1.000000e+00
1.277666e+01 8.857896e+01 -1.621575e+02 1.000000e+00
1.291518e+01 1.122960e+02 -4.791150e+02 1.000000e+00
1.171575e+01 8.947485e+01 4.013276e+00 1.000000e+00
1.095272e+01 1.036873e+02 -3.757782e+02 1.000000e+00
5.215005e+00 3.912375e+01 -7.964877e+02 1.000000e+00
7.052503e+00 4.106395e+01 -5.966077e+02 1.000000e+00
6.668795e+00 6.940560e+01 -6.738386e+02 1.000000e+00
8.139936e+00 6.209449e+01 -3.941006e+02 1.000000e+00
7.382399e+00 9.273486e+01 -6.140562e+02 1.000000e+00
8.945152e+00 8.361095e+01 -1.418132e+02 1.000000e+00
8.124311e+00 1.090614e+02 -4.984475e+02 1.000000e+00
8.454956e+00 8.431867e+01 2.729220e+01 1.000000e+00
7.760658e+00 9.905099e+01 -3.976530e+02 1.000000e+00
3.073950e+00 3.676310e+01 -7.801769e+02 1.000000e+00
2.086544e+00 4.285117e+01 -6.132898e+02 1.000000e+00
3.330053e+00 6.772766e+01 -6.516389e+02 1.000000e+00
3.339954e+00 6.483967e+01 -4.228401e+02 1.000000e+00
2.337773e+00 9.111742e+01 -5.671962e+02 1.000000e+00
2.774695e+00 8.722173e+01 -1.940733e+02 1.000000e+00
3.402152e+00 1.074783e+02 -4.410740e+02 1.000000e+00
2.035235e+00 8.780902e+01 -3.142031e+01 1.000000e+00
1.884917e+00 9.688789e+01 -3.339030e+02 1.000000e+00
0.000000e+00 3.482109e+01 -7.610969e+02 1.000000e+00
0.000000e+00 4.670111e+01 -6.350168e+02 1.000000e+00
0.000000e+00 6.701031e+01 -6.243898e+02 1.000000e+00
0.000000e+00 7.009313e+01 -4.605583e+02 1.000000e+00
0.000000e+00 9.142668e+01 -5.080073e+02 1.000000e+00
0.000000e+00 9.433097e+01 -2.629035e+02 1.000000e+00
0.000000e+00 1.087333e+02 -3.667131e+02 1.000000e+00
0.000000e+00 9.599098e+01 -1.097111e+02 1.000000e+00
0.000000e+00 1.000008e+02 -2.511554e+02 1.000000e+00
1.613902e+01 0.000000e+00 -6.813022e+02 1.000000e+00
1.901771e+01 0.000000e+00 -7.364813e+02 1.000000e+00
2.062980e+01 0.000000e+00 -5.138055e+02 1.000000e+00
2.214508e+01 0.000000e+00 -6.281168e+02 1.000000e+00
2.386674e+01 0.000000e+00 -2.642339e+02 1.000000e+00
2.532513e+01 0.000000e+00 -5.541572e+02 1.000000e+00
2.491335e+01 0.000000e+00 -6.903273e+01 1.000000e+00
2.369320e+01 0.000000e+00 -4.284543e+02 1.000000e+00
2.152363e+01 0.000000e+00 8.577213e+01 1.000000e+00
1.579982e+01 0.000000e+00 -6.778252e+02 1.000000e+00
1.833005e+01 0.000000e+00 -7.335272e+02 1.000000e+00
1.976940e+01 0.000000e+00 -5.102460e+02 1.000000e+00
2.163379e+01 0.000000e+00 -6.252271e+02 1.000000e+00
2.376709e+01 0.000000e+00 -2.609010e+02 1.000000e+00
2.496795e+01 0.000000e+00 -5.529747e+02 1.000000e+00
2.462094e+01 0.000000e+00 -6.719298e+01 1.000000e+00
2.340451e+01 0.000000e+00 -4.273449e+02 1.000000e+00
2.055477e+01 0.000000e+00 8.634825e+01 1.000000e+00
1.414500e+01 0.000000e+00 -6.749700e+02 1.000000e+00
1.653861e+01 0.000000e+00 -7.300089e+02 1.000000e+00
1.744118e+01 0.000000e+00 -5.077772e+02 1.000000e+00
1.854287e+01 0.000000e+00 -6.211171e+02 1.000000e+00
1.942754e+01 0.000000e+00 -2.597736e+02 1.000000e+00
2.027526e+01 0.000000e+00 -5.501263e+02 1.000000e+00
2.092554e+01 0.000000e+00 -6.675920e+01 1.000000e+00
2.000470e+01 0.000000e+00 -4.255591e+02 1.000000e+00
1.811762e+01 0.000000e+00 8.525337e+01 1.000000e+00
1.216903e+01 0.000000e+00 -6.714644e+02 1.000000e+00
1.434096e+01 0.000000e+00 -7.275391e+02 1.000000e+00
1.546583e+01 0.000000e+00 -5.044624e+02 1.000000e+00
1.622643e+01 0.000000e+00 -6.185082e+02 1.000000e+00
1.700870e+01 0.000000e+00 -2.570979e+02 1.000000e+00
1.878132e+01 0.000000e+00 -5.478970e+02 1.000000e+00
1.852812e+01 0.000000e+00 -6.505453e+01 1.000000e+00
1.730315e+01 0.000000e+00 -4.257122e+02 1.000000e+00
1.488325e+01 0.000000e+00 8.461274e+01 1.000000e+00
1.062768e+01 0.000000e+00 -6.692104e+02 1.000000e+00
1.282927e+01 0.000000e+00 -7.243635e+02 1.000000e+00
1.389341e+01 0.000000e+00 -5.025986e+02 1.000000e+00
1.496389e+01 0.000000e+00 -6.147811e+02 1.000000e+00
1.638982e+01 0.000000e+00 -2.575510e+02 1.000000e+00
1.780864e+01 0.000000e+00 -5.418876e+02 1.000000e+00
1.749648e+01 0.000000e+00 -6.796339e+01 1.000000e+00
1.672970e+01 0.000000e+00 -4.206709e+02 1.000000e+00
1.590177e+01 0.000000e+00 8.019078e+01 1.000000e+00
8.562199e+00 0.000000e+00 -6.682858e+02 1.000000e+00
9.765686e+00 0.000000e+00 -7.210364e+02 1.000000e+00
1.016294e+01 0.000000e+00 -5.022359e+02 1.000000e+00
1.054488e+01 0.000000e+00 -6.107968e+02 1.000000e+00
1.093484e+01 0.000000e+00 -2.587265e+02 1.000000e+00
1.143541e+01 0.000000e+00 -5.371203e+02 1.000000e+00
1.150768e+01 0.000000e+00 -6.910735e+01 1.000000e+00
1.183716e+01 0.000000e+00 -4.158414e+02 1.000000e+00
1.123921e+01 0.000000e+00 7.867137e+01 1.000000e+00
5.213299e+00 0.000000e+00 -6.632279e+02 1.000000e+00
4.763145e+00 0.000000e+00 -7.244023e+02 1.000000e+00
5.881444e+00 0.000000e+00 -4.945582e+02 1.000000e+00
4.654536e+00 0.000000e+00 -6.184635e+02 1.000000e+00
6.225688e+00 0.000000e+00 -2.413719e+02 1.000000e+00
5.020841e+00 0.000000e+00 -5.549940e+02 1.000000e+00
4.967072e+00 0.000000e+00 -4.665917e+01 1.000000e+00
3.310860e+00 0.000000e+00 -4.369406e+02 1.000000e+00
2.444203e+00 0.000000e+00 1.026560e+02 1.000000e+00
1.944227e+00 0.000000e+00 -6.774958e+02 1.000000e+00
4.780269e+00 0.000000e+00 -7.051672e+02 1.000000e+00
4.376528e+00 0.000000e+00 -5.145794e+02 1.000000e+00
5.213971e+00 0.000000e+00 -5.876879e+02 1.000000e+00
7.017128e+00 0.000000e+00 -2.855737e+02 1.000000e+00
7.160859e+00 0.000000e+00 -5.005927e+02 1.000000e+00
6.920676e+00 0.000000e+00 -1.021941e+02 1.000000e+00
8.401221e+00 0.000000e+00 -3.762668e+02 1.000000e+00
8.040174e+00 0.000000e+00 4.051291e+01 1.000000e+00
0.000000e+00 0.000000e+00 -6.955653e+02 1.000000e+00
0.000000e+00 0.000000e+00 -6.822703e+02 1.000000e+00
0.000000e+00 0.000000e+00 -5.408900e+02 1.000000e+00
0.000000e+00 0.000000e+00 -5.494704e+02 1.000000e+00
0.000000e+00 0.000000e+00 -3.441413e+02 1.000000e+00
0.000000e+00 0.000000e+00 -4.306227e+02 1.000000e+00
0.000000e+00 0.000000e+00 -1.756342e+02 1.000000e+00
0.000000e+00 0.000000e+00 -2.969539e+02 1.000000e+00
0.000000e+00 0.000000e+00 -4.128990e+01 1.000000e+00
