0 729 0.00000e+00
  1     729
-7.999281e-01 1.626532e+03 -3.656915e+03 1.000000e+00
9.923356e+00 2.575028e+03 -3.253151e+03 1.000000e+00
1.907629e+01 2.787179e+03 -3.768665e+03 1.000000e+00
2.652184e+01 3.784717e+03 -3.027160e+03 1.000000e+00
3.219234e+01 4.038590e+03 -3.539968e+03 9.992651e-01
3.548042e+01 5.143028e+03 -2.364930e+03 9.950333e-01
3.625669e+01 5.547028e+03 -2.840464e+03 9.787423e-01
3.345003e+01 6.926100e+03 -1.669526e+03 9.366232e-01
2.807698e+01 7.065747e+03 -1.185819e+03 8.571537e-01
1.263326e+00 1.636676e+03 -3.655783e+03 1.000000e+00
1.081628e+01 2.589005e+03 -3.252379e+03 1.000000e+00
1.864375e+01 2.795729e+03 -3.762341e+03 1.000000e+00
2.475839e+01 3.797343e+03 -3.022728e+03 1.000000e+00
3.031992e+01 4.047039e+03 -3.525431e+03 9.992651e-01
3.344753e+01 5.153654e+03 -2.355709e+03 9.950333e-01
3.042234e+01 5.559521e+03 -2.830724e+03 9.787423e-01
2.702646e+01 6.945566e+03 -1.661170e+03 9.366232e-01
2.402813e+01 7.085034e+03 -1.178580e+03 8.571537e-01
-5.152362e-01 1.645200e+03 -3.657319e+03 1.000000e+00
8.381498e+00 2.595752e+03 -3.252394e+03 1.000000e+00
1.721525e+01 2.803765e+03 -3.758120e+03 1.000000e+00
2.589582e+01 3.807069e+03 -3.017225e+03 1.000000e+00
2.949914e+01 4.052029e+03 -3.519167e+03 9.992651e-01
3.002934e+01 5.170659e+03 -2.349155e+03 9.950333e-01
3.260589e+01 5.571457e+03 -2.820272e+03 9.787423e-01
3.209242e+01 6.970209e+03 -1.650602e+03 9.366232e-01
2.748078e+01 7.099783e+03 -1.167749e+03 8.571537e-01
3.785134e-01 1.657675e+03 -3.658886e+03 1.000000e+00
1.053119e+01 2.599479e+03 -3.252528e+03 1.000000e+00
1.867301e+01 2.818017e+03 -3.753830e+03 1.000000e+00
2.171609e+01 3.809352e+03 -3.017373e+03 1.000000e+00
2.755056e+01 4.066776e+03 -3.509221e+03 9.992651e-01
3.064182e+01 5.178748e+03 -2.350294e+03 9.950333e-01
2.888600e+01 5.590488e+03 -2.803406e+03 9.787423e-01
2.639338e+01 6.980142e+03 -1.634551e+03 9.366232e-01
2.264559e+01 7.117567e+03 -1.153184e+03 8.571537e-01
-1.690810e+00 1.660639e+03 -3.664120e+03 1.000000e+00
5.217113e+00 2.615257e+03 -3.250610e+03 1.000000e+00
1.100944e+01 2.821562e+03 -3.756900e+03 1.000000e+00
1.975677e+01 3.823019e+03 -3.010345e+03 1.000000e+00
2.228217e+01 4.072826e+03 -3.509982e+03 9.992651e-01
2.370704e+01 5.188206e+03 -2.337306e+03 9.950333e-01
2.275559e+01 5.601967e+03 -2.813884e+03 9.787423e-01
2.271865e+01 6.996035e+03 -1.630792e+03 9.366232e-01
2.102302e+01 7.131288e+03 -1.148670e+03 8.571537e-01
-1.484640e-01 1.668388e+03 -3.659233e+03 1.000000e+00
5.884728e+00 2.621557e+03 -3.264372e+03 1.000000e+00
1.354528e+01 2.828712e+03 -3.744187e+03 1.000000e+00
1.850392e+01 3.830439e+03 -3.017809e+03 1.000000e+00
2.551714e+01 4.081873e+03 -3.489681e+03 9.992651e-01
3.044239e+01 5.199629e+03 -2.341200e+03 9.950333e-01
3.577997e+01 5.626200e+03 -2.779034e+03 9.787423e-01
2.958376e+01 7.018492e+03 -1.618065e+03 9.366232e-01
2.295008e+01 7.151344e+03 -1.137304e+03 8.571537e-01
-3.486049e+00 1.674461e+03 -3.673074e+03 1.000000e+00
1.429661e+00 2.635478e+03 -3.255142e+03 1.000000e+00
6.061406e+00 2.835968e+03 -3.755994e+03 1.000000e+00
9.995662e+00 3.843322e+03 -3.003331e+03 1.000000e+00
1.132359e+01 4.092186e+03 -3.495809e+03 9.992651e-01
1.335480e+01 5.212824e+03 -2.320161e+03 9.950333e-01
1.115758e+01 5.631817e+03 -2.782051e+03 9.787423e-01
1.614374e+01 7.031445e+03 -1.601319e+03 9.366232e-01
1.488504e+01 7.161817e+03 -1.128250e+03 8.571537e-01
7.886280e-02 1.702348e+03 -3.669989e+03 1.000000e+00
1.756455e+00 2.633412e+03 -3.265625e+03 1.000000e+00
3.581466e+00 2.859159e+03 -3.748232e+03 1.000000e+00
6.188318e+00 3.853316e+03 -3.012925e+03 1.000000e+00
8.815233e+00 4.110266e+03 -3.481726e+03 9.992651e-01
1.144377e+01 5.232119e+03 -2.328194e+03 9.950333e-01
1.648251e+01 5.638396e+03 -2.764910e+03 9.787423e-01
1.193249e+01 7.066311e+03 -1.603838e+03 9.366232e-01
1.066554e+01 7.165006e+03 -1.125336e+03 8.571537e-01
0.000000e+00 1.743566e+03 -3.642228e+03 1.000000e+00
0.000000e+00 2.621883e+03 -3.301687e+03 1.000000e+00
0.000000e+00 2.897640e+03 -3.710556e+03 1.000000e+00
0.000000e+00 3.854226e+03 -3.056268e+03 1.000000e+00
0.000000e+00 4.145326e+03 -3.429179e+03 9.992651e-01
0.000000e+00 5.249116e+03 -2.378826e+03 9.950333e-01
0.000000e+00 5.679676e+03 -2.693057e+03 9.787423e-01
0.000000e+00 7.111055e+03 -1.608165e+03 9.366232e-01
0.000000e+00 7.197604e+03 -1.119387e+03 8.571537e-01
-1.430907e+00 2.067808e+03 -3.384267e+03 1.000000e+00
8.840929e+00 2.235129e+03 -3.912019e+03 1.000000e+00
1.746153e+01 3.182957e+03 -3.410906e+03 1.000000e+00
2.497882e+01 3.334773e+03 -3.953715e+03 1.000000e+00
3.079095e+01 4.331667e+03 -3.081691e+03 9.992651e-01
3.413167e+01 4.511777e+03 -3.635985e+03 9.950333e-01
3.554641e+01 5.615161e+03 -2.294816e+03 9.787423e-01
3.320745e+01 5.924562e+03 -2.272035e+03 9.366232e-01
2.867658e+01 6.966592e+03 -1.520198e+03 8.571537e-01
6.596425e-01 2.076424e+03 -3.386579e+03 1.000000e+00
1.160809e+01 2.242754e+03 -3.908946e+03 1.000000e+00
1.867202e+01 3.194821e+03 -3.411963e+03 1.000000e+00
2.434563e+01 3.342021e+03 -3.945261e+03 1.000000e+00
2.980296e+01 4.343336e+03 -3.077366e+03 9.992651e-01
3.081141e+01 4.518992e+03 -3.624733e+03 9.950333e-01
2.921420e+01 5.627116e+03 -2.289437e+03 9.787423e-01
3.009652e+01 5.947097e+03 -2.259107e+03 9.366232e-01
2.628802e+01 6.983322e+03 -1.509266e+03 8.571537e-01
-1.583910e+00 2.084843e+03 -3.388993e+03 1.000000e+00
5.208070e+00 2.250637e+03 -3.911287e+03 1.000000e+00
1.457979e+01 3.202717e+03 -3.408300e+03 1.000000e+00
2.299929e+01 3.347589e+03 -3.942956e+03 1.000000e+00
2.743106e+01 4.354115e+03 -3.073848e+03 9.992651e-01
3.130248e+01 4.525235e+03 -3.618135e+03 9.950333e-01
3.398357e+01 5.643993e+03 -2.284415e+03 9.787423e-01
3.212349e+01 5.961781e+03 -2.243935e+03 9.366232e-01
2.810087e+01 7.002757e+03 -1.495248e+03 8.571537e-01
1.999758e-02 2.088480e+03 -3.394291e+03 1.000000e+00
1.253784e+01 2.263162e+03 -3.909716e+03 1.000000e+00
1.913005e+01 3.202282e+03 -3.410867e+03 1.000000e+00
2.173974e+01 3.360650e+03 -3.939163e+03 1.000000e+00
2.612613e+01 4.352722e+03 -3.075724e+03 9.992651e-01
2.777135e+01 4.537041e+03 -3.608923e+03 9.950333e-01
2.586592e+01 5.647224e+03 -2.285199e+03 9.787423e-01
2.522496e+01 5.974796e+03 -2.231052e+03 9.366232e-01
2.299244e+01 7.011331e+03 -1.482366e+03 8.571537e-01
-1.628622e+00 2.104346e+03 -3.395560e+03 1.000000e+00
2.729395e+00 2.265663e+03 -3.914788e+03 1.000000e+00
9.398819e+00 3.216641e+03 -3.410004e+03 1.000000e+00
1.824930e+01 3.365031e+03 -3.941521e+03 1.000000e+00
2.278035e+01 4.366980e+03 -3.069491e+03 9.992651e-01
2.438548e+01 4.544448e+03 -3.613861e+03 9.950333e-01
2.604623e+01 5.662638e+03 -2.276419e+03 9.787423e-01
2.608660e+01 5.993474e+03 -2.226655e+03 9.366232e-01
2.252298e+01 7.026851e+03 -1.474964e+03 8.571537e-01
-1.494502e+00 2.110843e+03 -3.408985e+03 1.000000e+00
6.294437e+00 2.271949e+03 -3.910567e+03 1.000000e+00
1.265311e+01 3.223757e+03 -3.420400e+03 1.000000e+00
1.759217e+01 3.369822e+03 -3.927598e+03 1.000000e+00
2.140594e+01 4.370656e+03 -3.078860e+03 9.992651e-01
2.819013e+01 4.549459e+03 -3.587642e+03 9.950333e-01
3.332891e+01 5.665834e+03 -2.273503e+03 9.787423e-01
2.966731e+01 6.007939e+03 -2.202182e+03 9.366232e-01
2.431433e+01 7.036879e+03 -1.458897e+03 8.571537e-01
-2.369064e+00 2.121791e+03 -3.406404e+03 1.000000e+00
8.283645e-01 2.278023e+03 -3.921875e+03 1.000000e+00
5.743165e+00 3.235281e+03 -3.412678e+03 1.000000e+00
9.340287e+00 3.376928e+03 -3.939283e+03 1.000000e+00
1.290272e+01 4.380379e+03 -3.060547e+03 9.992651e-01
1.322776e+01 4.557413e+03 -3.597387e+03 9.950333e-01
9.979332e+00 5.675698e+03 -2.253906e+03 9.787423e-01
1.338918e+01 6.013713e+03 -2.196700e+03 9.366232e-01
1.349052e+01 7.050967e+03 -1.450491e+03 8.571537e-01
-5.067084e-01 2.115521e+03 -3.414060e+03 1.000000e+00
2.556851e+00 2.304966e+03 -3.920642e+03 1.000000e+00
3.698336e+00 3.239531e+03 -3.421917e+03 1.000000e+00
6.332291e+00 3.397925e+03 -3.932121e+03 1.000000e+00
7.272679e+00 4.397916e+03 -3.068229e+03 9.992651e-01
1.149535e+01 4.572190e+03 -3.585012e+03 9.950333e-01
1.794034e+01 5.711331e+03 -2.258424e+03 9.787423e-01
1.834591e+01 6.023970e+03 -2.191090e+03 9.366232e-01
1.374715e+01 7.086374e+03 -1.445823e+03 8.571537e-01
0.000000e+00 2.092105e+03 -3.440057e+03 1.000000e+00
0.000000e+00 2.342444e+03 -3.893233e+03 1.000000e+00
0.000000e+00 3.231909e+03 -3.458957e+03 1.000000e+00
0.000000e+00 3.431424e+03 -3.891892e+03 1.000000e+00
0.000000e+00 4.400734e+03 -3.114276e+03 9.992651e-01
0.000000e+00 4.598753e+03 -3.525197e+03 9.950333e-01
0.000000e+00 5.734246e+03 -2.295215e+03 9.787423e-01
0.000000e+00 6.058737e+03 -2.165907e+03 9.366232e-01
0.000000e+00 7.119958e+03 -1.436370e+03 8.571537e-01
-1.116122e+00 1.748916e+03 -3.882741e+03 1.000000e+00
9.001835e+00 2.684785e+03 -3.588324e+03 1.000000e+00
1.700126e+01 2.797999e+03 -4.123471e+03 1.000000e+00
2.416706e+01 3.741883e+03 -3.526969e+03 1.000000e+00
2.927282e+01 3.819352e+03 -4.096729e+03 9.992651e-01
3.196089e+01 4.807708e+03 -3.091350e+03 9.950333e-01
3.285017e+01 4.863984e+03 -3.645055e+03 9.787423e-01
3.160224e+01 5.911985e+03 -2.589460e+03 9.366232e-01
2.822228e+01 5.959487e+03 -2.071214e+03 8.571537e-01
-1.449541e+00 1.754476e+03 -3.882769e+03 1.000000e+00
9.557271e+00 2.692550e+03 -3.589935e+03 1.000000e+00
1.723130e+01 2.801026e+03 -4.121675e+03 1.000000e+00
2.357881e+01 3.752265e+03 -3.524268e+03 1.000000e+00
2.972185e+01 3.824887e+03 -4.090166e+03 9.992651e-01
3.131787e+01 4.820864e+03 -3.087980e+03 9.950333e-01
3.107482e+01 4.879252e+03 -3.635094e+03 9.787423e-01
3.296793e+01 5.927565e+03 -2.574993e+03 9.366232e-01
2.862967e+01 5.976585e+03 -2.056620e+03 8.571537e-01
4.870128e-01 1.764304e+03 -3.887803e+03 1.000000e+00
6.910305e+00 2.702125e+03 -3.591355e+03 1.000000e+00
1.463678e+01 2.808401e+03 -4.122515e+03 1.000000e+00
2.077547e+01 3.759805e+03 -3.521991e+03 1.000000e+00
2.551325e+01 3.829501e+03 -4.089063e+03 9.992651e-01
2.811186e+01 4.831012e+03 -3.086805e+03 9.950333e-01
2.925894e+01 4.880730e+03 -3.633244e+03 9.787423e-01
2.932129e+01 5.942945e+03 -2.560754e+03 9.366232e-01
2.663017e+01 5.985248e+03 -2.041614e+03 8.571537e-01
-2.847867e+00 1.775924e+03 -3.890556e+03 1.000000e+00
9.318625e+00 2.703474e+03 -3.595731e+03 1.000000e+00
1.709093e+01 2.820504e+03 -4.121193e+03 1.000000e+00
2.087863e+01 3.757527e+03 -3.527525e+03 1.000000e+00
2.483100e+01 3.841633e+03 -4.085282e+03 9.992651e-01
2.636012e+01 4.826966e+03 -3.092979e+03 9.950333e-01
2.616167e+01 4.887696e+03 -3.626556e+03 9.787423e-01
2.578628e+01 5.947226e+03 -2.554549e+03 9.366232e-01
2.417859e+01 5.999754e+03 -2.028904e+03 8.571537e-01
1.760843e+00 1.778670e+03 -3.897303e+03 1.000000e+00
5.792359e+00 2.717196e+03 -3.597757e+03 1.000000e+00
1.065626e+01 2.821670e+03 -4.126508e+03 1.000000e+00
1.913988e+01 3.772165e+03 -3.524876e+03 1.000000e+00
2.292508e+01 3.842915e+03 -4.091310e+03 9.992651e-01
2.613855e+01 4.841140e+03 -3.086763e+03 9.950333e-01
2.664880e+01 4.898948e+03 -3.633604e+03 9.787423e-01
2.664646e+01 5.962732e+03 -2.544387e+03 9.366232e-01
2.282373e+01 6.012518e+03 -2.019321e+03 8.571537e-01
-4.917039e+00 1.786374e+03 -3.896676e+03 1.000000e+00
2.616138e+00 2.725214e+03 -3.611417e+03 1.000000e+00
9.899279e+00 2.827855e+03 -4.119081e+03 1.000000e+00
1.383438e+01 3.777108e+03 -3.536823e+03 1.000000e+00
1.727884e+01 3.846412e+03 -4.076344e+03 9.992651e-01
2.128329e+01 4.840851e+03 -3.095933e+03 9.950333e-01
2.495051e+01 4.892021e+03 -3.611366e+03 9.787423e-01
2.559892e+01 5.959187e+03 -2.531312e+03 9.366232e-01
2.323464e+01 6.021442e+03 -2.003824e+03 8.571537e-01
6.092182e-01 1.790142e+03 -3.909242e+03 1.000000e+00
3.640605e+00 2.735413e+03 -3.606865e+03 1.000000e+00
6.902006e+00 2.832399e+03 -4.132456e+03 1.000000e+00
1.147288e+01 3.786312e+03 -3.528146e+03 1.000000e+00
1.463257e+01 3.854828e+03 -4.084944e+03 9.992651e-01
1.718398e+01 4.848591e+03 -3.081249e+03 9.950333e-01
1.562553e+01 4.901891e+03 -3.620935e+03 9.787423e-01
1.526544e+01 5.973113e+03 -2.525716e+03 9.366232e-01
1.417563e+01 6.030862e+03 -1.995273e+03 8.571537e-01
-2.089609e+00 1.820007e+03 -3.911400e+03 1.000000e+00
1.212617e+00 2.733929e+03 -3.614182e+03 1.000000e+00
3.080800e+00 2.856180e+03 -4.133315e+03 1.000000e+00
5.011991e+00 3.797111e+03 -3.534060e+03 1.000000e+00
5.311816e+00 3.868778e+03 -4.081125e+03 9.992651e-01
8.028522e+00 4.869804e+03 -3.084779e+03 9.950333e-01
1.540650e+01 4.909735e+03 -3.605534e+03 9.787423e-01
1.799769e+01 6.009540e+03 -2.517293e+03 9.366232e-01
1.463378e+01 6.031125e+03 -1.986170e+03 8.571537e-01
0.000000e+00 1.858244e+03 -3.890375e+03 1.000000e+00
0.000000e+00 2.717058e+03 -3.641496e+03 1.000000e+00
0.000000e+00 2.890971e+03 -4.105910e+03 1.000000e+00
0.000000e+00 3.794459e+03 -3.570619e+03 1.000000e+00
0.000000e+00 3.896721e+03 -4.042084e+03 9.992651e-01
0.000000e+00 4.878679e+03 -3.125431e+03 9.950333e-01
0.000000e+00 4.923827e+03 -3.542022e+03 9.787423e-01
0.000000e+00 6.031983e+03 -2.506981e+03 9.366232e-01
0.000000e+00 6.053065e+03 -1.971395e+03 8.571537e-01
-1.421649e+00 2.222340e+03 -3.607165e+03 1.000000e+00
8.793050e+00 2.325396e+03 -4.114462e+03 1.000000e+00
1.673455e+01 3.258920e+03 -3.746603e+03 1.000000e+00
2.343508e+01 3.301635e+03 -4.288035e+03 1.000000e+00
2.783382e+01 4.249043e+03 -3.590449e+03 9.992651e-01
2.976010e+01 4.217334e+03 -4.187722e+03 9.950333e-01
2.989930e+01 5.179777e+03 -3.100948e+03 9.787423e-01
2.927824e+01 4.988992e+03 -3.234194e+03 9.366232e-01
2.726359e+01 6.044393e+03 -2.591626e+03 8.571537e-01
-1.611084e+00 2.232148e+03 -3.610333e+03 1.000000e+00
8.010993e+00 2.330507e+03 -4.115150e+03 1.000000e+00
1.512637e+01 3.265731e+03 -3.748688e+03 1.000000e+00
2.236167e+01 3.303329e+03 -4.282317e+03 1.000000e+00
2.952088e+01 4.257313e+03 -3.590061e+03 9.992651e-01
3.294422e+01 4.221702e+03 -4.180240e+03 9.950333e-01
3.489184e+01 5.191474e+03 -3.095872e+03 9.787423e-01
3.416697e+01 5.000896e+03 -3.218593e+03 9.366232e-01
2.994456e+01 6.054062e+03 -2.576539e+03 8.571537e-01
7.048802e-01 2.238898e+03 -3.614147e+03 1.000000e+00
8.365395e+00 2.337645e+03 -4.119051e+03 1.000000e+00
1.660309e+01 3.274322e+03 -3.748445e+03 1.000000e+00
2.051090e+01 3.309954e+03 -4.284398e+03 1.000000e+00
2.320076e+01 4.264458e+03 -3.589723e+03 9.992651e-01
2.361617e+01 4.223536e+03 -4.183515e+03 9.950333e-01
2.075947e+01 5.198040e+03 -3.100254e+03 9.787423e-01
2.544061e+01 5.002667e+03 -3.206997e+03 9.366232e-01
2.453449e+01 6.066863e+03 -2.563654e+03 8.571537e-01
-2.984625e+00 2.242691e+03 -3.622107e+03 1.000000e+00
6.880368e+00 2.350659e+03 -4.119148e+03 1.000000e+00
1.400454e+01 3.274602e+03 -3.754086e+03 1.000000e+00
1.924911e+01 3.322568e+03 -4.285341e+03 1.000000e+00
2.422075e+01 4.260543e+03 -3.597047e+03 9.992651e-01
2.762228e+01 4.235241e+03 -4.182648e+03 9.950333e-01
3.037975e+01 5.196433e+03 -3.110462e+03 9.787423e-01
2.686040e+01 5.013433e+03 -3.201061e+03 9.366232e-01
2.505138e+01 6.070204e+03 -2.553960e+03 8.571537e-01
2.155305e+00 2.255252e+03 -3.625103e+03 1.000000e+00
8.103840e+00 2.351797e+03 -4.126395e+03 1.000000e+00
1.357842e+01 3.287525e+03 -3.755431e+03 1.000000e+00
2.005832e+01 3.321090e+03 -4.290258e+03 1.000000e+00
2.294220e+01 4.273313e+03 -3.596838e+03 9.992651e-01
2.355532e+01 4.234709e+03 -4.189642e+03 9.950333e-01
2.330034e+01 5.208371e+03 -3.102833e+03 9.787423e-01
2.448535e+01 5.022000e+03 -3.193893e+03 9.366232e-01
2.251971e+01 6.081624e+03 -2.541853e+03 8.571537e-01
-4.815575e+00 2.262317e+03 -3.637674e+03 1.000000e+00
8.509509e-01 2.358621e+03 -4.125537e+03 1.000000e+00
6.106732e+00 3.294614e+03 -3.767625e+03 1.000000e+00
1.150208e+01 3.327228e+03 -4.282365e+03 1.000000e+00
1.439215e+01 4.278003e+03 -3.610253e+03 9.992651e-01
1.894934e+01 4.236404e+03 -4.175260e+03 9.950333e-01
1.951726e+01 5.204432e+03 -3.121795e+03 9.787423e-01
2.130732e+01 5.021063e+03 -3.186399e+03 9.366232e-01
2.079520e+01 6.082978e+03 -2.532383e+03 8.571537e-01
1.436388e+00 2.276364e+03 -3.639144e+03 1.000000e+00
4.793119e+00 2.363460e+03 -4.137109e+03 1.000000e+00
9.096756e+00 3.303959e+03 -3.764673e+03 1.000000e+00
1.213448e+01 3.332821e+03 -4.295438e+03 1.000000e+00
1.555044e+01 4.283737e+03 -3.598229e+03 9.992651e-01
1.717283e+01 4.245753e+03 -4.186539e+03 9.950333e-01
2.051303e+01 5.215011e+03 -3.104983e+03 9.787423e-01
1.773971e+01 5.029494e+03 -3.181885e+03 9.366232e-01
1.574722e+01 6.093969e+03 -2.523243e+03 8.571537e-01
-2.505385e+00 2.265744e+03 -3.643663e+03 1.000000e+00
9.502521e-01 2.389571e+03 -4.141048e+03 1.000000e+00
2.065457e+00 3.307200e+03 -3.771500e+03 1.000000e+00
4.090628e+00 3.349600e+03 -4.297214e+03 1.000000e+00
4.130043e+00 4.297889e+03 -3.602753e+03 9.992651e-01
6.546323e+00 4.250713e+03 -4.184566e+03 9.950333e-01
8.958184e+00 5.236632e+03 -3.096552e+03 9.787423e-01
1.459351e+01 5.022854e+03 -3.171802e+03 9.366232e-01
1.260329e+01 6.124144e+03 -2.513496e+03 8.571537e-01
0.000000e+00 2.244941e+03 -3.661362e+03 1.000000e+00
0.000000e+00 2.430467e+03 -4.122227e+03 1.000000e+00
0.000000e+00 3.298026e+03 -3.799561e+03 1.000000e+00
0.000000e+00 3.381815e+03 -4.269054e+03 1.000000e+00
0.000000e+00 4.302539e+03 -3.640680e+03 9.992651e-01
0.000000e+00 4.274167e+03 -4.141633e+03 9.950333e-01
0.000000e+00 5.248624e+03 -3.132808e+03 9.787423e-01
0.000000e+00 5.032968e+03 -3.155311e+03 9.366232e-01
0.000000e+00 6.145252e+03 -2.505785e+03 8.571537e-01
-2.166632e+00 1.871222e+03 -3.980871e+03 1.000000e+00
7.888436e+00 2.809970e+03 -3.807868e+03 1.000000e+00
1.614985e+01 2.852249e+03 -4.291946e+03 1.000000e+00
2.263580e+01 3.786638e+03 -3.858188e+03 1.000000e+00
2.706402e+01 3.741031e+03 -4.388489e+03 9.992651e-01
2.863236e+01 4.690760e+03 -3.615938e+03 9.950333e-01
2.807198e+01 4.490041e+03 -4.191667e+03 9.787423e-01
2.726584e+01 5.347726e+03 -3.493455e+03 9.366232e-01
2.614808e+01 5.095958e+03 -3.222434e+03 8.571537e-01
-2.203958e-01 1.878323e+03 -3.983702e+03 1.000000e+00
8.661488e+00 2.820094e+03 -3.811410e+03 1.000000e+00
1.494492e+01 2.856980e+03 -4.292365e+03 1.000000e+00
2.143046e+01 3.794418e+03 -3.857437e+03 1.000000e+00
2.807359e+01 3.739430e+03 -4.384743e+03 9.992651e-01
3.171714e+01 4.692599e+03 -3.616497e+03 9.950333e-01
3.514313e+01 4.491186e+03 -4.180926e+03 9.787423e-01
3.368526e+01 5.350980e+03 -3.482034e+03 9.366232e-01
2.982779e+01 5.103259e+03 -3.209476e+03 8.571537e-01
-1.350736e+00 1.884118e+03 -3.989645e+03 1.000000e+00
7.370188e+00 2.827097e+03 -3.812894e+03 1.000000e+00
1.624456e+01 2.862326e+03 -4.295133e+03 1.000000e+00
2.094926e+01 3.800814e+03 -3.858205e+03 1.000000e+00
2.309840e+01 3.745128e+03 -4.388851e+03 9.992651e-01
2.241532e+01 4.698933e+03 -3.621469e+03 9.950333e-01
1.732910e+01 4.492847e+03 -4.189965e+03 9.787423e-01
2.246123e+01 5.358582e+03 -3.475715e+03 9.366232e-01
2.299258e+01 5.104792e+03 -3.199574e+03 8.571537e-01
4.884890e-01 1.898220e+03 -3.993141e+03 1.000000e+00
8.268107e+00 2.831298e+03 -3.819034e+03 1.000000e+00
1.386572e+01 2.875240e+03 -4.296089e+03 1.000000e+00
1.803820e+01 3.798372e+03 -3.867297e+03 1.000000e+00
2.262790e+01 3.759341e+03 -4.389833e+03 9.992651e-01
2.743113e+01 4.697111e+03 -3.631271e+03 9.950333e-01
3.094080e+01 4.503134e+03 -4.197372e+03 9.787423e-01
2.711137e+01 5.358911e+03 -3.474204e+03 9.366232e-01
2.489037e+01 5.115024e+03 -3.192056e+03 8.571537e-01
-5.233010e-01 1.901748e+03 -4.001519e+03 1.000000e+00
6.309595e+00 2.842760e+03 -3.822304e+03 1.000000e+00
1.381506e+01 2.874328e+03 -4.302765e+03 1.000000e+00
2.049562e+01 3.811463e+03 -3.867784e+03 1.000000e+00
2.291348e+01 3.753156e+03 -4.398521e+03 9.992651e-01
2.214918e+01 4.706148e+03 -3.631665e+03 9.950333e-01
2.024412e+01 4.499725e+03 -4.201826e+03 9.787423e-01
2.239809e+01 5.366884e+03 -3.464536e+03 9.366232e-01
2.142292e+01 5.117499e+03 -3.183198e+03 8.571537e-01
-1.563831e+00 1.908921e+03 -4.003877e+03 1.000000e+00
3.071853e+00 2.849554e+03 -3.834714e+03 1.000000e+00
6.372885e+00 2.881094e+03 -4.299630e+03 1.000000e+00
9.781050e+00 3.817785e+03 -3.880160e+03 1.000000e+00
1.366802e+01 3.758657e+03 -4.391690e+03 9.992651e-01
1.719401e+01 4.709819e+03 -3.647665e+03 9.950333e-01
1.907760e+01 4.505856e+03 -4.196209e+03 9.787423e-01
1.847940e+01 5.365062e+03 -3.467945e+03 9.366232e-01
1.884293e+01 5.121930e+03 -3.177701e+03 8.571537e-01
-6.105046e-01 1.913621e+03 -4.015719e+03 1.000000e+00
3.588052e+00 2.863201e+03 -3.835353e+03 1.000000e+00
8.176842e+00 2.886338e+03 -4.312641e+03 1.000000e+00
1.216820e+01 3.825383e+03 -3.877338e+03 1.000000e+00
1.479027e+01 3.764731e+03 -4.401645e+03 9.992651e-01
1.647002e+01 4.713451e+03 -3.636310e+03 9.950333e-01
1.894469e+01 4.509950e+03 -4.204953e+03 9.787423e-01
1.800772e+01 5.370463e+03 -3.460890e+03 9.366232e-01
1.620233e+01 5.125958e+03 -3.169361e+03 8.571537e-01
-8.336528e-01 1.941332e+03 -4.020588e+03 1.000000e+00
1.818275e+00 2.857274e+03 -3.839579e+03 1.000000e+00
3.081136e+00 2.905987e+03 -4.319442e+03 1.000000e+00
3.523710e+00 3.833702e+03 -3.881507e+03 1.000000e+00
3.988734e+00 3.772776e+03 -4.406138e+03 9.992651e-01
5.446823e+00 4.731664e+03 -3.637448e+03 9.950333e-01
7.201216e+00 4.501312e+03 -4.200633e+03 9.787423e-01
9.856290e+00 5.392395e+03 -3.454816e+03 9.366232e-01
9.959145e+00 5.112848e+03 -3.163315e+03 8.571537e-01
0.000000e+00 1.985780e+03 -4.006248e+03 1.000000e+00
0.000000e+00 2.844980e+03 -3.859282e+03 1.000000e+00
0.000000e+00 2.945861e+03 -4.302333e+03 1.000000e+00
0.000000e+00 3.832390e+03 -3.908428e+03 1.000000e+00
0.000000e+00 3.800398e+03 -4.380000e+03 9.992651e-01
0.000000e+00 4.743547e+03 -3.671589e+03 9.950333e-01
0.000000e+00 4.517729e+03 -4.165412e+03 9.787423e-01
0.000000e+00 5.406817e+03 -3.459338e+03 9.366232e-01
0.000000e+00 5.124960e+03 -3.159109e+03 8.571537e-01
-2.383672e+00 2.367883e+03 -3.753560e+03 1.000000e+00
7.126834e+00 2.419743e+03 -4.177025e+03 1.000000e+00
1.585443e+01 3.355503e+03 -3.963816e+03 1.000000e+00
2.204412e+01 3.322266e+03 -4.400153e+03 1.000000e+00
2.697184e+01 4.266145e+03 -3.921493e+03 9.992651e-01
2.885307e+01 4.095322e+03 -4.412357e+03 9.950333e-01
2.844047e+01 5.056493e+03 -3.665570e+03 9.787423e-01
2.609044e+01 4.588032e+03 -3.965362e+03 9.366232e-01
2.530876e+01 5.536188e+03 -3.642628e+03 8.571537e-01
4.188955e-01 2.375963e+03 -3.758915e+03 1.000000e+00
9.694580e+00 2.425271e+03 -4.178922e+03 1.000000e+00
1.620342e+01 3.366457e+03 -3.966062e+03 1.000000e+00
2.182615e+01 3.325458e+03 -4.400096e+03 1.000000e+00
2.551446e+01 4.268005e+03 -3.922390e+03 9.992651e-01
2.884244e+01 4.092735e+03 -4.408890e+03 9.950333e-01
3.092496e+01 5.052625e+03 -3.665598e+03 9.787423e-01
3.185884e+01 4.589604e+03 -3.955203e+03 9.366232e-01
2.858326e+01 5.536419e+03 -3.635702e+03 8.571537e-01
-1.615047e+00 2.383573e+03 -3.763461e+03 1.000000e+00
6.112334e+00 2.431734e+03 -4.182523e+03 1.000000e+00
1.411649e+01 3.372444e+03 -3.966696e+03 1.000000e+00
2.043805e+01 3.329801e+03 -4.404156e+03 1.000000e+00
2.434405e+01 4.273537e+03 -3.924993e+03 9.992651e-01
2.486663e+01 4.097264e+03 -4.417367e+03 9.950333e-01
2.022005e+01 5.060358e+03 -3.675711e+03 9.787423e-01
2.193999e+01 4.588704e+03 -3.950677e+03 9.366232e-01
2.247342e+01 5.543937e+03 -3.630374e+03 8.571537e-01
2.440872e+00 2.387066e+03 -3.769562e+03 1.000000e+00
1.036036e+01 2.445628e+03 -4.184725e+03 1.000000e+00
1.593059e+01 3.372436e+03 -3.974966e+03 1.000000e+00
1.845798e+01 3.342328e+03 -4.406106e+03 1.000000e+00
2.131575e+01 4.273398e+03 -3.934217e+03 9.992651e-01
2.434559e+01 4.108955e+03 -4.422220e+03 9.950333e-01
2.638165e+01 5.058729e+03 -3.692042e+03 9.787423e-01
2.555936e+01 4.597551e+03 -3.948714e+03 9.366232e-01
2.381952e+01 5.542445e+03 -3.626148e+03 8.571537e-01
-1.904101e+00 2.397893e+03 -3.775022e+03 1.000000e+00
4.072909e+00 2.446649e+03 -4.192093e+03 1.000000e+00
1.277329e+01 3.386739e+03 -3.977009e+03 1.000000e+00
1.903407e+01 3.338745e+03 -4.413856e+03 1.000000e+00
2.274023e+01 4.281817e+03 -3.937787e+03 9.992651e-01
2.254403e+01 4.101330e+03 -4.431783e+03 9.950333e-01
2.127861e+01 5.058000e+03 -3.693631e+03 9.787423e-01
2.108707e+01 4.593119e+03 -3.943310e+03 9.366232e-01
2.065605e+01 5.546783e+03 -3.620510e+03 8.571537e-01
1.423714e-01 2.404853e+03 -3.786467e+03 1.000000e+00
6.465587e+00 2.454745e+03 -4.194016e+03 1.000000e+00
7.801960e+00 3.393329e+03 -3.987050e+03 1.000000e+00
1.058055e+01 3.344055e+03 -4.411324e+03 1.000000e+00
1.345664e+01 4.286530e+03 -3.951062e+03 9.992651e-01
1.631355e+01 4.108260e+03 -4.426878e+03 9.950333e-01
1.716896e+01 5.061394e+03 -3.711588e+03 9.787423e-01
1.676639e+01 4.596366e+03 -3.943804e+03 9.366232e-01
1.740479e+01 5.546156e+03 -3.620212e+03 8.571537e-01
-1.298939e+00 2.419288e+03 -3.789491e+03 1.000000e+00
1.410847e+00 2.460130e+03 -4.205541e+03 1.000000e+00
6.642503e+00 3.402622e+03 -3.989504e+03 1.000000e+00
1.094978e+01 3.351124e+03 -4.422628e+03 1.000000e+00
1.415099e+01 4.292172e+03 -3.946475e+03 9.992651e-01
1.439685e+01 4.110384e+03 -4.437946e+03 9.950333e-01
1.774089e+01 5.059937e+03 -3.700196e+03 9.787423e-01
1.608902e+01 4.594284e+03 -3.942205e+03 9.366232e-01
1.537514e+01 5.548223e+03 -3.615409e+03 8.571537e-01
-2.964834e-01 2.409758e+03 -3.792925e+03 1.000000e+00
3.462610e+00 2.484715e+03 -4.212348e+03 1.000000e+00
4.377567e+00 3.403708e+03 -3.993815e+03 1.000000e+00
3.906695e+00 3.365233e+03 -4.430767e+03 1.000000e+00
3.526644e+00 4.303442e+03 -3.949373e+03 9.992651e-01
5.900586e+00 4.110563e+03 -4.442714e+03 9.950333e-01
5.743915e+00 5.079495e+03 -3.697904e+03 9.787423e-01
7.230015e+00 4.573824e+03 -3.943264e+03 9.366232e-01
7.852760e+00 5.572529e+03 -3.613741e+03 8.571537e-01
0.000000e+00 2.387550e+03 -3.803451e+03 1.000000e+00
0.000000e+00 2.527710e+03 -4.202106e+03 1.000000e+00
0.000000e+00 3.397614e+03 -4.012782e+03 1.000000e+00
0.000000e+00 3.398750e+03 -4.416208e+03 1.000000e+00
0.000000e+00 4.307921e+03 -3.974504e+03 9.992651e-01
0.000000e+00 4.135404e+03 -4.417512e+03 9.950333e-01
0.000000e+00 5.096816e+03 -3.728509e+03 9.787423e-01
0.000000e+00 4.583765e+03 -3.941910e+03 9.366232e-01
0.000000e+00 5.591806e+03 -3.615946e+03 8.571537e-01
-1.726598e+00 1.980168e+03 -3.982087e+03 1.000000e+00
7.234118e+00 2.930921e+03 -3.957379e+03 1.000000e+00
1.616462e+01 2.917507e+03 -4.300981e+03 1.000000e+00
2.204340e+01 3.855536e+03 -4.073422e+03 1.000000e+00
2.707505e+01 3.723400e+03 -4.423465e+03 9.992651e-01
2.967594e+01 4.685332e+03 -3.952867e+03 9.950333e-01
2.995331e+01 4.363935e+03 -4.326147e+03 9.787423e-01
2.588509e+01 5.284968e+03 -4.031412e+03 9.366232e-01
2.490662e+01 4.689127e+03 -4.001976e+03 8.571537e-01
-1.625828e-01 1.983742e+03 -3.987349e+03 1.000000e+00
9.625067e+00 2.939518e+03 -3.959358e+03 1.000000e+00
1.738874e+01 2.922385e+03 -4.301497e+03 1.000000e+00
2.218234e+01 3.862690e+03 -4.078310e+03 1.000000e+00
2.430811e+01 3.723553e+03 -4.421902e+03 9.992651e-01
2.578550e+01 4.684639e+03 -3.954484e+03 9.950333e-01
2.642002e+01 4.361782e+03 -4.326476e+03 9.787423e-01
2.967788e+01 5.281135e+03 -4.026744e+03 9.366232e-01
2.743631e+01 4.692174e+03 -3.998066e+03 8.571537e-01
1.390519e-01 1.991578e+03 -3.993762e+03 1.000000e+00
6.899886e+00 2.947582e+03 -3.961395e+03 1.000000e+00
1.291717e+01 2.928213e+03 -4.304086e+03 1.000000e+00
1.999024e+01 3.867895e+03 -4.080693e+03 1.000000e+00
2.518517e+01 3.727815e+03 -4.427292e+03 9.992651e-01
2.775389e+01 4.689793e+03 -3.960880e+03 9.950333e-01
2.449289e+01 4.363305e+03 -4.340250e+03 9.787423e-01
2.294735e+01 5.287370e+03 -4.024039e+03 9.366232e-01
2.269285e+01 4.691043e+03 -3.994638e+03 8.571537e-01
2.268854e+00 2.005807e+03 -3.996176e+03 1.000000e+00
1.030497e+01 2.947902e+03 -3.968003e+03 1.000000e+00
1.697237e+01 2.940364e+03 -4.308675e+03 1.000000e+00
1.933857e+01 3.867042e+03 -4.086521e+03 1.000000e+00
2.091380e+01 3.740180e+03 -4.432242e+03 9.992651e-01
2.158891e+01 4.687929e+03 -3.972956e+03 9.950333e-01
2.127752e+01 4.372133e+03 -4.352063e+03 9.787423e-01
2.340669e+01 5.285025e+03 -4.023629e+03 9.366232e-01
2.232333e+01 4.697054e+03 -3.992894e+03 8.571537e-01
-9.511941e-01 2.009640e+03 -4.004802e+03 1.000000e+00
4.742954e+00 2.960363e+03 -3.971984e+03 1.000000e+00
1.283632e+01 2.940809e+03 -4.314175e+03 1.000000e+00
1.801888e+01 3.880210e+03 -4.091918e+03 1.000000e+00
2.180132e+01 3.733266e+03 -4.440662e+03 9.992651e-01
2.351531e+01 4.694171e+03 -3.979458e+03 9.950333e-01
2.196887e+01 4.357867e+03 -4.365707e+03 9.787423e-01
2.025751e+01 5.285108e+03 -4.020639e+03 9.366232e-01
2.014524e+01 4.691960e+03 -3.992505e+03 8.571537e-01
-9.466958e-02 2.019033e+03 -4.010049e+03 1.000000e+00
6.957072e+00 2.968257e+03 -3.982067e+03 1.000000e+00
8.169302e+00 2.947875e+03 -4.314597e+03 1.000000e+00
1.125986e+01 3.884879e+03 -4.101777e+03 1.000000e+00
1.411120e+01 3.738942e+03 -4.439014e+03 9.992651e-01
1.612175e+01 4.697692e+03 -3.992939e+03 9.950333e-01
1.600270e+01 4.363109e+03 -4.365917e+03 9.787423e-01
1.565962e+01 5.283156e+03 -4.026028e+03 9.366232e-01
1.670024e+01 4.695989e+03 -3.993072e+03 8.571537e-01
-7.741406e-01 2.022302e+03 -4.019644e+03 1.000000e+00
1.532012e+00 2.979778e+03 -3.985532e+03 1.000000e+00
6.274704e+00 2.952441e+03 -4.327228e+03 1.000000e+00
1.067403e+01 3.893883e+03 -4.101730e+03 1.000000e+00
1.273717e+01 3.743553e+03 -4.449827e+03 9.992651e-01
1.341216e+01 4.700389e+03 -3.989616e+03 9.950333e-01
1.471617e+01 4.359957e+03 -4.374872e+03 9.787423e-01
1.378717e+01 5.279008e+03 -4.026284e+03 9.366232e-01
1.401339e+01 4.694503e+03 -3.992774e+03 8.571537e-01
-6.218998e-01 2.052031e+03 -4.025913e+03 1.000000e+00
3.880040e+00 2.976465e+03 -3.989433e+03 1.000000e+00
5.088409e+00 2.973147e+03 -4.335029e+03 1.000000e+00
3.828548e+00 3.902186e+03 -4.107395e+03 1.000000e+00
3.748210e+00 3.748634e+03 -4.457688e+03 9.992651e-01
5.847626e+00 4.717952e+03 -3.990184e+03 9.950333e-01
6.360971e+00 4.345075e+03 -4.381800e+03 9.787423e-01
5.888443e+00 5.301124e+03 -4.029668e+03 9.366232e-01
6.727916e+00 4.673039e+03 -3.996854e+03 8.571537e-01
0.000000e+00 2.094612e+03 -4.018222e+03 1.000000e+00
0.000000e+00 2.960412e+03 -4.001412e+03 1.000000e+00
0.000000e+00 3.011265e+03 -4.327172e+03 1.000000e+00
0.000000e+00 3.899686e+03 -4.126070e+03 1.000000e+00
0.000000e+00 3.776785e+03 -4.444321e+03 9.992651e-01
0.000000e+00 4.729776e+03 -4.010317e+03 9.950333e-01
0.000000e+00 4.362929e+03 -4.366833e+03 9.787423e-01
0.000000e+00 5.321206e+03 -4.037490e+03 9.366232e-01
0.000000e+00 4.682745e+03 -3.999488e+03 8.571537e-01
-7.110440e-01 2.482323e+03 -3.862427e+03 1.000000e+00
7.835148e+00 2.505337e+03 -4.130287e+03 1.000000e+00
1.685888e+01 3.447410e+03 -4.122551e+03 1.000000e+00
2.242941e+01 3.355474e+03 -4.330154e+03 1.000000e+00
2.720511e+01 4.301988e+03 -4.154129e+03 9.992651e-01
3.017561e+01 4.042999e+03 -4.331952e+03 9.950333e-01
3.137554e+01 5.050708e+03 -3.994646e+03 9.787423e-01
2.616162e+01 4.544120e+03 -4.199882e+03 9.366232e-01
2.497026e+01 5.399537e+03 -4.106000e+03 8.571537e-01
-6.280485e-01 2.491463e+03 -3.868790e+03 1.000000e+00
8.980834e+00 2.508903e+03 -4.131333e+03 1.000000e+00
1.755139e+01 3.455414e+03 -4.123031e+03 1.000000e+00
2.269080e+01 3.358969e+03 -4.335484e+03 1.000000e+00
2.385468e+01 4.304975e+03 -4.154934e+03 9.992651e-01
2.431427e+01 4.043780e+03 -4.330904e+03 9.950333e-01
2.340365e+01 5.046477e+03 -4.002571e+03 9.787423e-01
2.832391e+01 4.544957e+03 -4.195618e+03 9.366232e-01
2.646294e+01 5.396094e+03 -4.105209e+03 8.571537e-01
1.929721e+00 2.500724e+03 -3.873976e+03 1.000000e+00
8.917521e+00 2.516685e+03 -4.135157e+03 1.000000e+00
1.348086e+01 3.462117e+03 -4.124088e+03 1.000000e+00
1.969334e+01 3.363841e+03 -4.339236e+03 1.000000e+00
2.634683e+01 4.309432e+03 -4.159187e+03 9.992651e-01
2.904046e+01 4.046965e+03 -4.338903e+03 9.950333e-01
2.782119e+01 5.051130e+03 -4.015048e+03 9.787423e-01
2.439658e+01 4.544964e+03 -4.192077e+03 9.366232e-01
2.345779e+01 5.401322e+03 -4.103238e+03 8.571537e-01
1.444961e+00 2.503170e+03 -3.877630e+03 1.000000e+00
9.319390e+00 2.530151e+03 -4.139944e+03 1.000000e+00
1.634910e+01 3.461524e+03 -4.132228e+03 1.000000e+00
1.974396e+01 3.374480e+03 -4.340138e+03 1.000000e+00
2.085773e+01 4.309234e+03 -4.168480e+03 9.992651e-01
2.057432e+01 4.055996e+03 -4.348869e+03 9.950333e-01
1.801325e+01 5.049122e+03 -4.028363e+03 9.787423e-01
2.132579e+01 4.551820e+03 -4.190857e+03 9.366232e-01
2.113248e+01 5.397496e+03 -4.102931e+03 8.571537e-01
7.621787e-01 2.514169e+03 -3.884536e+03 1.000000e+00
6.492885e+00 2.531920e+03 -4.145636e+03 1.000000e+00
1.436810e+01 3.475933e+03 -4.135182e+03 1.000000e+00
1.848010e+01 3.372384e+03 -4.349037e+03 1.000000e+00
2.080207e+01 4.319742e+03 -4.174169e+03 9.992651e-01
2.420391e+01 4.049081e+03 -4.359614e+03 9.950333e-01
2.209129e+01 5.050407e+03 -4.043682e+03 9.787423e-01
2.000038e+01 4.542507e+03 -4.192255e+03 9.366232e-01
2.021042e+01 5.400468e+03 -4.105067e+03 8.571537e-01
-1.022309e+00 2.521388e+03 -3.893582e+03 1.000000e+00
6.319663e+00 2.540934e+03 -4.151042e+03 1.000000e+00
6.875227e+00 3.482556e+03 -4.141682e+03 1.000000e+00
1.129617e+01 3.378376e+03 -4.351612e+03 1.000000e+00
1.420144e+01 4.322729e+03 -4.181262e+03 9.992651e-01
1.717933e+01 4.055668e+03 -4.361250e+03 9.950333e-01
1.505262e+01 5.051463e+03 -4.057181e+03 9.787423e-01
1.520706e+01 4.546184e+03 -4.196009e+03 9.366232e-01
1.625180e+01 5.399079e+03 -4.106904e+03 8.571537e-01
3.318827e-01 2.535791e+03 -3.899202e+03 1.000000e+00
2.778208e+00 2.545581e+03 -4.159292e+03 1.000000e+00
7.184413e+00 3.491391e+03 -4.148472e+03 1.000000e+00
1.117588e+01 3.384856e+03 -4.358743e+03 1.000000e+00
1.237269e+01 4.329319e+03 -4.183687e+03 9.992651e-01
1.239005e+01 4.058188e+03 -4.370442e+03 9.950333e-01
1.271749e+01 5.051325e+03 -4.056422e+03 9.787423e-01
1.212248e+01 4.541397e+03 -4.202257e+03 9.366232e-01
1.301090e+01 5.398588e+03 -4.108746e+03 8.571537e-01
-1.267874e+00 2.528011e+03 -3.904208e+03 1.000000e+00
3.695504e+00 2.570885e+03 -4.165174e+03 1.000000e+00
5.017787e+00 3.494361e+03 -4.153593e+03 1.000000e+00
3.545359e+00 3.400108e+03 -4.368262e+03 1.000000e+00
3.451498e+00 4.341211e+03 -4.188627e+03 9.992651e-01
6.488901e+00 4.054960e+03 -4.375675e+03 9.950333e-01
6.533812e+00 5.073581e+03 -4.060561e+03 9.787423e-01
5.771473e+00 4.518605e+03 -4.209459e+03 9.366232e-01
6.399865e+00 5.424795e+03 -4.114478e+03 8.571537e-01
0.000000e+00 2.505428e+03 -3.908358e+03 1.000000e+00
0.000000e+00 2.610390e+03 -4.163709e+03 1.000000e+00
0.000000e+00 3.485282e+03 -4.161926e+03 1.000000e+00
0.000000e+00 3.431979e+03 -4.367627e+03 1.000000e+00
0.000000e+00 4.344822e+03 -4.199365e+03 9.992651e-01
0.000000e+00 4.077966e+03 -4.367058e+03 9.950333e-01
0.000000e+00 5.092305e+03 -4.075027e+03 9.787423e-01
0.000000e+00 4.529649e+03 -4.211505e+03 9.366232e-01
0.000000e+00 5.445158e+03 -4.118809e+03 8.571537e-01
2.360912e-02 2.069762e+03 -3.907984e+03 1.000000e+00
8.547359e+00 3.018225e+03 -4.082537e+03 1.000000e+00
1.747293e+01 2.978139e+03 -4.186780e+03 1.000000e+00
2.280112e+01 3.912378e+03 -4.255493e+03 1.000000e+00
2.734858e+01 3.726482e+03 -4.248546e+03 9.992651e-01
3.027646e+01 4.688746e+03 -4.219229e+03 9.950333e-01
3.205707e+01 4.295396e+03 -4.110946e+03 9.787423e-01
2.664659e+01 5.366452e+03 -4.168970e+03 9.366232e-01
2.527815e+01 4.537927e+03 -4.115748e+03 8.571537e-01
-4.982320e-01 2.074960e+03 -3.914607e+03 1.000000e+00
8.821753e+00 3.027778e+03 -4.083334e+03 1.000000e+00
1.750658e+01 2.981902e+03 -4.187049e+03 1.000000e+00
2.303380e+01 3.918751e+03 -4.261099e+03 1.000000e+00
2.425511e+01 3.730033e+03 -4.248996e+03 9.992651e-01
2.399710e+01 4.689352e+03 -4.219105e+03 9.950333e-01
2.246719e+01 4.296622e+03 -4.119825e+03 9.787423e-01
2.768928e+01 5.362170e+03 -4.165732e+03 9.366232e-01
2.591766e+01 4.539865e+03 -4.115388e+03 8.571537e-01
2.853494e+00 2.081683e+03 -3.920157e+03 1.000000e+00
1.035817e+01 3.035284e+03 -4.086625e+03 1.000000e+00
1.440077e+01 2.988556e+03 -4.188809e+03 1.000000e+00
1.988219e+01 3.923973e+03 -4.263893e+03 1.000000e+00
2.687825e+01 3.733220e+03 -4.254110e+03 9.992651e-01
2.952335e+01 4.692703e+03 -4.225944e+03 9.950333e-01
2.961532e+01 4.296986e+03 -4.132663e+03 9.787423e-01
2.577009e+01 5.368305e+03 -4.161079e+03 9.366232e-01
2.435559e+01 4.537518e+03 -4.112615e+03 8.571537e-01
1.445949e+00 2.095690e+03 -3.922923e+03 1.000000e+00
8.848773e+00 3.035727e+03 -4.092541e+03 1.000000e+00
1.576459e+01 3.001556e+03 -4.195987e+03 1.000000e+00
1.987415e+01 3.923344e+03 -4.265173e+03 1.000000e+00
2.111825e+01 3.741635e+03 -4.262610e+03 9.992651e-01
2.070213e+01 4.691339e+03 -4.236483e+03 9.950333e-01
1.677916e+01 4.304986e+03 -4.144449e+03 9.787423e-01
2.022100e+01 5.364536e+03 -4.159503e+03 9.366232e-01
2.046176e+01 4.542913e+03 -4.111959e+03 8.571537e-01
1.544845e+00 2.100380e+03 -3.930401e+03 1.000000e+00
7.774066e+00 3.049049e+03 -4.097319e+03 1.000000e+00
1.567811e+01 3.001343e+03 -4.199430e+03 1.000000e+00
1.923288e+01 3.937229e+03 -4.273391e+03 1.000000e+00
2.052032e+01 3.737595e+03 -4.269161e+03 9.992651e-01
2.440729e+01 4.700747e+03 -4.246412e+03 9.950333e-01
2.228341e+01 4.299179e+03 -4.162670e+03 9.787423e-01
2.026901e+01 5.366943e+03 -4.162452e+03 9.366232e-01
2.052996e+01 4.536701e+03 -4.115457e+03 8.571537e-01
-1.050837e+00 2.110114e+03 -3.938221e+03 1.000000e+00
5.766176e+00 3.056305e+03 -4.104056e+03 1.000000e+00
6.020278e+00 3.008673e+03 -4.204050e+03 1.000000e+00
1.104289e+01 3.942122e+03 -4.278375e+03 1.000000e+00
1.428889e+01 3.743283e+03 -4.272850e+03 9.992651e-01
1.783989e+01 4.701979e+03 -4.251076e+03 9.950333e-01
1.505818e+01 4.304951e+03 -4.171938e+03 9.787423e-01
1.539508e+01 5.367147e+03 -4.166719e+03 9.366232e-01
1.621923e+01 4.540324e+03 -4.116386e+03 8.571537e-01
7.089082e-01 2.113500e+03 -3.945273e+03 1.000000e+00
3.935649e+00 3.068880e+03 -4.110352e+03 1.000000e+00
7.912673e+00 3.014656e+03 -4.213151e+03 1.000000e+00
1.197370e+01 3.950259e+03 -4.282402e+03 1.000000e+00
1.231906e+01 3.748526e+03 -4.278655e+03 9.992651e-01
1.222740e+01 4.707284e+03 -4.256909e+03 9.950333e-01
1.162713e+01 4.305752e+03 -4.175878e+03 9.787423e-01
1.132663e+01 5.365811e+03 -4.173748e+03 9.366232e-01
1.243694e+01 4.538133e+03 -4.119547e+03 8.571537e-01
-1.254578e+00 2.141531e+03 -3.950270e+03 1.000000e+00
3.436030e+00 3.066662e+03 -4.115746e+03 1.000000e+00
4.937156e+00 3.034506e+03 -4.218894e+03 1.000000e+00
3.292663e+00 3.958189e+03 -4.291182e+03 1.000000e+00
3.454912e+00 3.754180e+03 -4.284838e+03 9.992651e-01
6.684926e+00 4.725158e+03 -4.261496e+03 9.950333e-01
6.978710e+00 4.291204e+03 -4.181505e+03 9.787423e-01
5.938198e+00 5.392524e+03 -4.180684e+03 9.366232e-01
6.612785e+00 4.514413e+03 -4.126241e+03 8.571537e-01
0.000000e+00 2.185429e+03 -3.950458e+03 1.000000e+00
0.000000e+00 3.051121e+03 -4.119350e+03 1.000000e+00
0.000000e+00 3.070596e+03 -4.221357e+03 1.000000e+00
0.000000e+00 3.955927e+03 -4.297376e+03 1.000000e+00
0.000000e+00 3.781734e+03 -4.287419e+03 9.992651e-01
0.000000e+00 4.735556e+03 -4.262410e+03 9.950333e-01
0.000000e+00 4.306461e+03 -4.185423e+03 9.787423e-01
0.000000e+00 5.414035e+03 -4.183552e+03 9.366232e-01
0.000000e+00 4.522874e+03 -4.129574e+03 8.571537e-01
