0 729 0.00000e+00
  1     729
0.000000e+00 -9.158251e+02 0.000000e+00 1.000000e+00
0.000000e+00 -8.649795e+02 -3.148837e+02 1.000000e+00
0.000000e+00 -8.604949e+02 -5.789609e+02 1.000000e+00
0.000000e+00 -7.121793e+02 -8.134658e+02 1.000000e+00
0.000000e+00 -6.306829e+02 -9.765535e+02 1.000000e+00
0.000000e+00 -4.188176e+02 -1.134080e+03 1.000000e+00
0.000000e+00 -2.963279e+02 -1.197737e+03 1.000000e+00
0.000000e+00 -6.192344e+01 -1.285749e+03 1.000000e+00
0.000000e+00 5.711640e+01 -1.255225e+03 1.000000e+00
-1.839206e+00 -9.417483e+02 0.000000e+00 1.000000e+00
-4.731025e+00 -8.520646e+02 -3.168169e+02 1.000000e+00
-4.071299e+00 -8.858273e+02 -5.766116e+02 1.000000e+00
-4.553484e+00 -6.975495e+02 -8.177696e+02 1.000000e+00
-1.892035e+00 -6.542213e+02 -9.706763e+02 1.000000e+00
-2.910215e+00 -4.018741e+02 -1.143109e+03 1.000000e+00
-3.791475e-01 -3.182001e+02 -1.186600e+03 1.000000e+00
-6.910588e-01 -4.158737e+01 -1.300441e+03 1.000000e+00
1.235693e+00 3.811707e+01 -1.238266e+03 1.000000e+00
-7.756040e+00 -9.623434e+02 0.000000e+00 1.000000e+00
-8.033254e+00 -8.424941e+02 -3.192859e+02 1.000000e+00
-8.245284e+00 -9.057422e+02 -5.748590e+02 1.000000e+00
-6.382318e+00 -6.871901e+02 -8.221382e+02 1.000000e+00
-6.186440e+00 -6.724655e+02 -9.665206e+02 1.000000e+00
-3.495044e+00 -3.896853e+02 -1.150656e+03 1.000000e+00
-2.433974e+00 -3.345856e+02 -1.178833e+03 1.000000e+00
2.297856e-01 -2.701510e+01 -1.312096e+03 1.000000e+00
1.986470e+00 2.307167e+01 -1.225632e+03 1.000000e+00
-1.221504e+01 -9.627420e+02 0.000000e+00 1.000000e+00
-1.169513e+01 -8.512498e+02 -3.199466e+02 1.000000e+00
-1.131337e+01 -9.055243e+02 -5.766640e+02 1.000000e+00
-1.009740e+01 -6.955054e+02 -8.225052e+02 1.000000e+00
-8.053112e+00 -6.699477e+02 -9.693557e+02 1.000000e+00
-6.257171e+00 -3.970949e+02 -1.149766e+03 1.000000e+00
-3.648596e+00 -3.296641e+02 -1.183165e+03 1.000000e+00
-6.096494e-01 -3.378131e+01 -1.309053e+03 1.000000e+00
2.842250e+00 2.951140e+01 -1.230709e+03 1.000000e+00
-1.521153e+01 -9.679617e+02 0.000000e+00 1.000000e+00
-1.484667e+01 -8.537491e+02 -3.204604e+02 1.000000e+00
-1.409614e+01 -9.101888e+02 -5.788141e+02 1.000000e+00
-1.245665e+01 -6.966296e+02 -8.236486e+02 1.000000e+00
-1.030980e+01 -6.729899e+02 -9.713355e+02 1.000000e+00
-8.010104e+00 -3.969974e+02 -1.151587e+03 1.000000e+00
-4.369612e+00 -3.309307e+02 -1.184248e+03 1.000000e+00
-7.965679e-01 -3.298444e+01 -1.310284e+03 1.000000e+00
3.452887e+00 3.054659e+01 -1.230484e+03 1.000000e+00
-1.713410e+01 -9.707325e+02 0.000000e+00 1.000000e+00
-1.746877e+01 -8.574087e+02 -3.216946e+02 1.000000e+00
-1.600947e+01 -9.125197e+02 -5.800285e+02 1.000000e+00
-1.381031e+01 -6.991178e+02 -8.259856e+02 1.000000e+00
-1.202504e+01 -6.746680e+02 -9.730161e+02 1.000000e+00
-8.576695e+00 -3.974032e+02 -1.153749e+03 1.000000e+00
-4.970671e+00 -3.314809e+02 -1.185199e+03 1.000000e+00
-6.760067e-01 -3.177010e+01 -1.311762e+03 1.000000e+00
3.950702e+00 2.954749e+01 -1.229803e+03 1.000000e+00
-1.928150e+01 -9.723203e+02 0.000000e+00 1.000000e+00
-1.888108e+01 -8.609750e+02 -3.229423e+02 1.000000e+00
-1.743875e+01 -9.138771e+02 -5.811304e+02 1.000000e+00
-1.600257e+01 -7.016050e+02 -8.287880e+02 1.000000e+00
-1.317616e+01 -6.743690e+02 -9.743033e+02 1.000000e+00
-9.798803e+00 -3.984310e+02 -1.156228e+03 1.000000e+00
-6.283691e+00 -3.308301e+02 -1.186339e+03 1.000000e+00
-1.130770e+00 -3.163778e+01 -1.312351e+03 1.000000e+00
3.815886e+00 3.031453e+01 -1.230033e+03 1.000000e+00
-2.015800e+01 -9.753508e+02 0.000000e+00 1.000000e+00
-1.944431e+01 -8.627928e+02 -3.235598e+02 1.000000e+00
-1.828105e+01 -9.164397e+02 -5.832849e+02 1.000000e+00
-1.586788e+01 -7.021816e+02 -8.302036e+02 1.000000e+00
-1.355149e+01 -6.757237e+02 -9.769288e+02 1.000000e+00
-1.018706e+01 -3.979933e+02 -1.157462e+03 1.000000e+00
-5.509730e+00 -3.306179e+02 -1.188026e+03 1.000000e+00
-1.245156e+00 -3.119322e+01 -1.312620e+03 1.000000e+00
4.625271e+00 3.170822e+01 -1.229585e+03 1.000000e+00
-1.979214e+01 -9.776949e+02 0.000000e+00 1.000000e+00
-1.964270e+01 -8.650658e+02 -3.242158e+02 1.000000e+00
-1.807926e+01 -9.179907e+02 -5.853498e+02 1.000000e+00
-1.622434e+01 -7.032056e+02 -8.312063e+02 1.000000e+00
-1.361114e+01 -6.764659e+02 -9.799612e+02 1.000000e+00
-1.016456e+01 -3.977875e+02 -1.157912e+03 1.000000e+00
-6.074083e+00 -3.294534e+02 -1.189876e+03 1.000000e+00
-1.180393e+00 -3.076482e+01 -1.312558e+03 1.000000e+00
4.081816e+00 3.276404e+01 -1.229003e+03 1.000000e+00
0.000000e+00 -7.707365e+02 0.000000e+00 1.000000e+00
0.000000e+00 -8.124134e+02 -3.059660e+02 1.000000e+00
0.000000e+00 -7.154261e+02 -5.755163e+02 1.000000e+00
0.000000e+00 -6.677088e+02 -7.786874e+02 1.000000e+00
0.000000e+00 -4.983279e+02 -9.618621e+02 1.000000e+00
0.000000e+00 -3.967141e+02 -1.058941e+03 1.000000e+00
0.000000e+00 -1.903849e+02 -1.166468e+03 1.000000e+00
0.000000e+00 -7.515916e+01 -1.162225e+03 1.000000e+00
0.000000e+00 1.289417e+02 -1.209595e+03 1.000000e+00
-3.367524e+00 -7.597034e+02 0.000000e+00 1.000000e+00
-2.834208e+00 -8.351299e+02 -3.054297e+02 1.000000e+00
-5.226816e+00 -7.037756e+02 -5.783591e+02 1.000000e+00
-2.193633e+00 -6.893218e+02 -7.742688e+02 1.000000e+00
-2.603307e+00 -4.849396e+02 -9.685218e+02 1.000000e+00
-8.635305e-01 -4.167194e+02 -1.050944e+03 1.000000e+00
-8.278653e-01 -1.741387e+02 -1.177154e+03 1.000000e+00
1.530892e+00 -9.349187e+01 -1.149209e+03 1.000000e+00
1.146995e+00 1.471127e+02 -1.226286e+03 1.000000e+00
-6.814676e+00 -7.513879e+02 0.000000e+00 1.000000e+00
-8.152924e+00 -8.532408e+02 -3.058628e+02 1.000000e+00
-7.367443e+00 -6.951498e+02 -5.807089e+02 1.000000e+00
-6.621202e+00 -7.060095e+02 -7.715490e+02 1.000000e+00
-5.171571e+00 -4.749860e+02 -9.742173e+02 1.000000e+00
-3.488452e+00 -4.318151e+02 -1.044845e+03 1.000000e+00
-1.109840e+00 -1.624415e+02 -1.186420e+03 1.000000e+00
1.045744e-01 -1.073486e+02 -1.139091e+03 1.000000e+00
3.635878e+00 1.612316e+02 -1.239078e+03 1.000000e+00
-1.159291e+01 -7.589546e+02 0.000000e+00 1.000000e+00
-1.099479e+01 -8.537875e+02 -3.070098e+02 1.000000e+00
-1.049716e+01 -7.025556e+02 -5.811140e+02 1.000000e+00
-8.646747e+00 -7.049954e+02 -7.735961e+02 1.000000e+00
-6.541015e+00 -4.817918e+02 -9.739227e+02 1.000000e+00
-4.634358e+00 -4.286889e+02 -1.047606e+03 1.000000e+00
-1.637378e+00 -1.684772e+02 -1.184948e+03 1.000000e+00
1.939139e+00 -1.017396e+02 -1.142440e+03 1.000000e+00
4.668209e+00 1.561223e+02 -1.235224e+03 1.000000e+00
-1.444019e+01 -7.609694e+02 0.000000e+00 1.000000e+00
-1.397546e+01 -8.583760e+02 -3.074899e+02 1.000000e+00
-1.308364e+01 -7.040876e+02 -5.828690e+02 1.000000e+00
-1.106522e+01 -7.084766e+02 -7.745220e+02 1.000000e+00
-8.752659e+00 -4.821269e+02 -9.754323e+02 1.000000e+00
-5.788255e+00 -4.303500e+02 -1.048943e+03 1.000000e+00
-2.285332e+00 -1.678291e+02 -1.185611e+03 1.000000e+00
1.258504e+00 -1.018540e+02 -1.142782e+03 1.000000e+00
5.643823e+00 1.560712e+02 -1.235129e+03 1.000000e+00
-1.621526e+01 -7.642485e+02 0.000000e+00 1.000000e+00
-1.643713e+01 -8.605875e+02 -3.085139e+02 1.000000e+00
-1.503344e+01 -7.070761e+02 -5.840219e+02 1.000000e+00
-1.248859e+01 -7.100734e+02 -7.761788e+02 1.000000e+00
-1.039344e+01 -4.833689e+02 -9.770695e+02 1.000000e+00
-6.767122e+00 -4.311489e+02 -1.049881e+03 1.000000e+00
-2.494576e+00 -1.676888e+02 -1.186760e+03 1.000000e+00
1.449105e+00 -1.031338e+02 -1.143003e+03 1.000000e+00
6.176324e+00 1.576889e+02 -1.234202e+03 1.000000e+00
-1.837718e+01 -7.679553e+02 0.000000e+00 1.000000e+00
-1.753446e+01 -8.617147e+02 -3.093920e+02 1.000000e+00
-1.619450e+01 -7.101732e+02 -5.853807e+02 1.000000e+00
-1.375497e+01 -7.102706e+02 -7.776788e+02 1.000000e+00
-1.065057e+01 -4.851346e+02 -9.788701e+02 1.000000e+00
-7.160674e+00 -4.308098e+02 -1.050819e+03 1.000000e+00
-3.139512e+00 -1.676426e+02 -1.187854e+03 1.000000e+00
2.187549e+00 -1.022581e+02 -1.142492e+03 1.000000e+00
7.089266e+00 1.583839e+02 -1.233999e+03 1.000000e+00
-1.898324e+01 -7.695396e+02 0.000000e+00 1.000000e+00
-1.857507e+01 -8.643283e+02 -3.099536e+02 1.000000e+00
-1.665422e+01 -7.109014e+02 -5.869126e+02 1.000000e+00
-1.456371e+01 -7.120368e+02 -7.791954e+02 1.000000e+00
-1.166119e+01 -4.847224e+02 -9.801564e+02 1.000000e+00
-7.654625e+00 -4.309680e+02 -1.052259e+03 1.000000e+00
-3.010363e+00 -1.671604e+02 -1.188133e+03 1.000000e+00
1.469883e+00 -1.010983e+02 -1.142466e+03 1.000000e+00
6.626932e+00 1.578556e+02 -1.232982e+03 1.000000e+00
-1.875142e+01 -7.713911e+02 0.000000e+00 1.000000e+00
-1.837225e+01 -8.663267e+02 -3.106846e+02 1.000000e+00
-1.668994e+01 -7.122041e+02 -5.880350e+02 1.000000e+00
-1.438882e+01 -7.135476e+02 -7.808657e+02 1.000000e+00
-1.145465e+01 -4.850217e+02 -9.811636e+02 1.000000e+00
-7.604887e+00 -4.308779e+02 -1.053539e+03 1.000000e+00
-3.157358e+00 -1.676916e+02 -1.187947e+03 1.000000e+00
1.676056e+00 -1.004401e+02 -1.142981e+03 1.000000e+00
6.933164e+00 1.570313e+02 -1.230708e+03 1.000000e+00
0.000000e+00 -7.093231e+02 0.000000e+00 1.000000e+00
0.000000e+00 -6.686104e+02 -3.040921e+02 1.000000e+00
0.000000e+00 -6.567734e+02 -5.534740e+02 1.000000e+00
0.000000e+00 -5.336697e+02 -7.691249e+02 1.000000e+00
0.000000e+00 -4.587557e+02 -9.059032e+02 1.000000e+00
0.000000e+00 -2.869489e+02 -1.035147e+03 1.000000e+00
0.000000e+00 -1.848948e+02 -1.066909e+03 1.000000e+00
0.000000e+00 -1.614518e+00 -1.124021e+03 1.000000e+00
0.000000e+00 9.035651e+01 -1.064481e+03 1.000000e+00
-1.785446e+00 -7.291375e+02 0.000000e+00 1.000000e+00
-4.445365e+00 -6.593175e+02 -3.059402e+02 1.000000e+00
-3.373294e+00 -6.760425e+02 -5.508932e+02 1.000000e+00
-3.828365e+00 -5.235848e+02 -7.736051e+02 1.000000e+00
-1.173833e+00 -4.770457e+02 -8.995817e+02 1.000000e+00
-2.689706e+00 -2.752183e+02 -1.044757e+03 1.000000e+00
7.712973e-01 -2.015401e+02 -1.054311e+03 1.000000e+00
5.706636e-01 1.331605e+01 -1.139850e+03 1.000000e+00
2.128847e+00 7.548433e+01 -1.045943e+03 1.000000e+00
-6.768805e+00 -7.450441e+02 0.000000e+00 1.000000e+00
-7.185922e+00 -6.523102e+02 -3.083753e+02 1.000000e+00
-7.132469e+00 -6.909678e+02 -5.484828e+02 1.000000e+00
-4.831666e+00 -5.156231e+02 -7.782142e+02 1.000000e+00
-4.512133e+00 -4.907340e+02 -8.945645e+02 1.000000e+00
-1.272759e+00 -2.659654e+02 -1.052558e+03 1.000000e+00
-5.420778e-01 -2.135271e+02 -1.045185e+03 1.000000e+00
2.377146e+00 2.495376e+01 -1.151736e+03 1.000000e+00
4.927582e+00 6.440085e+01 -1.031265e+03 1.000000e+00
-1.089207e+01 -7.456142e+02 0.000000e+00 1.000000e+00
-1.039271e+01 -6.587260e+02 -3.090763e+02 1.000000e+00
-9.772926e+00 -6.908594e+02 -5.495015e+02 1.000000e+00
-8.013947e+00 -5.213854e+02 -7.785062e+02 1.000000e+00
-5.713603e+00 -4.888335e+02 -8.965104e+02 1.000000e+00
-3.494478e+00 -2.706186e+02 -1.051010e+03 1.000000e+00
-3.573956e-01 -2.096902e+02 -1.048985e+03 1.000000e+00
3.210238e+00 1.997155e+01 -1.147223e+03 1.000000e+00
5.516645e+00 6.951845e+01 -1.036072e+03 1.000000e+00
-1.363747e+01 -7.499917e+02 0.000000e+00 1.000000e+00
-1.296190e+01 -6.602672e+02 -3.093386e+02 1.000000e+00
-1.203533e+01 -6.948699e+02 -5.511955e+02 1.000000e+00
-9.663037e+00 -5.225449e+02 -7.789875e+02 1.000000e+00
-6.599435e+00 -4.914080e+02 -8.976031e+02 1.000000e+00
-4.172709e+00 -2.710872e+02 -1.052193e+03 1.000000e+00
5.146652e-04 -2.109187e+02 -1.048485e+03 1.000000e+00
3.480731e+00 1.992997e+01 -1.147933e+03 1.000000e+00
7.819866e+00 6.963500e+01 -1.034677e+03 1.000000e+00
-1.516490e+01 -7.520876e+02 0.000000e+00 1.000000e+00
-1.545978e+01 -6.630932e+02 -3.102210e+02 1.000000e+00
-1.382025e+01 -6.962289e+02 -5.520170e+02 1.000000e+00
-1.089148e+01 -5.240701e+02 -7.803771e+02 1.000000e+00
-8.595752e+00 -4.918607e+02 -8.985087e+02 1.000000e+00
-4.349225e+00 -2.710175e+02 -1.053043e+03 1.000000e+00
-5.945325e-01 -2.111512e+02 -1.048573e+03 1.000000e+00
3.877424e+00 2.167367e+01 -1.148032e+03 1.000000e+00
8.517752e+00 6.921112e+01 -1.032592e+03 1.000000e+00
-1.691623e+01 -7.525501e+02 0.000000e+00 1.000000e+00
-1.665224e+01 -6.665585e+02 -3.113729e+02 1.000000e+00
-1.475220e+01 -6.965634e+02 -5.522924e+02 1.000000e+00
-1.222384e+01 -5.263853e+02 -7.824276e+02 1.000000e+00
-8.844735e+00 -4.920059e+02 -8.989357e+02 1.000000e+00
-4.937646e+00 -2.713441e+02 -1.053861e+03 1.000000e+00
-5.173454e-01 -2.111097e+02 -1.048989e+03 1.000000e+00
4.808000e+00 2.148053e+01 -1.146655e+03 1.000000e+00
8.492795e+00 6.839512e+01 -1.032667e+03 1.000000e+00
-1.806937e+01 -7.549139e+02 0.000000e+00 1.000000e+00
-1.692768e+01 -6.674085e+02 -3.116766e+02 1.000000e+00
-1.552332e+01 -6.989673e+02 -5.537911e+02 1.000000e+00
-1.266534e+01 -5.265210e+02 -7.830885e+02 1.000000e+00
-9.026741e+00 -4.931511e+02 -9.000959e+02 1.000000e+00
-5.419539e+00 -2.713410e+02 -1.054491e+03 1.000000e+00
-3.630604e-01 -2.107184e+02 -1.048514e+03 1.000000e+00
4.086622e+00 2.099584e+01 -1.146364e+03 1.000000e+00
9.669196e+00 6.930250e+01 -1.030725e+03 1.000000e+00
-1.750512e+01 -7.570283e+02 0.000000e+00 1.000000e+00
-1.717893e+01 -6.682684e+02 -3.118561e+02 1.000000e+00
-1.525371e+01 -7.005848e+02 -5.553977e+02 1.000000e+00
-1.267599e+01 -5.264905e+02 -7.832402e+02 1.000000e+00
-9.327629e+00 -4.930272e+02 -9.016144e+02 1.000000e+00
-5.171903e+00 -2.713008e+02 -1.054339e+03 1.000000e+00
-5.979474e-01 -2.093522e+02 -1.048407e+03 1.000000e+00
4.434924e+00 2.108018e+01 -1.145610e+03 1.000000e+00
9.280669e+00 7.132067e+01 -1.028174e+03 1.000000e+00
0.000000e+00 -5.697870e+02 0.000000e+00 1.000000e+00
0.000000e+00 -5.970961e+02 -2.938012e+02 1.000000e+00
0.000000e+00 -5.211519e+02 -5.477619e+02 1.000000e+00
0.000000e+00 -4.770666e+02 -7.305325e+02 1.000000e+00
0.000000e+00 -3.460604e+02 -8.900132e+02 1.000000e+00
0.000000e+00 -2.633679e+02 -9.577578e+02 1.000000e+00
0.000000e+00 -1.066932e+02 -1.038051e+03 1.000000e+00
0.000000e+00 -1.915958e+01 -1.004043e+03 1.000000e+00
0.000000e+00 1.281582e+02 -1.028137e+03 1.000000e+00
-3.830039e+00 -5.622691e+02 0.000000e+00 1.000000e+00
-2.328072e+00 -6.130611e+02 -2.926931e+02 1.000000e+00
-4.697984e+00 -5.127433e+02 -5.511454e+02 1.000000e+00
-2.011061e+00 -4.921400e+02 -7.255085e+02 1.000000e+00
-2.313620e+00 -3.359262e+02 -8.970751e+02 1.000000e+00
-7.102637e-01 -2.764742e+02 -9.491481e+02 1.000000e+00
-3.373359e-01 -9.476371e+01 -1.048968e+03 1.000000e+00
2.448137e+00 -3.161120e+01 -9.900853e+02 1.000000e+00
1.615850e+00 1.420685e+02 -1.045583e+03 1.000000e+00
-6.024848e+00 -5.568626e+02 0.000000e+00 1.000000e+00
-7.139549e+00 -6.257398e+02 -2.923831e+02 1.000000e+00
-6.087772e+00 -5.067006e+02 -5.539802e+02 1.000000e+00
-4.859136e+00 -5.044199e+02 -7.217840e+02 1.000000e+00
-3.056693e+00 -3.285243e+02 -9.032119e+02 1.000000e+00
-1.418657e+00 -2.873091e+02 -9.419748e+02 1.000000e+00
1.439714e+00 -8.601032e+01 -1.058155e+03 1.000000e+00
2.631691e+00 -4.153651e+01 -9.787751e+02 1.000000e+00
6.128712e+00 1.517554e+02 -1.058510e+03 1.000000e+00
-1.021274e+01 -5.624949e+02 0.000000e+00 1.000000e+00
-9.675999e+00 -6.262365e+02 -2.932780e+02 1.000000e+00
-8.921414e+00 -5.119743e+02 -5.540312e+02 1.000000e+00
-6.875185e+00 -5.038869e+02 -7.232738e+02 1.000000e+00
-4.356352e+00 -3.329174e+02 -9.025584e+02 1.000000e+00
-1.838307e+00 -2.856333e+02 -9.436883e+02 1.000000e+00
9.070815e-01 -8.991982e+01 -1.056442e+03 1.000000e+00
4.458924e+00 -3.774113e+01 -9.809159e+02 1.000000e+00
7.585482e+00 1.482534e+02 -1.053650e+03 1.000000e+00
-1.277327e+01 -5.635981e+02 0.000000e+00 1.000000e+00
-1.211703e+01 -6.300033e+02 -2.934468e+02 1.000000e+00
-1.109483e+01 -5.127014e+02 -5.554111e+02 1.000000e+00
-8.432611e+00 -5.061265e+02 -7.233864e+02 1.000000e+00
-5.478283e+00 -3.330440e+02 -9.035793e+02 1.000000e+00
-2.553509e+00 -2.862809e+02 -9.438393e+02 1.000000e+00
1.686565e+00 -8.950624e+01 -1.056448e+03 1.000000e+00
5.538709e+00 -3.767455e+01 -9.798892e+02 1.000000e+00
8.660719e+00 1.484507e+02 -1.053266e+03 1.000000e+00
-1.423743e+01 -5.661265e+02 0.000000e+00 1.000000e+00
-1.425817e+01 -6.314313e+02 -2.940162e+02 1.000000e+00
-1.244855e+01 -5.149991e+02 -5.562169e+02 1.000000e+00
-9.527519e+00 -5.073670e+02 -7.241069e+02 1.000000e+00
-6.308650e+00 -3.341679e+02 -9.043126e+02 1.000000e+00
-2.408720e+00 -2.870769e+02 -9.440591e+02 1.000000e+00
1.955476e+00 -8.911697e+01 -1.055951e+03 1.000000e+00
5.914572e+00 -3.889780e+01 -9.794789e+02 1.000000e+00
1.061828e+01 1.484575e+02 -1.051325e+03 1.000000e+00
-1.581510e+01 -5.695467e+02 0.000000e+00 1.000000e+00
-1.536173e+01 -6.313447e+02 -2.947402e+02 1.000000e+00
-1.368230e+01 -5.177513e+02 -5.566887e+02 1.000000e+00
-1.065583e+01 -5.071888e+02 -7.251849e+02 1.000000e+00
-7.072428e+00 -3.347778e+02 -9.047253e+02 1.000000e+00
-2.922308e+00 -2.870919e+02 -9.441406e+02 1.000000e+00
1.486947e+00 -8.886987e+01 -1.055747e+03 1.000000e+00
6.491498e+00 -3.897029e+01 -9.780956e+02 1.000000e+00
1.081693e+01 1.500089e+02 -1.049541e+03 1.000000e+00
-1.634822e+01 -5.699443e+02 0.000000e+00 1.000000e+00
-1.603580e+01 -6.338112e+02 -2.952529e+02 1.000000e+00
-1.389710e+01 -5.178788e+02 -5.573405e+02 1.000000e+00
-1.090535e+01 -5.084297e+02 -7.259048e+02 1.000000e+00
-7.166176e+00 -3.347606e+02 -9.052590e+02 1.000000e+00
-2.928009e+00 -2.868053e+02 -9.439275e+02 1.000000e+00
2.238680e+00 -8.902034e+01 -1.055375e+03 1.000000e+00
6.835203e+00 -3.814489e+01 -9.762981e+02 1.000000e+00
1.138632e+01 1.491629e+02 -1.048186e+03 1.000000e+00
-1.634588e+01 -5.703112e+02 0.000000e+00 1.000000e+00
-1.590175e+01 -6.360306e+02 -2.957103e+02 1.000000e+00
-1.382935e+01 -5.181711e+02 -5.578526e+02 1.000000e+00
-1.101960e+01 -5.095108e+02 -7.265756e+02 1.000000e+00
-7.200797e+00 -3.354716e+02 -9.054995e+02 1.000000e+00
-2.909272e+00 -2.862860e+02 -9.438027e+02 1.000000e+00
1.961248e+00 -8.954757e+01 -1.054257e+03 1.000000e+00
6.683496e+00 -3.728379e+01 -9.752211e+02 1.000000e+00
1.140289e+01 1.468271e+02 -1.045511e+03 1.000000e+00
0.000000e+00 -4.885495e+02 0.000000e+00 1.000000e+00
0.000000e+00 -4.594777e+02 -2.918126e+02 1.000000e+00
0.000000e+00 -4.463309e+02 -5.242164e+02 1.000000e+00
0.000000e+00 -3.570359e+02 -7.214730e+02 1.000000e+00
0.000000e+00 -2.991394e+02 -8.340280e+02 1.000000e+00
0.000000e+00 -1.765211e+02 -9.387227e+02 1.000000e+00
0.000000e+00 -1.018143e+02 -9.430353e+02 1.000000e+00
0.000000e+00 2.447499e+01 -9.778273e+02 1.000000e+00
0.000000e+00 8.588580e+01 -8.959582e+02 1.000000e+00
-1.884184e+00 -5.015398e+02 0.000000e+00 1.000000e+00
-3.951788e+00 -4.536178e+02 -2.933680e+02 1.000000e+00
-2.320904e+00 -4.589529e+02 -5.215173e+02 1.000000e+00
-3.183155e+00 -3.500960e+02 -7.262444e+02 1.000000e+00
1.114965e-01 -3.108885e+02 -8.268911e+02 1.000000e+00
-1.283036e+00 -1.683579e+02 -9.489133e+02 1.000000e+00
1.684343e+00 -1.124915e+02 -9.298819e+02 1.000000e+00
1.715892e+00 3.464823e+01 -9.936428e+02 1.000000e+00
3.914539e+00 7.672109e+01 -8.765848e+02 1.000000e+00
-6.140388e+00 -5.118328e+02 0.000000e+00 1.000000e+00
-6.232224e+00 -4.493714e+02 -2.952691e+02 1.000000e+00
-6.323265e+00 -4.687981e+02 -5.191104e+02 1.000000e+00
-3.897442e+00 -3.445094e+02 -7.306617e+02 1.000000e+00
-3.305070e+00 -3.199151e+02 -8.211440e+02 1.000000e+00
-3.022194e-01 -1.616153e+02 -9.570123e+02 1.000000e+00
1.156145e+00 -1.208208e+02 -9.194908e+02 1.000000e+00
4.037099e+00 4.259630e+01 -1.005686e+03 1.000000e+00
5.472587e+00 6.985709e+01 -8.608184e+02 1.000000e+00
-9.500613e+00 -5.122569e+02 0.000000e+00 1.000000e+00
-8.977615e+00 -4.537295e+02 -2.956812e+02 1.000000e+00
-7.941491e+00 -4.688109e+02 -5.198071e+02 1.000000e+00
-5.744679e+00 -3.482330e+02 -7.304166e+02 1.000000e+00
-3.066818e+00 -3.189579e+02 -8.226895e+02 1.000000e+00
-3.025880e-01 -1.644194e+02 -9.548845e+02 1.000000e+00
2.650067e+00 -1.183852e+02 -9.222900e+02 1.000000e+00
6.160616e+00 3.976274e+01 -1.000869e+03 1.000000e+00
8.728563e+00 7.238584e+01 -8.646851e+02 1.000000e+00
-1.179978e+01 -5.154798e+02 0.000000e+00 1.000000e+00
-1.130693e+01 -4.544513e+02 -2.958687e+02 1.000000e+00
-1.007422e+01 -4.715583e+02 -5.205461e+02 1.000000e+00
-7.394403e+00 -3.488149e+02 -7.308606e+02 1.000000e+00
-3.995767e+00 -3.203041e+02 -8.226320e+02 1.000000e+00
-1.017078e+00 -1.645884e+02 -9.555469e+02 1.000000e+00
3.222075e+00 -1.187469e+02 -9.208055e+02 1.000000e+00
6.663748e+00 3.964999e+01 -1.000944e+03 1.000000e+00
1.034735e+01 7.268634e+01 -8.620657e+02 1.000000e+00
-1.329880e+01 -5.165929e+02 0.000000e+00 1.000000e+00
-1.314328e+01 -4.566228e+02 -2.963217e+02 1.000000e+00
-1.161703e+01 -4.724976e+02 -5.210151e+02 1.000000e+00
-8.092127e+00 -3.498589e+02 -7.313601e+02 1.000000e+00
-5.170798e+00 -3.206895e+02 -8.229365e+02 1.000000e+00
-6.978293e-01 -1.645824e+02 -9.553113e+02 1.000000e+00
3.448583e+00 -1.195153e+02 -9.199125e+02 1.000000e+00
7.856487e+00 4.036810e+01 -1.000128e+03 1.000000e+00
1.160140e+01 7.257487e+01 -8.595087e+02 1.000000e+00
-1.466627e+01 -5.163149e+02 0.000000e+00 1.000000e+00
-1.419607e+01 -4.595394e+02 -2.968259e+02 1.000000e+00
-1.225107e+01 -4.722201e+02 -5.213506e+02 1.000000e+00
-8.917971e+00 -3.514128e+02 -7.318209e+02 1.000000e+00
-4.956687e+00 -3.208538e+02 -8.232563e+02 1.000000e+00
-6.820685e-01 -1.646534e+02 -9.544971e+02 1.000000e+00
3.921835e+00 -1.194199e+02 -9.197692e+02 1.000000e+00
8.975834e+00 4.105328e+01 -9.973033e+02 1.000000e+00
1.269839e+01 7.060117e+01 -8.590775e+02 1.000000e+00
-1.555379e+01 -5.188554e+02 0.000000e+00 1.000000e+00
-1.464423e+01 -4.593924e+02 -2.969204e+02 1.000000e+00
-1.286937e+01 -4.739976e+02 -5.220541e+02 1.000000e+00
-9.533144e+00 -3.515292e+02 -7.319955e+02 1.000000e+00
-5.468323e+00 -3.209160e+02 -8.231915e+02 1.000000e+00
-1.166034e+00 -1.650049e+02 -9.543350e+02 1.000000e+00
4.080885e+00 -1.186356e+02 -9.179921e+02 1.000000e+00
8.366649e+00 4.027895e+01 -9.962483e+02 1.000000e+00
1.291526e+01 7.121837e+01 -8.560610e+02 1.000000e+00
-1.522716e+01 -5.212128e+02 0.000000e+00 1.000000e+00
-1.470335e+01 -4.592397e+02 -2.969594e+02 1.000000e+00
-1.263444e+01 -4.756030e+02 -5.227252e+02 1.000000e+00
-9.340428e+00 -3.517088e+02 -7.319253e+02 1.000000e+00
-5.483362e+00 -3.205719e+02 -8.232714e+02 1.000000e+00
-8.470003e-01 -1.657059e+02 -9.535834e+02 1.000000e+00
4.010627e+00 -1.179156e+02 -9.163811e+02 1.000000e+00
8.748484e+00 3.909591e+01 -9.949532e+02 1.000000e+00
1.304785e+01 7.298225e+01 -8.526526e+02 1.000000e+00
0.000000e+00 -3.546461e+02 0.000000e+00 1.000000e+00
0.000000e+00 -3.692550e+02 -2.813056e+02 1.000000e+00
0.000000e+00 -3.198232e+02 -5.204591e+02 1.000000e+00
0.000000e+00 -2.881096e+02 -6.847466e+02 1.000000e+00
0.000000e+00 -2.033318e+02 -8.241762e+02 1.000000e+00
0.000000e+00 -1.484092e+02 -8.686299e+02 1.000000e+00
0.000000e+00 -4.998036e+01 -9.272726e+02 1.000000e+00
0.000000e+00 5.512768e+00 -8.731329e+02 1.000000e+00
0.000000e+00 9.559776e+01 -8.808947e+02 1.000000e+00
-3.764894e+00 -3.502845e+02 0.000000e+00 1.000000e+00
-1.929517e+00 -3.788140e+02 -2.800092e+02 1.000000e+00
-4.058623e+00 -3.152680e+02 -5.238398e+02 1.000000e+00
-1.248474e+00 -2.972804e+02 -6.795067e+02 1.000000e+00
-1.637421e+00 -1.978687e+02 -8.314595e+02 1.000000e+00
4.892032e-01 -1.565880e+02 -8.592360e+02 1.000000e+00
3.556395e-01 -4.299443e+01 -9.391271e+02 1.000000e+00
3.292099e+00 -2.055300e+00 -8.577320e+02 1.000000e+00
2.309432e+00 1.028033e+02 -8.993951e+02 1.000000e+00
-5.397140e+00 -3.473210e+02 0.000000e+00 1.000000e+00
-6.204211e+00 -3.861833e+02 -2.792812e+02 1.000000e+00
-4.846225e+00 -3.116566e+02 -5.265735e+02 1.000000e+00
-3.647538e+00 -3.043911e+02 -6.754131e+02 1.000000e+00
-1.305465e+00 -1.931022e+02 -8.374883e+02 1.000000e+00
3.866124e-01 -1.628117e+02 -8.513356e+02 1.000000e+00
3.167167e+00 -3.705431e+01 -9.487233e+02 1.000000e+00
4.274204e+00 -7.889038e+00 -8.449019e+02 1.000000e+00
7.541009e+00 1.085051e+02 -9.131057e+02 1.000000e+00
-8.879323e+00 -3.508082e+02 0.000000e+00 1.000000e+00
-8.460622e+00 -3.864776e+02 -2.798787e+02 1.000000e+00
-7.468924e+00 -3.147331e+02 -5.262197e+02 1.000000e+00
-5.284703e+00 -3.040417e+02 -6.766057e+02 1.000000e+00
-2.599749e+00 -1.952192e+02 -8.362488e+02 1.000000e+00
3.035083e-01 -1.617851e+02 -8.526934e+02 1.000000e+00
3.333631e+00 -3.925912e+01 -9.461080e+02 1.000000e+00
6.661371e+00 -5.983978e+00 -8.467787e+02 1.000000e+00
8.968392e+00 1.071581e+02 -9.077507e+02 1.000000e+00
-1.121992e+01 -3.513380e+02 0.000000e+00 1.000000e+00
-1.037799e+01 -3.890431e+02 -2.798010e+02 1.000000e+00
-9.099369e+00 -3.152652e+02 -5.271125e+02 1.000000e+00
-6.117448e+00 -3.056110e+02 -6.761964e+02 1.000000e+00
-2.771307e+00 -1.956624e+02 -8.368351e+02 1.000000e+00
7.994649e-01 -1.624927e+02 -8.517465e+02 1.000000e+00
4.690204e+00 -3.945626e+01 -9.458463e+02 1.000000e+00
8.515652e+00 -5.852311e+00 -8.446104e+02 1.000000e+00
1.154333e+01 1.064586e+02 -9.072209e+02 1.000000e+00
-1.231142e+01 -3.532120e+02 0.000000e+00 1.000000e+00
-1.240752e+01 -3.896649e+02 -2.801245e+02 1.000000e+00
-1.026086e+01 -3.163942e+02 -5.272778e+02 1.000000e+00
-7.079786e+00 -3.060439e+02 -6.765374e+02 1.000000e+00
-3.476709e+00 -1.958009e+02 -8.365704e+02 1.000000e+00
8.757362e-01 -1.624636e+02 -8.513499e+02 1.000000e+00
5.170159e+00 -3.851661e+01 -9.444984e+02 1.000000e+00
9.226110e+00 -6.075504e+00 -8.432838e+02 1.000000e+00
1.315223e+01 1.066448e+02 -9.048030e+02 1.000000e+00
-1.365774e+01 -3.557134e+02 0.000000e+00 1.000000e+00
-1.325747e+01 -3.893042e+02 -2.806960e+02 1.000000e+00
-1.130750e+01 -3.184274e+02 -5.269086e+02 1.000000e+00
-7.753055e+00 -3.059958e+02 -6.773976e+02 1.000000e+00
-3.915575e+00 -1.962599e+02 -8.356302e+02 1.000000e+00
8.115138e-01 -1.627293e+02 -8.512193e+02 1.000000e+00
5.328147e+00 -3.860431e+01 -9.425832e+02 1.000000e+00
1.014512e+01 -7.263690e+00 -8.419139e+02 1.000000e+00
1.365619e+01 1.079868e+02 -9.019073e+02 1.000000e+00
-1.446544e+01 -3.551601e+02 0.000000e+00 1.000000e+00
-1.361044e+01 -3.913788e+02 -2.807295e+02 1.000000e+00
-1.157014e+01 -3.182996e+02 -5.273893e+02 1.000000e+00
-7.936595e+00 -3.066508e+02 -6.769887e+02 1.000000e+00
-3.733846e+00 -1.967421e+02 -8.357307e+02 1.000000e+00
8.500236e-01 -1.622884e+02 -8.498409e+02 1.000000e+00
5.977389e+00 -3.926838e+01 -9.414437e+02 1.000000e+00
1.039641e+01 -6.517626e+00 -8.392866e+02 1.000000e+00
1.473152e+01 1.068601e+02 -8.998753e+02 1.000000e+00
-1.425933e+01 -3.546316e+02 0.000000e+00 1.000000e+00
-1.367831e+01 -3.931869e+02 -2.806834e+02 1.000000e+00
-1.145123e+01 -3.179075e+02 -5.278494e+02 1.000000e+00
-7.971364e+00 -3.069449e+02 -6.764540e+02 1.000000e+00
-3.918277e+00 -1.970485e+02 -8.356152e+02 1.000000e+00
8.853320e-01 -1.612542e+02 -8.484779e+02 1.000000e+00
5.748246e+00 -3.958950e+01 -9.398148e+02 1.000000e+00
1.029622e+01 -4.960712e+00 -8.371209e+02 1.000000e+00
1.444354e+01 1.050359e+02 -8.967363e+02 1.000000e+00
0.000000e+00 -2.534481e+02 0.000000e+00 1.000000e+00
0.000000e+00 -2.382356e+02 -2.806444e+02 1.000000e+00
0.000000e+00 -2.291720e+02 -5.000229e+02 1.000000e+00
0.000000e+00 -1.816144e+02 -6.825002e+02 1.000000e+00
0.000000e+00 -1.488659e+02 -7.770452e+02 1.000000e+00
0.000000e+00 -8.420804e+01 -8.643002e+02 1.000000e+00
0.000000e+00 -4.375179e+01 -8.494351e+02 1.000000e+00
0.000000e+00 2.150381e+01 -8.703802e+02 1.000000e+00
0.000000e+00 5.204991e+01 -7.748679e+02 1.000000e+00
-1.558753e+00 -2.598054e+02 0.000000e+00 1.000000e+00
-3.686441e+00 -2.353170e+02 -2.822180e+02 1.000000e+00
-1.803585e+00 -2.352024e+02 -4.971041e+02 1.000000e+00
-2.761410e+00 -1.779781e+02 -6.873307e+02 1.000000e+00
6.466897e-01 -1.540615e+02 -7.696761e+02 1.000000e+00
-6.152542e-01 -7.977675e+01 -8.745076e+02 1.000000e+00
2.302290e+00 -4.882954e+01 -8.361118e+02 1.000000e+00
1.950640e+00 2.669267e+01 -8.862305e+02 1.000000e+00
4.050153e+00 4.860889e+01 -7.552921e+02 1.000000e+00
-5.900177e+00 -2.648837e+02 0.000000e+00 1.000000e+00
-5.388639e+00 -2.334449e+02 -2.837910e+02 1.000000e+00
-4.981154e+00 -2.401588e+02 -4.945576e+02 1.000000e+00
-2.677508e+00 -1.752686e+02 -6.915037e+02 1.000000e+00
-1.613863e+00 -1.587161e+02 -7.635938e+02 1.000000e+00
1.488674e+00 -7.658864e+01 -8.824683e+02 1.000000e+00
3.106166e+00 -5.327660e+01 -8.251745e+02 1.000000e+00
5.640224e+00 3.065399e+01 -8.984405e+02 1.000000e+00
6.558723e+00 4.510845e+01 -7.390052e+02 1.000000e+00
-8.414783e+00 -2.653084e+02 0.000000e+00 1.000000e+00
-7.977457e+00 -2.357009e+02 -2.838278e+02 1.000000e+00
-6.538568e+00 -2.400358e+02 -4.950181e+02 1.000000e+00
-4.341344e+00 -1.768310e+02 -6.908845e+02 1.000000e+00
-1.403193e+00 -1.582641e+02 -7.646954e+02 1.000000e+00
1.651309e+00 -7.755438e+01 -8.800208e+02 1.000000e+00
4.562025e+00 -5.172208e+01 -8.272092e+02 1.000000e+00
7.680978e+00 2.977610e+01 -8.937670e+02 1.000000e+00
1.013538e+01 4.602962e+01 -7.418695e+02 1.000000e+00
-1.039381e+01 -2.671266e+02 0.000000e+00 1.000000e+00
-1.004703e+01 -2.359052e+02 -2.840155e+02 1.000000e+00
-8.224114e+00 -2.412919e+02 -4.949954e+02 1.000000e+00
-5.624393e+00 -1.767708e+02 -6.912754e+02 1.000000e+00
-1.930525e+00 -1.584069e+02 -7.637505e+02 1.000000e+00
1.572384e+00 -7.720048e+01 -8.803501e+02 1.000000e+00
5.672771e+00 -5.146786e+01 -8.249764e+02 1.000000e+00
9.163246e+00 2.959363e+01 -8.934244e+02 1.000000e+00
1.194594e+01 4.687562e+01 -7.388129e+02 1.000000e+00
-1.204920e+01 -2.676221e+02 0.000000e+00 1.000000e+00
-1.135561e+01 -2.372255e+02 -2.840959e+02 1.000000e+00
-9.641234e+00 -2.420679e+02 -4.952533e+02 1.000000e+00
-5.980780e+00 -1.775215e+02 -6.909702e+02 1.000000e+00
-2.544402e+00 -1.590766e+02 -7.637108e+02 1.000000e+00
2.113062e+00 -7.781390e+01 -8.791609e+02 1.000000e+00
6.418923e+00 -5.233309e+01 -8.236618e+02 1.000000e+00
1.044972e+01 2.948170e+01 -8.917715e+02 1.000000e+00
1.396369e+01 4.618541e+01 -7.362169e+02 1.000000e+00
-1.291786e+01 -2.673794e+02 0.000000e+00 1.000000e+00
-1.247966e+01 -2.388614e+02 -2.841388e+02 1.000000e+00
-1.026253e+01 -2.416437e+02 -4.955634e+02 1.000000e+00
-6.673831e+00 -1.781064e+02 -6.902607e+02 1.000000e+00
-2.562719e+00 -1.589588e+02 -7.641057e+02 1.000000e+00
2.175409e+00 -7.757008e+01 -8.768948e+02 1.000000e+00
6.811850e+00 -5.192997e+01 -8.233421e+02 1.000000e+00
1.128726e+01 3.060827e+01 -8.882511e+02 1.000000e+00
1.507745e+01 4.486299e+01 -7.348544e+02 1.000000e+00
-1.336457e+01 -2.691045e+02 0.000000e+00 1.000000e+00
-1.301400e+01 -2.384422e+02 -2.844720e+02 1.000000e+00
-1.051123e+01 -2.426615e+02 -4.950899e+02 1.000000e+00
-7.052371e+00 -1.781710e+02 -6.906421e+02 1.000000e+00
-2.679255e+00 -1.586601e+02 -7.626558e+02 1.000000e+00
2.292650e+00 -7.783183e+01 -8.764518e+02 1.000000e+00
6.991693e+00 -5.128561e+01 -8.207741e+02 1.000000e+00
1.171356e+01 2.991660e+01 -8.863876e+02 1.000000e+00
1.515099e+01 4.530291e+01 -7.316984e+02 1.000000e+00
-1.348953e+01 -2.706542e+02 0.000000e+00 1.000000e+00
-1.283340e+01 -2.380904e+02 -2.846850e+02 1.000000e+00
-1.051609e+01 -2.438342e+02 -4.946803e+02 1.000000e+00
-6.915775e+00 -1.784947e+02 -6.908281e+02 1.000000e+00
-2.670735e+00 -1.586521e+02 -7.611702e+02 1.000000e+00
2.192014e+00 -7.868146e+01 -8.757445e+02 1.000000e+00
7.068619e+00 -5.115194e+01 -8.181795e+02 1.000000e+00
1.150391e+01 2.848638e+01 -8.843115e+02 1.000000e+00
1.536889e+01 4.602562e+01 -7.285601e+02 1.000000e+00
0.000000e+00 -1.222136e+02 0.000000e+00 1.000000e+00
0.000000e+00 -1.278303e+02 -2.731681e+02 1.000000e+00
0.000000e+00 -1.112546e+02 -5.024001e+02 1.000000e+00
0.000000e+00 -9.878725e+01 -6.548823e+02 1.000000e+00
0.000000e+00 -6.890746e+01 -7.823243e+02 1.000000e+00
0.000000e+00 -4.949624e+01 -8.134428e+02 1.000000e+00
0.000000e+00 -1.574249e+01 -8.589924e+02 1.000000e+00
0.000000e+00 4.297066e+00 -7.941530e+02 1.000000e+00
0.000000e+00 3.584986e+01 -7.939260e+02 1.000000e+00
-4.488134e+00 -1.216867e+02 0.000000e+00 1.000000e+00
-1.615641e+00 -1.311039e+02 -2.713554e+02 1.000000e+00
-2.892215e+00 -1.092311e+02 -5.058785e+02 1.000000e+00
-2.492729e-01 -1.015433e+02 -6.495171e+02 1.000000e+00
-6.760356e-01 -6.717551e+01 -7.897401e+02 1.000000e+00
2.195388e+00 -5.154359e+01 -8.033195e+02 1.000000e+00
1.800818e+00 -1.260075e+01 -8.715651e+02 1.000000e+00
4.290105e+00 2.462838e+00 -7.780762e+02 1.000000e+00
3.377620e+00 3.805898e+01 -8.129068e+02 1.000000e+00
-5.384091e+00 -1.217934e+02 0.000000e+00 1.000000e+00
-5.804262e+00 -1.335261e+02 -2.699345e+02 1.000000e+00
-3.975574e+00 -1.073045e+02 -5.086331e+02 1.000000e+00
-2.951064e+00 -1.034388e+02 -6.452065e+02 1.000000e+00
-3.834329e-01 -6.506975e+01 -7.956707e+02 1.000000e+00
1.286076e+00 -5.261076e+01 -7.947209e+02 1.000000e+00
4.313103e+00 -9.559430e+00 -8.814791e+02 1.000000e+00
5.326806e+00 1.304520e+00 -7.645712e+02 1.000000e+00
7.538491e+00 4.048635e+01 -8.273998e+02 1.000000e+00
-8.201627e+00 -1.231528e+02 0.000000e+00 1.000000e+00
-7.634713e+00 -1.336631e+02 -2.702629e+02 1.000000e+00
-6.056569e+00 -1.083335e+02 -5.079720e+02 1.000000e+00
-3.840046e+00 -1.034072e+02 -6.462149e+02 1.000000e+00
-8.359748e-01 -6.563650e+01 -7.940051e+02 1.000000e+00
2.348146e+00 -5.244949e+01 -7.958644e+02 1.000000e+00
5.441796e+00 -1.040633e+01 -8.782951e+02 1.000000e+00
8.129519e+00 1.764051e+00 -7.664650e+02 1.000000e+00
1.036289e+01 4.024287e+01 -8.218483e+02 1.000000e+00
-1.035481e+01 -1.234339e+02 0.000000e+00 1.000000e+00
-9.394232e+00 -1.346790e+02 -2.699325e+02 1.000000e+00
-7.897241e+00 -1.084911e+02 -5.085390e+02 1.000000e+00
-4.843317e+00 -1.040068e+02 -6.454047e+02 1.000000e+00
-1.255816e+00 -6.599255e+01 -7.943721e+02 1.000000e+00
2.550983e+00 -5.274834e+01 -7.941147e+02 1.000000e+00
6.268286e+00 -1.054033e+01 -8.780870e+02 1.000000e+00
9.704463e+00 1.943957e+00 -7.637816e+02 1.000000e+00
1.273187e+01 3.960401e+01 -8.208627e+02 1.000000e+00
-1.139161e+01 -1.243945e+02 0.000000e+00 1.000000e+00
-1.125765e+01 -1.347540e+02 -2.699450e+02 1.000000e+00
-8.734691e+00 -1.085876e+02 -5.084446e+02 1.000000e+00
-5.702090e+00 -1.040021e+02 -6.453361e+02 1.000000e+00
-1.507850e+00 -6.545429e+01 -7.935221e+02 1.000000e+00
2.890399e+00 -5.209782e+01 -7.933554e+02 1.000000e+00
7.107747e+00 -9.910947e+00 -8.762888e+02 1.000000e+00
1.112584e+01 2.218154e+00 -7.619204e+02 1.000000e+00
1.440337e+01 4.007643e+01 -8.183828e+02 1.000000e+00
-1.262817e+01 -1.256959e+02 0.000000e+00 1.000000e+00
-1.199634e+01 -1.345726e+02 -2.702373e+02 1.000000e+00
-9.605820e+00 -1.093796e+02 -5.077365e+02 1.000000e+00
-6.000163e+00 -1.042393e+02 -6.459629e+02 1.000000e+00
-1.795492e+00 -6.559589e+01 -7.916567e+02 1.000000e+00
3.124242e+00 -5.236371e+01 -7.932892e+02 1.000000e+00
7.708460e+00 -1.024298e+01 -8.732211e+02 1.000000e+00
1.215278e+01 1.494434e+00 -7.606471e+02 1.000000e+00
1.548376e+01 4.058110e+01 -8.148196e+02 1.000000e+00
-1.338439e+01 -1.256915e+02 0.000000e+00 1.000000e+00
-1.221406e+01 -1.355416e+02 -2.698503e+02 1.000000e+00
-1.020551e+01 -1.092770e+02 -5.082143e+02 1.000000e+00
-6.326236e+00 -1.044842e+02 -6.447957e+02 1.000000e+00
-1.923941e+00 -6.617934e+01 -7.917063e+02 1.000000e+00
2.704533e+00 -5.244025e+01 -7.909222e+02 1.000000e+00
8.029108e+00 -1.054933e+01 -8.717798e+02 1.000000e+00
1.197197e+01 1.997341e+00 -7.576229e+02 1.000000e+00
1.623555e+01 3.995055e+01 -8.121624e+02 1.000000e+00
-1.291278e+01 -1.255259e+02 0.000000e+00 1.000000e+00
-1.230691e+01 -1.363324e+02 -2.694773e+02 1.000000e+00
-9.932997e+00 -1.089718e+02 -5.086521e+02 1.000000e+00
-6.245170e+00 -1.044132e+02 -6.435129e+02 1.000000e+00
-1.791401e+00 -6.638747e+01 -7.915934e+02 1.000000e+00
3.044398e+00 -5.199179e+01 -7.885458e+02 1.000000e+00
7.885713e+00 -1.046764e+01 -8.700685e+02 1.000000e+00
1.218514e+01 2.931177e+00 -7.547654e+02 1.000000e+00
1.595770e+01 3.928451e+01 -8.088187e+02 1.000000e+00
0.000000e+00 0.000000e+00 0.000000e+00 1.000000e+00
0.000000e+00 0.000000e+00 -2.769535e+02 1.000000e+00
0.000000e+00 0.000000e+00 -4.897726e+02 1.000000e+00
0.000000e+00 0.000000e+00 -6.662230e+02 1.000000e+00
0.000000e+00 0.000000e+00 -7.541712e+02 1.000000e+00
0.000000e+00 0.000000e+00 -8.349489e+02 1.000000e+00
0.000000e+00 0.000000e+00 -8.123835e+02 1.000000e+00
0.000000e+00 0.000000e+00 -8.277443e+02 1.000000e+00
0.000000e+00 0.000000e+00 -7.272202e+02 1.000000e+00
-3.213064e+00 0.000000e+00 0.000000e+00 1.000000e+00
-3.872767e+00 0.000000e+00 -2.778741e+02 1.000000e+00
-1.981679e-01 0.000000e+00 -4.867047e+02 1.000000e+00
-1.973777e+00 0.000000e+00 -6.716414e+02 1.000000e+00
1.146767e+00 0.000000e+00 -7.463054e+02 1.000000e+00
1.118813e+00 0.000000e+00 -8.448246e+02 1.000000e+00
4.469689e+00 0.000000e+00 -7.991312e+02 1.000000e+00
3.306176e+00 0.000000e+00 -8.438276e+02 1.000000e+00
4.344576e+00 0.000000e+00 -7.079882e+02 1.000000e+00
-6.188001e+00 0.000000e+00 0.000000e+00 1.000000e+00
-4.857310e+00 0.000000e+00 -2.783565e+02 1.000000e+00
-4.219166e+00 0.000000e+00 -4.843456e+02 1.000000e+00
-1.863392e+00 0.000000e+00 -6.759320e+02 1.000000e+00
-1.259477e-01 0.000000e+00 -7.397552e+02 1.000000e+00
2.662454e+00 0.000000e+00 -8.525416e+02 1.000000e+00
4.163466e+00 0.000000e+00 -7.880591e+02 1.000000e+00
6.541888e+00 0.000000e+00 -8.563630e+02 1.000000e+00
7.648648e+00 0.000000e+00 -6.916882e+02 1.000000e+00
-8.044255e+00 0.000000e+00 0.000000e+00 1.000000e+00
-7.766825e+00 0.000000e+00 -2.780053e+02 1.000000e+00
-6.243954e+00 0.000000e+00 -4.848686e+02 1.000000e+00
-3.998947e+00 0.000000e+00 -6.749799e+02 1.000000e+00
-1.273462e+00 0.000000e+00 -7.407510e+02 1.000000e+00
1.866780e+00 0.000000e+00 -8.500432e+02 1.000000e+00
4.959471e+00 0.000000e+00 -7.896381e+02 1.000000e+00
7.924366e+00 0.000000e+00 -8.518936e+02 1.000000e+00
9.914363e+00 0.000000e+00 -6.940657e+02 1.000000e+00
-9.981772e+00 0.000000e+00 0.000000e+00 1.000000e+00
-9.504884e+00 0.000000e+00 -2.781933e+02 1.000000e+00
-7.171477e+00 0.000000e+00 -4.842806e+02 1.000000e+00
-4.577672e+00 0.000000e+00 -6.757152e+02 1.000000e+00
-6.328337e-01 0.000000e+00 -7.391441e+02 1.000000e+00
3.325820e+00 0.000000e+00 -8.503641e+02 1.000000e+00
7.088402e+00 0.000000e+00 -7.870668e+02 1.000000e+00
1.052682e+01 0.000000e+00 -8.513368e+02 1.000000e+00
1.275621e+01 0.000000e+00 -6.912729e+02 1.000000e+00
-1.197361e+01 0.000000e+00 0.000000e+00 1.000000e+00
-1.045107e+01 0.000000e+00 -2.777293e+02 1.000000e+00
-8.869807e+00 0.000000e+00 -4.847262e+02 1.000000e+00
-5.235454e+00 0.000000e+00 -6.750040e+02 1.000000e+00
-9.238433e-01 0.000000e+00 -7.385728e+02 1.000000e+00
3.506926e+00 0.000000e+00 -8.492021e+02 1.000000e+00
7.382936e+00 0.000000e+00 -7.856519e+02 1.000000e+00
1.122309e+01 0.000000e+00 -8.491251e+02 1.000000e+00
1.508568e+01 0.000000e+00 -6.887937e+02 1.000000e+00
-1.266725e+01 0.000000e+00 0.000000e+00 1.000000e+00
-1.189785e+01 0.000000e+00 -2.770782e+02 1.000000e+00
-9.678507e+00 0.000000e+00 -4.855966e+02 1.000000e+00
-6.009174e+00 0.000000e+00 -6.734796e+02 1.000000e+00
-1.833877e+00 0.000000e+00 -7.390089e+02 1.000000e+00
2.846815e+00 0.000000e+00 -8.465314e+02 1.000000e+00
7.542611e+00 0.000000e+00 -7.852092e+02 1.000000e+00
1.183722e+01 0.000000e+00 -8.452554e+02 1.000000e+00
1.573276e+01 0.000000e+00 -6.868653e+02 1.000000e+00
-1.267053e+01 0.000000e+00 0.000000e+00 1.000000e+00
-1.263551e+01 0.000000e+00 -2.773993e+02 1.000000e+00
-9.510749e+00 0.000000e+00 -4.845368e+02 1.000000e+00
-5.782892e+00 0.000000e+00 -6.742263e+02 1.000000e+00
-1.856210e+00 0.000000e+00 -7.370851e+02 1.000000e+00
3.499475e+00 0.000000e+00 -8.458013e+02 1.000000e+00
8.353831e+00 0.000000e+00 -7.821348e+02 1.000000e+00
1.332976e+01 0.000000e+00 -8.430718e+02 1.000000e+00
1.580863e+01 0.000000e+00 -6.839902e+02 1.000000e+00
-1.279859e+01 0.000000e+00 0.000000e+00 1.000000e+00
-1.204726e+01 0.000000e+00 -2.777370e+02 1.000000e+00
-9.825144e+00 0.000000e+00 -4.834421e+02 1.000000e+00
-5.910202e+00 0.000000e+00 -6.748199e+02 1.000000e+00
-1.403365e+00 0.000000e+00 -7.350310e+02 1.000000e+00
3.332335e+00 0.000000e+00 -8.449575e+02 1.000000e+00
8.103333e+00 0.000000e+00 -7.790461e+02 1.000000e+00
1.241216e+01 0.000000e+00 -8.406721e+02 1.000000e+00
1.613902e+01 0.000000e+00 -6.813022e+02 1.000000e+00
