0 729 0.00000e+00
  1     729
0.000000e+00 4.480487e+03 -4.109993e+03 8.571537e-01
0.000000e+00 5.356498e+03 -3.922830e+03 7.399081e-01
0.000000e+00 4.455132e+03 -3.666248e+03 5.967547e-01
0.000000e+00 5.402147e+03 -3.444307e+03 4.469133e-01
0.000000e+00 4.434207e+03 -3.233197e+03 3.077485e-01
0.000000e+00 5.430374e+03 -3.036782e+03 1.891254e-01
0.000000e+00 4.010327e+03 -2.608809e+03 9.748217e-02
0.000000e+00 4.354712e+03 -1.774570e+03 3.527858e-02
0.000000e+00 0.000000e+00 0.000000e+00 0.000000e+00
1.215521e+01 4.511604e+03 -4.114654e+03 8.571537e-01
1.343127e+01 5.370044e+03 -3.927146e+03 7.399081e-01
1.401138e+01 4.482677e+03 -3.668489e+03 5.967547e-01
1.398240e+01 5.409315e+03 -3.445267e+03 4.469133e-01
1.271354e+01 4.455948e+03 -3.233501e+03 3.077485e-01
1.056763e+01 5.428077e+03 -3.033411e+03 1.891254e-01
7.683631e+00 4.018240e+03 -2.604096e+03 9.748217e-02
4.091454e+00 4.342039e+03 -1.767222e+03 3.527858e-02
0.000000e+00 0.000000e+00 0.000000e+00 0.000000e+00
2.332990e+01 4.541562e+03 -4.117921e+03 8.571537e-01
2.320943e+01 5.348802e+03 -3.929634e+03 7.399081e-01
2.175948e+01 4.510446e+03 -3.669402e+03 5.967547e-01
1.898157e+01 5.385600e+03 -3.444264e+03 4.469133e-01
1.570904e+01 4.480489e+03 -3.231185e+03 3.077485e-01
1.199888e+01 5.403269e+03 -3.027837e+03 1.891254e-01
8.029982e+00 4.032113e+03 -2.596396e+03 9.748217e-02
4.099826e+00 4.317521e+03 -1.756062e+03 3.527858e-02
0.000000e+00 0.000000e+00 0.000000e+00 0.000000e+00
2.663947e+01 4.542522e+03 -4.117377e+03 8.571537e-01
2.480246e+01 5.351291e+03 -3.929053e+03 7.399081e-01
2.246754e+01 4.509370e+03 -3.668964e+03 5.967547e-01
1.935458e+01 5.389186e+03 -3.443307e+03 4.469133e-01
1.545448e+01 4.475880e+03 -3.229804e+03 3.077485e-01
1.120278e+01 5.406252e+03 -3.025342e+03 1.891254e-01
7.212311e+00 4.021811e+03 -2.590027e+03 9.748217e-02
3.486941e+00 4.308003e+03 -1.747161e+03 3.527858e-02
0.000000e+00 0.000000e+00 0.000000e+00 0.000000e+00
2.748326e+01 4.539249e+03 -4.116651e+03 8.571537e-01
2.600365e+01 5.353708e+03 -3.928263e+03 7.399081e-01
2.375618e+01 4.505337e+03 -3.668566e+03 5.967547e-01
2.036441e+01 5.392542e+03 -3.443438e+03 4.469133e-01
1.658421e+01 4.470777e+03 -3.229280e+03 3.077485e-01
1.259188e+01 5.409264e+03 -3.023241e+03 1.891254e-01
8.366302e+00 4.010373e+03 -2.585404e+03 9.748217e-02
4.116553e+00 4.300138e+03 -1.741047e+03 3.527858e-02
0.000000e+00 0.000000e+00 0.000000e+00 0.000000e+00
2.835121e+01 4.543733e+03 -4.113349e+03 8.571537e-01
2.619105e+01 5.349649e+03 -3.926316e+03 7.399081e-01
2.360888e+01 4.509416e+03 -3.666445e+03 5.967547e-01
2.046866e+01 5.387583e+03 -3.441632e+03 4.469133e-01
1.640212e+01 4.474003e+03 -3.226801e+03 3.077485e-01
1.194433e+01 5.402247e+03 -3.019444e+03 1.891254e-01
7.621103e+00 4.007976e+03 -2.579707e+03 9.748217e-02
3.729266e+00 4.284605e+03 -1.731574e+03 3.527858e-02
0.000000e+00 0.000000e+00 0.000000e+00 0.000000e+00
2.589924e+01 4.539702e+03 -4.113645e+03 8.571537e-01
2.517508e+01 5.354679e+03 -3.926361e+03 7.399081e-01
2.295055e+01 4.504592e+03 -3.666648e+03 5.967547e-01
1.946928e+01 5.391613e+03 -3.440460e+03 4.469133e-01
1.583894e+01 4.469208e+03 -3.224729e+03 3.077485e-01
1.198051e+01 5.403309e+03 -3.016274e+03 1.891254e-01
7.905951e+00 4.002045e+03 -2.575232e+03 9.748217e-02
3.821962e+00 4.273659e+03 -1.724036e+03 3.527858e-02
0.000000e+00 0.000000e+00 0.000000e+00 0.000000e+00
2.364712e+01 4.540434e+03 -4.115903e+03 8.571537e-01
2.253608e+01 5.350590e+03 -3.927398e+03 7.399081e-01
2.050782e+01 4.506604e+03 -3.667578e+03 5.967547e-01
1.781954e+01 5.387607e+03 -3.439953e+03 4.469133e-01
1.428657e+01 4.470953e+03 -3.223603e+03 3.077485e-01
1.038077e+01 5.398804e+03 -3.012956e+03 1.891254e-01
6.718156e+00 3.999115e+03 -2.570512e+03 9.748217e-02
3.299642e+00 4.261936e+03 -1.717542e+03 3.527858e-02
0.000000e+00 0.000000e+00 0.000000e+00 0.000000e+00
2.527815e+01 4.537927e+03 -4.115748e+03 8.571537e-01
2.391065e+01 5.354010e+03 -3.928162e+03 7.399081e-01
2.175089e+01 4.504199e+03 -3.667044e+03 5.967547e-01
1.868175e+01 5.390770e+03 -3.439163e+03 4.469133e-01
1.500414e+01 4.467080e+03 -3.223364e+03 3.077485e-01
1.106769e+01 5.400226e+03 -3.010678e+03 1.891254e-01
7.155682e+00 3.990574e+03 -2.566294e+03 9.748217e-02
3.442805e+00 4.254021e+03 -1.711100e+03 3.527858e-02
0.000000e+00 0.000000e+00 0.000000e+00 0.000000e+00
0.000000e+00 5.297891e+03 -4.026140e+03 8.571537e-01
0.000000e+00 4.358113e+03 -3.761612e+03 7.399081e-01
0.000000e+00 5.190749e+03 -3.482009e+03 5.967547e-01
0.000000e+00 4.279353e+03 -3.057019e+03 4.469133e-01
0.000000e+00 5.096129e+03 -2.652901e+03 3.077485e-01
0.000000e+00 3.721332e+03 -1.758142e+03 1.891254e-01
0.000000e+00 3.720762e+03 -6.526686e+02 9.748217e-02
0.000000e+00 4.836956e+02 6.493357e+02 3.527858e-02
0.000000e+00 0.000000e+00 0.000000e+00 0.000000e+00
1.250058e+01 5.312208e+03 -4.029852e+03 8.571537e-01
1.373470e+01 4.386416e+03 -3.764249e+03 7.399081e-01
1.425985e+01 5.200168e+03 -3.481510e+03 5.967547e-01
1.441900e+01 4.301217e+03 -3.054572e+03 4.469133e-01
1.328685e+01 5.094210e+03 -2.645258e+03 3.077485e-01
1.106596e+01 3.729089e+03 -1.746916e+03 1.891254e-01
7.219806e+00 3.702543e+03 -6.395290e+02 9.748217e-02
2.571865e+00 4.781871e+02 6.530929e+02 3.527858e-02
0.000000e+00 0.000000e+00 0.000000e+00 0.000000e+00
2.357597e+01 5.291470e+03 -4.031501e+03 8.571537e-01
2.342479e+01 4.413287e+03 -3.764934e+03 7.399081e-01
2.194131e+01 5.176704e+03 -3.478556e+03 5.967547e-01
1.929957e+01 4.324363e+03 -3.049778e+03 4.469133e-01
1.576905e+01 5.065559e+03 -2.634662e+03 3.077485e-01
1.179989e+01 3.739726e+03 -1.732472e+03 1.891254e-01
6.827301e+00 3.665281e+03 -6.256343e+02 9.748217e-02
2.187464e+00 4.751547e+02 6.596028e+02 3.527858e-02
0.000000e+00 0.000000e+00 0.000000e+00 0.000000e+00
2.714008e+01 5.292673e+03 -4.029056e+03 8.571537e-01
2.525745e+01 4.411822e+03 -3.762017e+03 7.399081e-01
2.287318e+01 5.177470e+03 -3.475247e+03 5.967547e-01
1.981088e+01 4.319391e+03 -3.044181e+03 4.469133e-01
1.613750e+01 5.064836e+03 -2.626345e+03 3.077485e-01
1.179369e+01 3.725314e+03 -1.720751e+03 1.891254e-01
7.170075e+00 3.653399e+03 -6.142296e+02 9.748217e-02
2.317777e+00 4.593196e+02 6.563880e+02 3.527858e-02
0.000000e+00 0.000000e+00 0.000000e+00 0.000000e+00
2.730182e+01 5.293538e+03 -4.027347e+03 8.571537e-01
2.585428e+01 4.407417e+03 -3.759301e+03 7.399081e-01
2.365561e+01 5.178404e+03 -3.472177e+03 5.967547e-01
2.047785e+01 4.312207e+03 -3.039500e+03 4.469133e-01
1.666075e+01 5.063724e+03 -2.617888e+03 3.077485e-01
1.247895e+01 3.710984e+03 -1.709261e+03 1.891254e-01
7.327210e+00 3.644168e+03 -6.009694e+02 9.748217e-02
2.550271e+00 4.447554e+02 6.550670e+02 3.527858e-02
0.000000e+00 0.000000e+00 0.000000e+00 0.000000e+00
2.920007e+01 5.289273e+03 -4.022075e+03 8.571537e-01
2.694221e+01 4.409937e+03 -3.755530e+03 7.399081e-01
2.425153e+01 5.172058e+03 -3.466862e+03 5.967547e-01
2.103515e+01 4.313257e+03 -3.034136e+03 4.469133e-01
1.690208e+01 5.053278e+03 -2.608312e+03 3.077485e-01
1.214556e+01 3.703704e+03 -1.698256e+03 1.891254e-01
7.129514e+00 3.623744e+03 -5.897437e+02 9.748217e-02
2.225473e+00 4.352697e+02 6.534815e+02 3.527858e-02
0.000000e+00 0.000000e+00 0.000000e+00 0.000000e+00
2.571210e+01 5.293364e+03 -4.020860e+03 8.571537e-01
2.494036e+01 4.403596e+03 -3.753654e+03 7.399081e-01
2.288115e+01 5.174459e+03 -3.463785e+03 5.967547e-01
1.965323e+01 4.306349e+03 -3.029132e+03 4.469133e-01
1.613757e+01 5.051979e+03 -2.598610e+03 3.077485e-01
1.213615e+01 3.691224e+03 -1.687121e+03 1.891254e-01
7.246355e+00 3.609567e+03 -5.781031e+02 9.748217e-02
2.530800e+00 4.236800e+02 6.505318e+02 3.527858e-02
0.000000e+00 0.000000e+00 0.000000e+00 0.000000e+00
2.403403e+01 5.288629e+03 -4.022714e+03 8.571537e-01
2.293313e+01 4.404423e+03 -3.753220e+03 7.399081e-01
2.087359e+01 5.169007e+03 -3.461915e+03 5.967547e-01
1.820786e+01 4.305897e+03 -3.024834e+03 4.469133e-01
1.459575e+01 5.043623e+03 -2.590140e+03 3.077485e-01
1.061017e+01 3.684120e+03 -1.675422e+03 1.891254e-01
6.253027e+00 3.593324e+03 -5.660914e+02 9.748217e-02
2.074462e+00 4.148578e+02 6.527468e+02 3.527858e-02
0.000000e+00 0.000000e+00 0.000000e+00 0.000000e+00
2.578433e+01 5.292308e+03 -4.020618e+03 8.571537e-01
2.435360e+01 4.401224e+03 -3.751641e+03 7.399081e-01
2.213474e+01 5.170420e+03 -3.458812e+03 5.967547e-01
1.912484e+01 4.300364e+03 -3.020253e+03 4.469133e-01
1.539040e+01 5.041591e+03 -2.583315e+03 3.077485e-01
1.124091e+01 3.671549e+03 -1.665309e+03 1.891254e-01
6.502264e+00 3.582406e+03 -5.559827e+02 9.748217e-02
2.112095e+00 4.025175e+02 6.528284e+02 3.527858e-02
0.000000e+00 0.000000e+00 0.000000e+00 0.000000e+00
0.000000e+00 4.385481e+03 -3.757554e+03 8.571537e-01
0.000000e+00 5.016196e+03 -3.485026e+03 7.399081e-01
0.000000e+00 4.082471e+03 -2.986960e+03 5.967547e-01
0.000000e+00 4.745563e+03 -2.502923e+03 4.469133e-01
0.000000e+00 3.501921e+03 -1.626529e+03 3.077485e-01
0.000000e+00 3.486830e+03 -8.925068e+02 1.891254e-01
0.000000e+00 1.150151e+03 -1.352353e+02 9.748217e-02
0.000000e+00 9.935217e+02 -5.246675e+02 3.527858e-02
0.000000e+00 0.000000e+00 0.000000e+00 0.000000e+00
1.334451e+01 4.413295e+03 -3.757789e+03 8.571537e-01
1.426289e+01 5.027271e+03 -3.484053e+03 7.399081e-01
1.484170e+01 4.104683e+03 -2.982670e+03 5.967547e-01
1.469512e+01 4.745375e+03 -2.494436e+03 4.469133e-01
1.340641e+01 3.510089e+03 -1.616135e+03 3.077485e-01
1.019619e+01 3.469501e+03 -8.826456e+02 1.891254e-01
5.825991e+00 1.147698e+03 -1.347285e+02 9.748217e-02
2.291409e+00 9.871441e+02 -5.276051e+02 3.527858e-02
0.000000e+00 0.000000e+00 0.000000e+00 0.000000e+00
2.419382e+01 4.439067e+03 -3.758018e+03 8.571537e-01
2.367467e+01 5.004120e+03 -3.479219e+03 7.399081e-01
2.225777e+01 4.125482e+03 -2.975564e+03 5.967547e-01
1.942509e+01 4.715436e+03 -2.481964e+03 4.469133e-01
1.565570e+01 3.519441e+03 -1.602678e+03 3.077485e-01
1.053675e+01 3.430274e+03 -8.725184e+02 1.891254e-01
5.480341e+00 1.148891e+03 -1.351391e+02 9.748217e-02
1.961712e+00 9.730554e+02 -5.367011e+02 3.527858e-02
0.000000e+00 0.000000e+00 0.000000e+00 0.000000e+00
2.790639e+01 4.437559e+03 -3.752988e+03 8.571537e-01
2.589628e+01 5.001871e+03 -3.472153e+03 7.399081e-01
2.340858e+01 4.119568e+03 -2.966926e+03 5.967547e-01
2.033560e+01 4.710529e+03 -2.470740e+03 4.469133e-01
1.630561e+01 3.503797e+03 -1.590041e+03 3.077485e-01
1.159161e+01 3.417326e+03 -8.630729e+02 1.891254e-01
6.301286e+00 1.130838e+03 -1.359094e+02 9.748217e-02
2.720184e+00 9.743019e+02 -5.327715e+02 3.527858e-02
0.000000e+00 0.000000e+00 0.000000e+00 0.000000e+00
2.756495e+01 4.432132e+03 -3.748098e+03 8.571537e-01
2.600517e+01 5.000454e+03 -3.465979e+03 7.399081e-01
2.380092e+01 4.111145e+03 -2.958567e+03 5.967547e-01
2.052438e+01 4.705662e+03 -2.459838e+03 4.469133e-01
1.649247e+01 3.486798e+03 -1.577540e+03 3.077485e-01
1.140258e+01 3.404803e+03 -8.509846e+02 1.891254e-01
6.299432e+00 1.112236e+03 -1.349109e+02 9.748217e-02
2.420640e+00 9.752820e+02 -5.258834e+02 3.527858e-02
0.000000e+00 0.000000e+00 0.000000e+00 0.000000e+00
3.016739e+01 4.432867e+03 -3.740961e+03 8.571537e-01
2.773435e+01 4.992674e+03 -3.457531e+03 7.399081e-01
2.492554e+01 4.109234e+03 -2.949962e+03 5.967547e-01
2.140502e+01 4.692384e+03 -2.447319e+03 4.469133e-01
1.688678e+01 3.477410e+03 -1.566978e+03 3.077485e-01
1.142377e+01 3.383009e+03 -8.411891e+02 1.891254e-01
5.894534e+00 1.101590e+03 -1.369516e+02 9.748217e-02
2.252952e+00 9.702037e+02 -5.262815e+02 3.527858e-02
0.000000e+00 0.000000e+00 0.000000e+00 0.000000e+00
2.601526e+01 4.426895e+03 -3.737061e+03 8.571537e-01
2.490725e+01 4.993913e+03 -3.451465e+03 7.399081e-01
2.295414e+01 4.099530e+03 -2.942520e+03 5.967547e-01
1.986809e+01 4.688018e+03 -2.435560e+03 4.469133e-01
1.604913e+01 3.461216e+03 -1.555967e+03 3.077485e-01
1.128743e+01 3.367935e+03 -8.305491e+02 1.891254e-01
6.340374e+00 1.087251e+03 -1.367931e+02 9.748217e-02
2.616256e+00 9.685424e+02 -5.227592e+02 3.527858e-02
0.000000e+00 0.000000e+00 0.000000e+00 0.000000e+00
2.488580e+01 4.427736e+03 -3.736640e+03 8.571537e-01
2.358261e+01 4.987492e+03 -3.447936e+03 7.399081e-01
2.142127e+01 4.097210e+03 -2.935804e+03 5.967547e-01
1.848175e+01 4.677044e+03 -2.425981e+03 4.469133e-01
1.463690e+01 3.451493e+03 -1.544198e+03 3.077485e-01
1.003666e+01 3.349297e+03 -8.210873e+02 1.891254e-01
5.242293e+00 1.076104e+03 -1.356277e+02 9.748217e-02
1.981436e+00 9.644423e+02 -5.216600e+02 3.527858e-02
0.000000e+00 0.000000e+00 0.000000e+00 0.000000e+00
2.652938e+01 4.423328e+03 -3.731085e+03 8.571537e-01
2.487708e+01 4.986912e+03 -3.442740e+03 7.399081e-01
2.260954e+01 4.090256e+03 -2.928147e+03 5.967547e-01
1.939949e+01 4.672010e+03 -2.416754e+03 4.469133e-01
1.540317e+01 3.437298e+03 -1.533567e+03 3.077485e-01
1.051996e+01 3.336851e+03 -8.138853e+02 1.891254e-01
5.631209e+00 1.060838e+03 -1.371305e+02 9.748217e-02
2.214134e+00 9.634574e+02 -5.221229e+02 3.527858e-02
0.000000e+00 0.000000e+00 0.000000e+00 0.000000e+00
0.000000e+00 4.995353e+03 -3.443623e+03 8.571537e-01
0.000000e+00 3.979192e+03 -2.953939e+03 7.399081e-01
0.000000e+00 4.459592e+03 -2.464580e+03 5.967547e-01
0.000000e+00 3.335269e+03 -1.680759e+03 4.469133e-01
0.000000e+00 3.416705e+03 -1.078894e+03 3.077485e-01
0.000000e+00 1.658973e+03 -3.179667e+02 1.891254e-01
0.000000e+00 1.515658e+03 -2.272587e+02 9.748217e-02
0.000000e+00 1.590425e+02 3.466989e+02 3.527858e-02
0.000000e+00 0.000000e+00 0.000000e+00 0.000000e+00
1.431651e+01 5.006104e+03 -3.441695e+03 8.571537e-01
1.503472e+01 4.001253e+03 -2.948136e+03 7.399081e-01
1.514059e+01 4.461876e+03 -2.456409e+03 5.967547e-01
1.443644e+01 3.345357e+03 -1.670660e+03 4.469133e-01
1.224728e+01 3.403584e+03 -1.069041e+03 3.077485e-01
8.699939e+00 1.659439e+03 -3.132213e+02 1.891254e-01
4.881398e+00 1.504578e+03 -2.233086e+02 9.748217e-02
1.859814e+00 1.610775e+02 3.517173e+02 3.527858e-02
0.000000e+00 0.000000e+00 0.000000e+00 0.000000e+00
2.513614e+01 4.983975e+03 -3.436175e+03 8.571537e-01
2.404860e+01 4.020404e+03 -2.939334e+03 7.399081e-01
2.214115e+01 4.432175e+03 -2.442842e+03 5.967547e-01
1.916776e+01 3.354376e+03 -1.656988e+03 4.469133e-01
1.455145e+01 3.364907e+03 -1.056972e+03 3.077485e-01
9.472761e+00 1.662278e+03 -3.072639e+02 1.891254e-01
4.893159e+00 1.481235e+03 -2.198011e+02 9.748217e-02
1.773639e+00 1.676139e+02 3.619843e+02 3.527858e-02
0.000000e+00 0.000000e+00 0.000000e+00 0.000000e+00
2.868027e+01 4.979879e+03 -3.426198e+03 8.571537e-01
2.664008e+01 4.013960e+03 -2.927792e+03 7.399081e-01
2.383909e+01 4.423958e+03 -2.429344e+03 5.967547e-01
2.013828e+01 3.338978e+03 -1.643229e+03 4.469133e-01
1.565108e+01 3.350975e+03 -1.046203e+03 3.077485e-01
1.034182e+01 1.643700e+03 -3.032192e+02 1.891254e-01
5.845810e+00 1.478577e+03 -2.161282e+02 9.748217e-02
1.911090e+00 1.598538e+02 3.571658e+02 3.527858e-02
0.000000e+00 0.000000e+00 0.000000e+00 0.000000e+00
2.826902e+01 4.975795e+03 -3.418407e+03 8.571537e-01
2.630691e+01 4.004666e+03 -2.916674e+03 7.399081e-01
2.373316e+01 4.416682e+03 -2.416326e+03 5.967547e-01
2.027351e+01 3.321918e+03 -1.629648e+03 4.469133e-01
1.552392e+01 3.337925e+03 -1.034225e+03 3.077485e-01
1.027354e+01 1.623983e+03 -2.996166e+02 1.891254e-01
5.416144e+00 1.474742e+03 -2.116317e+02 9.748217e-02
1.993404e+00 1.509802e+02 3.510247e+02 3.527858e-02
0.000000e+00 0.000000e+00 0.000000e+00 0.000000e+00
3.103048e+01 4.966942e+03 -3.407031e+03 8.571537e-01
2.832857e+01 4.000159e+03 -2.905121e+03 7.399081e-01
2.518451e+01 4.402441e+03 -2.401914e+03 5.967547e-01
2.094437e+01 3.311189e+03 -1.618210e+03 4.469133e-01
1.579892e+01 3.315942e+03 -1.022558e+03 3.077485e-01
1.015463e+01 1.612521e+03 -2.979801e+02 1.891254e-01
5.366438e+00 1.463317e+03 -2.081327e+02 9.748217e-02
1.792948e+00 1.488527e+02 3.512681e+02 3.527858e-02
0.000000e+00 0.000000e+00 0.000000e+00 0.000000e+00
2.700217e+01 4.967629e+03 -3.398216e+03 8.571537e-01
2.529029e+01 3.989362e+03 -2.895269e+03 7.399081e-01
2.291131e+01 4.396768e+03 -2.389325e+03 5.967547e-01
1.959891e+01 3.293136e+03 -1.606860e+03 4.469133e-01
1.510511e+01 3.301162e+03 -1.011253e+03 3.077485e-01
1.011751e+01 1.596043e+03 -2.943646e+02 1.891254e-01
5.556694e+00 1.456551e+03 -2.030820e+02 9.748217e-02
2.062355e+00 1.435894e+02 3.505518e+02 3.527858e-02
0.000000e+00 0.000000e+00 0.000000e+00 0.000000e+00
2.564711e+01 4.960833e+03 -3.394033e+03 8.571537e-01
2.432501e+01 3.986837e+03 -2.886989e+03 7.399081e-01
2.178978e+01 4.384830e+03 -2.379093e+03 5.967547e-01
1.829974e+01 3.282855e+03 -1.594675e+03 4.469133e-01
1.398518e+01 3.282648e+03 -1.001985e+03 3.077485e-01
9.045021e+00 1.584272e+03 -2.897495e+02 1.891254e-01
4.802502e+00 1.447884e+03 -2.006252e+02 9.748217e-02
1.582868e+00 1.401986e+02 3.494933e+02 3.527858e-02
0.000000e+00 0.000000e+00 0.000000e+00 0.000000e+00
2.734838e+01 4.958217e+03 -3.386134e+03 8.571537e-01
2.535781e+01 3.978562e+03 -2.876418e+03 7.399081e-01
2.271469e+01 4.378105e+03 -2.368449e+03 5.967547e-01
1.912201e+01 3.268247e+03 -1.582845e+03 4.469133e-01
1.452374e+01 3.269856e+03 -9.936655e+02 3.077485e-01
9.503627e+00 1.568685e+03 -2.870033e+02 1.891254e-01
5.088520e+00 1.444132e+03 -2.000127e+02 9.748217e-02
1.748510e+00 1.347751e+02 3.458625e+02 3.527858e-02
0.000000e+00 0.000000e+00 0.000000e+00 0.000000e+00
0.000000e+00 4.038900e+03 -2.902969e+03 8.571537e-01
0.000000e+00 4.319167e+03 -2.430842e+03 7.399081e-01
0.000000e+00 3.229354e+03 -1.753294e+03 5.967547e-01
0.000000e+00 3.352294e+03 -1.222011e+03 4.469133e-01
0.000000e+00 1.928668e+03 -5.361835e+02 3.077485e-01
0.000000e+00 1.801059e+03 -3.674290e+02 1.891254e-01
0.000000e+00 4.508315e+02 1.923861e+01 9.748217e-02
0.000000e+00 4.640329e+02 -2.946709e+02 3.527858e-02
0.000000e+00 0.000000e+00 0.000000e+00 0.000000e+00
1.535400e+01 4.058616e+03 -2.895980e+03 8.571537e-01
1.538179e+01 4.322663e+03 -2.422341e+03 7.399081e-01
1.492410e+01 3.241624e+03 -1.743068e+03 5.967547e-01
1.332518e+01 3.344165e+03 -1.212860e+03 4.469133e-01
1.047807e+01 1.931487e+03 -5.302111e+02 3.077485e-01
6.933176e+00 1.789128e+03 -3.637495e+02 1.891254e-01
3.698870e+00 4.544033e+02 1.960544e+01 9.748217e-02
1.318295e+00 4.584652e+02 -2.987196e+02 3.527858e-02
0.000000e+00 0.000000e+00 0.000000e+00 0.000000e+00
2.631037e+01 4.075821e+03 -2.887622e+03 8.571537e-01
2.436910e+01 4.294458e+03 -2.408380e+03 7.399081e-01
2.169087e+01 3.251195e+03 -1.728872e+03 5.967547e-01
1.782364e+01 3.307355e+03 -1.199302e+03 4.469133e-01
1.319889e+01 1.934857e+03 -5.227386e+02 3.077485e-01
8.195891e+00 1.759954e+03 -3.605134e+02 1.891254e-01
4.200911e+00 4.611139e+02 1.943226e+01 9.748217e-02
1.398949e+00 4.454457e+02 -3.085459e+02 3.527858e-02
0.000000e+00 0.000000e+00 0.000000e+00 0.000000e+00
2.923301e+01 4.068021e+03 -2.875077e+03 8.571537e-01
2.686140e+01 4.284365e+03 -2.392311e+03 7.399081e-01
2.365188e+01 3.237094e+03 -1.714288e+03 5.967547e-01
1.928336e+01 3.292006e+03 -1.186398e+03 4.469133e-01
1.420154e+01 1.916304e+03 -5.154555e+02 3.077485e-01
9.313965e+00 1.752108e+03 -3.563601e+02 1.891254e-01
4.672965e+00 4.483222e+02 1.808024e+01 9.748217e-02
1.988813e+00 4.466637e+02 -3.019326e+02 3.527858e-02
0.000000e+00 0.000000e+00 0.000000e+00 0.000000e+00
2.928798e+01 4.056673e+03 -2.863570e+03 8.571537e-01
2.660985e+01 4.275208e+03 -2.377556e+03 7.399081e-01
2.342632e+01 3.220784e+03 -1.699174e+03 5.967547e-01
1.931380e+01 3.278780e+03 -1.173077e+03 4.469133e-01
1.427463e+01 1.896324e+03 -5.087505e+02 3.077485e-01
8.964608e+00 1.744409e+03 -3.510305e+02 1.891254e-01
4.710500e+00 4.364476e+02 1.653633e+01 9.748217e-02
1.551327e+00 4.486983e+02 -2.957091e+02 3.527858e-02
0.000000e+00 0.000000e+00 0.000000e+00 0.000000e+00
3.162260e+01 4.050333e+03 -2.850821e+03 8.571537e-01
2.850603e+01 4.260953e+03 -2.362019e+03 7.399081e-01
2.460931e+01 3.209439e+03 -1.685606e+03 5.967547e-01
1.960716e+01 3.258000e+03 -1.160152e+03 4.469133e-01
1.399962e+01 1.883560e+03 -5.047512e+02 3.077485e-01
8.824256e+00 1.728675e+03 -3.460215e+02 1.891254e-01
4.535703e+00 4.335013e+02 1.472083e+01 9.748217e-02
1.759979e+00 4.445197e+02 -2.981399e+02 3.527858e-02
0.000000e+00 0.000000e+00 0.000000e+00 0.000000e+00
2.823796e+01 4.038077e+03 -2.838591e+03 8.571537e-01
2.565420e+01 4.254882e+03 -2.348427e+03 7.399081e-01
2.257258e+01 3.191512e+03 -1.673122e+03 5.967547e-01
1.865405e+01 3.244658e+03 -1.148564e+03 4.469133e-01
1.389063e+01 1.865504e+03 -4.992856e+02 3.077485e-01
8.864451e+00 1.718399e+03 -3.412619e+02 1.891254e-01
4.535599e+00 4.250723e+02 1.372467e+01 9.748217e-02
1.614951e+00 4.429574e+02 -2.957309e+02 3.527858e-02
0.000000e+00 0.000000e+00 0.000000e+00 0.000000e+00
2.677143e+01 4.036107e+03 -2.830174e+03 8.571537e-01
2.477337e+01 4.242650e+03 -2.336867e+03 7.399081e-01
2.178216e+01 3.182524e+03 -1.660384e+03 5.967547e-01
1.754651e+01 3.226920e+03 -1.138733e+03 4.469133e-01
1.269291e+01 1.853217e+03 -4.924348e+02 3.077485e-01
8.129187e+00 1.705888e+03 -3.387120e+02 1.891254e-01
4.189954e+00 4.192104e+02 1.380370e+01 9.748217e-02
1.623195e+00 4.409395e+02 -2.942544e+02 3.527858e-02
0.000000e+00 0.000000e+00 0.000000e+00 0.000000e+00
2.808076e+01 4.027561e+03 -2.818973e+03 8.571537e-01
2.547700e+01 4.234669e+03 -2.323719e+03 7.399081e-01
2.224997e+01 3.168677e+03 -1.647287e+03 5.967547e-01
1.802523e+01 3.214014e+03 -1.129415e+03 4.469133e-01
1.317618e+01 1.836690e+03 -4.862997e+02 3.077485e-01
8.365099e+00 1.698234e+03 -3.357833e+02 1.891254e-01
4.314762e+00 4.109325e+02 1.424811e+01 9.748217e-02
1.615321e+00 4.419007e+02 -2.917833e+02 3.527858e-02
0.000000e+00 0.000000e+00 0.000000e+00 0.000000e+00
0.000000e+00 4.318966e+03 -2.429668e+03 8.571537e-01
0.000000e+00 3.230336e+03 -1.793141e+03 7.399081e-01
0.000000e+00 3.316068e+03 -1.298288e+03 5.967547e-01
0.000000e+00 2.089739e+03 -6.925181e+02 4.469133e-01
0.000000e+00 2.006849e+03 -4.513081e+02 3.077485e-01
0.000000e+00 7.793228e+02 -3.522519e+01 1.891254e-01
0.000000e+00 8.002122e+02 -1.130390e+02 9.748217e-02
0.000000e+00 4.457885e+01 2.243974e+02 3.527858e-02
0.000000e+00 0.000000e+00 0.000000e+00 0.000000e+00
1.583333e+01 4.322141e+03 -2.423718e+03 8.571537e-01
1.519211e+01 3.242814e+03 -1.782850e+03 7.399081e-01
1.390304e+01 3.311339e+03 -1.289021e+03 5.967547e-01
1.171018e+01 2.094685e+03 -6.852604e+02 4.469133e-01
8.697734e+00 1.996901e+03 -4.462223e+02 3.077485e-01
5.646218e+00 7.833729e+02 -3.194545e+01 1.891254e-01
3.023802e+00 7.920700e+02 -1.099663e+02 9.748217e-02
1.262977e+00 4.897497e+01 2.324278e+02 3.527858e-02
0.000000e+00 0.000000e+00 0.000000e+00 0.000000e+00
2.727353e+01 4.294681e+03 -2.411040e+03 8.571537e-01
2.452783e+01 3.252228e+03 -1.768671e+03 7.399081e-01
2.066711e+01 3.277718e+03 -1.274976e+03 5.967547e-01
1.623589e+01 2.098969e+03 -6.754877e+02 4.469133e-01
1.147559e+01 1.965759e+03 -4.390629e+02 3.077485e-01
7.072356e+00 7.898706e+02 -2.852188e+01 1.891254e-01
3.542803e+00 7.740608e+02 -1.074687e+02 9.748217e-02
1.256311e+00 5.765735e+01 2.419108e+02 3.527858e-02
0.000000e+00 0.000000e+00 0.000000e+00 0.000000e+00
2.920577e+01 4.282014e+03 -2.394840e+03 8.571537e-01
2.629866e+01 3.238349e+03 -1.752251e+03 7.399081e-01
2.268469e+01 3.262222e+03 -1.260664e+03 5.967547e-01
1.787993e+01 2.081832e+03 -6.658065e+02 4.469133e-01
1.283624e+01 1.954328e+03 -4.324417e+02 3.077485e-01
7.933401e+00 7.770073e+02 -2.783324e+01 1.891254e-01
4.304645e+00 7.756632e+02 -1.069690e+02 9.748217e-02
1.245036e+00 5.202193e+01 2.309562e+02 3.527858e-02
0.000000e+00 0.000000e+00 0.000000e+00 0.000000e+00
3.032901e+01 4.270674e+03 -2.381876e+03 8.571537e-01
2.680270e+01 3.221998e+03 -1.736408e+03 7.399081e-01
2.274788e+01 3.248580e+03 -1.245798e+03 5.967547e-01
1.806838e+01 2.062580e+03 -6.560877e+02 4.469133e-01
1.284561e+01 1.944337e+03 -4.253326e+02 3.077485e-01
7.960494e+00 7.635969e+02 -2.696218e+01 1.891254e-01
3.964197e+00 7.754597e+02 -1.042802e+02 9.748217e-02
1.604348e+00 4.622506e+01 2.257901e+02 3.527858e-02
0.000000e+00 0.000000e+00 0.000000e+00 0.000000e+00
3.174746e+01 4.255715e+03 -2.365445e+03 8.571537e-01
2.792776e+01 3.210133e+03 -1.722148e+03 7.399081e-01
2.335964e+01 3.229896e+03 -1.231737e+03 5.967547e-01
1.776106e+01 2.049378e+03 -6.493281e+02 4.469133e-01
1.232416e+01 1.927359e+03 -4.182469e+02 3.077485e-01
7.532797e+00 7.577248e+02 -2.689030e+01 1.891254e-01
3.945117e+00 7.656044e+02 -1.000046e+02 9.748217e-02
1.366842e+00 4.695287e+01 2.307345e+02 3.527858e-02
0.000000e+00 0.000000e+00 0.000000e+00 0.000000e+00
2.931813e+01 4.248705e+03 -2.350587e+03 8.571537e-01
2.570904e+01 3.192089e+03 -1.708820e+03 7.399081e-01
2.182290e+01 3.218189e+03 -1.219325e+03 5.967547e-01
1.745743e+01 2.031135e+03 -6.416685e+02 4.469133e-01
1.252479e+01 1.916494e+03 -4.127443e+02 3.077485e-01
7.783369e+00 7.476934e+02 -2.599982e+01 1.891254e-01
3.998016e+00 7.623956e+02 -9.853535e+01 9.748217e-02
1.362416e+00 4.457296e+01 2.283573e+02 3.527858e-02
0.000000e+00 0.000000e+00 0.000000e+00 0.000000e+00
2.762734e+01 4.235983e+03 -2.338493e+03 8.571537e-01
2.503942e+01 3.184385e+03 -1.695461e+03 7.399081e-01
2.121632e+01 3.201361e+03 -1.208275e+03 5.967547e-01
1.633093e+01 2.019906e+03 -6.327982e+02 4.469133e-01
1.145960e+01 1.902507e+03 -4.088095e+02 3.077485e-01
7.029738e+00 7.407047e+02 -2.379170e+01 1.891254e-01
3.708416e+00 7.576990e+02 -9.821124e+01 9.748217e-02
1.323171e+00 4.247526e+01 2.275418e+02 3.527858e-02
0.000000e+00 0.000000e+00 0.000000e+00 0.000000e+00
2.845947e+01 4.226131e+03 -2.325706e+03 8.571537e-01
2.510774e+01 3.171265e+03 -1.680996e+03 7.399081e-01
2.116115e+01 3.188886e+03 -1.197455e+03 5.967547e-01
1.656858e+01 2.003983e+03 -6.249055e+02 4.469133e-01
1.170347e+01 1.892917e+03 -4.044787e+02 3.077485e-01
7.246404e+00 7.300364e+02 -2.215270e+01 1.891254e-01
3.761574e+00 7.551643e+02 -9.673727e+01 9.748217e-02
1.301145e+00 3.796026e+01 2.270116e+02 3.527858e-02
0.000000e+00 0.000000e+00 0.000000e+00 0.000000e+00
0.000000e+00 3.299044e+03 -1.858939e+03 8.571537e-01
0.000000e+00 3.323173e+03 -1.351489e+03 7.399081e-01
0.000000e+00 2.230690e+03 -8.072715e+02 5.967547e-01
0.000000e+00 2.167234e+03 -5.346647e+02 4.469133e-01
0.000000e+00 1.054252e+03 -1.582005e+02 3.077485e-01
0.000000e+00 1.039297e+03 -1.875103e+02 1.891254e-01
0.000000e+00 1.927258e+02 3.606170e+01 9.748217e-02
0.000000e+00 2.669072e+02 -1.954565e+02 3.527858e-02
0.000000e+00 0.000000e+00 0.000000e+00 0.000000e+00
1.635848e+01 3.310373e+03 -1.849719e+03 8.571537e-01
1.443691e+01 3.320607e+03 -1.343913e+03 7.399081e-01
1.227589e+01 2.237069e+03 -7.994935e+02 5.967547e-01
9.806198e+00 2.159315e+03 -5.290156e+02 4.469133e-01
7.033455e+00 1.058462e+03 -1.553311e+02 3.077485e-01
4.295141e+00 1.031395e+03 -1.866839e+02 1.891254e-01
2.153216e+00 1.983088e+02 3.513786e+01 9.748217e-02
6.458821e-01 2.610902e+02 -2.022783e+02 3.527858e-02
0.000000e+00 0.000000e+00 0.000000e+00 0.000000e+00
2.728728e+01 3.317115e+03 -1.837094e+03 8.571537e-01
2.392313e+01 3.288890e+03 -1.330529e+03 7.399081e-01
1.967307e+01 2.242101e+03 -7.893571e+02 5.967547e-01
1.471451e+01 2.128766e+03 -5.206377e+02 4.469133e-01
1.000859e+01 1.064630e+03 -1.520518e+02 3.077485e-01
5.953573e+00 1.010264e+03 -1.851801e+02 1.891254e-01
3.036438e+00 2.072832e+02 3.436971e+01 9.748217e-02
1.018318e+00 2.495678e+02 -2.110331e+02 3.527858e-02
0.000000e+00 0.000000e+00 0.000000e+00 0.000000e+00
2.888790e+01 3.301755e+03 -1.822516e+03 8.571537e-01
2.529051e+01 3.272734e+03 -1.314915e+03 7.399081e-01
2.103893e+01 2.226277e+03 -7.787524e+02 5.967547e-01
1.618732e+01 2.115256e+03 -5.128351e+02 4.469133e-01
1.126693e+01 1.051432e+03 -1.484360e+02 3.077485e-01
7.140478e+00 1.006281e+03 -1.808604e+02 1.891254e-01
3.547365e+00 1.970175e+02 3.629232e+01 9.748217e-02
1.685683e+00 2.533521e+02 -1.972135e+02 3.527858e-02
0.000000e+00 0.000000e+00 0.000000e+00 0.000000e+00
3.068870e+01 3.283995e+03 -1.808795e+03 8.571537e-01
2.651986e+01 3.258513e+03 -1.300568e+03 7.399081e-01
2.187255e+01 2.207744e+03 -7.676356e+02 5.967547e-01
1.676597e+01 2.103589e+03 -5.040204e+02 4.469133e-01
1.159707e+01 1.036932e+03 -1.455573e+02 3.077485e-01
6.944719e+00 1.002771e+03 -1.768294e+02 1.891254e-01
3.603290e+00 1.889221e+02 3.630670e+01 9.748217e-02
1.022784e+00 2.558989e+02 -1.903920e+02 3.527858e-02
0.000000e+00 0.000000e+00 0.000000e+00 0.000000e+00
3.135044e+01 3.269745e+03 -1.793864e+03 8.571537e-01
2.682902e+01 3.240255e+03 -1.286918e+03 7.399081e-01
2.166425e+01 2.194514e+03 -7.585095e+02 5.967547e-01
1.612159e+01 2.087756e+03 -4.961461e+02 4.469133e-01
1.081981e+01 1.029861e+03 -1.453168e+02 3.077485e-01
6.493396e+00 9.926635e+02 -1.749703e+02 1.891254e-01
3.143466e+00 1.906012e+02 3.252275e+01 9.748217e-02
1.123273e+00 2.505959e+02 -1.983069e+02 3.527858e-02
0.000000e+00 0.000000e+00 0.000000e+00 0.000000e+00
2.986452e+01 3.250507e+03 -1.779164e+03 8.571537e-01
2.541946e+01 3.229255e+03 -1.274776e+03 7.399081e-01
2.094643e+01 2.176412e+03 -7.490091e+02 5.967547e-01
1.610443e+01 2.077046e+03 -4.901161e+02 4.469133e-01
1.129587e+01 1.017997e+03 -1.425349e+02 3.077485e-01
6.953187e+00 9.871412e+02 -1.734549e+02 1.891254e-01
3.519965e+00 1.857084e+02 3.273034e+01 9.748217e-02
1.414989e+00 2.502745e+02 -1.941248e+02 3.527858e-02
0.000000e+00 0.000000e+00 0.000000e+00 0.000000e+00
2.813380e+01 3.241754e+03 -1.765705e+03 8.571537e-01
2.462673e+01 3.212069e+03 -1.262192e+03 7.399081e-01
2.023615e+01 2.166592e+03 -7.396003e+02 5.967547e-01
1.513496e+01 2.062222e+03 -4.845377e+02 4.469133e-01
1.025546e+01 1.010754e+03 -1.389600e+02 3.077485e-01
6.257252e+00 9.804100e+02 -1.727916e+02 1.891254e-01
3.108656e+00 1.829784e+02 3.289680e+01 9.748217e-02
1.002403e+00 2.498817e+02 -1.930195e+02 3.527858e-02
0.000000e+00 0.000000e+00 0.000000e+00 0.000000e+00
2.836325e+01 3.227851e+03 -1.752468e+03 8.571537e-01
2.430762e+01 3.198782e+03 -1.249779e+03 7.399081e-01
1.989173e+01 2.151997e+03 -7.307896e+02 5.967547e-01
1.505605e+01 2.052114e+03 -4.789713e+02 4.469133e-01
1.039258e+01 9.999955e+02 -1.364408e+02 3.077485e-01
6.376365e+00 9.772822e+02 -1.717041e+02 1.891254e-01
3.220044e+00 1.786604e+02 3.108655e+01 9.748217e-02
1.183224e+00 2.508646e+02 -1.953052e+02 3.527858e-02
0.000000e+00 0.000000e+00 0.000000e+00 0.000000e+00
0.000000e+00 3.322784e+03 -1.478144e+03 8.571537e-01
0.000000e+00 2.337582e+03 -9.215044e+02 7.399081e-01
0.000000e+00 2.301201e+03 -6.023827e+02 5.967547e-01
0.000000e+00 1.292566e+03 -2.464266e+02 4.469133e-01
0.000000e+00 1.259170e+03 -1.969870e+02 3.077485e-01
0.000000e+00 4.183400e+02 4.180324e+01 1.891254e-01
0.000000e+00 4.933791e+02 -6.130035e+01 9.748217e-02
0.000000e+00 9.281669e+00 1.610056e+02 3.527858e-02
0.000000e+00 0.000000e+00 0.000000e+00 0.000000e+00
1.611047e+01 3.319456e+03 -1.472409e+03 8.571537e-01
1.352217e+01 2.344636e+03 -9.154054e+02 7.399081e-01
1.070899e+01 2.296203e+03 -5.977258e+02 5.967547e-01
8.038663e+00 1.297283e+03 -2.431114e+02 4.469133e-01
5.501497e+00 1.251770e+03 -1.943508e+02 3.077485e-01
3.486304e+00 4.229738e+02 4.425928e+01 1.891254e-01
1.836215e+00 4.864535e+02 -5.881487e+01 9.748217e-02
8.058950e-01 1.496713e+01 1.692531e+02 3.527858e-02
0.000000e+00 0.000000e+00 0.000000e+00 0.000000e+00
2.627780e+01 3.287413e+03 -1.460829e+03 8.571537e-01
2.263254e+01 2.348424e+03 -9.057048e+02 7.399081e-01
1.829892e+01 2.266723e+03 -5.898438e+02 5.967547e-01
1.341524e+01 1.302800e+03 -2.395176e+02 4.469133e-01
8.898650e+00 1.228863e+03 -1.900840e+02 3.077485e-01
5.324262e+00 4.312430e+02 4.638263e+01 1.891254e-01
2.638682e+00 4.723542e+02 -5.525174e+01 9.748217e-02
1.007613e+00 2.440538e+01 1.785282e+02 3.527858e-02
0.000000e+00 0.000000e+00 0.000000e+00 0.000000e+00
2.834771e+01 3.269122e+03 -1.446492e+03 8.571537e-01
2.426224e+01 2.332387e+03 -8.938914e+02 7.399081e-01
1.949887e+01 2.252158e+03 -5.820280e+02 5.967547e-01
1.459629e+01 1.290619e+03 -2.351069e+02 4.469133e-01
9.987507e+00 1.222546e+03 -1.880742e+02 3.077485e-01
5.719919e+00 4.224221e+02 4.311914e+01 1.891254e-01
2.854629e+00 4.754225e+02 -5.769661e+01 9.748217e-02
4.920262e-01 1.642519e+01 1.623506e+02 3.527858e-02
0.000000e+00 0.000000e+00 0.000000e+00 0.000000e+00
3.007284e+01 3.252510e+03 -1.433937e+03 8.571537e-01
2.539009e+01 2.313650e+03 -8.832776e+02 7.399081e-01
2.065323e+01 2.239925e+03 -5.734924e+02 5.967547e-01
1.543763e+01 1.275974e+03 -2.309120e+02 4.469133e-01
1.055039e+01 1.216860e+03 -1.846110e+02 3.077485e-01
6.679365e+00 4.136721e+02 4.212511e+01 1.891254e-01
3.461739e+00 4.762523e+02 -5.799817e+01 9.748217e-02
1.604619e+00 1.114165e+01 1.561317e+02 3.527858e-02
0.000000e+00 0.000000e+00 0.000000e+00 0.000000e+00
3.044188e+01 3.232292e+03 -1.419289e+03 8.571537e-01
2.545660e+01 2.298395e+03 -8.739952e+02 7.399081e-01
2.019898e+01 2.223935e+03 -5.646472e+02 5.967547e-01
1.486391e+01 1.266917e+03 -2.284819e+02 4.469133e-01
1.006682e+01 1.206596e+03 -1.798027e+02 3.077485e-01
5.976199e+00 4.137388e+02 4.345432e+01 1.891254e-01
3.102909e+00 4.697446e+02 -5.346571e+01 9.748217e-02
1.031681e+00 1.627534e+01 1.649769e+02 3.527858e-02
0.000000e+00 0.000000e+00 0.000000e+00 0.000000e+00
2.953905e+01 3.219174e+03 -1.405829e+03 8.571537e-01
2.471751e+01 2.279183e+03 -8.639211e+02 7.399081e-01
1.982974e+01 2.213377e+03 -5.581754e+02 5.967547e-01
1.476905e+01 1.254056e+03 -2.241595e+02 4.469133e-01
1.002890e+01 1.200405e+03 -1.790305e+02 3.077485e-01
5.945539e+00 4.077075e+02 4.262185e+01 1.891254e-01
2.936563e+00 4.685605e+02 -5.465804e+01 9.748217e-02
9.002888e-01 1.381946e+01 1.600468e+02 3.527858e-02
0.000000e+00 0.000000e+00 0.000000e+00 0.000000e+00
2.767041e+01 3.199385e+03 -1.392950e+03 8.571537e-01
2.369488e+01 2.268604e+03 -8.532637e+02 7.399081e-01
1.910250e+01 2.197410e+03 -5.516918e+02 5.967547e-01
1.409272e+01 1.246747e+03 -2.198667e+02 4.469133e-01
9.665371e+00 1.191445e+03 -1.769737e+02 3.077485e-01
5.989814e+00 4.041544e+02 4.364067e+01 1.891254e-01
3.167826e+00 4.663323e+02 -5.467622e+01 9.748217e-02
1.265367e+00 1.244924e+01 1.597884e+02 3.527858e-02
0.000000e+00 0.000000e+00 0.000000e+00 0.000000e+00
2.768168e+01 3.183600e+03 -1.380939e+03 8.571537e-01
2.331242e+01 2.253686e+03 -8.435760e+02 7.399081e-01
1.867665e+01 2.186171e+03 -5.450072e+02 5.967547e-01
1.387937e+01 1.235903e+03 -2.162582e+02 4.469133e-01
9.471759e+00 1.187126e+03 -1.733033e+02 3.077485e-01
5.762350e+00 3.991151e+02 4.556512e+01 1.891254e-01
2.982940e+00 4.665704e+02 -5.189960e+01 9.748217e-02
1.050733e+00 1.134079e+01 1.628320e+02 3.527858e-02
0.000000e+00 0.000000e+00 0.000000e+00 0.000000e+00
0.000000e+00 2.373908e+03 -1.090718e+03 8.571537e-01
0.000000e+00 2.361040e+03 -7.115453e+02 7.399081e-01
0.000000e+00 1.488949e+03 -3.538446e+02 5.967547e-01
0.000000e+00 1.450880e+03 -2.433861e+02 4.469133e-01
0.000000e+00 6.461589e+02 -3.082816e+01 3.077485e-01
0.000000e+00 6.840111e+02 -1.111565e+02 1.891254e-01
0.000000e+00 1.073516e+02 3.244327e+01 9.748217e-02
0.000000e+00 1.802092e+02 -1.405945e+02 3.527858e-02
0.000000e+00 0.000000e+00 0.000000e+00 0.000000e+00
1.542207e+01 2.378524e+03 -1.084103e+03 8.571537e-01
1.256690e+01 2.356925e+03 -7.083683e+02 7.399081e-01
9.582519e+00 1.494630e+03 -3.516103e+02 5.967547e-01
6.636925e+00 1.445855e+03 -2.424353e+02 4.469133e-01
4.056772e+00 6.509288e+02 -3.175446e+01 3.077485e-01
2.104040e+00 6.774072e+02 -1.129029e+02 1.891254e-01
9.320231e-01 1.124882e+02 2.985713e+01 9.748217e-02
8.153421e-02 1.734344e+02 -1.503196e+02 3.527858e-02
0.000000e+00 0.000000e+00 0.000000e+00 0.000000e+00
2.476657e+01 2.379347e+03 -1.075165e+03 8.571537e-01
2.097133e+01 2.327891e+03 -7.011849e+02 7.399081e-01
1.661897e+01 1.499384e+03 -3.487417e+02 5.967547e-01
1.220878e+01 1.423180e+03 -2.393785e+02 4.469133e-01
8.251344e+00 6.588257e+02 -3.321300e+01 3.077485e-01
4.950428e+00 6.612957e+02 -1.141102e+02 1.891254e-01
2.481142e+00 1.206345e+02 2.659604e+01 9.748217e-02
8.868860e-01 1.621170e+02 -1.579816e+02 3.527858e-02
0.000000e+00 0.000000e+00 0.000000e+00 0.000000e+00
2.716908e+01 2.361267e+03 -1.064313e+03 8.571537e-01
2.291626e+01 2.311080e+03 -6.921287e+02 7.399081e-01
1.840960e+01 1.486689e+03 -3.437248e+02 5.967547e-01
1.361099e+01 1.414327e+03 -2.360732e+02 4.469133e-01
9.102380e+00 6.510371e+02 -3.163877e+01 3.077485e-01
5.674548e+00 6.621342e+02 -1.110284e+02 1.891254e-01
2.804606e+00 1.137955e+02 2.831140e+01 9.748217e-02
1.353515e+00 1.700152e+02 -1.427379e+02 3.527858e-02
0.000000e+00 0.000000e+00 0.000000e+00 0.000000e+00
2.858616e+01 2.339815e+03 -1.054118e+03 8.571537e-01
2.405562e+01 2.296995e+03 -6.841513e+02 7.399081e-01
1.903386e+01 1.471420e+03 -3.394140e+02 5.967547e-01
1.402767e+01 1.406920e+03 -2.327510e+02 4.469133e-01
9.484919e+00 6.414066e+02 -3.120020e+01 3.077485e-01
5.692587e+00 6.609290e+02 -1.083593e+02 1.891254e-01
3.089857e+00 1.089863e+02 2.903816e+01 9.748217e-02
8.586900e-01 1.739038e+02 -1.386513e+02 3.527858e-02
0.000000e+00 0.000000e+00 0.000000e+00 0.000000e+00
2.877436e+01 2.321440e+03 -1.043740e+03 8.571537e-01
2.374936e+01 2.279370e+03 -6.763270e+02 7.399081e-01
1.884675e+01 1.459394e+03 -3.356289e+02 5.967547e-01
1.401013e+01 1.395453e+03 -2.286891e+02 4.469133e-01
9.527525e+00 6.377094e+02 -3.188022e+01 3.077485e-01
5.819743e+00 6.526985e+02 -1.072476e+02 1.891254e-01
2.876498e+00 1.117162e+02 2.752552e+01 9.748217e-02
1.161955e+00 1.668514e+02 -1.441068e+02 3.527858e-02
0.000000e+00 0.000000e+00 0.000000e+00 0.000000e+00
2.852208e+01 2.299261e+03 -1.031705e+03 8.571537e-01
2.356422e+01 2.266555e+03 -6.696410e+02 7.399081e-01
1.867271e+01 1.444523e+03 -3.298801e+02 5.967547e-01
1.361722e+01 1.388349e+03 -2.270768e+02 4.469133e-01
9.096126e+00 6.306559e+02 -2.987254e+01 3.077485e-01
5.444991e+00 6.512120e+02 -1.076805e+02 1.891254e-01
2.697030e+00 1.090689e+02 2.707144e+01 9.748217e-02
9.234293e-01 1.683379e+02 -1.420744e+02 3.527858e-02
0.000000e+00 0.000000e+00 0.000000e+00 0.000000e+00
2.632528e+01 2.285625e+03 -1.021410e+03 8.571537e-01
2.232067e+01 2.248328e+03 -6.616915e+02 7.399081e-01
1.781171e+01 1.436176e+03 -3.259300e+02 5.967547e-01
1.317172e+01 1.377189e+03 -2.244434e+02 4.469133e-01
8.995398e+00 6.266467e+02 -2.903249e+01 3.077485e-01
5.508238e+00 6.470767e+02 -1.072541e+02 1.891254e-01
2.877807e+00 1.073789e+02 2.621002e+01 9.748217e-02
1.058233e+00 1.681688e+02 -1.426175e+02 3.527858e-02
0.000000e+00 0.000000e+00 0.000000e+00 0.000000e+00
2.647897e+01 2.268475e+03 -1.012489e+03 8.571537e-01
2.208660e+01 2.234607e+03 -6.539011e+02 7.399081e-01
1.761164e+01 1.423792e+03 -3.225335e+02 5.967547e-01
1.299570e+01 1.370181e+03 -2.207798e+02 4.469133e-01
8.803286e+00 6.194437e+02 -2.852708e+01 3.077485e-01
5.362710e+00 6.447862e+02 -1.051951e+02 1.891254e-01
2.714556e+00 1.041777e+02 2.628097e+01 9.748217e-02
1.002792e+00 1.676525e+02 -1.415100e+02 3.527858e-02
0.000000e+00 0.000000e+00 0.000000e+00 0.000000e+00
