0 729 0.00000e+00
  1     729
7.063430e+01 0.000000e+00 4.512515e+03 1.000000e+00
6.406505e+01 0.000000e+00 5.083782e+03 1.000000e+00
5.506902e+01 0.000000e+00 5.348228e+03 1.000000e+00
4.389814e+01 0.000000e+00 5.936991e+03 1.000000e+00
3.215137e+01 0.000000e+00 6.049705e+03 1.000000e+00
1.870957e+01 0.000000e+00 6.852337e+03 1.000000e+00
3.252993e+00 0.000000e+00 6.868264e+03 1.000000e+00
-1.378084e+01 0.000000e+00 7.675447e+03 1.000000e+00
-2.941232e+01 0.000000e+00 7.518204e+03 1.000000e+00
6.843148e+01 0.000000e+00 4.532161e+03 1.000000e+00
6.148959e+01 0.000000e+00 5.105811e+03 1.000000e+00
5.323058e+01 0.000000e+00 5.370817e+03 1.000000e+00
4.271965e+01 0.000000e+00 5.956053e+03 1.000000e+00
3.068699e+01 0.000000e+00 6.067147e+03 1.000000e+00
1.747216e+01 0.000000e+00 6.869951e+03 1.000000e+00
1.700587e+00 0.000000e+00 6.879256e+03 1.000000e+00
-1.467702e+01 0.000000e+00 7.684774e+03 1.000000e+00
-2.782505e+01 0.000000e+00 7.526501e+03 1.000000e+00
6.341967e+01 0.000000e+00 4.552208e+03 1.000000e+00
5.719582e+01 0.000000e+00 5.125526e+03 1.000000e+00
4.839972e+01 0.000000e+00 5.393622e+03 1.000000e+00
3.856773e+01 0.000000e+00 5.973727e+03 1.000000e+00
2.882996e+01 0.000000e+00 6.086140e+03 1.000000e+00
1.670821e+01 0.000000e+00 6.884899e+03 1.000000e+00
1.343070e+00 0.000000e+00 6.891436e+03 1.000000e+00
-1.539828e+01 0.000000e+00 7.691386e+03 1.000000e+00
-3.043633e+01 0.000000e+00 7.535200e+03 1.000000e+00
5.745766e+01 0.000000e+00 4.570635e+03 1.000000e+00
5.224257e+01 0.000000e+00 5.144890e+03 1.000000e+00
4.479747e+01 0.000000e+00 5.413177e+03 1.000000e+00
3.532660e+01 0.000000e+00 5.992761e+03 1.000000e+00
2.624316e+01 0.000000e+00 6.102870e+03 1.000000e+00
1.582690e+01 0.000000e+00 6.900357e+03 1.000000e+00
3.769823e+00 0.000000e+00 6.903233e+03 1.000000e+00
-1.096107e+01 0.000000e+00 7.699800e+03 1.000000e+00
-2.417476e+01 0.000000e+00 7.541833e+03 1.000000e+00
4.969549e+01 0.000000e+00 4.587529e+03 1.000000e+00
4.509215e+01 0.000000e+00 5.162360e+03 1.000000e+00
3.897092e+01 0.000000e+00 5.431322e+03 1.000000e+00
3.067492e+01 0.000000e+00 6.008043e+03 1.000000e+00
2.305144e+01 0.000000e+00 6.121831e+03 1.000000e+00
1.515813e+01 0.000000e+00 6.911317e+03 1.000000e+00
4.846973e+00 0.000000e+00 6.920044e+03 1.000000e+00
-5.071485e+00 0.000000e+00 7.708292e+03 1.000000e+00
-1.521915e+01 0.000000e+00 7.554573e+03 1.000000e+00
3.842928e+01 0.000000e+00 4.603851e+03 1.000000e+00
3.548618e+01 0.000000e+00 5.176048e+03 1.000000e+00
2.953133e+01 0.000000e+00 5.448043e+03 1.000000e+00
2.297676e+01 0.000000e+00 6.021021e+03 1.000000e+00
1.840208e+01 0.000000e+00 6.141508e+03 1.000000e+00
1.299345e+01 0.000000e+00 6.922063e+03 1.000000e+00
4.171207e+00 0.000000e+00 6.936143e+03 1.000000e+00
-6.457267e+00 0.000000e+00 7.717599e+03 1.000000e+00
-1.708651e+01 0.000000e+00 7.567250e+03 1.000000e+00
2.705784e+01 0.000000e+00 4.612182e+03 1.000000e+00
2.601948e+01 0.000000e+00 5.193078e+03 1.000000e+00
2.126441e+01 0.000000e+00 5.453702e+03 1.000000e+00
1.602164e+01 0.000000e+00 6.042686e+03 1.000000e+00
6.844875e+00 0.000000e+00 6.138557e+03 1.000000e+00
2.853621e+00 0.000000e+00 6.956120e+03 1.000000e+00
-1.420026e+00 0.000000e+00 6.928704e+03 1.000000e+00
-5.588391e+00 0.000000e+00 7.751583e+03 1.000000e+00
-1.194902e+01 0.000000e+00 7.555125e+03 1.000000e+00
1.623508e+01 0.000000e+00 4.634018e+03 1.000000e+00
1.255199e+01 0.000000e+00 5.183973e+03 1.000000e+00
9.589073e+00 0.000000e+00 5.481278e+03 1.000000e+00
1.949329e+00 0.000000e+00 6.020251e+03 1.000000e+00
-6.832047e+00 0.000000e+00 6.191387e+03 1.000000e+00
-1.022935e+01 0.000000e+00 6.914515e+03 1.000000e+00
-9.559195e+00 0.000000e+00 6.998940e+03 1.000000e+00
-7.323865e+00 0.000000e+00 7.706203e+03 1.000000e+00
-5.415813e+00 0.000000e+00 7.629200e+03 1.000000e+00
0.000000e+00 0.000000e+00 4.654624e+03 1.000000e+00
0.000000e+00 0.000000e+00 5.164872e+03 1.000000e+00
0.000000e+00 0.000000e+00 5.509651e+03 1.000000e+00
0.000000e+00 0.000000e+00 5.984699e+03 1.000000e+00
0.000000e+00 0.000000e+00 6.253488e+03 1.000000e+00
0.000000e+00 0.000000e+00 6.848870e+03 1.000000e+00
0.000000e+00 0.000000e+00 7.079956e+03 1.000000e+00
0.000000e+00 0.000000e+00 7.635450e+03 1.000000e+00
0.000000e+00 0.000000e+00 7.717599e+03 1.000000e+00
6.801463e+01 -5.360529e+02 4.545188e+03 1.000000e+00
6.195689e+01 -5.707446e+02 4.848349e+03 1.000000e+00
5.199199e+01 -5.651967e+02 5.389636e+03 1.000000e+00
4.022594e+01 -6.116210e+02 5.557125e+03 1.000000e+00
2.757364e+01 -6.877136e+02 6.203969e+03 1.000000e+00
1.296710e+01 -7.832109e+02 6.202498e+03 1.000000e+00
-3.685698e+00 -7.616996e+02 6.957967e+03 1.000000e+00
-2.089996e+01 -7.267496e+02 6.798432e+03 1.000000e+00
-3.779507e+01 -5.908953e+02 7.444605e+03 1.000000e+00
6.556782e+01 -5.388938e+02 4.566585e+03 1.000000e+00
5.966253e+01 -5.714462e+02 4.868726e+03 1.000000e+00
4.958905e+01 -5.677328e+02 5.409664e+03 1.000000e+00
3.794909e+01 -6.151132e+02 5.576284e+03 1.000000e+00
2.603035e+01 -6.884246e+02 6.221431e+03 1.000000e+00
1.157389e+01 -7.842768e+02 6.214811e+03 1.000000e+00
-5.078857e+00 -7.632178e+02 6.967393e+03 1.000000e+00
-2.186489e+01 -7.270438e+02 6.802589e+03 1.000000e+00
-3.943290e+01 -5.929748e+02 7.444376e+03 1.000000e+00
6.158283e+01 -5.410779e+02 4.585525e+03 1.000000e+00
5.531965e+01 -5.722358e+02 4.889333e+03 1.000000e+00
4.688086e+01 -5.690419e+02 5.428218e+03 1.000000e+00
3.635056e+01 -6.175378e+02 5.595847e+03 1.000000e+00
2.452416e+01 -6.889767e+02 6.236643e+03 1.000000e+00
1.127903e+01 -7.852711e+02 6.228686e+03 1.000000e+00
-3.725155e+00 -7.638254e+02 6.974414e+03 1.000000e+00
-1.978706e+01 -7.258409e+02 6.808497e+03 1.000000e+00
-3.431727e+01 -5.912174e+02 7.443395e+03 1.000000e+00
5.543404e+01 -5.427455e+02 4.603721e+03 1.000000e+00
5.023785e+01 -5.735618e+02 4.907683e+03 1.000000e+00
4.219364e+01 -5.697778e+02 5.446838e+03 1.000000e+00
3.262241e+01 -6.181950e+02 5.612658e+03 1.000000e+00
2.264453e+01 -6.894519e+02 6.252234e+03 1.000000e+00
1.119697e+01 -7.857735e+02 6.240591e+03 1.000000e+00
-2.254636e+00 -7.637812e+02 6.983770e+03 1.000000e+00
-1.626552e+01 -7.230098e+02 6.814244e+03 1.000000e+00
-3.081114e+01 -5.858730e+02 7.444950e+03 1.000000e+00
4.749422e+01 -5.451946e+02 4.620239e+03 1.000000e+00
4.320097e+01 -5.751859e+02 4.924604e+03 1.000000e+00
3.570054e+01 -5.727725e+02 5.462357e+03 1.000000e+00
2.764705e+01 -6.197700e+02 5.630507e+03 1.000000e+00
1.946645e+01 -6.903087e+02 6.264094e+03 1.000000e+00
1.057940e+01 -7.861601e+02 6.255833e+03 1.000000e+00
-8.281931e-01 -7.644594e+02 6.990032e+03 1.000000e+00
-1.409492e+01 -7.244083e+02 6.823682e+03 1.000000e+00
-2.767188e+01 -5.899919e+02 7.442475e+03 1.000000e+00
3.808939e+01 -5.465522e+02 4.632801e+03 1.000000e+00
3.419073e+01 -5.769996e+02 4.940543e+03 1.000000e+00
2.872673e+01 -5.744351e+02 5.474945e+03 1.000000e+00
2.220659e+01 -6.210748e+02 5.647403e+03 1.000000e+00
1.515211e+01 -6.911974e+02 6.275278e+03 1.000000e+00
8.425083e+00 -7.881582e+02 6.271641e+03 1.000000e+00
-1.112009e+00 -7.648228e+02 6.996359e+03 1.000000e+00
-1.013315e+01 -7.254465e+02 6.833803e+03 1.000000e+00
-1.948891e+01 -5.916882e+02 7.442319e+03 1.000000e+00
2.709107e+01 -5.467784e+02 4.646933e+03 1.000000e+00
2.354373e+01 -5.801926e+02 4.947361e+03 1.000000e+00
2.030666e+01 -5.749642e+02 5.493113e+03 1.000000e+00
1.371293e+01 -6.225235e+02 5.648867e+03 1.000000e+00
9.328018e+00 -6.888346e+02 6.303091e+03 1.000000e+00
2.989736e+00 -7.873728e+02 6.264185e+03 1.000000e+00
-1.331809e+00 -7.622150e+02 7.028402e+03 1.000000e+00
-6.504885e+00 -7.208839e+02 6.821622e+03 1.000000e+00
-1.256690e+01 -5.843765e+02 7.470330e+03 1.000000e+00
1.353646e+01 -5.511075e+02 4.639195e+03 1.000000e+00
1.398575e+01 -5.803889e+02 4.972219e+03 1.000000e+00
9.785251e+00 -5.781614e+02 5.479787e+03 1.000000e+00
4.726901e+00 -6.185908e+02 5.684857e+03 1.000000e+00
-5.795411e-01 -6.850478e+02 6.265760e+03 1.000000e+00
-3.322747e+00 -7.756877e+02 6.326197e+03 1.000000e+00
-5.090383e+00 -7.571937e+02 6.982159e+03 1.000000e+00
-6.153922e+00 -7.126649e+02 6.890113e+03 1.000000e+00
-8.904026e+00 -5.834443e+02 7.414566e+03 1.000000e+00
0.000000e+00 -5.563998e+02 4.623443e+03 1.000000e+00
0.000000e+00 -5.796942e+02 4.996845e+03 1.000000e+00
0.000000e+00 -5.818196e+02 5.455468e+03 1.000000e+00
0.000000e+00 -6.148013e+02 5.725026e+03 1.000000e+00
0.000000e+00 -6.850949e+02 6.209695e+03 1.000000e+00
0.000000e+00 -7.678340e+02 6.399452e+03 1.000000e+00
0.000000e+00 -7.561710e+02 6.911689e+03 1.000000e+00
0.000000e+00 -7.085668e+02 6.972632e+03 1.000000e+00
0.000000e+00 -5.867934e+02 7.336268e+03 1.000000e+00
6.232184e+01 -1.045526e+03 4.203688e+03 1.000000e+00
5.498757e+01 -1.042137e+03 4.713048e+03 1.000000e+00
4.443240e+01 -1.089200e+03 4.901921e+03 1.000000e+00
3.124499e+01 -1.099331e+03 5.389256e+03 1.000000e+00
1.609175e+01 -1.252268e+03 5.365033e+03 1.000000e+00
-1.779782e+00 -1.310707e+03 5.965839e+03 1.000000e+00
-1.988320e+01 -1.291489e+03 5.713274e+03 1.000000e+00
-3.813154e+01 -1.068392e+03 6.209666e+03 1.000000e+00
-5.467190e+01 -8.242195e+02 5.678401e+03 1.000000e+00
6.033909e+01 -1.047232e+03 4.222160e+03 1.000000e+00
5.337697e+01 -1.046242e+03 4.731347e+03 1.000000e+00
4.303235e+01 -1.090064e+03 4.918719e+03 1.000000e+00
3.022811e+01 -1.098204e+03 5.404476e+03 1.000000e+00
1.482562e+01 -1.254477e+03 5.376260e+03 1.000000e+00
-2.071862e+00 -1.310807e+03 5.973892e+03 1.000000e+00
-1.904782e+01 -1.287536e+03 5.714957e+03 1.000000e+00
-3.724907e+01 -1.063093e+03 6.204883e+03 1.000000e+00
-5.311755e+01 -8.118642e+02 5.668175e+03 1.000000e+00
5.643795e+01 -1.049319e+03 4.240238e+03 1.000000e+00
4.939119e+01 -1.049838e+03 4.747825e+03 1.000000e+00
3.976088e+01 -1.092253e+03 4.935954e+03 1.000000e+00
2.825825e+01 -1.098236e+03 5.418190e+03 1.000000e+00
1.535776e+01 -1.255742e+03 5.388867e+03 1.000000e+00
-1.321681e+00 -1.310050e+03 5.979070e+03 1.000000e+00
-1.972745e+01 -1.285353e+03 5.717770e+03 1.000000e+00
-3.714899e+01 -1.060230e+03 6.198791e+03 1.000000e+00
-5.275083e+01 -8.068417e+02 5.658983e+03 1.000000e+00
5.061907e+01 -1.052144e+03 4.255949e+03 1.000000e+00
4.515173e+01 -1.052659e+03 4.764279e+03 1.000000e+00
3.644277e+01 -1.095338e+03 4.950884e+03 1.000000e+00
2.511447e+01 -1.101068e+03 5.432352e+03 1.000000e+00
1.264303e+01 -1.257386e+03 5.399454e+03 1.000000e+00
-1.930980e+00 -1.310495e+03 5.985014e+03 1.000000e+00
-1.694411e+01 -1.285800e+03 5.718580e+03 1.000000e+00
-3.290238e+01 -1.061584e+03 6.195496e+03 1.000000e+00
-4.642070e+01 -8.088039e+02 5.649651e+03 1.000000e+00
4.340532e+01 -1.054321e+03 4.270849e+03 1.000000e+00
3.778017e+01 -1.055923e+03 4.778360e+03 1.000000e+00
3.109328e+01 -1.095230e+03 4.966108e+03 1.000000e+00
2.243030e+01 -1.101675e+03 5.443291e+03 1.000000e+00
1.199557e+01 -1.258391e+03 5.411966e+03 1.000000e+00
1.831229e-01 -1.310993e+03 5.989029e+03 1.000000e+00
-1.296302e+01 -1.284070e+03 5.723673e+03 1.000000e+00
-2.708906e+01 -1.056872e+03 6.188639e+03 1.000000e+00
-4.029332e+01 -7.958506e+02 5.646498e+03 1.000000e+00
3.409042e+01 -1.058726e+03 4.284785e+03 1.000000e+00
3.044835e+01 -1.059052e+03 4.789612e+03 1.000000e+00
2.492548e+01 -1.097189e+03 4.980865e+03 1.000000e+00
1.775226e+01 -1.101424e+03 5.452597e+03 1.000000e+00
1.073541e+01 -1.257351e+03 5.424830e+03 1.000000e+00
1.307996e+00 -1.307004e+03 5.992579e+03 1.000000e+00
-1.010715e+01 -1.281096e+03 5.729692e+03 1.000000e+00
-2.203934e+01 -1.050748e+03 6.183157e+03 1.000000e+00
-3.277025e+01 -7.869646e+02 5.644471e+03 1.000000e+00
2.411340e+01 -1.065248e+03 4.291293e+03 1.000000e+00
2.210898e+01 -1.059548e+03 4.804646e+03 1.000000e+00
1.655355e+01 -1.101901e+03 4.984365e+03 1.000000e+00
1.207864e+01 -1.101421e+03 5.472274e+03 1.000000e+00
4.444980e+00 -1.260583e+03 5.417907e+03 1.000000e+00
-8.041141e-01 -1.304619e+03 6.017831e+03 1.000000e+00
-7.679386e+00 -1.280900e+03 5.714153e+03 1.000000e+00
-1.423569e+01 -1.050463e+03 6.205102e+03 1.000000e+00
-2.189611e+01 -7.894922e+02 5.619022e+03 1.000000e+00
1.332258e+01 -1.065352e+03 4.312503e+03 1.000000e+00
1.073641e+01 -1.067203e+03 4.794299e+03 1.000000e+00
1.071401e+01 -1.100444e+03 5.011927e+03 1.000000e+00
8.960532e+00 -1.107139e+03 5.448918e+03 1.000000e+00
6.164907e+00 -1.255751e+03 5.468307e+03 1.000000e+00
4.518115e+00 -1.310459e+03 5.970797e+03 1.000000e+00
1.823940e+00 -1.273865e+03 5.774351e+03 1.000000e+00
-2.540841e+00 -1.050601e+03 6.147652e+03 1.000000e+00
-6.528028e+00 -7.753665e+02 5.680219e+03 1.000000e+00
0.000000e+00 -1.064929e+03 4.332981e+03 1.000000e+00
0.000000e+00 -1.077896e+03 4.775237e+03 1.000000e+00
0.000000e+00 -1.099437e+03 5.041282e+03 1.000000e+00
0.000000e+00 -1.115659e+03 5.412472e+03 1.000000e+00
0.000000e+00 -1.249839e+03 5.528810e+03 1.000000e+00
0.000000e+00 -1.317766e+03 5.904009e+03 1.000000e+00
0.000000e+00 -1.267722e+03 5.849263e+03 1.000000e+00
0.000000e+00 -1.051836e+03 6.070575e+03 1.000000e+00
0.000000e+00 -7.615380e+02 5.762018e+03 1.000000e+00
5.376510e+01 -1.417519e+03 3.988896e+03 1.000000e+00
4.574881e+01 -1.489591e+03 4.184895e+03 1.000000e+00
3.419422e+01 -1.436507e+03 4.597004e+03 1.000000e+00
2.028065e+01 -1.499461e+03 4.610562e+03 1.000000e+00
2.082320e+00 -1.561105e+03 5.039472e+03 1.000000e+00
-1.830132e+01 -1.648632e+03 4.735865e+03 1.000000e+00
-3.774031e+01 -1.408644e+03 5.119524e+03 1.000000e+00
-5.508900e+01 -1.115173e+03 4.528368e+03 1.000000e+00
-6.997237e+01 -5.158939e+02 4.712390e+03 1.000000e+00
5.207653e+01 -1.423734e+03 4.005441e+03 1.000000e+00
4.486108e+01 -1.491452e+03 4.199381e+03 1.000000e+00
3.338707e+01 -1.440166e+03 4.609929e+03 1.000000e+00
1.923833e+01 -1.503384e+03 4.620408e+03 1.000000e+00
1.384827e+00 -1.558860e+03 5.046143e+03 1.000000e+00
-1.772649e+01 -1.644480e+03 4.737226e+03 1.000000e+00
-3.631703e+01 -1.404066e+03 5.113556e+03 1.000000e+00
-5.393757e+01 -1.106967e+03 4.515713e+03 1.000000e+00
-6.981030e+01 -5.094490e+02 4.692808e+03 1.000000e+00
4.851641e+01 -1.429439e+03 4.019481e+03 1.000000e+00
4.016340e+01 -1.494460e+03 4.214049e+03 1.000000e+00
3.056170e+01 -1.442163e+03 4.622044e+03 1.000000e+00
1.908736e+01 -1.505648e+03 4.630929e+03 1.000000e+00
3.262974e+00 -1.557065e+03 5.050634e+03 1.000000e+00
-1.633713e+01 -1.641330e+03 4.739141e+03 1.000000e+00
-3.553233e+01 -1.397649e+03 5.105324e+03 1.000000e+00
-5.258756e+01 -1.096716e+03 4.505150e+03 1.000000e+00
-6.516698e+01 -4.940305e+02 4.673646e+03 1.000000e+00
4.313770e+01 -1.434696e+03 4.033368e+03 1.000000e+00
3.791939e+01 -1.498353e+03 4.227040e+03 1.000000e+00
2.843935e+01 -1.443162e+03 4.634442e+03 1.000000e+00
1.664853e+01 -1.504226e+03 4.640044e+03 1.000000e+00
1.712455e+00 -1.554493e+03 5.055788e+03 1.000000e+00
-1.568997e+01 -1.637295e+03 4.737823e+03 1.000000e+00
-3.170427e+01 -1.388919e+03 5.100233e+03 1.000000e+00
-4.672547e+01 -1.081100e+03 4.493547e+03 1.000000e+00
-6.039643e+01 -4.708589e+02 4.658583e+03 1.000000e+00
3.743618e+01 -1.440534e+03 4.046042e+03 1.000000e+00
3.177550e+01 -1.500566e+03 4.239564e+03 1.000000e+00
2.357872e+01 -1.448330e+03 4.644317e+03 1.000000e+00
1.379555e+01 -1.506441e+03 4.650520e+03 1.000000e+00
1.639985e+00 -1.553406e+03 5.058889e+03 1.000000e+00
-1.247102e+01 -1.633019e+03 4.740757e+03 1.000000e+00
-2.693874e+01 -1.384099e+03 5.092949e+03 1.000000e+00
-4.102545e+01 -1.072934e+03 4.486593e+03 1.000000e+00
-5.317435e+01 -4.662180e+02 4.639707e+03 1.000000e+00
2.915567e+01 -1.443763e+03 4.055008e+03 1.000000e+00
2.424720e+01 -1.504835e+03 4.251479e+03 1.000000e+00
1.840176e+01 -1.452670e+03 4.652749e+03 1.000000e+00
1.134622e+01 -1.511465e+03 4.661423e+03 1.000000e+00
3.090916e+00 -1.554631e+03 5.062831e+03 1.000000e+00
-6.406300e+00 -1.632295e+03 4.745501e+03 1.000000e+00
-1.924928e+01 -1.378846e+03 5.084439e+03 1.000000e+00
-3.129307e+01 -1.066916e+03 4.482754e+03 1.000000e+00
-4.181408e+01 -4.566761e+02 4.623376e+03 1.000000e+00
2.145726e+01 -1.444724e+03 4.067106e+03 1.000000e+00
1.814759e+01 -1.513478e+03 4.255246e+03 1.000000e+00
1.475453e+01 -1.452990e+03 4.667041e+03 1.000000e+00
7.898211e+00 -1.516302e+03 4.658799e+03 1.000000e+00
5.537642e-01 -1.551363e+03 5.082814e+03 1.000000e+00
-9.563828e+00 -1.632439e+03 4.729635e+03 1.000000e+00
-1.478381e+01 -1.370354e+03 5.103035e+03 1.000000e+00
-2.094716e+01 -1.053938e+03 4.457392e+03 1.000000e+00
-2.667187e+01 -4.331125e+02 4.637721e+03 1.000000e+00
1.008863e+01 -1.455787e+03 4.058159e+03 1.000000e+00
9.697600e+00 -1.512663e+03 4.277996e+03 1.000000e+00
6.708313e+00 -1.464817e+03 4.651935e+03 1.000000e+00
4.652493e+00 -1.515385e+03 4.692555e+03 1.000000e+00
3.844735e+00 -1.563011e+03 5.041586e+03 1.000000e+00
5.886439e-01 -1.626141e+03 4.783743e+03 1.000000e+00
-4.400978e+00 -1.378378e+03 5.047886e+03 1.000000e+00
-8.585920e+00 -1.044109e+03 4.513737e+03 1.000000e+00
-1.283273e+01 -4.350251e+02 4.571535e+03 1.000000e+00
0.000000e+00 -1.469666e+03 4.041790e+03 1.000000e+00
0.000000e+00 -1.510500e+03 4.301649e+03 1.000000e+00
0.000000e+00 -1.480392e+03 4.627764e+03 1.000000e+00
0.000000e+00 -1.515391e+03 4.732286e+03 1.000000e+00
0.000000e+00 -1.581428e+03 4.985851e+03 1.000000e+00
0.000000e+00 -1.623563e+03 4.852749e+03 1.000000e+00
0.000000e+00 -1.393622e+03 4.973600e+03 1.000000e+00
0.000000e+00 -1.043000e+03 4.590313e+03 1.000000e+00
0.000000e+00 -4.484076e+02 4.487895e+03 1.000000e+00
4.402747e+01 -1.811034e+03 3.475497e+03 1.000000e+00
3.538129e+01 -1.757032e+03 3.852041e+03 1.000000e+00
2.355509e+01 -1.782804e+03 3.896320e+03 1.000000e+00
8.657003e+00 -1.694053e+03 4.206979e+03 1.000000e+00
-1.044413e+01 -1.789926e+03 3.962925e+03 1.000000e+00
-3.171741e+01 -1.649900e+03 4.275838e+03 1.000000e+00
-5.011578e+01 -1.402750e+03 3.691198e+03 1.000000e+00
-6.556393e+01 -7.711290e+02 3.853070e+03 1.000000e+00
-7.711755e+01 -1.020734e+02 3.007914e+03 1.000000e+00
4.217546e+01 -1.814243e+03 3.489006e+03 1.000000e+00
3.432711e+01 -1.762299e+03 3.863077e+03 1.000000e+00
2.237484e+01 -1.783589e+03 3.904645e+03 1.000000e+00
7.752797e+00 -1.690450e+03 4.213065e+03 1.000000e+00
-1.105955e+01 -1.786157e+03 3.964692e+03 1.000000e+00
-3.158332e+01 -1.640647e+03 4.272178e+03 1.000000e+00
-4.806219e+01 -1.384845e+03 3.682110e+03 1.000000e+00
-6.386615e+01 -7.487559e+02 3.835634e+03 1.000000e+00
-7.715345e+01 -6.927084e+01 2.987972e+03 1.000000e+00
4.005481e+01 -1.817464e+03 3.501385e+03 1.000000e+00
3.107817e+01 -1.765869e+03 3.872907e+03 1.000000e+00
2.073926e+01 -1.786318e+03 3.913643e+03 1.000000e+00
7.924383e+00 -1.689334e+03 4.218145e+03 1.000000e+00
-8.021154e+00 -1.782494e+03 3.967744e+03 1.000000e+00
-2.794947e+01 -1.630298e+03 4.265772e+03 1.000000e+00
-4.727940e+01 -1.370319e+03 3.673392e+03 1.000000e+00
-6.197530e+01 -7.293623e+02 3.818276e+03 1.000000e+00
-7.197517e+01 -4.707215e+01 2.969844e+03 1.000000e+00
3.529575e+01 -1.820454e+03 3.511316e+03 1.000000e+00
2.905945e+01 -1.768549e+03 3.883510e+03 1.000000e+00
1.923896e+01 -1.789988e+03 3.921289e+03 1.000000e+00
6.486014e+00 -1.692955e+03 4.224354e+03 1.000000e+00
-9.424861e+00 -1.780927e+03 3.968889e+03 1.000000e+00
-2.678262e+01 -1.620881e+03 4.261854e+03 1.000000e+00
-4.177756e+01 -1.358647e+03 3.662207e+03 1.000000e+00
-5.493255e+01 -7.165766e+02 3.805426e+03 1.000000e+00
-6.501751e+01 -3.339126e+01 2.950780e+03 1.000000e+00
3.076070e+01 -1.823140e+03 3.522213e+03 1.000000e+00
2.394379e+01 -1.774399e+03 3.891461e+03 1.000000e+00
1.561909e+01 -1.790025e+03 3.930073e+03 1.000000e+00
5.753913e+00 -1.692745e+03 4.228318e+03 1.000000e+00
-8.225253e+00 -1.779077e+03 3.972301e+03 1.000000e+00
-2.315592e+01 -1.614125e+03 4.257597e+03 1.000000e+00
-3.558157e+01 -1.342453e+03 3.657070e+03 1.000000e+00
-4.752978e+01 -6.964056e+02 3.788384e+03 1.000000e+00
-5.840455e+01 -2.433211e+00 2.935959e+03 1.000000e+00
2.401015e+01 -1.828966e+03 3.531816e+03 1.000000e+00
1.910047e+01 -1.777739e+03 3.897726e+03 1.000000e+00
1.281816e+01 -1.791464e+03 3.938625e+03 1.000000e+00
4.232637e+00 -1.690390e+03 4.231792e+03 1.000000e+00
-4.323846e+00 -1.776787e+03 3.977661e+03 1.000000e+00
-1.686191e+01 -1.607420e+03 4.251731e+03 1.000000e+00
-2.960642e+01 -1.332494e+03 3.653709e+03 1.000000e+00
-3.997260e+01 -6.782747e+02 3.772446e+03 1.000000e+00
-4.563923e+01 1.972508e+01 2.926216e+03 1.000000e+00
1.658861e+01 -1.839070e+03 3.534178e+03 1.000000e+00
1.409156e+01 -1.777463e+03 3.909544e+03 1.000000e+00
8.846814e+00 -1.799843e+03 3.937539e+03 1.000000e+00
4.578754e+00 -1.689981e+03 4.245808e+03 1.000000e+00
-5.352999e+00 -1.781503e+03 3.964506e+03 1.000000e+00
-1.389862e+01 -1.601391e+03 4.267038e+03 1.000000e+00
-2.064886e+01 -1.330141e+03 3.630731e+03 1.000000e+00
-2.494316e+01 -6.712443e+02 3.785602e+03 1.000000e+00
-3.155162e+01 2.228840e+01 2.894597e+03 1.000000e+00
9.512743e+00 -1.838056e+03 3.553215e+03 1.000000e+00
6.792469e+00 -1.791904e+03 3.896648e+03 1.000000e+00
4.705509e+00 -1.796812e+03 3.962004e+03 1.000000e+00
1.898955e+00 -1.701661e+03 4.219694e+03 1.000000e+00
-2.821401e+00 -1.773741e+03 4.009825e+03 1.000000e+00
-5.404749e+00 -1.610705e+03 4.215106e+03 1.000000e+00
-1.004736e+01 -1.314110e+03 3.683370e+03 1.000000e+00
-1.366078e+01 -6.695344e+02 3.724114e+03 1.000000e+00
-1.484890e+01 4.687726e+01 2.948780e+03 1.000000e+00
0.000000e+00 -1.835743e+03 3.573129e+03 1.000000e+00
0.000000e+00 -1.810465e+03 3.876387e+03 1.000000e+00
0.000000e+00 -1.792106e+03 3.989738e+03 1.000000e+00
0.000000e+00 -1.717283e+03 4.183405e+03 1.000000e+00
0.000000e+00 -1.765223e+03 4.068608e+03 1.000000e+00
0.000000e+00 -1.626205e+03 4.147643e+03 1.000000e+00
0.000000e+00 -1.301849e+03 3.753590e+03 1.000000e+00
0.000000e+00 -6.717739e+02 3.646319e+03 1.000000e+00
0.000000e+00 7.278281e+01 3.027861e+03 1.000000e+00
3.401746e+01 -1.998369e+03 3.150146e+03 1.000000e+00
2.501019e+01 -2.064012e+03 3.216184e+03 1.000000e+00
1.334572e+01 -1.915264e+03 3.481553e+03 1.000000e+00
-8.739554e-01 -1.907007e+03 3.343332e+03 1.000000e+00
-2.003820e+01 -1.771344e+03 3.588803e+03 1.000000e+00
-4.031125e+01 -1.649730e+03 3.075132e+03 1.000000e+00
-5.689085e+01 -1.071971e+03 3.248204e+03 1.000000e+00
-6.913627e+01 -4.617628e+02 2.478991e+03 1.000000e+00
-7.682520e+01 5.534106e+02 2.556228e+03 1.000000e+00
3.273027e+01 -2.003710e+03 3.160364e+03 1.000000e+00
2.461838e+01 -2.064468e+03 3.223489e+03 1.000000e+00
1.350383e+01 -1.915277e+03 3.487109e+03 1.000000e+00
-9.589759e-01 -1.905347e+03 3.344567e+03 1.000000e+00
-2.083610e+01 -1.761791e+03 3.586854e+03 1.000000e+00
-3.915051e+01 -1.633891e+03 3.070427e+03 1.000000e+00
-5.419271e+01 -1.054907e+03 3.235966e+03 1.000000e+00
-6.574528e+01 -4.381800e+02 2.464626e+03 1.000000e+00
-7.295068e+01 5.767979e+02 2.536009e+03 1.000000e+00
3.060730e+01 -2.009307e+03 3.168564e+03 1.000000e+00
2.117237e+01 -2.067120e+03 3.230972e+03 1.000000e+00
1.055660e+01 -1.914403e+03 3.492000e+03 1.000000e+00
-1.485534e+00 -1.902436e+03 3.347423e+03 1.000000e+00
-1.727233e+01 -1.753872e+03 3.583441e+03 1.000000e+00
-3.684097e+01 -1.621326e+03 3.065655e+03 1.000000e+00
-5.304755e+01 -1.035162e+03 3.222560e+03 1.000000e+00
-6.543042e+01 -4.136585e+02 2.450825e+03 1.000000e+00
-7.415417e+01 6.066946e+02 2.515287e+03 1.000000e+00
2.676584e+01 -2.016092e+03 3.176911e+03 1.000000e+00
2.087139e+01 -2.070795e+03 3.237895e+03 1.000000e+00
1.164542e+01 -1.913402e+03 3.497334e+03 1.000000e+00
-9.423014e-01 -1.895665e+03 3.349723e+03 1.000000e+00
-1.805883e+01 -1.745453e+03 3.581993e+03 1.000000e+00
-3.563697e+01 -1.611752e+03 3.057482e+03 1.000000e+00
-4.915845e+01 -1.016590e+03 3.212931e+03 1.000000e+00
-5.866769e+01 -3.871498e+02 2.434969e+03 1.000000e+00
-6.404628e+01 6.397669e+02 2.500303e+03 1.000000e+00
2.388608e+01 -2.023344e+03 3.184698e+03 1.000000e+00
1.706572e+01 -2.070898e+03 3.244797e+03 1.000000e+00
8.743372e+00 -1.915892e+03 3.501342e+03 1.000000e+00
-1.078432e+00 -1.893412e+03 3.352565e+03 1.000000e+00
-1.406095e+01 -1.737073e+03 3.579338e+03 1.000000e+00
-2.829593e+01 -1.599180e+03 3.054332e+03 1.000000e+00
-4.039978e+01 -1.005728e+03 3.201499e+03 1.000000e+00
-4.998349e+01 -3.699055e+02 2.425154e+03 1.000000e+00
-5.581980e+01 6.562839e+02 2.483226e+03 1.000000e+00
1.776945e+01 -2.028314e+03 3.189841e+03 1.000000e+00
1.276652e+01 -2.076022e+03 3.251331e+03 1.000000e+00
6.761605e+00 -1.919295e+03 3.504333e+03 1.000000e+00
-1.004743e+00 -1.896429e+03 3.356903e+03 1.000000e+00
-1.051375e+01 -1.731689e+03 3.576805e+03 1.000000e+00
-2.096082e+01 -1.587814e+03 3.053310e+03 1.000000e+00
-3.251330e+01 -9.892795e+02 3.188881e+03 1.000000e+00
-4.121503e+01 -3.531719e+02 2.418728e+03 1.000000e+00
-4.785245e+01 6.758802e+02 2.464149e+03 1.000000e+00
1.371846e+01 -2.029338e+03 3.198820e+03 1.000000e+00
9.644744e+00 -2.087383e+03 3.250958e+03 1.000000e+00
5.568439e+00 -1.917930e+03 3.513799e+03 1.000000e+00
-1.217603e+00 -1.902170e+03 3.350078e+03 1.000000e+00
-9.376699e+00 -1.725406e+03 3.589520e+03 1.000000e+00
-1.989176e+01 -1.583966e+03 3.033768e+03 1.000000e+00
-2.449173e+01 -9.714923e+02 3.201138e+03 1.000000e+00
-3.002638e+01 -3.340817e+02 2.390473e+03 1.000000e+00
-3.044420e+01 7.091699e+02 2.476854e+03 1.000000e+00
5.870431e+00 -2.046027e+03 3.188463e+03 1.000000e+00
5.586743e+00 -2.083209e+03 3.270538e+03 1.000000e+00
2.716083e+00 -1.933434e+03 3.496375e+03 1.000000e+00
7.973872e-02 -1.896267e+03 3.379990e+03 1.000000e+00
-2.179366e+00 -1.737706e+03 3.545950e+03 1.000000e+00
-6.920010e+00 -1.568488e+03 3.083077e+03 1.000000e+00
-1.078018e+01 -9.775897e+02 3.144115e+03 1.000000e+00
-1.251301e+01 -3.143933e+02 2.443188e+03 1.000000e+00
-1.459612e+01 7.117645e+02 2.412736e+03 1.000000e+00
0.000000e+00 -2.068056e+03 3.172023e+03 1.000000e+00
0.000000e+00 -2.078325e+03 3.292965e+03 1.000000e+00
0.000000e+00 -1.955496e+03 3.471752e+03 1.000000e+00
0.000000e+00 -1.890724e+03 3.417307e+03 1.000000e+00
0.000000e+00 -1.757847e+03 3.491130e+03 1.000000e+00
0.000000e+00 -1.555671e+03 3.148500e+03 1.000000e+00
0.000000e+00 -9.916357e+02 3.071510e+03 1.000000e+00
0.000000e+00 -3.015074e+02 2.518220e+03 1.000000e+00
0.000000e+00 6.989921e+02 2.329552e+03 1.000000e+00
2.416085e+01 -2.277918e+03 2.589601e+03 1.000000e+00
1.549615e+01 -2.143688e+03 2.832873e+03 1.000000e+00
4.752352e+00 -2.118896e+03 2.756984e+03 1.000000e+00
-8.595638e+00 -1.882237e+03 2.944402e+03 1.000000e+00
-2.567307e+01 -1.828616e+03 2.582045e+03 1.000000e+00
-4.375029e+01 -1.401017e+03 2.773319e+03 1.000000e+00
-5.751173e+01 -9.142240e+02 2.098435e+03 1.000000e+00
-6.664462e+01 3.489366e+01 2.223126e+03 1.000000e+00
-7.072757e+01 9.395683e+02 1.402153e+03 1.000000e+00
2.234239e+01 -2.282355e+03 2.597223e+03 1.000000e+00
1.528411e+01 -2.147518e+03 2.837773e+03 1.000000e+00
5.051084e+00 -2.117418e+03 2.759201e+03 1.000000e+00
-8.710060e+00 -1.875541e+03 2.943082e+03 1.000000e+00
-2.731878e+01 -1.817331e+03 2.578700e+03 1.000000e+00
-4.435986e+01 -1.383747e+03 2.766636e+03 1.000000e+00
-5.502501e+01 -8.858583e+02 2.089493e+03 1.000000e+00
-6.456074e+01 6.492217e+01 2.207188e+03 1.000000e+00
-7.088397e+01 9.744346e+02 1.389638e+03 1.000000e+00
2.219176e+01 -2.285841e+03 2.603652e+03 1.000000e+00
1.273514e+01 -2.149092e+03 2.842012e+03 1.000000e+00
2.769484e+00 -2.117156e+03 2.761874e+03 1.000000e+00
-8.472795e+00 -1.870645e+03 2.942260e+03 1.000000e+00
-2.153745e+01 -1.805076e+03 2.576590e+03 1.000000e+00
-3.920454e+01 -1.364017e+03 2.756805e+03 1.000000e+00
-5.449746e+01 -8.631951e+02 2.080570e+03 1.000000e+00
-6.220139e+01 9.305592e+01 2.192423e+03 1.000000e+00
-6.362420e+01 1.005310e+03 1.378459e+03 1.000000e+00
1.825637e+01 -2.288026e+03 2.608295e+03 1.000000e+00
1.231733e+01 -2.150846e+03 2.847430e+03 1.000000e+00
4.385658e+00 -2.118069e+03 2.764161e+03 1.000000e+00
-6.500164e+00 -1.869671e+03 2.943273e+03 1.000000e+00
-2.265050e+01 -1.794683e+03 2.572056e+03 1.000000e+00
-3.774817e+01 -1.340366e+03 2.749725e+03 1.000000e+00
-4.799504e+01 -8.398268e+02 2.068324e+03 1.000000e+00
-5.620860e+01 1.178230e+02 2.182105e+03 1.000000e+00
-6.117380e+01 1.031942e+03 1.364262e+03 1.000000e+00
1.703978e+01 -2.290902e+03 2.614949e+03 1.000000e+00
1.043810e+01 -2.157568e+03 2.850520e+03 1.000000e+00
1.935504e+00 -2.117806e+03 2.767694e+03 1.000000e+00
-6.908689e+00 -1.866781e+03 2.941998e+03 1.000000e+00
-1.954975e+01 -1.788212e+03 2.569951e+03 1.000000e+00
-3.228564e+01 -1.325797e+03 2.743184e+03 1.000000e+00
-4.269564e+01 -8.127747e+02 2.061252e+03 1.000000e+00
-5.016954e+01 1.446282e+02 2.167642e+03 1.000000e+00
-5.429876e+01 1.062943e+03 1.353906e+03 1.000000e+00
1.260611e+01 -2.296709e+03 2.619895e+03 1.000000e+00
7.108068e+00 -2.160253e+03 2.852671e+03 1.000000e+00
1.902257e+00 -2.118962e+03 2.770643e+03 1.000000e+00
-6.097518e+00 -1.862824e+03 2.941220e+03 1.000000e+00
-1.351948e+01 -1.782993e+03 2.571495e+03 1.000000e+00
-2.336049e+01 -1.315842e+03 2.734058e+03 1.000000e+00
-3.179004e+01 -7.974446e+02 2.057353e+03 1.000000e+00
-3.739059e+01 1.688948e+02 2.153615e+03 1.000000e+00
-3.976196e+01 1.092244e+03 1.348192e+03 1.000000e+00
9.135016e+00 -2.309036e+03 2.618418e+03 1.000000e+00
6.678341e+00 -2.158357e+03 2.861097e+03 1.000000e+00
1.993238e+00 -2.127383e+03 2.765938e+03 1.000000e+00
-2.679340e+00 -1.858425e+03 2.950162e+03 1.000000e+00
-1.280089e+01 -1.783893e+03 2.555935e+03 1.000000e+00
-2.046448e+01 -1.301979e+03 2.745838e+03 1.000000e+00
-2.585270e+01 -7.891998e+02 2.035082e+03 1.000000e+00
-2.773762e+01 1.877644e+02 2.166755e+03 1.000000e+00
-2.816330e+01 1.103749e+03 1.321357e+03 1.000000e+00
5.567652e+00 -2.305181e+03 2.635143e+03 1.000000e+00
2.701130e+00 -2.177740e+03 2.846142e+03 1.000000e+00
3.084494e-01 -2.121287e+03 2.787325e+03 1.000000e+00
-2.125076e+00 -1.874092e+03 2.922595e+03 1.000000e+00
-6.009666e+00 -1.771198e+03 2.597260e+03 1.000000e+00
-8.697691e+00 -1.312324e+03 2.693603e+03 1.000000e+00
-1.331145e+01 -7.673423e+02 2.084969e+03 1.000000e+00
-1.554382e+01 1.888713e+02 2.108058e+03 1.000000e+00
-1.502486e+01 1.133468e+03 1.377579e+03 1.000000e+00
0.000000e+00 -2.298808e+03 2.653938e+03 1.000000e+00
0.000000e+00 -2.202953e+03 2.825507e+03 1.000000e+00
0.000000e+00 -2.113956e+03 2.813284e+03 1.000000e+00
0.000000e+00 -1.897304e+03 2.887292e+03 1.000000e+00
0.000000e+00 -1.759535e+03 2.653202e+03 1.000000e+00
0.000000e+00 -1.333510e+03 2.627316e+03 1.000000e+00
0.000000e+00 -7.511533e+02 2.152921e+03 1.000000e+00
0.000000e+00 1.809631e+02 2.032680e+03 1.000000e+00
0.000000e+00 1.166381e+03 1.455491e+03 1.000000e+00
1.518061e+01 -2.314187e+03 2.249399e+03 1.000000e+00
6.988437e+00 -2.351212e+03 2.206600e+03 1.000000e+00
-2.533100e+00 -2.092956e+03 2.364802e+03 1.000000e+00
-1.386807e+01 -2.002036e+03 2.142462e+03 1.000000e+00
-2.889598e+01 -1.654132e+03 2.315434e+03 1.000000e+00
-4.356623e+01 -1.340338e+03 1.764272e+03 1.000000e+00
-5.395668e+01 -5.226406e+02 1.934542e+03 1.000000e+00
-5.998610e+01 2.491655e+02 1.215111e+03 1.000000e+00
-6.178785e+01 1.459073e+03 1.399606e+03 1.000000e+00
1.393819e+01 -2.317031e+03 2.253989e+03 1.000000e+00
6.513110e+00 -2.350570e+03 2.208649e+03 1.000000e+00
-2.132639e+00 -2.090463e+03 2.365585e+03 1.000000e+00
-1.289910e+01 -1.994330e+03 2.139853e+03 1.000000e+00
-2.923876e+01 -1.637431e+03 2.309531e+03 1.000000e+00
-4.403936e+01 -1.315470e+03 1.759305e+03 1.000000e+00
-5.186043e+01 -4.974062e+02 1.925780e+03 1.000000e+00
-5.616058e+01 2.839606e+02 1.207352e+03 1.000000e+00
-5.914786e+01 1.494475e+03 1.386086e+03 1.000000e+00
1.414055e+01 -2.320747e+03 2.257563e+03 1.000000e+00
5.853901e+00 -2.351673e+03 2.210741e+03 1.000000e+00
-3.915777e+00 -2.087204e+03 2.365478e+03 1.000000e+00
-1.420194e+01 -1.986683e+03 2.139131e+03 1.000000e+00
-2.532745e+01 -1.624103e+03 2.304080e+03 1.000000e+00
-3.863450e+01 -1.294793e+03 1.754212e+03 1.000000e+00
-5.071619e+01 -4.676138e+02 1.914073e+03 1.000000e+00
-5.853916e+01 3.154950e+02 1.199711e+03 1.000000e+00
-5.951676e+01 1.527207e+03 1.372685e+03 1.000000e+00
1.101640e+01 -2.326594e+03 2.260727e+03 1.000000e+00
4.814494e+00 -2.353438e+03 2.213089e+03 1.000000e+00
-2.106433e+00 -2.084369e+03 2.366148e+03 1.000000e+00
-1.169253e+01 -1.978643e+03 2.137888e+03 1.000000e+00
-2.560096e+01 -1.613070e+03 2.301424e+03 1.000000e+00
-3.829352e+01 -1.281725e+03 1.746052e+03 1.000000e+00
-4.620069e+01 -4.423831e+02 1.905272e+03 1.000000e+00
-5.058451e+01 3.452440e+02 1.187471e+03 1.000000e+00
-5.180957e+01 1.558800e+03 1.365333e+03 1.000000e+00
1.018817e+01 -2.333508e+03 2.263902e+03 1.000000e+00
4.289716e+00 -2.352512e+03 2.215575e+03 1.000000e+00
-2.762265e+00 -2.084390e+03 2.366806e+03 1.000000e+00
-1.031857e+01 -1.973921e+03 2.136377e+03 1.000000e+00
-2.166903e+01 -1.600178e+03 2.296640e+03 1.000000e+00
-3.193067e+01 -1.263224e+03 1.742023e+03 1.000000e+00
-3.861691e+01 -4.248049e+02 1.897918e+03 1.000000e+00
-4.228214e+01 3.743883e+02 1.180019e+03 1.000000e+00
-4.433749e+01 1.588090e+03 1.353530e+03 1.000000e+00
7.700900e+00 -2.338773e+03 2.266214e+03 1.000000e+00
3.417239e+00 -2.356373e+03 2.217595e+03 1.000000e+00
-2.801807e+00 -2.085557e+03 2.365781e+03 1.000000e+00
-9.122682e+00 -1.973593e+03 2.137438e+03 1.000000e+00
-1.686756e+01 -1.591100e+03 2.291849e+03 1.000000e+00
-2.456880e+01 -1.246495e+03 1.740345e+03 1.000000e+00
-3.230445e+01 -4.026254e+02 1.886828e+03 1.000000e+00
-3.690076e+01 3.956852e+02 1.177434e+03 1.000000e+00
-3.752637e+01 1.609405e+03 1.339995e+03 1.000000e+00
5.526140e+00 -2.339204e+03 2.272055e+03 1.000000e+00
1.843745e+00 -2.369065e+03 2.214500e+03 1.000000e+00
-4.831624e-01 -2.083098e+03 2.371835e+03 1.000000e+00
-5.453711e+00 -1.979035e+03 2.128729e+03 1.000000e+00
-1.267287e+01 -1.581252e+03 2.300860e+03 1.000000e+00
-2.112604e+01 -1.241189e+03 1.721673e+03 1.000000e+00
-2.330244e+01 -3.813481e+02 1.898288e+03 1.000000e+00
-2.616401e+01 4.103247e+02 1.153202e+03 1.000000e+00
-2.536286e+01 1.637852e+03 1.355292e+03 1.000000e+00
3.081964e+00 -2.361307e+03 2.260583e+03 1.000000e+00
2.425242e+00 -2.361867e+03 2.231143e+03 1.000000e+00
-8.565823e-01 -2.101247e+03 2.353559e+03 1.000000e+00
-4.162527e+00 -1.967903e+03 2.155232e+03 1.000000e+00
-5.957658e+00 -1.594539e+03 2.257660e+03 1.000000e+00
-1.005310e+01 -1.218646e+03 1.767146e+03 1.000000e+00
-1.432510e+01 -3.856302e+02 1.843922e+03 1.000000e+00
-1.397447e+01 4.383420e+02 1.205899e+03 1.000000e+00
-1.213085e+01 1.640641e+03 1.295436e+03 1.000000e+00
0.000000e+00 -2.389932e+03 2.244604e+03 1.000000e+00
0.000000e+00 -2.352341e+03 2.251432e+03 1.000000e+00
0.000000e+00 -2.127028e+03 2.329030e+03 1.000000e+00
0.000000e+00 -1.956584e+03 2.190440e+03 1.000000e+00
0.000000e+00 -1.618104e+03 2.205019e+03 1.000000e+00
0.000000e+00 -1.198900e+03 1.828343e+03 1.000000e+00
0.000000e+00 -4.004234e+02 1.773746e+03 1.000000e+00
0.000000e+00 4.617340e+02 1.279655e+03 1.000000e+00
0.000000e+00 1.629230e+03 1.216989e+03 1.000000e+00
6.816286e+00 -2.511517e+03 1.713318e+03 1.000000e+00
-3.364027e-01 -2.295819e+03 1.852313e+03 1.000000e+00
-8.288438e+00 -2.232835e+03 1.699473e+03 1.000000e+00
-1.768608e+01 -1.866225e+03 1.824661e+03 1.000000e+00
-2.977695e+01 -1.692686e+03 1.436301e+03 1.000000e+00
-4.103609e+01 -1.055398e+03 1.632466e+03 1.000000e+00
-4.795544e+01 -4.409668e+02 1.012884e+03 1.000000e+00
-5.188969e+01 6.642343e+02 1.231188e+03 1.000000e+00
-5.206092e+01 1.617765e+03 5.391453e+02 1.000000e+00
6.227704e+00 -2.515740e+03 1.715159e+03 1.000000e+00
-7.595710e-01 -2.297298e+03 1.852781e+03 1.000000e+00
-7.377754e+00 -2.228075e+03 1.698917e+03 1.000000e+00
-1.595695e+01 -1.857296e+03 1.820202e+03 1.000000e+00
-2.866454e+01 -1.676932e+03 1.432297e+03 1.000000e+00
-4.132595e+01 -1.033059e+03 1.625017e+03 1.000000e+00
-4.859166e+01 -4.103263e+02 1.008007e+03 1.000000e+00
-5.020721e+01 6.920117e+02 1.223767e+03 1.000000e+00
-4.816276e+01 1.650707e+03 5.338525e+02 1.000000e+00
5.990182e+00 -2.519881e+03 1.717051e+03 1.000000e+00
-8.067310e-01 -2.297527e+03 1.852928e+03 1.000000e+00
-9.245353e+00 -2.224708e+03 1.697911e+03 1.000000e+00
-1.853956e+01 -1.849996e+03 1.816663e+03 1.000000e+00
-2.813630e+01 -1.661458e+03 1.430372e+03 1.000000e+00
-3.662090e+01 -1.009025e+03 1.617515e+03 1.000000e+00
-4.243459e+01 -3.838790e+02 1.003262e+03 1.000000e+00
-4.848164e+01 7.232015e+02 1.213026e+03 1.000000e+00
-5.128584e+01 1.683498e+03 5.289306e+02 1.000000e+00
4.665391e+00 -2.522404e+03 1.718204e+03 1.000000e+00
-1.466839e+00 -2.298301e+03 1.853921e+03 1.000000e+00
-6.875270e+00 -2.222842e+03 1.696537e+03 1.000000e+00
-1.333930e+01 -1.843858e+03 1.815552e+03 1.000000e+00
-2.435037e+01 -1.646237e+03 1.424961e+03 1.000000e+00
-3.656303e+01 -9.813599e+02 1.613012e+03 1.000000e+00
-4.326672e+01 -3.557857e+02 9.951890e+02 1.000000e+00
-4.362138e+01 7.550179e+02 1.206733e+03 1.000000e+00
-4.174689e+01 1.714525e+03 5.213704e+02 1.000000e+00
4.206057e+00 -2.524319e+03 1.720394e+03 1.000000e+00
-4.620306e-01 -2.303122e+03 1.854001e+03 1.000000e+00
-6.694020e+00 -2.220467e+03 1.696625e+03 1.000000e+00
-1.403186e+01 -1.837666e+03 1.812224e+03 1.000000e+00
-2.303869e+01 -1.635384e+03 1.421057e+03 1.000000e+00
-3.021484e+01 -9.635733e+02 1.606765e+03 1.000000e+00
-3.545627e+01 -3.290849e+02 9.900786e+02 1.000000e+00
-3.824736e+01 7.771171e+02 1.201367e+03 1.000000e+00
-3.846527e+01 1.742694e+03 5.171186e+02 1.000000e+00
3.204032e+00 -2.529963e+03 1.722154e+03 1.000000e+00
-1.749939e+00 -2.306189e+03 1.853493e+03 1.000000e+00
-6.069259e+00 -2.220635e+03 1.696353e+03 1.000000e+00
-1.216899e+01 -1.833364e+03 1.808818e+03 1.000000e+00
-1.802866e+01 -1.628453e+03 1.422396e+03 1.000000e+00
-2.448404e+01 -9.501628e+02 1.599393e+03 1.000000e+00
-2.791485e+01 -3.103920e+02 9.888716e+02 1.000000e+00
-3.085355e+01 8.026834e+02 1.189939e+03 1.000000e+00
-3.181102e+01 1.771427e+03 5.161699e+02 1.000000e+00
2.158023e+00 -2.542841e+03 1.718419e+03 1.000000e+00
1.268471e-01 -2.302849e+03 1.858684e+03 1.000000e+00
-3.484603e+00 -2.229257e+03 1.690137e+03 1.000000e+00
-6.126288e+00 -1.826791e+03 1.815511e+03 1.000000e+00
-1.257346e+01 -1.627089e+03 1.407694e+03 1.000000e+00
-1.781105e+01 -9.305608e+02 1.610105e+03 1.000000e+00
-2.237086e+01 -2.988923e+02 9.688769e+02 1.000000e+00
-2.181429e+01 8.310114e+02 1.203253e+03 1.000000e+00
-2.046378e+01 1.788944e+03 4.933108e+02 1.000000e+00
1.914625e+00 -2.535386e+03 1.732208e+03 1.000000e+00
-2.669117e-01 -2.325735e+03 1.843411e+03 1.000000e+00
-2.263696e+00 -2.220218e+03 1.708469e+03 1.000000e+00
-4.803526e+00 -1.845582e+03 1.788366e+03 1.000000e+00
-8.945249e+00 -1.609879e+03 1.445020e+03 1.000000e+00
-1.044847e+01 -9.416192e+02 1.560658e+03 1.000000e+00
-1.304233e+01 -2.719897e+02 1.016458e+03 1.000000e+00
-1.380308e+01 8.300703e+02 1.148029e+03 1.000000e+00
-1.353319e+01 1.822032e+03 5.488453e+02 1.000000e+00
0.000000e+00 -2.525819e+03 1.749192e+03 1.000000e+00
0.000000e+00 -2.357615e+03 1.823609e+03 1.000000e+00
0.000000e+00 -2.209549e+03 1.732150e+03 1.000000e+00
0.000000e+00 -1.873384e+03 1.754155e+03 1.000000e+00
0.000000e+00 -1.594327e+03 1.496615e+03 1.000000e+00
0.000000e+00 -9.660789e+02 1.498077e+03 1.000000e+00
0.000000e+00 -2.483466e+02 1.082481e+03 1.000000e+00
0.000000e+00 8.185444e+02 1.075169e+03 1.000000e+00
0.000000e+00 1.856810e+03 6.253168e+02 1.000000e+00
