0 729 0.00000e+00
  1     729
-6.101197e+01 0.000000e+00 6.269096e+03 8.571537e-01
-5.625126e+01 0.000000e+00 5.481122e+03 7.399081e-01
-5.029712e+01 0.000000e+00 4.610569e+03 5.967547e-01
-4.257442e+01 0.000000e+00 3.751935e+03 4.469133e-01
-3.337148e+01 0.000000e+00 2.834422e+03 3.077485e-01
-2.328841e+01 0.000000e+00 1.992435e+03 1.891254e-01
-1.337722e+01 0.000000e+00 1.124035e+03 9.748217e-02
-5.263190e+00 0.000000e+00 5.130878e+02 3.527858e-02
0.000000e+00 0.000000e+00 0.000000e+00 0.000000e+00
-5.934970e+01 0.000000e+00 6.255131e+03 8.571537e-01
-5.449327e+01 0.000000e+00 5.468553e+03 7.399081e-01
-4.869698e+01 0.000000e+00 4.595375e+03 5.967547e-01
-4.133813e+01 0.000000e+00 3.738577e+03 4.469133e-01
-3.246253e+01 0.000000e+00 2.820866e+03 3.077485e-01
-2.276193e+01 0.000000e+00 1.983268e+03 1.891254e-01
-1.315214e+01 0.000000e+00 1.116452e+03 9.748217e-02
-5.347440e+00 0.000000e+00 5.082116e+02 3.527858e-02
0.000000e+00 0.000000e+00 0.000000e+00 0.000000e+00
-5.687396e+01 0.000000e+00 6.241997e+03 8.571537e-01
-5.306635e+01 0.000000e+00 5.454181e+03 7.399081e-01
-4.754171e+01 0.000000e+00 4.580553e+03 5.967547e-01
-4.021748e+01 0.000000e+00 3.724130e+03 4.469133e-01
-3.156612e+01 0.000000e+00 2.807640e+03 3.077485e-01
-2.202847e+01 0.000000e+00 1.973663e+03 1.891254e-01
-1.275049e+01 0.000000e+00 1.109365e+03 9.748217e-02
-4.893203e+00 0.000000e+00 5.059696e+02 3.527858e-02
0.000000e+00 0.000000e+00 0.000000e+00 0.000000e+00
-5.516905e+01 0.000000e+00 6.229570e+03 8.571537e-01
-5.097158e+01 0.000000e+00 5.438813e+03 7.399081e-01
-4.553205e+01 0.000000e+00 4.566868e+03 5.967547e-01
-3.857698e+01 0.000000e+00 3.709414e+03 4.469133e-01
-3.011540e+01 0.000000e+00 2.795766e+03 3.077485e-01
-2.110735e+01 0.000000e+00 1.961630e+03 1.891254e-01
-1.217208e+01 0.000000e+00 1.102839e+03 9.748217e-02
-5.015386e+00 0.000000e+00 5.005013e+02 3.527858e-02
0.000000e+00 0.000000e+00 0.000000e+00 0.000000e+00
-5.193710e+01 0.000000e+00 6.218623e+03 8.571537e-01
-4.780256e+01 0.000000e+00 5.428582e+03 7.399081e-01
-4.294252e+01 0.000000e+00 4.555063e+03 5.967547e-01
-3.625690e+01 0.000000e+00 3.700723e+03 4.469133e-01
-2.826275e+01 0.000000e+00 2.787437e+03 3.077485e-01
-1.936326e+01 0.000000e+00 1.956669e+03 1.891254e-01
-1.103076e+01 0.000000e+00 1.099001e+03 9.748217e-02
-4.151200e+00 0.000000e+00 5.006590e+02 3.527858e-02
0.000000e+00 0.000000e+00 0.000000e+00 0.000000e+00
-4.690534e+01 0.000000e+00 6.208377e+03 8.571537e-01
-4.423778e+01 0.000000e+00 5.417401e+03 7.399081e-01
-3.957229e+01 0.000000e+00 4.543906e+03 5.967547e-01
-3.382841e+01 0.000000e+00 3.690108e+03 4.469133e-01
-2.664979e+01 0.000000e+00 2.779149e+03 3.077485e-01
-1.900247e+01 0.000000e+00 1.950178e+03 1.891254e-01
-1.101728e+01 0.000000e+00 1.096713e+03 9.748217e-02
-4.473398e+00 0.000000e+00 5.012407e+02 3.527858e-02
0.000000e+00 0.000000e+00 0.000000e+00 0.000000e+00
-3.956130e+01 0.000000e+00 6.197576e+03 8.571537e-01
-3.758147e+01 0.000000e+00 5.404697e+03 7.399081e-01
-3.503889e+01 0.000000e+00 4.529872e+03 5.967547e-01
-3.054724e+01 0.000000e+00 3.677229e+03 4.469133e-01
-2.466120e+01 0.000000e+00 2.764855e+03 3.077485e-01
-1.739459e+01 0.000000e+00 1.939489e+03 1.891254e-01
-1.015292e+01 0.000000e+00 1.087177e+03 9.748217e-02
-4.150525e+00 0.000000e+00 4.931318e+02 3.527858e-02
0.000000e+00 0.000000e+00 0.000000e+00 0.000000e+00
-2.238466e+01 0.000000e+00 6.195905e+03 8.571537e-01
-2.202407e+01 0.000000e+00 5.399187e+03 7.399081e-01
-2.081476e+01 0.000000e+00 4.523131e+03 5.967547e-01
-1.909918e+01 0.000000e+00 3.669617e+03 4.469133e-01
-1.608075e+01 0.000000e+00 2.756824e+03 3.077485e-01
-1.207611e+01 0.000000e+00 1.934143e+03 1.891254e-01
-7.430629e+00 0.000000e+00 1.081802e+03 9.748217e-02
-2.985345e+00 0.000000e+00 4.929916e+02 3.527858e-02
0.000000e+00 0.000000e+00 0.000000e+00 0.000000e+00
0.000000e+00 0.000000e+00 6.199467e+03 8.571537e-01
0.000000e+00 0.000000e+00 5.399472e+03 7.399081e-01
0.000000e+00 0.000000e+00 4.525343e+03 5.967547e-01
0.000000e+00 0.000000e+00 3.666716e+03 4.469133e-01
0.000000e+00 0.000000e+00 2.757184e+03 3.077485e-01
0.000000e+00 0.000000e+00 1.930024e+03 1.891254e-01
0.000000e+00 0.000000e+00 1.082408e+03 9.748217e-02
0.000000e+00 0.000000e+00 4.935427e+02 3.527858e-02
0.000000e+00 0.000000e+00 0.000000e+00 0.000000e+00
-5.548806e+01 3.618300e+03 3.798014e+03 8.571537e-01
-4.819920e+01 4.324491e+03 2.960812e+03 7.399081e-01
-4.004427e+01 5.065802e+03 2.209338e+03 5.967547e-01
-3.078601e+01 5.907213e+03 1.500846e+03 4.469133e-01
-2.163029e+01 6.854844e+03 9.489753e+02 3.077485e-01
-1.332915e+01 7.852100e+03 4.570245e+02 1.891254e-01
-6.810527e+00 8.811004e+03 2.022658e+02 9.748217e-02
-2.369018e+00 9.587217e+03 -1.386467e+01 3.527858e-02
0.000000e+00 1.009424e+04 0.000000e+00 0.000000e+00
-5.383418e+01 3.642077e+03 3.779767e+03 8.571537e-01
-4.683917e+01 4.346282e+03 2.943221e+03 7.399081e-01
-3.881180e+01 5.086620e+03 2.196381e+03 5.967547e-01
-2.973648e+01 5.926923e+03 1.490023e+03 4.469133e-01
-2.083067e+01 6.872290e+03 9.430486e+02 3.077485e-01
-1.280597e+01 7.865516e+03 4.525508e+02 1.891254e-01
-6.573702e+00 8.819307e+03 2.016462e+02 9.748217e-02
-2.216061e+00 9.590861e+03 -1.239594e+01 3.527858e-02
0.000000e+00 1.009424e+04 0.000000e+00 0.000000e+00
-5.239619e+01 3.664014e+03 3.761616e+03 8.571537e-01
-4.510443e+01 4.367386e+03 2.927017e+03 7.399081e-01
-3.742859e+01 5.106860e+03 2.182914e+03 5.967547e-01
-2.881363e+01 5.945986e+03 1.479830e+03 4.469133e-01
-2.017932e+01 6.889190e+03 9.363286e+02 3.077485e-01
-1.241521e+01 7.878557e+03 4.478001e+02 1.891254e-01
-6.237950e+00 8.827557e+03 1.998031e+02 9.748217e-02
-2.286484e+00 9.594254e+03 -1.461898e+01 3.527858e-02
0.000000e+00 1.009424e+04 0.000000e+00 0.000000e+00
-5.041504e+01 3.684622e+03 3.743722e+03 8.571537e-01
-4.359714e+01 4.387904e+03 2.912449e+03 7.399081e-01
-3.606484e+01 5.126584e+03 2.169577e+03 5.967547e-01
-2.763071e+01 5.964443e+03 1.470962e+03 4.469133e-01
-1.953876e+01 6.905000e+03 9.292441e+02 3.077485e-01
-1.200802e+01 7.890828e+03 4.461991e+02 1.891254e-01
-6.206056e+00 8.835278e+03 1.985284e+02 9.748217e-02
-2.023672e+00 9.597605e+03 -1.273552e+01 3.527858e-02
0.000000e+00 1.009424e+04 0.000000e+00 0.000000e+00
-4.740989e+01 3.705178e+03 3.726626e+03 8.571537e-01
-4.129139e+01 4.407068e+03 2.896495e+03 7.399081e-01
-3.423622e+01 5.145142e+03 2.157389e+03 5.967547e-01
-2.650221e+01 5.981675e+03 1.459957e+03 4.469133e-01
-1.860824e+01 6.919627e+03 9.226220e+02 3.077485e-01
-1.161712e+01 7.901729e+03 4.412423e+02 1.891254e-01
-5.871625e+00 8.842074e+03 1.975333e+02 9.748217e-02
-2.173459e+00 9.600426e+03 -1.388314e+01 3.527858e-02
0.000000e+00 1.009424e+04 0.000000e+00 0.000000e+00
-4.280357e+01 3.724506e+03 3.711175e+03 8.571537e-01
-3.698767e+01 4.425626e+03 2.882293e+03 7.399081e-01
-3.094736e+01 5.162663e+03 2.145366e+03 5.967547e-01
-2.370027e+01 5.998035e+03 1.450696e+03 4.469133e-01
-1.674963e+01 6.933628e+03 9.151309e+02 3.077485e-01
-1.018507e+01 7.912385e+03 4.365215e+02 1.891254e-01
-5.310773e+00 8.848573e+03 1.932510e+02 9.748217e-02
-1.867622e+00 9.602861e+03 -1.674981e+01 3.527858e-02
0.000000e+00 1.009424e+04 0.000000e+00 0.000000e+00
-3.460638e+01 3.743573e+03 3.699278e+03 8.571537e-01
-3.054275e+01 4.444163e+03 2.870778e+03 7.399081e-01
-2.517959e+01 5.180899e+03 2.136988e+03 5.967547e-01
-1.947523e+01 6.015138e+03 1.443495e+03 4.469133e-01
-1.347869e+01 6.948865e+03 9.132527e+02 3.077485e-01
-8.208088e+00 7.924374e+03 4.356947e+02 1.891254e-01
-3.971003e+00 8.856126e+03 1.959105e+02 9.748217e-02
-1.178631e+00 9.606467e+03 -1.167461e+01 3.527858e-02
0.000000e+00 1.009424e+04 0.000000e+00 0.000000e+00
-2.208937e+01 3.763320e+03 3.689866e+03 8.571537e-01
-1.943391e+01 4.462019e+03 2.861689e+03 7.399081e-01
-1.664687e+01 5.197351e+03 2.127521e+03 5.967547e-01
-1.308366e+01 6.029481e+03 1.435398e+03 4.469133e-01
-9.519764e+00 6.960858e+03 9.082105e+02 3.077485e-01
-5.950747e+00 7.932985e+03 4.314878e+02 1.891254e-01
-3.062595e+00 8.861554e+03 1.963925e+02 9.748217e-02
-1.169031e+00 9.608750e+03 -1.302323e+01 3.527858e-02
0.000000e+00 1.009424e+04 0.000000e+00 0.000000e+00
0.000000e+00 3.787091e+03 3.682280e+03 8.571537e-01
0.000000e+00 4.486257e+03 2.856666e+03 7.399081e-01
0.000000e+00 5.221457e+03 2.119453e+03 5.967547e-01
0.000000e+00 6.053246e+03 1.431498e+03 4.469133e-01
0.000000e+00 6.982017e+03 9.009695e+02 3.077485e-01
0.000000e+00 7.949644e+03 4.293342e+02 1.891254e-01
0.000000e+00 8.872118e+03 1.917430e+02 9.748217e-02
0.000000e+00 9.612961e+03 -1.524574e+01 3.527858e-02
0.000000e+00 1.009424e+04 0.000000e+00 0.000000e+00
-3.930878e+01 6.882433e+03 1.032940e+03 8.571537e-01
-3.224031e+01 7.514242e+03 4.942745e+02 7.399081e-01
-2.492540e+01 8.146948e+03 1.097661e+02 5.967547e-01
-1.754487e+01 8.802871e+03 -8.001128e+01 4.469133e-01
-1.119219e+01 9.362013e+03 -1.865882e+02 3.077485e-01
-6.344286e+00 9.786058e+03 -1.235848e+02 1.891254e-01
-3.025435e+00 1.001742e+04 -9.807782e+01 9.748217e-02
-1.075494e+00 1.010276e+04 3.101700e+01 3.527858e-02
0.000000e+00 1.009424e+04 0.000000e+00 0.000000e+00
-3.749105e+01 6.910654e+03 1.018731e+03 8.571537e-01
-3.060007e+01 7.539682e+03 4.858011e+02 7.399081e-01
-2.358393e+01 8.167647e+03 1.044308e+02 5.967547e-01
-1.648959e+01 8.817823e+03 -8.125832e+01 4.469133e-01
-1.036900e+01 9.371107e+03 -1.868520e+02 3.077485e-01
-5.780919e+00 9.790646e+03 -1.220566e+02 1.891254e-01
-2.645582e+00 1.001921e+04 -9.784784e+01 9.748217e-02
-9.712965e-01 1.010278e+04 3.015148e+01 3.527858e-02
0.000000e+00 1.009424e+04 0.000000e+00 0.000000e+00
-3.626690e+01 6.940024e+03 1.005031e+03 8.571537e-01
-2.981254e+01 7.564385e+03 4.772226e+02 7.399081e-01
-2.294622e+01 8.187637e+03 1.001208e+02 5.967547e-01
-1.605945e+01 8.832408e+03 -8.234705e+01 4.469133e-01
-1.025551e+01 9.379938e+03 -1.858360e+02 3.077485e-01
-5.788631e+00 9.795003e+03 -1.193545e+02 1.891254e-01
-2.814291e+00 1.002053e+04 -9.572577e+01 9.748217e-02
-8.826419e-01 1.010312e+04 3.327488e+01 3.527858e-02
0.000000e+00 1.009424e+04 0.000000e+00 0.000000e+00
-3.581610e+01 6.968609e+03 9.907672e+02 8.571537e-01
-2.919373e+01 7.587336e+03 4.665915e+02 7.399081e-01
-2.252333e+01 8.206023e+03 9.449401e+01 5.967547e-01
-1.595600e+01 8.845771e+03 -8.621828e+01 4.469133e-01
-1.012235e+01 9.388789e+03 -1.863974e+02 3.077485e-01
-5.826574e+00 9.799286e+03 -1.209128e+02 1.891254e-01
-2.749741e+00 1.002192e+04 -9.537148e+01 9.748217e-02
-1.103789e+00 1.010311e+04 3.141757e+01 3.527858e-02
0.000000e+00 1.009424e+04 0.000000e+00 0.000000e+00
-3.358165e+01 6.993522e+03 9.760214e+02 8.571537e-01
-2.725383e+01 7.609597e+03 4.566639e+02 7.399081e-01
-2.103005e+01 8.223637e+03 8.794504e+01 5.967547e-01
-1.467502e+01 8.858944e+03 -8.844604e+01 4.469133e-01
-9.405486e+00 9.397649e+03 -1.878896e+02 3.077485e-01
-5.235192e+00 9.804445e+03 -1.203160e+02 1.891254e-01
-2.597637e+00 1.002393e+04 -9.658942e+01 9.748217e-02
-8.272242e-01 1.010355e+04 3.170855e+01 3.527858e-02
0.000000e+00 1.009424e+04 0.000000e+00 0.000000e+00
-2.918798e+01 7.018391e+03 9.638933e+02 8.571537e-01
-2.408343e+01 7.630708e+03 4.490222e+02 7.399081e-01
-1.842485e+01 8.241078e+03 8.401318e+01 5.967547e-01
-1.297014e+01 8.871823e+03 -8.967046e+01 4.469133e-01
-7.966052e+00 9.406241e+03 -1.864270e+02 3.077485e-01
-4.519881e+00 9.809035e+03 -1.188124e+02 1.891254e-01
-1.939854e+00 1.002602e+04 -9.366309e+01 9.748217e-02
-6.574256e-01 1.010460e+04 3.364039e+01 3.527858e-02
0.000000e+00 1.009424e+04 0.000000e+00 0.000000e+00
-2.408110e+01 7.041245e+03 9.525958e+02 8.571537e-01
-1.899723e+01 7.650143e+03 4.428391e+02 7.399081e-01
-1.433204e+01 8.256241e+03 7.901593e+01 5.967547e-01
-9.492605e+00 8.883010e+03 -9.140120e+01 4.469133e-01
-5.953095e+00 9.412721e+03 -1.894034e+02 3.077485e-01
-3.281571e+00 9.811578e+03 -1.198288e+02 1.891254e-01
-1.643873e+00 1.002656e+04 -9.610132e+01 9.748217e-02
-7.326016e-01 1.010363e+04 2.931754e+01 3.527858e-02
0.000000e+00 1.009424e+04 0.000000e+00 0.000000e+00
-1.483441e+01 7.064283e+03 9.446584e+02 8.571537e-01
-1.215029e+01 7.670638e+03 4.361397e+02 7.399081e-01
-9.041911e+00 8.272596e+03 7.498576e+01 5.967547e-01
-6.100179e+00 8.895315e+03 -9.342817e+01 4.469133e-01
-3.397456e+00 9.420148e+03 -1.910203e+02 3.077485e-01
-1.601428e+00 9.815690e+03 -1.187300e+02 1.891254e-01
-5.479307e-01 1.002759e+04 -9.808527e+01 9.748217e-02
-8.351559e-02 1.010359e+04 3.034927e+01 3.527858e-02
0.000000e+00 1.009424e+04 0.000000e+00 0.000000e+00
0.000000e+00 7.099204e+03 9.398606e+02 8.571537e-01
0.000000e+00 7.702543e+03 4.296630e+02 7.399081e-01
0.000000e+00 8.301986e+03 7.304676e+01 5.967547e-01
0.000000e+00 8.919225e+03 -9.693139e+01 4.469133e-01
0.000000e+00 9.438258e+03 -1.891088e+02 3.077485e-01
0.000000e+00 9.827186e+03 -1.195287e+02 1.891254e-01
0.000000e+00 1.003340e+04 -9.546748e+01 9.748217e-02
0.000000e+00 1.010603e+04 3.132667e+01 3.527858e-02
0.000000e+00 1.009424e+04 0.000000e+00 0.000000e+00
-2.487689e+01 8.701997e+03 4.788365e+02 8.571537e-01
-2.109210e+01 8.935723e+03 2.929843e+02 7.399081e-01
-1.730176e+01 9.173071e+03 2.128379e+02 5.967547e-01
-1.331468e+01 9.374256e+03 1.487162e+02 4.469133e-01
-9.668170e+00 9.552658e+03 1.555774e+02 3.077485e-01
-6.339957e+00 9.683839e+03 8.176559e+01 1.891254e-01
-3.527689e+00 9.831977e+03 7.762103e+01 9.748217e-02
-1.324433e+00 9.967129e+03 -3.487338e+01 3.527858e-02
0.000000e+00 1.009424e+04 0.000000e+00 0.000000e+00
-2.289788e+01 8.723159e+03 4.724565e+02 8.571537e-01
-1.948826e+01 8.950856e+03 2.902880e+02 7.399081e-01
-1.607078e+01 9.184184e+03 2.121618e+02 5.967547e-01
-1.244411e+01 9.381944e+03 1.481045e+02 4.469133e-01
-9.169157e+00 9.557988e+03 1.552501e+02 3.077485e-01
-6.128043e+00 9.687095e+03 8.039989e+01 1.891254e-01
-3.502386e+00 9.833538e+03 7.673837e+01 9.748217e-02
-1.330198e+00 9.968269e+03 -3.498220e+01 3.527858e-02
0.000000e+00 1.009424e+04 0.000000e+00 0.000000e+00
-2.039520e+01 8.743370e+03 4.683818e+02 8.571537e-01
-1.771488e+01 8.966868e+03 2.885711e+02 7.399081e-01
-1.480475e+01 9.195924e+03 2.116995e+02 5.967547e-01
-1.157018e+01 9.389830e+03 1.472791e+02 4.469133e-01
-8.505979e+00 9.563439e+03 1.539359e+02 3.077485e-01
-5.619662e+00 9.690522e+03 7.790630e+01 1.891254e-01
-3.071032e+00 9.835732e+03 7.442542e+01 9.748217e-02
-1.248597e+00 9.968876e+03 -3.836535e+01 3.527858e-02
0.000000e+00 1.009424e+04 0.000000e+00 0.000000e+00
-2.170881e+01 8.762278e+03 4.642394e+02 8.571537e-01
-1.811609e+01 8.983486e+03 2.872992e+02 7.399081e-01
-1.484967e+01 9.208497e+03 2.113152e+02 5.967547e-01
-1.145207e+01 9.398611e+03 1.480044e+02 4.469133e-01
-8.401697e+00 9.568597e+03 1.536736e+02 3.077485e-01
-5.411087e+00 9.694203e+03 7.931693e+01 1.891254e-01
-3.060796e+00 9.838094e+03 7.438860e+01 9.748217e-02
-1.032789e+00 9.970244e+03 -3.628793e+01 3.527858e-02
0.000000e+00 1.009424e+04 0.000000e+00 0.000000e+00
-2.041152e+01 8.781850e+03 4.573495e+02 8.571537e-01
-1.746338e+01 8.997895e+03 2.841720e+02 7.399081e-01
-1.435780e+01 9.219880e+03 2.102462e+02 5.967547e-01
-1.117405e+01 9.406125e+03 1.475623e+02 4.469133e-01
-7.924801e+00 9.573116e+03 1.544157e+02 3.077485e-01
-5.247235e+00 9.696491e+03 7.881867e+01 1.891254e-01
-2.792628e+00 9.839734e+03 7.606182e+01 9.748217e-02
-1.113750e+00 9.971153e+03 -3.648780e+01 3.527858e-02
0.000000e+00 1.009424e+04 0.000000e+00 0.000000e+00
-1.735962e+01 8.798909e+03 4.529048e+02 8.571537e-01
-1.480966e+01 9.011361e+03 2.821005e+02 7.399081e-01
-1.243340e+01 9.229399e+03 2.095874e+02 5.967547e-01
-9.515470e+00 9.412630e+03 1.478621e+02 4.469133e-01
-7.136988e+00 9.576839e+03 1.537570e+02 3.077485e-01
-4.636691e+00 9.698755e+03 7.829993e+01 1.891254e-01
-2.774506e+00 9.840586e+03 7.398752e+01 9.748217e-02
-1.048032e+00 9.970828e+03 -3.753167e+01 3.527858e-02
0.000000e+00 1.009424e+04 0.000000e+00 0.000000e+00
-1.449015e+01 8.814716e+03 4.500892e+02 8.571537e-01
-1.239649e+01 9.023661e+03 2.806673e+02 7.399081e-01
-1.004504e+01 9.239210e+03 2.112443e+02 5.967547e-01
-8.062990e+00 9.418970e+03 1.476737e+02 4.469133e-01
-5.984771e+00 9.581560e+03 1.556663e+02 3.077485e-01
-4.101453e+00 9.702595e+03 7.857475e+01 1.891254e-01
-2.226779e+00 9.842898e+03 7.490363e+01 9.748217e-02
-7.727324e-01 9.973089e+03 -3.479852e+01 3.527858e-02
0.000000e+00 1.009424e+04 0.000000e+00 0.000000e+00
-8.402209e+00 8.832764e+03 4.467643e+02 8.571537e-01
-6.960701e+00 9.037582e+03 2.810793e+02 7.399081e-01
-5.895551e+00 9.250038e+03 2.120328e+02 5.967547e-01
-4.462636e+00 9.425459e+03 1.482560e+02 4.469133e-01
-3.352511e+00 9.585995e+03 1.571131e+02 3.077485e-01
-2.304735e+00 9.704499e+03 7.749487e+01 1.891254e-01
-1.355575e+00 9.844707e+03 7.724566e+01 9.748217e-02
-5.430526e-01 9.974147e+03 -3.593819e+01 3.527858e-02
0.000000e+00 1.009424e+04 0.000000e+00 0.000000e+00
0.000000e+00 8.864620e+03 4.446423e+02 8.571537e-01
0.000000e+00 9.067848e+03 2.827548e+02 7.399081e-01
0.000000e+00 9.275564e+03 2.110412e+02 5.967547e-01
0.000000e+00 9.447235e+03 1.506658e+02 4.469133e-01
0.000000e+00 9.602222e+03 1.557253e+02 3.077485e-01
0.000000e+00 9.715720e+03 7.885322e+01 1.891254e-01
0.000000e+00 9.851346e+03 7.630689e+01 9.748217e-02
0.000000e+00 9.976249e+03 -3.531155e+01 3.527858e-02
0.000000e+00 1.009424e+04 0.000000e+00 0.000000e+00
-1.671969e+01 9.322380e+03 2.653312e+02 8.571537e-01
-1.426324e+01 9.447512e+03 1.898653e+02 7.399081e-01
-1.163596e+01 9.544301e+03 9.437334e+01 5.967547e-01
-8.787146e+00 9.684284e+03 4.673267e+01 4.469133e-01
-5.982388e+00 9.810406e+03 -3.625029e+01 3.077485e-01
-3.566038e+00 9.961432e+03 -1.714660e+01 1.891254e-01
-1.711160e+00 1.005259e+04 -5.221771e+01 9.748217e-02
-6.038066e-01 1.010791e+04 4.005981e+01 3.527858e-02
0.000000e+00 1.009424e+04 0.000000e+00 0.000000e+00
-1.416538e+01 9.332992e+03 2.614658e+02 8.571537e-01
-1.234326e+01 9.458532e+03 1.873816e+02 7.399081e-01
-9.988992e+00 9.553777e+03 9.365936e+01 5.967547e-01
-7.438682e+00 9.691837e+03 4.627964e+01 4.469133e-01
-4.878389e+00 9.815821e+03 -3.612828e+01 3.077485e-01
-2.797821e+00 9.965240e+03 -1.740706e+01 1.891254e-01
-1.304826e+00 1.005508e+04 -5.245847e+01 9.748217e-02
-4.835591e-01 1.010825e+04 3.958762e+01 3.527858e-02
0.000000e+00 1.009424e+04 0.000000e+00 0.000000e+00
-1.165736e+01 9.344453e+03 2.605707e+02 8.571537e-01
-1.019861e+01 9.468596e+03 1.872844e+02 7.399081e-01
-8.610680e+00 9.562523e+03 9.370979e+01 5.967547e-01
-6.644101e+00 9.699158e+03 4.734927e+01 4.469133e-01
-4.475822e+00 9.821168e+03 -3.467098e+01 3.077485e-01
-2.547691e+00 9.969012e+03 -1.532896e+01 1.891254e-01
-1.126445e+00 1.005696e+04 -5.069976e+01 9.748217e-02
-2.766905e-01 1.010942e+04 4.219859e+01 3.527858e-02
0.000000e+00 1.009424e+04 0.000000e+00 0.000000e+00
-1.324726e+01 9.356769e+03 2.586730e+02 8.571537e-01
-1.149042e+01 9.477186e+03 1.855323e+02 7.399081e-01
-9.271104e+00 9.569719e+03 9.209660e+01 5.967547e-01
-7.102455e+00 9.704739e+03 4.553671e+01 4.469133e-01
-4.964697e+00 9.825973e+03 -3.565118e+01 3.077485e-01
-3.166581e+00 9.971435e+03 -1.639988e+01 1.891254e-01
-1.551494e+00 1.005792e+04 -5.030559e+01 9.748217e-02
-6.712168e-01 1.010922e+04 4.029198e+01 3.527858e-02
0.000000e+00 1.009424e+04 0.000000e+00 0.000000e+00
-1.356375e+01 9.365816e+03 2.545564e+02 8.571537e-01
-1.160301e+01 9.485969e+03 1.815846e+02 7.399081e-01
-9.704354e+00 9.576264e+03 9.016165e+01 5.967547e-01
-7.304259e+00 9.710329e+03 4.381603e+01 4.469133e-01
-5.092244e+00 9.830178e+03 -3.753023e+01 3.077485e-01
-2.921944e+00 9.974662e+03 -1.670442e+01 1.891254e-01
-1.553532e+00 1.005897e+04 -5.241132e+01 9.748217e-02
-4.798927e-01 1.010921e+04 4.097411e+01 3.527858e-02
0.000000e+00 1.009424e+04 0.000000e+00 0.000000e+00
-1.129364e+01 9.374649e+03 2.507476e+02 8.571537e-01
-9.887945e+00 9.493792e+03 1.781302e+02 7.399081e-01
-8.001002e+00 9.583504e+03 8.843887e+01 5.967547e-01
-6.110324e+00 9.715841e+03 4.318112e+01 4.469133e-01
-3.787176e+00 9.834910e+03 -3.643118e+01 3.077485e-01
-2.188649e+00 9.977873e+03 -1.632761e+01 1.891254e-01
-8.275062e-01 1.006127e+04 -5.073956e+01 9.748217e-02
-2.897661e-01 1.011098e+04 4.171324e+01 3.527858e-02
0.000000e+00 1.009424e+04 0.000000e+00 0.000000e+00
-9.960403e+00 9.383988e+03 2.467172e+02 8.571537e-01
-8.058170e+00 9.502619e+03 1.768237e+02 7.399081e-01
-6.529543e+00 9.590313e+03 8.576778e+01 5.967547e-01
-4.737604e+00 9.722106e+03 4.298723e+01 4.469133e-01
-3.336690e+00 9.839317e+03 -3.790562e+01 3.077485e-01
-1.933033e+00 9.979979e+03 -1.609819e+01 1.891254e-01
-9.588686e-01 1.006259e+04 -5.045146e+01 9.748217e-02
-3.398619e-01 1.010988e+04 3.976221e+01 3.527858e-02
0.000000e+00 1.009424e+04 0.000000e+00 0.000000e+00
-7.542633e+00 9.395021e+03 2.424234e+02 8.571537e-01
-6.514566e+00 9.513173e+03 1.729421e+02 7.399081e-01
-5.280587e+00 9.598133e+03 8.278342e+01 5.967547e-01
-4.196776e+00 9.728750e+03 4.071365e+01 4.469133e-01
-2.909266e+00 9.842702e+03 -4.070967e+01 3.077485e-01
-1.736356e+00 9.982646e+03 -1.549683e+01 1.891254e-01
-8.555536e-01 1.006265e+04 -5.305132e+01 9.748217e-02
-3.275141e-01 1.010929e+04 4.138486e+01 3.527858e-02
0.000000e+00 1.009424e+04 0.000000e+00 0.000000e+00
0.000000e+00 9.425010e+03 2.397565e+02 8.571537e-01
0.000000e+00 9.540312e+03 1.683131e+02 7.399081e-01
0.000000e+00 9.624337e+03 8.136670e+01 5.967547e-01
0.000000e+00 9.750108e+03 3.698880e+01 4.469133e-01
0.000000e+00 9.859973e+03 -4.085225e+01 3.077485e-01
0.000000e+00 9.994689e+03 -1.768615e+01 1.891254e-01
0.000000e+00 1.006921e+04 -5.358690e+01 9.748217e-02
0.000000e+00 1.011241e+04 4.009356e+01 3.527858e-02
0.000000e+00 1.009424e+04 0.000000e+00 0.000000e+00
-1.045621e+01 9.633820e+03 1.265851e+02 8.571537e-01
-8.748707e+00 9.710838e+03 6.319426e+01 7.399081e-01
-7.043971e+00 9.819201e+03 4.720025e+01 5.967547e-01
-5.267408e+00 9.885620e+03 1.296713e+01 4.469133e-01
-3.707752e+00 9.966684e+03 4.604627e+01 3.077485e-01
-2.348574e+00 9.985981e+03 7.381443e+00 1.891254e-01
-1.298166e+00 1.002485e+04 4.325300e+01 9.748217e-02
-4.834945e-01 1.004117e+04 -4.379092e+01 3.527858e-02
0.000000e+00 1.009424e+04 0.000000e+00 0.000000e+00
-8.950498e+00 9.641601e+03 1.232322e+02 8.571537e-01
-7.402881e+00 9.715974e+03 6.219092e+01 7.399081e-01
-5.894047e+00 9.823346e+03 4.653454e+01 5.967547e-01
-4.181494e+00 9.888796e+03 1.390236e+01 4.469133e-01
-2.789381e+00 9.968877e+03 4.657982e+01 3.077485e-01
-1.701961e+00 9.986907e+03 8.957667e+00 1.891254e-01
-8.834757e-01 1.002480e+04 4.411940e+01 9.748217e-02
-2.863374e-01 1.004182e+04 -4.245388e+01 3.527858e-02
0.000000e+00 1.009424e+04 0.000000e+00 0.000000e+00
-7.186973e+00 9.646068e+03 1.221695e+02 8.571537e-01
-6.432990e+00 9.719907e+03 6.200896e+01 7.399081e-01
-5.212138e+00 9.826658e+03 4.728162e+01 5.967547e-01
-4.052474e+00 9.890942e+03 1.396233e+01 4.469133e-01
-2.985197e+00 9.970104e+03 4.708210e+01 3.077485e-01
-2.028549e+00 9.987003e+03 8.794661e+00 1.891254e-01
-1.197775e+00 1.002483e+04 4.413200e+01 9.748217e-02
-5.419664e-01 1.004115e+04 -4.346259e+01 3.527858e-02
0.000000e+00 1.009424e+04 0.000000e+00 0.000000e+00
-7.684415e+00 9.649349e+03 1.222510e+02 8.571537e-01
-6.404697e+00 9.725088e+03 6.180745e+01 7.399081e-01
-5.366265e+00 9.830986e+03 4.744689e+01 5.967547e-01
-4.024818e+00 9.894431e+03 1.402470e+01 4.469133e-01
-2.858797e+00 9.971753e+03 4.758655e+01 3.077485e-01
-1.765801e+00 9.988782e+03 9.661814e+00 1.891254e-01
-1.077464e+00 1.002589e+04 4.412406e+01 9.748217e-02
-3.161573e-01 1.004213e+04 -4.149244e+01 3.527858e-02
0.000000e+00 1.009424e+04 0.000000e+00 0.000000e+00
-9.144410e+00 9.655970e+03 1.186669e+02 8.571537e-01
-7.587282e+00 9.730188e+03 5.998777e+01 7.399081e-01
-5.967148e+00 9.836353e+03 4.582538e+01 5.967547e-01
-4.432507e+00 9.898207e+03 1.397075e+01 4.469133e-01
-2.907268e+00 9.974764e+03 4.784286e+01 3.077485e-01
-1.938565e+00 9.990103e+03 8.711552e+00 1.891254e-01
-9.433081e-01 1.002747e+04 4.492752e+01 9.748217e-02
-4.270473e-01 1.004320e+04 -4.327714e+01 3.527858e-02
0.000000e+00 1.009424e+04 0.000000e+00 0.000000e+00
-6.576937e+00 9.662191e+03 1.148522e+02 8.571537e-01
-5.662353e+00 9.735516e+03 5.790077e+01 7.399081e-01
-4.772715e+00 9.840307e+03 4.483589e+01 5.967547e-01
-3.503852e+00 9.901642e+03 1.415662e+01 4.469133e-01
-2.685045e+00 9.976144e+03 4.733397e+01 3.077485e-01
-1.654912e+00 9.990530e+03 8.804626e+00 1.891254e-01
-1.071292e+00 1.002684e+04 4.390806e+01 9.748217e-02
-3.564564e-01 1.004183e+04 -4.357139e+01 3.527858e-02
0.000000e+00 1.009424e+04 0.000000e+00 0.000000e+00
-4.640895e+00 9.669838e+03 1.144419e+02 8.571537e-01
-3.886626e+00 9.740663e+03 5.604796e+01 7.399081e-01
-2.778582e+00 9.845332e+03 4.514099e+01 5.967547e-01
-2.091446e+00 9.904506e+03 1.268101e+01 4.469133e-01
-1.445155e+00 9.978045e+03 4.762402e+01 3.077485e-01
-1.090567e+00 9.992443e+03 8.401916e+00 1.891254e-01
-6.747947e-01 1.002713e+04 4.322779e+01 9.748217e-02
-3.188230e-01 1.004368e+04 -4.168472e+01 3.527858e-02
0.000000e+00 1.009424e+04 0.000000e+00 0.000000e+00
-6.082056e+00 9.681800e+03 1.100189e+02 8.571537e-01
-4.925975e+00 9.749690e+03 5.316561e+01 7.399081e-01
-4.163384e+00 9.853628e+03 4.290385e+01 5.967547e-01
-3.130491e+00 9.909473e+03 1.058229e+01 4.469133e-01
-2.243613e+00 9.982735e+03 4.727586e+01 3.077485e-01
-1.460390e+00 9.994062e+03 5.709382e+00 1.891254e-01
-7.987695e-01 1.002930e+04 4.444570e+01 9.748217e-02
-2.565173e-01 1.004514e+04 -4.432711e+01 3.527858e-02
0.000000e+00 1.009424e+04 0.000000e+00 0.000000e+00
0.000000e+00 9.711029e+03 1.051138e+02 8.571537e-01
0.000000e+00 9.779329e+03 5.170401e+01 7.399081e-01
0.000000e+00 9.878862e+03 4.025314e+01 5.967547e-01
0.000000e+00 9.932131e+03 1.137997e+01 4.469133e-01
0.000000e+00 9.999787e+03 4.629737e+01 3.077485e-01
0.000000e+00 1.000542e+04 6.891308e+00 1.891254e-01
0.000000e+00 1.003610e+04 4.519899e+01 9.748217e-02
0.000000e+00 1.004716e+04 -4.311545e+01 3.527858e-02
0.000000e+00 1.009424e+04 0.000000e+00 0.000000e+00
-6.792871e+00 9.767731e+03 5.873788e+01 8.571537e-01
-5.655235e+00 9.852717e+03 4.837591e+01 7.399081e-01
-4.500154e+00 9.882485e+03 1.557118e+01 5.967547e-01
-3.357726e+00 9.953085e+03 2.646996e+01 4.469133e-01
-2.253125e+00 9.975488e+03 -1.874124e+01 3.077485e-01
-1.372486e+00 1.004603e+04 1.342588e+01 1.891254e-01
-6.614993e-01 1.007211e+04 -3.265468e+01 9.748217e-02
-2.346535e-01 1.011390e+04 4.752716e+01 3.527858e-02
0.000000e+00 1.009424e+04 0.000000e+00 0.000000e+00
-6.809264e+00 9.769870e+03 5.559628e+01 8.571537e-01
-5.854086e+00 9.855866e+03 4.539207e+01 7.399081e-01
-4.552237e+00 9.885057e+03 1.516075e+01 5.967547e-01
-3.332245e+00 9.954817e+03 2.489381e+01 4.469133e-01
-2.186586e+00 9.976683e+03 -1.913616e+01 3.077485e-01
-1.399307e+00 1.004709e+04 1.046995e+01 1.891254e-01
-7.803710e-01 1.007304e+04 -3.429444e+01 9.748217e-02
-3.440044e-01 1.011339e+04 4.540210e+01 3.527858e-02
0.000000e+00 1.009424e+04 0.000000e+00 0.000000e+00
-5.273011e+00 9.773586e+03 5.317916e+01 8.571537e-01
-4.078499e+00 9.859382e+03 4.406208e+01 7.399081e-01
-3.382403e+00 9.887659e+03 1.367604e+01 5.967547e-01
-2.628734e+00 9.957060e+03 2.429648e+01 4.469133e-01
-1.863017e+00 9.978450e+03 -2.032480e+01 3.077485e-01
-1.087573e+00 1.004879e+04 9.678951e+00 1.891254e-01
-4.413991e-01 1.007384e+04 -3.557013e+01 9.748217e-02
-9.423015e-02 1.011443e+04 4.482114e+01 3.527858e-02
0.000000e+00 1.009424e+04 0.000000e+00 0.000000e+00
-6.406536e+00 9.777525e+03 5.097665e+01 8.571537e-01
-5.356373e+00 9.860879e+03 4.340229e+01 7.399081e-01
-4.109820e+00 9.889073e+03 1.229196e+01 5.967547e-01
-3.213474e+00 9.957902e+03 2.350233e+01 4.469133e-01
-2.252083e+00 9.979750e+03 -2.142777e+01 3.077485e-01
-1.432913e+00 1.004869e+04 9.851519e+00 1.891254e-01
-5.812557e-01 1.007403e+04 -3.478080e+01 9.748217e-02
-2.291467e-01 1.011392e+04 4.366269e+01 3.527858e-02
0.000000e+00 1.009424e+04 0.000000e+00 0.000000e+00
-5.689803e+00 9.778949e+03 4.725953e+01 8.571537e-01
-4.854720e+00 9.862529e+03 4.039805e+01 7.399081e-01
-3.911235e+00 9.889265e+03 1.232631e+01 5.967547e-01
-2.768941e+00 9.958406e+03 2.292653e+01 4.469133e-01
-1.912134e+00 9.979240e+03 -2.101219e+01 3.077485e-01
-1.057380e+00 1.004906e+04 1.127815e+01 1.891254e-01
-6.619917e-01 1.007312e+04 -3.429495e+01 9.748217e-02
-1.582002e-01 1.011309e+04 4.691702e+01 3.527858e-02
0.000000e+00 1.009424e+04 0.000000e+00 0.000000e+00
-2.289427e+00 9.783890e+03 4.723515e+01 8.571537e-01
-2.144589e+00 9.866557e+03 3.971917e+01 7.399081e-01
-1.851898e+00 9.892784e+03 1.281230e+01 5.967547e-01
-1.590071e+00 9.960396e+03 2.307084e+01 4.469133e-01
-8.839180e-01 9.981785e+03 -2.022742e+01 3.077485e-01
-6.142935e-01 1.005108e+04 1.055494e+01 1.891254e-01
-1.481910e-01 1.007508e+04 -3.444743e+01 9.748217e-02
-1.414240e-01 1.011507e+04 4.595775e+01 3.527858e-02
0.000000e+00 1.009424e+04 0.000000e+00 0.000000e+00
-1.965258e+00 9.787952e+03 4.897257e+01 8.571537e-01
-1.611694e+00 9.871833e+03 4.253356e+01 7.399081e-01
-1.277527e+00 9.896013e+03 1.317684e+01 5.967547e-01
-8.460082e-01 9.963884e+03 2.437911e+01 4.469133e-01
-6.441464e-01 9.984643e+03 -2.057091e+01 3.077485e-01
-2.753209e-01 1.005222e+04 1.059147e+01 1.891254e-01
-3.555959e-02 1.007707e+04 -3.401345e+01 9.748217e-02
6.838527e-02 1.011393e+04 4.348180e+01 3.527858e-02
0.000000e+00 1.009424e+04 0.000000e+00 0.000000e+00
-3.543998e+00 9.795807e+03 4.698220e+01 8.571537e-01
-3.033161e+00 9.879882e+03 4.087233e+01 7.399081e-01
-2.507564e+00 9.900804e+03 1.221878e+01 5.967547e-01
-2.061161e+00 9.968181e+03 2.405185e+01 4.469133e-01
-1.563288e+00 9.984991e+03 -2.138903e+01 3.077485e-01
-1.020348e+00 1.005350e+04 1.316929e+01 1.891254e-01
-5.208752e-01 1.007588e+04 -3.420045e+01 9.748217e-02
-2.168355e-01 1.011271e+04 4.765219e+01 3.527858e-02
0.000000e+00 1.009424e+04 0.000000e+00 0.000000e+00
0.000000e+00 9.826932e+03 4.514275e+01 8.571537e-01
0.000000e+00 9.906735e+03 3.731219e+01 7.399081e-01
0.000000e+00 9.926845e+03 1.139372e+01 5.967547e-01
0.000000e+00 9.988508e+03 2.156764e+01 4.469133e-01
0.000000e+00 1.000108e+04 -2.165758e+01 3.077485e-01
0.000000e+00 1.006499e+04 1.188218e+01 1.891254e-01
0.000000e+00 1.008178e+04 -3.487736e+01 9.748217e-02
0.000000e+00 1.011564e+04 4.740382e+01 3.527858e-02
0.000000e+00 1.009424e+04 0.000000e+00 0.000000e+00
-4.742612e+00 9.856792e+03 3.904623e+01 8.571537e-01
-3.795745e+00 9.881748e+03 1.092441e+01 7.399081e-01
-3.034552e+00 9.957403e+03 1.708060e+01 5.967547e-01
-2.241064e+00 9.973284e+03 -1.328244e+01 4.469133e-01
-1.568018e+00 1.004001e+04 1.810828e+01 3.077485e-01
-9.420393e-01 1.003749e+04 -2.070177e+01 1.891254e-01
-5.125058e-01 1.007091e+04 2.747452e+01 9.748217e-02
-1.836361e-01 1.005768e+04 -4.917422e+01 3.527858e-02
0.000000e+00 1.009424e+04 0.000000e+00 0.000000e+00
-5.594673e+00 9.859999e+03 3.519404e+01 8.571537e-01
-4.489120e+00 9.883557e+03 9.849524e+00 7.399081e-01
-3.532787e+00 9.958868e+03 1.636113e+01 5.967547e-01
-2.336181e+00 9.974861e+03 -1.202839e+01 4.469133e-01
-1.514924e+00 1.004103e+04 1.771017e+01 3.077485e-01
-7.594416e-01 1.003805e+04 -1.820448e+01 1.891254e-01
-2.903708e-01 1.007115e+04 2.804752e+01 9.748217e-02
-5.879827e-02 1.005885e+04 -4.774099e+01 3.527858e-02
0.000000e+00 1.009424e+04 0.000000e+00 0.000000e+00
-2.681314e+00 9.862065e+03 3.394104e+01 8.571537e-01
-2.336236e+00 9.884718e+03 9.227807e+00 7.399081e-01
-1.837559e+00 9.960218e+03 1.674549e+01 5.967547e-01
-1.577704e+00 9.975578e+03 -1.175019e+01 4.469133e-01
-1.154131e+00 1.004139e+04 1.938163e+01 3.077485e-01
-8.328157e-01 1.003788e+04 -1.687840e+01 1.891254e-01
-5.308614e-01 1.007137e+04 2.998590e+01 9.748217e-02
-1.962704e-01 1.005829e+04 -4.666111e+01 3.527858e-02
0.000000e+00 1.009424e+04 0.000000e+00 0.000000e+00
-4.720615e+00 9.864720e+03 3.310413e+01 8.571537e-01
-3.685178e+00 9.888517e+03 7.895792e+00 7.399081e-01
-3.079855e+00 9.962832e+03 1.554715e+01 5.967547e-01
-2.235130e+00 9.977612e+03 -1.326240e+01 4.469133e-01
-1.698742e+00 1.004204e+04 1.928570e+01 3.077485e-01
-1.088496e+00 1.003919e+04 -1.784376e+01 1.891254e-01
-7.550715e-01 1.007126e+04 2.915093e+01 9.748217e-02
-3.001280e-01 1.005878e+04 -4.574407e+01 3.527858e-02
0.000000e+00 1.009424e+04 0.000000e+00 0.000000e+00
-4.227820e+00 9.868909e+03 2.902834e+01 8.571537e-01
-3.268675e+00 9.892093e+03 5.914740e+00 7.399081e-01
-2.502988e+00 9.966777e+03 1.330391e+01 5.967547e-01
-1.926004e+00 9.980098e+03 -1.468618e+01 4.469133e-01
-1.219642e+00 1.004489e+04 1.685646e+01 3.077485e-01
-7.747696e-01 1.004007e+04 -2.095976e+01 1.891254e-01
-3.284633e-01 1.007300e+04 2.628363e+01 9.748217e-02
-2.287468e-01 1.005970e+04 -5.061394e+01 3.527858e-02
0.000000e+00 1.009424e+04 0.000000e+00 0.000000e+00
1.685355e-01 9.870413e+03 2.903920e+01 8.571537e-01
-2.908272e-02 9.893734e+03 6.898486e+00 7.399081e-01
-8.231321e-02 9.967842e+03 1.393945e+01 5.967547e-01
1.072570e-01 9.981705e+03 -1.289909e+01 4.469133e-01
7.079318e-02 1.004465e+04 1.839219e+01 3.077485e-01
2.456837e-01 1.003960e+04 -1.841683e+01 1.891254e-01
8.935998e-02 1.007195e+04 2.814677e+01 9.748217e-02
1.994902e-01 1.005804e+04 -4.848690e+01 3.527858e-02
0.000000e+00 1.009424e+04 0.000000e+00 0.000000e+00
-9.082429e-01 9.873770e+03 3.215464e+01 8.571537e-01
-1.068729e+00 9.894104e+03 8.238129e+00 7.399081e-01
-9.307255e-01 9.969309e+03 1.604962e+01 5.967547e-01
-8.032838e-01 9.981824e+03 -1.186268e+01 4.469133e-01
-6.439780e-01 1.004420e+04 2.012517e+01 3.077485e-01
-6.330752e-01 1.004010e+04 -1.700494e+01 1.891254e-01
-4.684865e-01 1.007022e+04 2.922668e+01 9.748217e-02
-2.978912e-01 1.005955e+04 -4.499981e+01 3.527858e-02
0.000000e+00 1.009424e+04 0.000000e+00 0.000000e+00
-1.409158e+00 9.883592e+03 3.141696e+01 8.571537e-01
-1.331179e+00 9.900447e+03 7.726425e+00 7.399081e-01
-1.250899e+00 9.976025e+03 1.528024e+01 5.967547e-01
-1.100928e+00 9.985110e+03 -1.413312e+01 4.469133e-01
-8.945485e-01 1.004899e+04 1.888208e+01 3.077485e-01
-5.723901e-01 1.004112e+04 -2.116547e+01 1.891254e-01
-3.431760e-01 1.007250e+04 2.752484e+01 9.748217e-02
-1.476586e-01 1.006099e+04 -5.053722e+01 3.527858e-02
0.000000e+00 1.009424e+04 0.000000e+00 0.000000e+00
0.000000e+00 9.912354e+03 2.945113e+01 8.571537e-01
0.000000e+00 9.930284e+03 7.669188e+00 7.399081e-01
0.000000e+00 1.000115e+04 1.353465e+01 5.967547e-01
0.000000e+00 1.000816e+04 -1.453910e+01 4.469133e-01
0.000000e+00 1.006670e+04 1.790817e+01 3.077485e-01
0.000000e+00 1.005274e+04 -2.111308e+01 1.891254e-01
0.000000e+00 1.007989e+04 2.718025e+01 9.748217e-02
0.000000e+00 1.006308e+04 -5.131966e+01 3.527858e-02
0.000000e+00 1.009424e+04 0.000000e+00 0.000000e+00
-2.819871e+00 9.861848e+03 1.092866e+01 8.571537e-01
-2.293314e+00 9.944305e+03 1.752603e+01 7.399081e-01
-1.754861e+00 9.949109e+03 -1.976275e+00 5.967547e-01
-1.325139e+00 1.001840e+04 2.246993e+01 4.469133e-01
-8.630465e-01 1.001072e+04 -1.296553e+01 3.077485e-01
-5.483556e-01 1.006874e+04 2.749006e+01 1.891254e-01
-2.682776e-01 1.006772e+04 -2.377136e+01 9.748217e-02
-8.830000e-02 1.011349e+04 4.958212e+01 3.527858e-02
0.000000e+00 1.009424e+04 0.000000e+00 0.000000e+00
-2.908686e+00 9.865664e+03 8.797499e+00 8.571537e-01
-2.621373e+00 9.947776e+03 1.531142e+01 7.399081e-01
-2.034945e+00 9.951779e+03 -1.947341e+00 5.967547e-01
-1.563834e+00 1.001944e+04 2.178338e+01 4.469133e-01
-8.630332e-01 1.001165e+04 -1.092105e+01 3.077485e-01
-5.097796e-01 1.006909e+04 2.609262e+01 1.891254e-01
-2.391115e-01 1.006752e+04 -2.294506e+01 9.748217e-02
-5.990445e-02 1.011217e+04 4.943851e+01 3.527858e-02
0.000000e+00 1.009424e+04 0.000000e+00 0.000000e+00
-2.266468e+00 9.868542e+03 7.848937e+00 8.571537e-01
-1.617513e+00 9.950812e+03 1.484379e+01 7.399081e-01
-1.324666e+00 9.953608e+03 -2.396995e+00 5.967547e-01
-9.981297e-01 1.002111e+04 2.150282e+01 4.469133e-01
-9.694362e-01 1.001269e+04 -1.218373e+01 3.077485e-01
-7.155426e-01 1.006992e+04 2.545642e+01 1.891254e-01
-3.607911e-01 1.006738e+04 -2.439520e+01 9.748217e-02
-1.884262e-01 1.011267e+04 4.904038e+01 3.527858e-02
0.000000e+00 1.009424e+04 0.000000e+00 0.000000e+00
-1.783640e+00 9.870503e+03 7.724267e+00 8.571537e-01
-1.419117e+00 9.951101e+03 1.552209e+01 7.399081e-01
-9.500381e-01 9.954566e+03 -2.797450e+00 5.967547e-01
-8.965091e-01 1.002193e+04 2.110722e+01 4.469133e-01
-5.011956e-01 1.001395e+04 -1.331653e+01 3.077485e-01
-2.687303e-01 1.006983e+04 2.606446e+01 1.891254e-01
4.820934e-03 1.006869e+04 -2.400550e+01 9.748217e-02
3.007277e-02 1.011264e+04 4.811501e+01 3.527858e-02
0.000000e+00 1.009424e+04 0.000000e+00 0.000000e+00
-1.676241e+00 9.873194e+03 7.080783e+00 8.571537e-01
-1.303058e+00 9.952863e+03 1.574658e+01 7.399081e-01
-1.000610e+00 9.955027e+03 -1.589122e+00 5.967547e-01
-5.296550e-01 1.002288e+04 2.257552e+01 4.469133e-01
-2.421674e-01 1.001345e+04 -9.942101e+00 3.077485e-01
2.696228e-03 1.007069e+04 2.930457e+01 1.891254e-01
-4.940029e-03 1.006779e+04 -2.012809e+01 9.748217e-02
1.582846e-01 1.011241e+04 5.360592e+01 3.527858e-02
0.000000e+00 1.009424e+04 0.000000e+00 0.000000e+00
4.675772e-01 9.876468e+03 8.820499e+00 8.571537e-01
1.638501e-01 9.954950e+03 1.667768e+01 7.399081e-01
1.045929e-01 9.956969e+03 -7.236265e-01 5.967547e-01
-2.205053e-01 1.002329e+04 2.199627e+01 4.469133e-01
-3.408049e-01 1.001499e+04 -1.100328e+01 3.077485e-01
-5.086430e-01 1.007161e+04 2.652106e+01 1.891254e-01
-3.349864e-01 1.006881e+04 -2.275187e+01 9.748217e-02
-3.829391e-01 1.011395e+04 5.029859e+01 3.527858e-02
0.000000e+00 1.009424e+04 0.000000e+00 0.000000e+00
-1.649361e+00 9.875240e+03 8.407304e+00 8.571537e-01
-1.430604e+00 9.957111e+03 1.626490e+01 7.399081e-01
-1.274223e+00 9.957506e+03 -1.830596e+00 5.967547e-01
-1.028868e+00 1.002455e+04 2.079769e+01 4.469133e-01
-7.626227e-01 1.001635e+04 -1.272070e+01 3.077485e-01
-3.011137e-01 1.007158e+04 2.502659e+01 1.891254e-01
-5.193831e-02 1.007135e+04 -2.438960e+01 9.748217e-02
1.293262e-01 1.011233e+04 4.665031e+01 3.527858e-02
0.000000e+00 1.009424e+04 0.000000e+00 0.000000e+00
-5.374600e-01 9.878470e+03 7.712308e+00 8.571537e-01
-1.340793e-01 9.963054e+03 1.551500e+01 7.399081e-01
1.420203e-01 9.960233e+03 -1.807795e+00 5.967547e-01
2.984185e-01 1.002837e+04 2.266511e+01 4.469133e-01
4.583434e-01 1.001561e+04 -1.097949e+01 3.077485e-01
3.729342e-01 1.007316e+04 2.953415e+01 1.891254e-01
2.543434e-01 1.007009e+04 -2.153054e+01 9.748217e-02
1.142591e-01 1.011147e+04 5.361253e+01 3.527858e-02
0.000000e+00 1.009424e+04 0.000000e+00 0.000000e+00
0.000000e+00 9.908330e+03 9.426491e+00 8.571537e-01
0.000000e+00 9.988959e+03 1.557438e+01 7.399081e-01
0.000000e+00 9.985930e+03 -6.524092e-01 5.967547e-01
0.000000e+00 1.004856e+04 2.321083e+01 4.469133e-01
0.000000e+00 1.003167e+04 -9.793875e+00 3.077485e-01
0.000000e+00 1.008489e+04 2.981544e+01 1.891254e-01
0.000000e+00 1.007569e+04 -2.073381e+01 9.748217e-02
0.000000e+00 1.011461e+04 5.481772e+01 3.527858e-02
0.000000e+00 1.009424e+04 0.000000e+00 0.000000e+00
