0 729 0.00000e+00
  1     729
0.000000e+00 0.000000e+00 7.543268e+03 1.000000e+00
0.000000e+00 0.000000e+00 8.006068e+03 1.000000e+00
0.000000e+00 0.000000e+00 7.886234e+03 1.000000e+00
0.000000e+00 0.000000e+00 8.181512e+03 1.000000e+00
0.000000e+00 0.000000e+00 7.836208e+03 9.992651e-01
0.000000e+00 0.000000e+00 7.908341e+03 9.950333e-01
0.000000e+00 0.000000e+00 7.263245e+03 9.787423e-01
0.000000e+00 0.000000e+00 7.018149e+03 9.366232e-01
0.000000e+00 0.000000e+00 6.350602e+03 8.571537e-01
7.062086e+00 0.000000e+00 7.462751e+03 1.000000e+00
2.756288e+00 0.000000e+00 8.110871e+03 1.000000e+00
4.230874e+00 0.000000e+00 7.811239e+03 1.000000e+00
8.012686e+00 0.000000e+00 8.299347e+03 1.000000e+00
5.571097e+00 0.000000e+00 7.748375e+03 9.992651e-01
-4.850626e+00 0.000000e+00 8.008444e+03 9.950333e-01
-1.530236e+01 0.000000e+00 7.142496e+03 9.787423e-01
-2.295813e+01 0.000000e+00 7.038191e+03 9.366232e-01
-2.911433e+01 0.000000e+00 6.354402e+03 8.571537e-01
7.628593e+00 0.000000e+00 7.414594e+03 1.000000e+00
-2.815341e+00 0.000000e+00 8.199268e+03 1.000000e+00
-9.808447e+00 0.000000e+00 7.774024e+03 1.000000e+00
-1.905200e+01 0.000000e+00 8.397793e+03 1.000000e+00
-2.506058e+01 0.000000e+00 7.698961e+03 9.992651e-01
-3.396802e+01 0.000000e+00 8.086183e+03 9.950333e-01
-4.192095e+01 0.000000e+00 7.061918e+03 9.787423e-01
-5.181071e+01 0.000000e+00 7.052293e+03 9.366232e-01
-5.193731e+01 0.000000e+00 6.352034e+03 8.571537e-01
2.680650e-01 0.000000e+00 7.460212e+03 1.000000e+00
-1.058654e+01 0.000000e+00 8.190164e+03 1.000000e+00
-2.216204e+01 0.000000e+00 7.821697e+03 1.000000e+00
-3.729634e+01 0.000000e+00 8.377964e+03 1.000000e+00
-5.140157e+01 0.000000e+00 7.741243e+03 9.992651e-01
-6.126330e+01 0.000000e+00 8.065714e+03 9.950333e-01
-6.564895e+01 0.000000e+00 7.103232e+03 9.787423e-01
-6.630435e+01 0.000000e+00 7.039881e+03 9.366232e-01
-6.221848e+01 0.000000e+00 6.340034e+03 8.571537e-01
-1.452611e+01 0.000000e+00 7.475248e+03 1.000000e+00
-2.889502e+01 0.000000e+00 8.208674e+03 1.000000e+00
-4.055267e+01 0.000000e+00 7.831350e+03 1.000000e+00
-5.074120e+01 0.000000e+00 8.385612e+03 1.000000e+00
-5.726498e+01 0.000000e+00 7.740002e+03 9.992651e-01
-6.653277e+01 0.000000e+00 8.063145e+03 9.950333e-01
-6.923428e+01 0.000000e+00 7.096780e+03 9.787423e-01
-6.801723e+01 0.000000e+00 7.028661e+03 9.366232e-01
-6.463804e+01 0.000000e+00 6.325882e+03 8.571537e-01
-1.694627e+01 0.000000e+00 7.486667e+03 1.000000e+00
-3.245467e+01 0.000000e+00 8.221002e+03 1.000000e+00
-4.629955e+01 0.000000e+00 7.838088e+03 1.000000e+00
-5.849104e+01 0.000000e+00 8.392053e+03 1.000000e+00
-6.704826e+01 0.000000e+00 7.739920e+03 9.992651e-01
-7.229028e+01 0.000000e+00 8.055391e+03 9.950333e-01
-7.344421e+01 0.000000e+00 7.087083e+03 9.787423e-01
-6.883080e+01 0.000000e+00 7.017820e+03 9.366232e-01
-6.518112e+01 0.000000e+00 6.310739e+03 8.571537e-01
-2.011765e+01 0.000000e+00 7.500834e+03 1.000000e+00
-3.613226e+01 0.000000e+00 8.222880e+03 1.000000e+00
-4.996916e+01 0.000000e+00 7.844935e+03 1.000000e+00
-6.284452e+01 0.000000e+00 8.383492e+03 1.000000e+00
-7.372707e+01 0.000000e+00 7.738425e+03 9.992651e-01
-7.841651e+01 0.000000e+00 8.045882e+03 9.950333e-01
-7.561018e+01 0.000000e+00 7.081550e+03 9.787423e-01
-6.884906e+01 0.000000e+00 7.005911e+03 9.366232e-01
-6.476490e+01 0.000000e+00 6.296174e+03 8.571537e-01
-2.972188e+01 0.000000e+00 7.509852e+03 1.000000e+00
-4.506231e+01 0.000000e+00 8.226305e+03 1.000000e+00
-5.796711e+01 0.000000e+00 7.845725e+03 1.000000e+00
-6.579340e+01 0.000000e+00 8.379985e+03 1.000000e+00
-7.021950e+01 0.000000e+00 7.730281e+03 9.992651e-01
-7.342786e+01 0.000000e+00 8.037040e+03 9.950333e-01
-7.238858e+01 0.000000e+00 7.074972e+03 9.787423e-01
-6.706341e+01 0.000000e+00 6.992413e+03 9.366232e-01
-6.265401e+01 0.000000e+00 6.282252e+03 8.571537e-01
-2.941232e+01 0.000000e+00 7.518204e+03 1.000000e+00
-4.441043e+01 0.000000e+00 8.228640e+03 1.000000e+00
-5.702743e+01 0.000000e+00 7.846987e+03 1.000000e+00
-6.679002e+01 0.000000e+00 8.378693e+03 1.000000e+00
-7.221667e+01 0.000000e+00 7.726785e+03 9.992651e-01
-7.342174e+01 0.000000e+00 8.028009e+03 9.950333e-01
-7.100690e+01 0.000000e+00 7.067830e+03 9.787423e-01
-6.485379e+01 0.000000e+00 6.980213e+03 9.366232e-01
-6.101197e+01 0.000000e+00 6.269096e+03 8.571537e-01
0.000000e+00 -5.910369e+02 7.264766e+03 1.000000e+00
0.000000e+00 -4.520873e+02 7.121826e+03 1.000000e+00
0.000000e+00 -2.144714e+02 7.347369e+03 1.000000e+00
0.000000e+00 8.630507e+01 6.927201e+03 1.000000e+00
0.000000e+00 5.102064e+02 6.895318e+03 9.992651e-01
0.000000e+00 1.040849e+03 6.159560e+03 9.950333e-01
0.000000e+00 1.750758e+03 5.826934e+03 9.787423e-01
0.000000e+00 2.647449e+03 4.787330e+03 9.366232e-01
0.000000e+00 3.403165e+03 3.934306e+03 8.571537e-01
3.682110e+00 -5.889684e+02 7.357909e+03 1.000000e+00
-1.629682e+00 -4.535660e+02 7.037813e+03 1.000000e+00
-4.437958e+00 -2.126814e+02 7.451121e+03 1.000000e+00
-7.781619e+00 8.019981e+01 6.840293e+03 1.000000e+00
-9.752498e+00 5.122055e+02 7.008329e+03 9.992651e-01
-1.236649e+01 1.048438e+03 6.078302e+03 9.950333e-01
-1.756484e+01 1.770993e+03 5.966389e+03 9.787423e-01
-3.268687e+01 2.679994e+03 4.773075e+03 9.366232e-01
-2.961435e+01 3.438705e+03 3.929034e+03 8.571537e-01
-3.832117e+00 -5.895766e+02 7.434385e+03 1.000000e+00
-9.936438e+00 -4.538955e+02 6.987325e+03 1.000000e+00
-1.810799e+01 -2.107104e+02 7.532814e+03 1.000000e+00
-2.617997e+01 7.390540e+01 6.784637e+03 1.000000e+00
-3.476075e+01 5.104978e+02 7.092979e+03 9.992651e-01
-4.219130e+01 1.050732e+03 6.023664e+03 9.950333e-01
-5.040177e+01 1.782293e+03 6.058805e+03 9.787423e-01
-5.489932e+01 2.706069e+03 4.758268e+03 9.366232e-01
-4.996856e+01 3.465659e+03 3.917029e+03 8.571537e-01
-1.079350e+01 -5.962252e+02 7.421104e+03 1.000000e+00
-2.429124e+01 -4.567570e+02 7.028692e+03 1.000000e+00
-3.534150e+01 -2.121256e+02 7.511827e+03 1.000000e+00
-4.566380e+01 7.958858e+01 6.819658e+03 1.000000e+00
-5.447477e+01 5.209604e+02 7.057182e+03 9.992651e-01
-6.323685e+01 1.065782e+03 6.044062e+03 9.950333e-01
-6.544218e+01 1.800902e+03 5.998784e+03 9.787423e-01
-6.335302e+01 2.733267e+03 4.742044e+03 9.366232e-01
-5.657702e+01 3.491564e+03 3.896049e+03 8.571537e-01
-1.774036e+01 -5.937294e+02 7.433683e+03 1.000000e+00
-3.143126e+01 -4.549116e+02 7.032342e+03 1.000000e+00
-4.611686e+01 -2.103871e+02 7.515607e+03 1.000000e+00
-5.957294e+01 8.497844e+01 6.813787e+03 1.000000e+00
-6.883601e+01 5.305633e+02 7.047613e+03 9.992651e-01
-7.349715e+01 1.081109e+03 6.025867e+03 9.950333e-01
-7.235433e+01 1.822734e+03 5.984517e+03 9.787423e-01
-6.659258e+01 2.761676e+03 4.722730e+03 9.366232e-01
-5.944748e+01 3.518374e+03 3.876357e+03 8.571537e-01
-2.742763e+01 -5.902324e+02 7.442917e+03 1.000000e+00
-4.151922e+01 -4.493099e+02 7.032879e+03 1.000000e+00
-5.497438e+01 -2.043735e+02 7.512807e+03 1.000000e+00
-6.709323e+01 9.006091e+01 6.802991e+03 1.000000e+00
-7.541577e+01 5.355869e+02 7.034906e+03 9.992651e-01
-7.825179e+01 1.091065e+03 6.009507e+03 9.950333e-01
-7.519735e+01 1.840602e+03 5.965779e+03 9.787423e-01
-6.778426e+01 2.787866e+03 4.702095e+03 9.366232e-01
-5.980815e+01 3.544223e+03 3.856246e+03 8.571537e-01
-3.278750e+01 -5.959272e+02 7.444072e+03 1.000000e+00
-4.816545e+01 -4.518980e+02 7.037035e+03 1.000000e+00
-6.200905e+01 -2.039908e+02 7.502703e+03 1.000000e+00
-7.099572e+01 9.591378e+01 6.797213e+03 1.000000e+00
-7.689438e+01 5.479136e+02 7.014206e+03 9.992651e-01
-7.883884e+01 1.107187e+03 5.994875e+03 9.950333e-01
-7.475652e+01 1.861935e+03 5.941194e+03 9.787423e-01
-6.661078e+01 2.814120e+03 4.681267e+03 9.366232e-01
-5.907391e+01 3.569948e+03 3.836147e+03 8.571537e-01
-3.369439e+01 -5.954886e+02 7.445462e+03 1.000000e+00
-4.939984e+01 -4.502375e+02 7.035265e+03 1.000000e+00
-6.308628e+01 -2.000869e+02 7.494667e+03 1.000000e+00
-7.391393e+01 1.017983e+02 6.785138e+03 1.000000e+00
-7.935120e+01 5.583201e+02 6.998607e+03 9.992651e-01
-7.842675e+01 1.123110e+03 5.976187e+03 9.950333e-01
-7.466405e+01 1.881796e+03 5.920437e+03 9.787423e-01
-6.460624e+01 2.840638e+03 4.661883e+03 9.366232e-01
-5.753183e+01 3.594531e+03 3.816578e+03 8.571537e-01
-3.779507e+01 -5.908953e+02 7.444605e+03 1.000000e+00
-5.279955e+01 -4.452325e+02 7.032695e+03 1.000000e+00
-6.541542e+01 -1.934654e+02 7.485141e+03 1.000000e+00
-7.374525e+01 1.077105e+02 6.772390e+03 1.000000e+00
-7.774573e+01 5.655505e+02 6.983505e+03 9.992651e-01
-7.750965e+01 1.135009e+03 5.959839e+03 9.950333e-01
-7.228457e+01 1.899130e+03 5.898092e+03 9.787423e-01
-6.279818e+01 2.865925e+03 4.643357e+03 9.366232e-01
-5.548806e+01 3.618300e+03 3.798014e+03 8.571537e-01
0.000000e+00 -8.381080e+02 5.824782e+03 1.000000e+00
0.000000e+00 -4.233877e+02 5.897572e+03 1.000000e+00
0.000000e+00 7.867410e+01 5.332314e+03 1.000000e+00
0.000000e+00 7.957125e+02 5.132089e+03 1.000000e+00
0.000000e+00 1.676672e+03 4.245704e+03 9.992651e-01
0.000000e+00 2.836622e+03 3.774555e+03 9.950333e-01
0.000000e+00 4.221137e+03 2.625319e+03 9.787423e-01
0.000000e+00 5.871836e+03 1.962982e+03 9.366232e-01
0.000000e+00 6.600690e+03 1.148750e+03 8.571537e-01
-1.140132e+01 -8.513873e+02 5.740846e+03 1.000000e+00
-1.547388e+01 -4.203758e+02 5.990277e+03 1.000000e+00
-2.113136e+01 8.031308e+01 5.236929e+03 1.000000e+00
-2.724759e+01 8.187525e+02 5.226335e+03 1.000000e+00
-3.208664e+01 1.698394e+03 4.138051e+03 9.992651e-01
-3.508648e+01 2.872954e+03 3.858045e+03 9.950333e-01
-3.585594e+01 4.263222e+03 2.476159e+03 9.787423e-01
-2.458920e+01 5.930085e+03 1.961451e+03 9.366232e-01
-2.156860e+01 6.653929e+03 1.137322e+03 8.571537e-01
-1.805963e+01 -8.571818e+02 5.682299e+03 1.000000e+00
-2.919732e+01 -4.176915e+02 6.056031e+03 1.000000e+00
-3.604137e+01 8.262775e+01 5.166786e+03 1.000000e+00
-4.307353e+01 8.417731e+02 5.286289e+03 1.000000e+00
-4.701406e+01 1.722753e+03 4.051801e+03 9.992651e-01
-5.127889e+01 2.908063e+03 3.902532e+03 9.950333e-01
-4.706882e+01 4.305519e+03 2.363946e+03 9.787423e-01
-4.102415e+01 5.974456e+03 1.953902e+03 9.366232e-01
-3.423287e+01 6.692357e+03 1.125578e+03 8.571537e-01
-2.696762e+01 -8.451531e+02 5.709981e+03 1.000000e+00
-4.031186e+01 -4.080148e+02 6.022871e+03 1.000000e+00
-5.292616e+01 9.658810e+01 5.186789e+03 1.000000e+00
-6.211699e+01 8.541575e+02 5.239438e+03 1.000000e+00
-6.695465e+01 1.740499e+03 4.061520e+03 9.992651e-01
-6.713558e+01 2.930710e+03 3.844555e+03 9.950333e-01
-6.171647e+01 4.339393e+03 2.384477e+03 9.787423e-01
-4.821881e+01 6.012547e+03 1.929782e+03 9.366232e-01
-4.010463e+01 6.726816e+03 1.111352e+03 8.571537e-01
-3.683706e+01 -8.439800e+02 5.705488e+03 1.000000e+00
-5.124337e+01 -4.007224e+02 6.016463e+03 1.000000e+00
-6.381787e+01 1.093548e+02 5.167969e+03 1.000000e+00
-7.391740e+01 8.685866e+02 5.219432e+03 1.000000e+00
-7.686137e+01 1.759945e+03 4.033905e+03 9.992651e-01
-7.452947e+01 2.955504e+03 3.817450e+03 9.950333e-01
-6.515525e+01 4.368103e+03 2.353542e+03 9.787423e-01
-5.016331e+01 6.048809e+03 1.908682e+03 9.366232e-01
-4.196168e+01 6.759675e+03 1.095308e+03 8.571537e-01
-4.477262e+01 -8.435196e+02 5.698428e+03 1.000000e+00
-5.953302e+01 -3.984467e+02 6.006085e+03 1.000000e+00
-7.108207e+01 1.179909e+02 5.148952e+03 1.000000e+00
-7.845074e+01 8.870220e+02 5.196855e+03 1.000000e+00
-8.113136e+01 1.789024e+03 4.006761e+03 9.992651e-01
-7.782858e+01 2.991207e+03 3.792447e+03 9.950333e-01
-6.630093e+01 4.406979e+03 2.328928e+03 9.787423e-01
-5.014417e+01 6.088235e+03 1.888617e+03 9.366232e-01
-4.243432e+01 6.793098e+03 1.080420e+03 8.571537e-01
-4.917108e+01 -8.288618e+02 5.694010e+03 1.000000e+00
-6.406339e+01 -3.835793e+02 5.987879e+03 1.000000e+00
-7.541264e+01 1.357798e+02 5.133813e+03 1.000000e+00
-8.267762e+01 9.058747e+02 5.167725e+03 1.000000e+00
-8.351110e+01 1.810253e+03 3.983307e+03 9.992651e-01
-7.910051e+01 3.019364e+03 3.758867e+03 9.950333e-01
-6.951110e+01 4.438493e+03 2.307695e+03 9.787423e-01
-5.228808e+01 6.123465e+03 1.866214e+03 9.366232e-01
-4.320814e+01 6.823364e+03 1.064373e+03 8.571537e-01
-5.430978e+01 -8.236823e+02 5.686280e+03 1.000000e+00
-6.867210e+01 -3.740801e+02 5.972374e+03 1.000000e+00
-7.925018e+01 1.489166e+02 5.113354e+03 1.000000e+00
-8.399355e+01 9.256321e+02 5.142335e+03 1.000000e+00
-8.393358e+01 1.834041e+03 3.954986e+03 9.992651e-01
-7.854128e+01 3.045511e+03 3.727100e+03 9.950333e-01
-6.626235e+01 4.469222e+03 2.279417e+03 9.787423e-01
-4.975996e+01 6.154786e+03 1.842490e+03 9.366232e-01
-4.157199e+01 6.852835e+03 1.047849e+03 8.571537e-01
-5.467190e+01 -8.242195e+02 5.678401e+03 1.000000e+00
-6.923491e+01 -3.694859e+02 5.955071e+03 1.000000e+00
-7.936249e+01 1.578380e+02 5.093627e+03 1.000000e+00
-8.482676e+01 9.449897e+02 5.116941e+03 1.000000e+00
-8.419791e+01 1.860685e+03 3.927255e+03 9.992651e-01
-7.804597e+01 3.075052e+03 3.698061e+03 9.950333e-01
-6.518359e+01 4.503197e+03 2.255557e+03 9.787423e-01
-4.694786e+01 6.187788e+03 1.821972e+03 9.366232e-01
-3.930878e+01 6.882433e+03 1.032940e+03 8.571537e-01
0.000000e+00 -6.406104e+02 4.686770e+03 1.000000e+00
0.000000e+00 -1.151079e+01 4.078865e+03 1.000000e+00
0.000000e+00 8.822971e+02 3.851593e+03 1.000000e+00
0.000000e+00 1.911127e+03 3.015147e+03 1.000000e+00
0.000000e+00 3.213140e+03 2.671769e+03 9.992651e-01
0.000000e+00 4.658386e+03 1.768954e+03 9.950333e-01
0.000000e+00 6.332445e+03 1.511034e+03 9.787423e-01
0.000000e+00 8.119804e+03 8.244761e+02 9.366232e-01
0.000000e+00 8.488133e+03 5.212424e+02 8.571537e-01
-1.762442e+01 -6.216265e+02 4.771833e+03 1.000000e+00
-2.248477e+01 -5.044053e+00 3.985287e+03 1.000000e+00
-2.497822e+01 9.095740e+02 3.942411e+03 1.000000e+00
-2.694813e+01 1.929513e+03 2.912090e+03 1.000000e+00
-2.762968e+01 3.254166e+03 2.766163e+03 9.992651e-01
-2.474420e+01 4.698260e+03 1.672261e+03 9.950333e-01
-1.769304e+01 6.388266e+03 1.642648e+03 9.787423e-01
-1.549332e+01 8.176193e+03 8.098538e+02 9.366232e-01
-1.176121e+01 8.542593e+03 5.210497e+02 8.571537e-01
-3.403413e+01 -6.026535e+02 4.828512e+03 1.000000e+00
-4.177395e+01 1.087237e+01 3.912314e+03 1.000000e+00
-4.886623e+01 9.419897e+02 3.998609e+03 1.000000e+00
-4.970391e+01 1.951740e+03 2.829992e+03 1.000000e+00
-4.819573e+01 3.291526e+03 2.821938e+03 9.992651e-01
-4.225033e+01 4.733841e+03 1.597376e+03 9.950333e-01
-3.341225e+01 6.424256e+03 1.731868e+03 9.787423e-01
-2.250610e+01 8.209805e+03 7.984774e+02 9.366232e-01
-1.983946e+01 8.571488e+03 5.201292e+02 8.571537e-01
-4.273250e+01 -6.014841e+02 4.792094e+03 1.000000e+00
-5.281880e+01 2.598022e+01 3.927150e+03 1.000000e+00
-6.052365e+01 9.614666e+02 3.950193e+03 1.000000e+00
-6.667055e+01 1.983361e+03 2.837486e+03 1.000000e+00
-6.735558e+01 3.326346e+03 2.766011e+03 9.992651e-01
-6.273206e+01 4.775674e+03 1.605265e+03 9.950333e-01
-5.158727e+01 6.457951e+03 1.667447e+03 9.787423e-01
-3.070944e+01 8.240633e+03 7.916757e+02 9.366232e-01
-2.534584e+01 8.595221e+03 5.141630e+02 8.571537e-01
-5.199796e+01 -5.835310e+02 4.782276e+03 1.000000e+00
-6.441984e+01 4.621725e+01 3.905705e+03 1.000000e+00
-7.351771e+01 9.859890e+02 3.929170e+03 1.000000e+00
-7.573427e+01 2.017161e+03 2.808355e+03 1.000000e+00
-7.233883e+01 3.363083e+03 2.740742e+03 9.992651e-01
-6.314669e+01 4.814394e+03 1.578545e+03 9.950333e-01
-4.738261e+01 6.497093e+03 1.646498e+03 9.787423e-01
-3.146653e+01 8.269252e+03 7.774940e+02 9.366232e-01
-2.646019e+01 8.618237e+03 5.076824e+02 8.571537e-01
-6.083820e+01 -5.627585e+02 4.769448e+03 1.000000e+00
-7.208176e+01 7.318701e+01 3.883052e+03 1.000000e+00
-7.882471e+01 1.015298e+03 3.905439e+03 1.000000e+00
-8.075652e+01 2.048315e+03 2.782562e+03 1.000000e+00
-7.652116e+01 3.393911e+03 2.716082e+03 9.992651e-01
-6.696130e+01 4.845290e+03 1.556931e+03 9.950333e-01
-5.091837e+01 6.527846e+03 1.636549e+03 9.787423e-01
-3.159396e+01 8.294761e+03 7.670869e+02 9.366232e-01
-2.691414e+01 8.640044e+03 5.026945e+02 8.571537e-01
-6.647586e+01 -5.575964e+02 4.749352e+03 1.000000e+00
-7.743729e+01 8.812400e+01 3.866518e+03 1.000000e+00
-8.329395e+01 1.037563e+03 3.875843e+03 1.000000e+00
-8.433527e+01 2.078822e+03 2.758880e+03 1.000000e+00
-7.951082e+01 3.431377e+03 2.686083e+03 9.992651e-01
-6.788941e+01 4.882474e+03 1.538046e+03 9.950333e-01
-5.416572e+01 6.562623e+03 1.609075e+03 9.787423e-01
-3.611895e+01 8.320804e+03 7.526830e+02 9.366232e-01
-2.965724e+01 8.662275e+03 4.941132e+02 8.571537e-01
-6.816132e+01 -5.401907e+02 4.731310e+03 1.000000e+00
-7.998838e+01 1.091718e+02 3.844774e+03 1.000000e+00
-8.647695e+01 1.065219e+03 3.849959e+03 1.000000e+00
-8.513941e+01 2.108626e+03 2.733004e+03 1.000000e+00
-7.824373e+01 3.464825e+03 2.659218e+03 9.992651e-01
-6.732016e+01 4.919527e+03 1.515005e+03 9.950333e-01
-5.091012e+01 6.595762e+03 1.584995e+03 9.787423e-01
-3.279376e+01 8.347404e+03 7.358500e+02 9.366232e-01
-2.725500e+01 8.682270e+03 4.848953e+02 8.571537e-01
-6.997237e+01 -5.158939e+02 4.712390e+03 1.000000e+00
-8.049799e+01 1.358372e+02 3.822333e+03 1.000000e+00
-8.649451e+01 1.095676e+03 3.822719e+03 1.000000e+00
-8.629252e+01 2.137224e+03 2.708638e+03 1.000000e+00
-7.956664e+01 3.494196e+03 2.631836e+03 9.992651e-01
-6.767771e+01 4.950953e+03 1.491947e+03 9.950333e-01
-5.051117e+01 6.623914e+03 1.567926e+03 9.787423e-01
-2.968740e+01 8.372175e+03 7.238979e+02 9.366232e-01
-2.487689e+01 8.701997e+03 4.788365e+02 8.571537e-01
0.000000e+00 -2.387204e+02 3.239526e+03 1.000000e+00
0.000000e+00 7.137875e+02 3.048044e+03 1.000000e+00
0.000000e+00 1.754615e+03 2.292303e+03 1.000000e+00
0.000000e+00 3.060445e+03 2.041236e+03 1.000000e+00
0.000000e+00 4.421685e+03 1.252917e+03 9.992651e-01
0.000000e+00 5.964348e+03 1.092693e+03 9.950333e-01
0.000000e+00 7.485771e+03 4.193622e+02 9.787423e-01
0.000000e+00 9.006057e+03 4.465325e+02 9.366232e-01
0.000000e+00 9.170961e+03 3.038973e+02 8.571537e-01
-2.179318e+01 -2.508886e+02 3.150568e+03 1.000000e+00
-2.521829e+01 7.323205e+02 3.133331e+03 1.000000e+00
-2.768814e+01 1.762391e+03 2.192245e+03 1.000000e+00
-2.804704e+01 3.098143e+03 2.132019e+03 1.000000e+00
-2.571138e+01 4.453433e+03 1.146371e+03 9.992651e-01
-2.304904e+01 6.018841e+03 1.178682e+03 9.950333e-01
-1.801459e+01 7.536243e+03 2.836402e+02 9.787423e-01
-5.925694e+00 9.061594e+03 4.563400e+02 9.366232e-01
-6.476888e+00 9.220802e+03 3.035876e+02 8.571537e-01
-3.895914e+01 -2.455190e+02 3.081218e+03 1.000000e+00
-4.374878e+01 7.593979e+02 3.187046e+03 1.000000e+00
-4.519912e+01 1.781595e+03 2.111281e+03 1.000000e+00
-4.749216e+01 3.139468e+03 2.183576e+03 1.000000e+00
-4.436302e+01 4.486158e+03 1.061819e+03 9.992651e-01
-3.946074e+01 6.059337e+03 1.226416e+03 9.950333e-01
-2.934363e+01 7.570778e+03 1.824291e+02 9.787423e-01
-1.545706e+01 9.086001e+03 4.605482e+02 9.366232e-01
-1.299652e+01 9.242177e+03 3.025267e+02 8.571537e-01
-5.148177e+01 -2.121571e+02 3.093802e+03 1.000000e+00
-6.043930e+01 7.885843e+02 3.143236e+03 1.000000e+00
-6.373812e+01 1.818924e+03 2.122594e+03 1.000000e+00
-6.024588e+01 3.173614e+03 2.133747e+03 1.000000e+00
-5.467469e+01 4.523011e+03 1.072484e+03 9.992651e-01
-4.534264e+01 6.085562e+03 1.178512e+03 9.950333e-01
-3.290913e+01 7.597830e+03 2.099841e+02 9.787423e-01
-2.113579e+01 9.099211e+03 4.489328e+02 9.366232e-01
-1.726442e+01 9.256087e+03 2.984044e+02 8.571537e-01
-5.974520e+01 -1.941101e+02 3.075557e+03 1.000000e+00
-6.631186e+01 8.146746e+02 3.125570e+03 1.000000e+00
-7.085663e+01 1.851495e+03 2.097564e+03 1.000000e+00
-7.125494e+01 3.205513e+03 2.115424e+03 1.000000e+00
-6.350416e+01 4.557503e+03 1.050094e+03 9.992651e-01
-5.205713e+01 6.116292e+03 1.164454e+03 9.950333e-01
-3.627656e+01 7.620787e+03 1.982270e+02 9.787423e-01
-2.019868e+01 9.116352e+03 4.409438e+02 9.366232e-01
-1.756879e+01 9.270219e+03 2.925779e+02 8.571537e-01
-6.937572e+01 -1.767798e+02 3.059408e+03 1.000000e+00
-7.542458e+01 8.387507e+02 3.106828e+03 1.000000e+00
-7.700055e+01 1.883169e+03 2.072303e+03 1.000000e+00
-7.379610e+01 3.239595e+03 2.092488e+03 1.000000e+00
-6.571331e+01 4.594182e+03 1.033004e+03 9.992651e-01
-5.334604e+01 6.151453e+03 1.149890e+03 9.950333e-01
-3.898052e+01 7.646098e+03 1.892572e+02 9.787423e-01
-2.277001e+01 9.133452e+03 4.344250e+02 9.366232e-01
-1.902150e+01 9.283779e+03 2.876646e+02 8.571537e-01
-7.363793e+01 -1.418976e+02 3.044178e+03 1.000000e+00
-8.202104e+01 8.717713e+02 3.081967e+03 1.000000e+00
-8.199194e+01 1.918762e+03 2.055895e+03 1.000000e+00
-7.587572e+01 3.276642e+03 2.067702e+03 1.000000e+00
-6.662252e+01 4.626172e+03 1.016655e+03 9.992651e-01
-5.412216e+01 6.181671e+03 1.133163e+03 9.950333e-01
-3.883864e+01 7.670234e+03 1.790652e+02 9.787423e-01
-2.616644e+01 9.147501e+03 4.217604e+02 9.366232e-01
-2.129865e+01 9.295376e+03 2.803410e+02 8.571537e-01
-7.466375e+01 -1.182564e+02 3.025351e+03 1.000000e+00
-7.978112e+01 9.018797e+02 3.059197e+03 1.000000e+00
-8.120494e+01 1.950647e+03 2.033900e+03 1.000000e+00
-7.847509e+01 3.312427e+03 2.045329e+03 1.000000e+00
-6.803648e+01 4.660056e+03 9.987758e+02 9.992651e-01
-5.433323e+01 6.209267e+03 1.115261e+03 9.950333e-01
-3.956583e+01 7.693530e+03 1.658351e+02 9.787423e-01
-2.317476e+01 9.161360e+03 4.077471e+02 9.366232e-01
-1.918445e+01 9.309303e+03 2.713515e+02 8.571537e-01
-7.711755e+01 -1.020734e+02 3.007914e+03 1.000000e+00
-8.364960e+01 9.271251e+02 3.035475e+03 1.000000e+00
-8.452082e+01 1.979022e+03 2.009952e+03 1.000000e+00
-7.951016e+01 3.345784e+03 2.020306e+03 1.000000e+00
-6.916302e+01 4.694410e+03 9.829309e+02 9.992651e-01
-5.528705e+01 6.239317e+03 1.094790e+03 9.950333e-01
-3.802925e+01 7.717365e+03 1.547991e+02 9.787423e-01
-1.991836e+01 9.175970e+03 3.989803e+02 9.366232e-01
-1.671969e+01 9.322380e+03 2.653312e+02 8.571537e-01
0.000000e+00 3.118570e+02 2.543354e+03 1.000000e+00
0.000000e+00 1.312844e+03 1.877892e+03 1.000000e+00
0.000000e+00 2.587065e+03 1.712570e+03 1.000000e+00
0.000000e+00 3.863272e+03 1.031693e+03 1.000000e+00
0.000000e+00 5.322776e+03 9.736451e+02 9.992651e-01
0.000000e+00 6.694074e+03 4.082401e+02 9.950333e-01
0.000000e+00 8.101480e+03 5.596387e+02 9.787423e-01
0.000000e+00 9.353312e+03 2.079024e+02 9.366232e-01
0.000000e+00 9.514319e+03 1.491107e+02 8.571537e-01
-2.144853e+01 3.455037e+02 2.625510e+03 1.000000e+00
-2.339643e+01 1.326495e+03 1.783711e+03 1.000000e+00
-2.388814e+01 2.632663e+03 1.801199e+03 1.000000e+00
-2.243144e+01 3.891219e+03 9.311625e+02 1.000000e+00
-1.977577e+01 5.371651e+03 1.070110e+03 9.992651e-01
-1.377960e+01 6.728666e+03 3.183881e+02 9.950333e-01
-4.608924e+00 8.149476e+03 6.952556e+02 9.787423e-01
-4.112453e+00 9.400064e+03 1.998466e+02 9.366232e-01
-2.845082e+00 9.563180e+03 1.514246e+02 8.571537e-01
-3.995998e+01 3.802987e+02 2.675945e+03 1.000000e+00
-4.336476e+01 1.345688e+03 1.709926e+03 1.000000e+00
-4.329937e+01 2.675251e+03 1.856677e+03 1.000000e+00
-3.917163e+01 3.919535e+03 8.531221e+02 1.000000e+00
-3.388718e+01 5.412290e+03 1.128777e+03 9.992651e-01
-2.582424e+01 6.757104e+03 2.540789e+02 9.950333e-01
-1.823973e+01 8.174407e+03 7.871832e+02 9.787423e-01
-1.084024e+01 9.417104e+03 1.931509e+02 9.366232e-01
-9.212358e+00 9.577919e+03 1.515933e+02 8.571537e-01
-4.966780e+01 3.955794e+02 2.637431e+03 1.000000e+00
-5.332856e+01 1.375790e+03 1.722218e+03 1.000000e+00
-5.479803e+01 2.702551e+03 1.812595e+03 1.000000e+00
-5.295229e+01 3.953119e+03 8.682621e+02 1.000000e+00
-4.505553e+01 5.441650e+03 1.084583e+03 9.992651e-01
-3.698124e+01 6.791478e+03 2.722444e+02 9.950333e-01
-2.666340e+01 8.193244e+03 7.376410e+02 9.787423e-01
-1.318027e+01 9.431015e+03 1.897809e+02 9.366232e-01
-1.062370e+01 9.586982e+03 1.468915e+02 8.571537e-01
-6.236109e+01 4.293927e+02 2.627255e+03 1.000000e+00
-6.563434e+01 1.412047e+03 1.702069e+03 1.000000e+00
-6.407664e+01 2.738459e+03 1.798826e+03 1.000000e+00
-5.848322e+01 3.991279e+03 8.503064e+02 1.000000e+00
-5.067104e+01 5.472345e+03 1.076899e+03 9.992651e-01
-3.797858e+01 6.818253e+03 2.623493e+02 9.950333e-01
-2.397087e+01 8.213637e+03 7.351727e+02 9.787423e-01
-1.245089e+01 9.440767e+03 1.849721e+02 9.366232e-01
-1.038199e+01 9.596328e+03 1.445721e+02 8.571537e-01
-7.023764e+01 4.639773e+02 2.611103e+03 1.000000e+00
-7.310374e+01 1.445750e+03 1.685663e+03 1.000000e+00
-6.965166e+01 2.773213e+03 1.784501e+03 1.000000e+00
-6.241515e+01 4.029319e+03 8.356970e+02 1.000000e+00
-5.215575e+01 5.503553e+03 1.065735e+03 9.992651e-01
-4.011740e+01 6.841567e+03 2.561857e+02 9.950333e-01
-2.784011e+01 8.232832e+03 7.302670e+02 9.787423e-01
-1.602414e+01 9.448583e+03 1.789502e+02 9.366232e-01
-1.294552e+01 9.604854e+03 1.408889e+02 8.571537e-01
-7.119089e+01 4.861351e+02 2.590954e+03 1.000000e+00
-7.326067e+01 1.478259e+03 1.672014e+03 1.000000e+00
-7.259116e+01 2.806463e+03 1.763364e+03 1.000000e+00
-6.621470e+01 4.059748e+03 8.250280e+02 1.000000e+00
-5.565273e+01 5.536275e+03 1.049509e+03 9.992651e-01
-4.326513e+01 6.865171e+03 2.462928e+02 9.950333e-01
-3.058608e+01 8.248549e+03 7.165714e+02 9.787423e-01
-1.576540e+01 9.462154e+03 1.701317e+02 9.366232e-01
-1.295767e+01 9.616291e+03 1.340602e+02 8.571537e-01
-7.777693e+01 5.174825e+02 2.574952e+03 1.000000e+00
-7.982011e+01 1.511091e+03 1.655004e+03 1.000000e+00
-7.590308e+01 2.841383e+03 1.745780e+03 1.000000e+00
-6.681159e+01 4.091453e+03 8.119958e+02 1.000000e+00
-5.586047e+01 5.564679e+03 1.035801e+03 9.992651e-01
-4.193084e+01 6.890884e+03 2.387692e+02 9.950333e-01
-2.640058e+01 8.267052e+03 7.083481e+02 9.787423e-01
-1.391611e+01 9.477790e+03 1.641790e+02 9.366232e-01
-1.147039e+01 9.626079e+03 1.295223e+02 8.571537e-01
-7.682520e+01 5.534106e+02 2.556228e+03 1.000000e+00
-7.920715e+01 1.543304e+03 1.638996e+03 1.000000e+00
-7.637724e+01 2.877061e+03 1.727846e+03 1.000000e+00
-6.880298e+01 4.125046e+03 7.988582e+02 1.000000e+00
-5.740580e+01 5.591687e+03 1.021010e+03 9.992651e-01
-4.360289e+01 6.913740e+03 2.339292e+02 9.950333e-01
-2.835638e+01 8.285338e+03 7.004734e+02 9.787423e-01
-1.254598e+01 9.487910e+03 1.596897e+02 9.366232e-01
-1.045621e+01 9.633820e+03 1.265851e+02 8.571537e-01
0.000000e+00 7.333224e+02 1.604331e+03 1.000000e+00
0.000000e+00 1.948306e+03 1.508755e+03 1.000000e+00
0.000000e+00 3.138829e+03 8.998066e+02 1.000000e+00
0.000000e+00 4.534272e+03 8.810335e+02 1.000000e+00
0.000000e+00 5.807300e+03 3.340975e+02 9.992651e-01
0.000000e+00 7.176379e+03 4.445410e+02 9.950333e-01
0.000000e+00 8.386169e+03 -4.314529e+01 9.787423e-01
0.000000e+00 9.582655e+03 1.304906e+02 9.366232e-01
0.000000e+00 9.666889e+03 6.640405e+01 8.571537e-01
-1.815980e+01 7.245720e+02 1.518141e+03 1.000000e+00
-1.966639e+01 1.979141e+03 1.592589e+03 1.000000e+00
-2.120821e+01 3.147792e+03 8.023661e+02 1.000000e+00
-2.065194e+01 4.577573e+03 9.739836e+02 1.000000e+00
-1.785162e+01 5.842104e+03 2.318814e+02 9.992651e-01
-1.610752e+01 7.236773e+03 5.335339e+02 9.950333e-01
-1.242555e+01 8.437191e+03 -1.714510e+02 9.787423e-01
-7.415502e-01 9.633794e+03 1.412768e+02 9.366232e-01
-1.463413e+00 9.713658e+03 6.705470e+01 8.571537e-01
-3.618225e+01 7.350109e+02 1.450374e+03 1.000000e+00
-3.918546e+01 2.019236e+03 1.645970e+03 1.000000e+00
-3.533157e+01 3.168769e+03 7.297407e+02 1.000000e+00
-3.218271e+01 4.617915e+03 1.031246e+03 1.000000e+00
-2.702952e+01 5.869520e+03 1.565004e+02 9.992651e-01
-2.257734e+01 7.270016e+03 5.878417e+02 9.950333e-01
-1.468796e+01 8.461695e+03 -2.595415e+02 9.787423e-01
-7.721931e+00 9.648219e+03 1.449824e+02 9.366232e-01
-5.611802e+00 9.729179e+03 6.729173e+01 8.571537e-01
-4.863797e+01 7.730004e+02 1.464041e+03 1.000000e+00
-4.771680e+01 2.050106e+03 1.610417e+03 1.000000e+00
-4.621557e+01 3.210408e+03 7.476449e+02 1.000000e+00
-4.149907e+01 4.652068e+03 9.915806e+02 1.000000e+00
-3.393588e+01 5.902532e+03 1.800674e+02 9.992651e-01
-2.408193e+01 7.286780e+03 5.511824e+02 9.950333e-01
-1.643382e+01 8.478648e+03 -2.275592e+02 9.787423e-01
-8.346967e+00 9.652489e+03 1.364527e+02 9.366232e-01
-7.115498e+00 9.736160e+03 6.411347e+01 8.571537e-01
-5.435798e+01 7.998511e+02 1.449754e+03 1.000000e+00
-5.639066e+01 2.081018e+03 1.601278e+03 1.000000e+00
-5.395866e+01 3.244191e+03 7.318700e+02 1.000000e+00
-4.700747e+01 4.681779e+03 9.872520e+02 1.000000e+00
-3.755139e+01 5.934926e+03 1.703146e+02 9.992651e-01
-2.813309e+01 7.311038e+03 5.511149e+02 9.950333e-01
-1.598540e+01 8.493671e+03 -2.344810e+02 9.787423e-01
-6.927871e+00 9.661090e+03 1.344567e+02 9.366232e-01
-5.852652e+00 9.741136e+03 6.154819e+01 8.571537e-01
-6.271651e+01 8.340401e+02 1.438314e+03 1.000000e+00
-6.174501e+01 2.121298e+03 1.587989e+03 1.000000e+00
-5.753269e+01 3.281440e+03 7.200699e+02 1.000000e+00
-5.080410e+01 4.710395e+03 9.777689e+02 1.000000e+00
-4.216047e+01 5.961550e+03 1.620838e+02 9.992651e-01
-3.230357e+01 7.332034e+03 5.453835e+02 9.950333e-01
-2.131809e+01 8.505542e+03 -2.323586e+02 9.787423e-01
-7.132161e+00 9.674166e+03 1.331221e+02 9.366232e-01
-6.035251e+00 9.749450e+03 6.116291e+01 8.571537e-01
-6.987286e+01 8.746022e+02 1.429031e+03 1.000000e+00
-7.005795e+01 2.155483e+03 1.572903e+03 1.000000e+00
-6.453787e+01 3.316525e+03 7.127291e+02 1.000000e+00
-5.594699e+01 4.744221e+03 9.643983e+02 1.000000e+00
-4.489472e+01 5.982794e+03 1.584558e+02 9.992651e-01
-3.087432e+01 7.354746e+03 5.381886e+02 9.950333e-01
-1.758778e+01 8.525362e+03 -2.338235e+02 9.787423e-01
-7.891800e+00 9.682460e+03 1.310395e+02 9.366232e-01
-6.608294e+00 9.755839e+03 6.031086e+01 8.571537e-01
-6.849487e+01 9.074788e+02 1.414673e+03 1.000000e+00
-6.845727e+01 2.189044e+03 1.558484e+03 1.000000e+00
-6.454145e+01 3.347990e+03 7.018966e+02 1.000000e+00
-5.668724e+01 4.774276e+03 9.529008e+02 1.000000e+00
-4.579291e+01 6.008499e+03 1.535566e+02 9.992651e-01
-3.475187e+01 7.373286e+03 5.326060e+02 9.950333e-01
-2.140598e+01 8.539464e+03 -2.334410e+02 9.787423e-01
-7.018345e+00 9.686146e+03 1.295692e+02 9.366232e-01
-6.015650e+00 9.762161e+03 5.990911e+01 8.571537e-01
-7.072757e+01 9.395683e+02 1.402153e+03 1.000000e+00
-7.012000e+01 2.227722e+03 1.541895e+03 1.000000e+00
-6.558955e+01 3.380511e+03 6.900443e+02 1.000000e+00
-5.720605e+01 4.802867e+03 9.398830e+02 1.000000e+00
-4.597017e+01 6.035076e+03 1.475571e+02 9.992651e-01
-3.398529e+01 7.390094e+03 5.216055e+02 9.950333e-01
-2.111274e+01 8.546404e+03 -2.314258e+02 9.787423e-01
-8.623161e+00 9.691819e+03 1.272806e+02 9.366232e-01
-6.792871e+00 9.767731e+03 5.873788e+01 8.571537e-01
0.000000e+00 1.179368e+03 1.344923e+03 1.000000e+00
0.000000e+00 2.281491e+03 8.037793e+02 1.000000e+00
0.000000e+00 3.629346e+03 8.289376e+02 1.000000e+00
0.000000e+00 4.851420e+03 3.189941e+02 1.000000e+00
0.000000e+00 6.224631e+03 4.592105e+02 9.992651e-01
0.000000e+00 7.403480e+03 3.129582e+01 9.950333e-01
0.000000e+00 8.624970e+03 3.231922e+02 9.787423e-01
0.000000e+00 9.653747e+03 4.001266e+01 9.366232e-01
0.000000e+00 9.779062e+03 4.238791e+01 8.571537e-01
-1.674922e+01 1.220107e+03 1.424116e+03 1.000000e+00
-1.811951e+01 2.293341e+03 7.133266e+02 1.000000e+00
-1.922306e+01 3.682380e+03 9.158655e+02 1.000000e+00
-1.814105e+01 4.881263e+03 2.222942e+02 1.000000e+00
-1.306210e+01 6.277401e+03 5.597690e+02 9.992651e-01
-6.025976e+00 7.440306e+03 -5.910494e+01 9.950333e-01
6.110868e-01 8.673479e+03 4.559924e+02 9.787423e-01
-3.106190e+00 9.698428e+03 2.959829e+01 9.366232e-01
-1.618793e+00 9.825705e+03 4.369186e+01 8.571537e-01
-2.930148e+01 1.262943e+03 1.475943e+03 1.000000e+00
-2.781943e+01 2.314016e+03 6.464051e+02 1.000000e+00
-2.614653e+01 3.730091e+03 9.719407e+02 1.000000e+00
-2.134693e+01 4.910718e+03 1.543453e+02 1.000000e+00
-1.871246e+01 6.318069e+03 6.225972e+02 9.992651e-01
-1.540738e+01 7.468163e+03 -1.207805e+02 9.950333e-01
-1.120305e+01 8.694830e+03 5.443226e+02 9.787423e-01
-3.938859e+00 9.714468e+03 2.302793e+01 9.366232e-01
-3.353887e+00 9.835439e+03 4.360051e+01 8.571537e-01
-3.994226e+01 1.289531e+03 1.444192e+03 1.000000e+00
-4.144856e+01 2.352271e+03 6.637675e+02 1.000000e+00
-3.800272e+01 3.756527e+03 9.408912e+02 1.000000e+00
-3.251322e+01 4.944221e+03 1.794073e+02 1.000000e+00
-2.480275e+01 6.343250e+03 5.870779e+02 9.992651e-01
-1.715315e+01 7.497247e+03 -9.297783e+01 9.950333e-01
-1.043861e+01 8.709466e+03 4.998026e+02 9.787423e-01
-6.404366e+00 9.724802e+03 2.230301e+01 9.366232e-01
-4.837834e+00 9.840309e+03 4.072660e+01 8.571537e-01
-4.972348e+01 1.327282e+03 1.439996e+03 1.000000e+00
-4.580054e+01 2.389764e+03 6.521716e+02 1.000000e+00
-4.208043e+01 3.790806e+03 9.383906e+02 1.000000e+00
-3.729602e+01 4.976644e+03 1.701434e+02 1.000000e+00
-2.996843e+01 6.362889e+03 5.915287e+02 9.992651e-01
-2.063142e+01 7.514338e+03 -9.581926e+01 9.950333e-01
-1.051568e+01 8.722580e+03 5.077076e+02 9.787423e-01
-2.124877e+00 9.727533e+03 1.998760e+01 9.366232e-01
-2.456232e+00 9.845500e+03 3.980436e+01 8.571537e-01
-5.552841e+01 1.357613e+03 1.432249e+03 1.000000e+00
-5.324770e+01 2.418119e+03 6.464509e+02 1.000000e+00
-4.818052e+01 3.821367e+03 9.290604e+02 1.000000e+00
-4.077176e+01 5.007135e+03 1.652528e+02 1.000000e+00
-3.132840e+01 6.386517e+03 5.888848e+02 9.992651e-01
-2.169657e+01 7.533226e+03 -9.753104e+01 9.950333e-01
-1.289812e+01 8.736900e+03 5.107861e+02 9.787423e-01
-2.786126e+00 9.728229e+03 2.378330e+01 9.366232e-01
-2.320496e+00 9.848017e+03 4.184431e+01 8.571537e-01
-5.740631e+01 1.389141e+03 1.418423e+03 1.000000e+00
-5.801065e+01 2.453883e+03 6.402902e+02 1.000000e+00
-5.248146e+01 3.852588e+03 9.204003e+02 1.000000e+00
-4.375815e+01 5.033152e+03 1.626291e+02 1.000000e+00
-3.692522e+01 6.415031e+03 5.796196e+02 9.992651e-01
-2.747657e+01 7.545576e+03 -9.582012e+01 9.950333e-01
-1.564765e+01 8.739819e+03 5.058340e+02 9.787423e-01
-5.325375e+00 9.731991e+03 2.307642e+01 9.366232e-01
-4.520483e+00 9.851191e+03 4.116648e+01 8.571537e-01
-6.275859e+01 1.425820e+03 1.409071e+03 1.000000e+00
-5.798011e+01 2.492233e+03 6.315987e+02 1.000000e+00
-5.310328e+01 3.888299e+03 9.115734e+02 1.000000e+00
-4.571281e+01 5.063333e+03 1.591013e+02 1.000000e+00
-3.400035e+01 6.438370e+03 5.742042e+02 9.992651e-01
-2.304483e+01 7.562913e+03 -9.452432e+01 9.950333e-01
-1.313577e+01 8.748780e+03 5.043467e+02 9.787423e-01
-4.103893e+00 9.739277e+03 2.099343e+01 9.366232e-01
-2.980187e+00 9.853862e+03 3.962247e+01 8.571537e-01
-6.178785e+01 1.459073e+03 1.399606e+03 1.000000e+00
-5.957675e+01 2.521860e+03 6.248091e+02 1.000000e+00
-5.429579e+01 3.921185e+03 8.991042e+02 1.000000e+00
-4.658396e+01 5.091994e+03 1.561740e+02 1.000000e+00
-3.671035e+01 6.460566e+03 5.696039e+02 9.992651e-01
-2.602195e+01 7.585475e+03 -9.589829e+01 9.950333e-01
-1.594833e+01 8.767506e+03 4.988851e+02 9.787423e-01
-6.024743e+00 9.743459e+03 1.980389e+01 9.366232e-01
-4.742612e+00 9.856792e+03 3.904623e+01 8.571537e-01
0.000000e+00 1.395658e+03 6.900529e+02 1.000000e+00
0.000000e+00 2.680345e+03 7.552209e+02 1.000000e+00
0.000000e+00 3.841680e+03 2.844963e+02 1.000000e+00
0.000000e+00 5.202981e+03 4.418849e+02 1.000000e+00
0.000000e+00 6.361870e+03 6.804565e+00 9.992651e-01
0.000000e+00 7.631534e+03 2.464806e+02 9.950333e-01
0.000000e+00 8.678805e+03 -1.882330e+02 9.787423e-01
0.000000e+00 9.742531e+03 5.071743e+01 9.366232e-01
0.000000e+00 9.782862e+03 1.541002e+01 8.571537e-01
-9.444504e+00 1.392564e+03 6.079238e+02 1.000000e+00
-9.924659e+00 2.725774e+03 8.377176e+02 1.000000e+00
-9.016981e+00 3.859433e+03 1.938108e+02 1.000000e+00
-8.900620e+00 5.259250e+03 5.330284e+02 1.000000e+00
-1.049755e+01 6.398768e+03 -9.192171e+01 9.992651e-01
-9.575383e+00 7.689361e+03 3.415826e+02 9.950333e-01
-8.672970e+00 8.728593e+03 -3.161369e+02 9.787423e-01
-7.551744e-01 9.793317e+03 5.876152e+01 9.366232e-01
-1.399000e+00 9.829746e+03 1.302150e+01 8.571537e-01
-2.464060e+01 1.402858e+03 5.466490e+02 1.000000e+00
-2.645926e+01 2.768122e+03 8.926925e+02 1.000000e+00
-2.218375e+01 3.881170e+03 1.323515e+02 1.000000e+00
-1.715620e+01 5.302514e+03 5.936245e+02 1.000000e+00
-1.038005e+01 6.426167e+03 -1.578622e+02 9.992651e-01
-7.737444e+00 7.721156e+03 4.002195e+02 9.950333e-01
-3.835711e+00 8.755914e+03 -3.990178e+02 9.787423e-01
-1.183881e+00 9.804418e+03 6.459397e+01 9.366232e-01
-1.013826e+00 9.845422e+03 1.288887e+01 8.571537e-01
-3.132418e+01 1.437567e+03 5.652281e+02 1.000000e+00
-2.746967e+01 2.796358e+03 8.652602e+02 1.000000e+00
-2.610199e+01 3.921223e+03 1.546117e+02 1.000000e+00
-2.279415e+01 5.327768e+03 5.647708e+02 1.000000e+00
-1.780833e+01 6.455972e+03 -1.283986e+02 9.992651e-01
-1.121789e+01 7.735715e+03 3.668624e+02 9.950333e-01
-7.217887e+00 8.769849e+03 -3.611196e+02 9.787423e-01
-3.544171e+00 9.806834e+03 6.098568e+01 9.366232e-01
-2.706004e+00 9.851013e+03 1.368783e+01 8.571537e-01
-3.882484e+01 1.469237e+03 5.581362e+02 1.000000e+00
-3.729200e+01 2.831022e+03 8.645865e+02 1.000000e+00
-3.246949e+01 3.955092e+03 1.454824e+02 1.000000e+00
-2.719285e+01 5.355128e+03 5.659355e+02 1.000000e+00
-2.235142e+01 6.482956e+03 -1.347054e+02 9.992651e-01
-1.505416e+01 7.751248e+03 3.748821e+02 9.950333e-01
-6.986489e+00 8.775064e+03 -3.683057e+02 9.787423e-01
-1.785454e+00 9.811168e+03 6.017783e+01 9.366232e-01
-1.691187e+00 9.851315e+03 1.220984e+01 8.571537e-01
-4.783508e+01 1.507196e+03 5.532418e+02 1.000000e+00
-4.491605e+01 2.867911e+03 8.588040e+02 1.000000e+00
-3.937032e+01 3.986467e+03 1.456080e+02 1.000000e+00
-3.149680e+01 5.381393e+03 5.620312e+02 1.000000e+00
-2.357991e+01 6.502887e+03 -1.357197e+02 9.992651e-01
-1.604939e+01 7.763532e+03 3.757724e+02 9.950333e-01
-8.762355e+00 8.780863e+03 -3.636926e+02 9.787423e-01
-1.619767e+00 9.815385e+03 6.090985e+01 9.366232e-01
-1.392380e+00 9.853036e+03 1.241638e+01 8.571537e-01
-4.559664e+01 1.545497e+03 5.505577e+02 1.000000e+00
-4.301930e+01 2.903483e+03 8.503641e+02 1.000000e+00
-4.030115e+01 4.018980e+03 1.429479e+02 1.000000e+00
-3.492277e+01 5.410127e+03 5.577520e+02 1.000000e+00
-2.651079e+01 6.520819e+03 -1.340324e+02 9.992651e-01
-1.872087e+01 7.785851e+03 3.689159e+02 9.950333e-01
-1.121169e+01 8.798303e+03 -3.592727e+02 9.787423e-01
-1.718246e+00 9.819733e+03 6.100758e+01 9.366232e-01
-1.449504e+00 9.856453e+03 1.210781e+01 8.571537e-01
-5.256466e+01 1.581359e+03 5.448688e+02 1.000000e+00
-4.986104e+01 2.935531e+03 8.441411e+02 1.000000e+00
-4.242210e+01 4.048774e+03 1.388731e+02 1.000000e+00
-3.482241e+01 5.435101e+03 5.522431e+02 1.000000e+00
-2.727324e+01 6.542035e+03 -1.328409e+02 9.992651e-01
-1.704838e+01 7.801856e+03 3.679175e+02 9.950333e-01
-7.552676e+00 8.809356e+03 -3.560920e+02 9.787423e-01
-2.122887e+00 9.819909e+03 6.059116e+01 9.366232e-01
-1.745479e+00 9.860013e+03 1.169179e+01 8.571537e-01
-5.206092e+01 1.617765e+03 5.391453e+02 1.000000e+00
-4.888256e+01 2.970929e+03 8.376949e+02 1.000000e+00
-4.322795e+01 4.078942e+03 1.384134e+02 1.000000e+00
-3.583510e+01 5.462011e+03 5.449128e+02 1.000000e+00
-2.771226e+01 6.562022e+03 -1.322063e+02 9.992651e-01
-1.954651e+01 7.810010e+03 3.669207e+02 9.950333e-01
-1.138955e+01 8.810783e+03 -3.524837e+02 9.787423e-01
-3.877682e+00 9.821869e+03 5.849112e+01 9.366232e-01
-2.819871e+00 9.861848e+03 1.092866e+01 8.571537e-01
