0 729 0.00000e+00
  1     729
0.000000e+00 1.582828e+03 -1.601037e+03 1.000000e+00
0.000000e+00 2.744925e+03 -1.104399e+03 1.000000e+00
0.000000e+00 3.608861e+03 -1.325285e+03 1.000000e+00
0.000000e+00 4.926906e+03 -6.773949e+02 1.000000e+00
0.000000e+00 5.886221e+03 -9.495449e+02 9.992651e-01
0.000000e+00 7.243912e+03 -2.320862e+02 9.950333e-01
0.000000e+00 8.211263e+03 -6.799407e+02 9.787423e-01
0.000000e+00 9.456848e+03 -1.903868e+02 9.366232e-01
0.000000e+00 9.434897e+03 -1.605259e+02 8.571537e-01
6.709773e+00 1.569674e+03 -1.654567e+03 1.000000e+00
1.218156e+01 2.794285e+03 -1.036942e+03 1.000000e+00
1.520531e+01 3.620782e+03 -1.391196e+03 1.000000e+00
1.734431e+01 4.987148e+03 -5.963735e+02 1.000000e+00
1.896535e+01 5.916680e+03 -1.024928e+03 9.992651e-01
1.812916e+01 7.299334e+03 -1.433700e+02 9.950333e-01
1.038552e+01 8.256095e+03 -7.810408e+02 9.787423e-01
6.607800e+00 9.504644e+03 -1.787508e+02 9.366232e-01
4.515403e+00 9.482147e+03 -1.610535e+02 8.571537e-01
7.906782e+00 1.582373e+03 -1.680418e+03 1.000000e+00
9.329591e+00 2.836746e+03 -9.962547e+02 1.000000e+00
1.383973e+01 3.642076e+03 -1.417388e+03 1.000000e+00
1.727526e+01 5.024787e+03 -5.455455e+02 1.000000e+00
1.912805e+01 5.946238e+03 -1.057312e+03 9.992651e-01
1.683163e+01 7.325592e+03 -9.247301e+01 9.950333e-01
1.450414e+01 8.282542e+03 -8.332443e+02 9.787423e-01
1.088206e+01 9.512615e+03 -1.669267e+02 9.366232e-01
8.421034e+00 9.502664e+03 -1.583495e+02 8.571537e-01
9.806453e+00 1.613640e+03 -1.658356e+03 1.000000e+00
1.872577e+01 2.853628e+03 -1.004201e+03 1.000000e+00
2.260906e+01 3.675007e+03 -1.388038e+03 1.000000e+00
2.391590e+01 5.044312e+03 -5.550772e+02 1.000000e+00
2.237420e+01 5.977855e+03 -1.027670e+03 9.992651e-01
1.826484e+01 7.341616e+03 -1.128710e+02 9.950333e-01
1.160957e+01 8.302927e+03 -8.070646e+02 9.787423e-01
8.006900e+00 9.521281e+03 -1.656019e+02 9.366232e-01
7.737520e+00 9.514364e+03 -1.549931e+02 8.571537e-01
8.086757e+00 1.630717e+03 -1.654421e+03 1.000000e+00
1.474656e+01 2.883216e+03 -9.848901e+02 1.000000e+00
1.975028e+01 3.704062e+03 -1.386249e+03 1.000000e+00
2.135223e+01 5.082018e+03 -5.383223e+02 1.000000e+00
2.112773e+01 6.001247e+03 -1.027003e+03 9.992651e-01
2.046988e+01 7.367020e+03 -9.844671e+01 9.950333e-01
1.879477e+01 8.320170e+03 -8.121279e+02 9.787423e-01
1.064278e+01 9.535856e+03 -1.643300e+02 9.366232e-01
8.854650e+00 9.522115e+03 -1.543779e+02 8.571537e-01
6.961564e+00 1.661123e+03 -1.641203e+03 1.000000e+00
1.157499e+01 2.908508e+03 -9.793304e+02 1.000000e+00
1.648492e+01 3.726179e+03 -1.366052e+03 1.000000e+00
2.088033e+01 5.102583e+03 -5.338041e+02 1.000000e+00
2.265346e+01 6.024350e+03 -1.005746e+03 9.992651e-01
1.992679e+01 7.388844e+03 -9.977057e+01 9.950333e-01
1.518760e+01 8.335826e+03 -7.909193e+02 9.787423e-01
1.247318e+01 9.545678e+03 -1.607290e+02 9.366232e-01
1.051204e+01 9.528682e+03 -1.516913e+02 8.571537e-01
8.971931e+00 1.682687e+03 -1.632644e+03 1.000000e+00
1.824843e+01 2.933040e+03 -9.660921e+02 1.000000e+00
2.420403e+01 3.753654e+03 -1.353693e+03 1.000000e+00
2.530044e+01 5.126403e+03 -5.200948e+02 1.000000e+00
2.395884e+01 6.048960e+03 -9.950194e+02 9.992651e-01
2.158299e+01 7.404151e+03 -9.122878e+01 9.950333e-01
1.776179e+01 8.342708e+03 -7.862948e+02 9.787423e-01
1.253213e+01 9.546681e+03 -1.558028e+02 9.366232e-01
1.110738e+01 9.534902e+03 -1.467651e+02 8.571537e-01
4.378361e+00 1.707512e+03 -1.620579e+03 1.000000e+00
1.116142e+01 2.959377e+03 -9.551677e+02 1.000000e+00
1.631572e+01 3.783446e+03 -1.340117e+03 1.000000e+00
2.002535e+01 5.155261e+03 -5.109868e+02 1.000000e+00
2.101527e+01 6.073817e+03 -9.835546e+02 9.992651e-01
1.954081e+01 7.420545e+03 -8.242686e+01 9.950333e-01
1.612113e+01 8.355135e+03 -7.788134e+02 9.787423e-01
1.205549e+01 9.552343e+03 -1.509924e+02 9.366232e-01
9.393627e+00 9.542238e+03 -1.434161e+02 8.571537e-01
5.435983e+00 1.733774e+03 -1.609316e+03 1.000000e+00
1.241622e+01 2.981112e+03 -9.481584e+02 1.000000e+00
1.748781e+01 3.799400e+03 -1.324862e+03 1.000000e+00
2.033830e+01 5.176254e+03 -5.024907e+02 1.000000e+00
2.068032e+01 6.092275e+03 -9.700375e+02 9.992651e-01
1.855499e+01 7.443655e+03 -7.852236e+01 9.950333e-01
1.508027e+01 8.373587e+03 -7.674748e+02 9.787423e-01
1.045586e+01 9.568219e+03 -1.459085e+02 9.366232e-01
8.650517e+00 9.547835e+03 -1.417588e+02 8.571537e-01
0.000000e+00 1.717965e+03 -1.555093e+03 1.000000e+00
0.000000e+00 2.443358e+03 -1.790792e+03 1.000000e+00
0.000000e+00 3.655775e+03 -1.176488e+03 1.000000e+00
0.000000e+00 4.518590e+03 -1.406552e+03 1.000000e+00
0.000000e+00 5.867366e+03 -6.427679e+02 9.992651e-01
0.000000e+00 6.819773e+03 -9.653311e+02 9.950333e-01
0.000000e+00 8.183513e+03 -1.088554e+02 9.787423e-01
0.000000e+00 9.128819e+03 -3.551078e+02 9.366232e-01
0.000000e+00 9.462857e+03 -1.964951e+02 8.571537e-01
4.935062e+00 1.762830e+03 -1.497252e+03 1.000000e+00
9.295598e+00 2.435736e+03 -1.847815e+03 1.000000e+00
1.282089e+01 3.699865e+03 -1.106327e+03 1.000000e+00
1.623532e+01 4.526935e+03 -1.472636e+03 1.000000e+00
1.733849e+01 5.915951e+03 -5.610148e+02 9.992651e-01
1.713626e+01 6.854285e+03 -1.042100e+03 9.950333e-01
1.636931e+01 8.233689e+03 -1.156077e+01 9.787423e-01
4.683300e+00 9.175719e+03 -3.655485e+02 9.366232e-01
4.902882e+00 9.509033e+03 -1.953566e+02 8.571537e-01
1.158381e+01 1.795795e+03 -1.463539e+03 1.000000e+00
1.785285e+01 2.451301e+03 -1.870648e+03 1.000000e+00
2.061415e+01 3.742199e+03 -1.065976e+03 1.000000e+00
2.273412e+01 4.553812e+03 -1.497185e+03 1.000000e+00
2.388098e+01 5.949769e+03 -5.125296e+02 9.992651e-01
2.292557e+01 6.889162e+03 -1.074307e+03 9.950333e-01
1.570630e+01 8.253680e+03 3.383677e+01 9.787423e-01
1.150831e+01 9.198343e+03 -3.691833e+02 9.366232e-01
9.786911e+00 9.517302e+03 -1.939722e+02 8.571537e-01
6.143622e+00 1.808720e+03 -1.472097e+03 1.000000e+00
1.152725e+01 2.484834e+03 -1.845323e+03 1.000000e+00
1.951696e+01 3.765918e+03 -1.071101e+03 1.000000e+00
2.425306e+01 4.592667e+03 -1.467192e+03 1.000000e+00
2.483092e+01 5.974261e+03 -5.232736e+02 9.992651e-01
2.055522e+01 6.922602e+03 -1.046312e+03 9.950333e-01
1.821651e+01 8.273411e+03 1.439203e+01 9.787423e-01
1.387869e+01 9.215205e+03 -3.597793e+02 9.366232e-01
1.132401e+01 9.525589e+03 -1.904580e+02 8.571537e-01
1.106040e+01 1.835022e+03 -1.456051e+03 1.000000e+00
2.077919e+01 2.499226e+03 -1.841295e+03 1.000000e+00
2.481474e+01 3.785185e+03 -1.050133e+03 1.000000e+00
2.642399e+01 4.606852e+03 -1.464385e+03 1.000000e+00
2.549268e+01 5.998050e+03 -5.063878e+02 9.992651e-01
2.417717e+01 6.936740e+03 -1.045977e+03 9.950333e-01
1.963060e+01 8.288258e+03 3.373162e+01 9.787423e-01
1.259282e+01 9.224307e+03 -3.551292e+02 9.366232e-01
1.102740e+01 9.537250e+03 -1.864779e+02 8.571537e-01
8.830548e+00 1.856153e+03 -1.451335e+03 1.000000e+00
1.426080e+01 2.532130e+03 -1.823738e+03 1.000000e+00
1.956627e+01 3.819272e+03 -1.045419e+03 1.000000e+00
2.420794e+01 4.639859e+03 -1.441121e+03 1.000000e+00
2.724031e+01 6.023470e+03 -5.025483e+02 9.992651e-01
2.717758e+01 6.959649e+03 -1.020427e+03 9.950333e-01
2.240704e+01 8.304737e+03 2.426341e+01 9.787423e-01
1.485100e+01 9.230718e+03 -3.491952e+02 9.366232e-01
1.286906e+01 9.546538e+03 -1.830397e+02 8.571537e-01
6.928258e+00 1.877148e+03 -1.440540e+03 1.000000e+00
1.727250e+01 2.553391e+03 -1.811985e+03 1.000000e+00
2.559536e+01 3.840290e+03 -1.028372e+03 1.000000e+00
2.914779e+01 4.665152e+03 -1.427466e+03 1.000000e+00
2.801559e+01 6.045436e+03 -4.875997e+02 9.992651e-01
2.286616e+01 6.984648e+03 -1.010696e+03 9.950333e-01
1.842491e+01 8.328411e+03 3.701748e+01 9.787423e-01
1.466286e+01 9.246726e+03 -3.449801e+02 9.366232e-01
1.294749e+01 9.554487e+03 -1.785792e+02 8.571537e-01
8.867556e+00 1.898416e+03 -1.431692e+03 1.000000e+00
1.592091e+01 2.574008e+03 -1.797715e+03 1.000000e+00
2.031429e+01 3.858777e+03 -1.016459e+03 1.000000e+00
2.375526e+01 4.684454e+03 -1.412230e+03 1.000000e+00
2.540454e+01 6.065713e+03 -4.780285e+02 9.992651e-01
2.508150e+01 7.002687e+03 -1.000593e+03 9.950333e-01
2.130711e+01 8.340946e+03 4.525160e+01 9.787423e-01
1.485542e+01 9.258075e+03 -3.386033e+02 9.366232e-01
1.184930e+01 9.561762e+03 -1.745756e+02 8.571537e-01
6.718474e+00 1.922759e+03 -1.425857e+03 1.000000e+00
1.498595e+01 2.604113e+03 -1.784688e+03 1.000000e+00
2.117999e+01 3.894724e+03 -1.007612e+03 1.000000e+00
2.466965e+01 4.711535e+03 -1.395067e+03 1.000000e+00
2.506229e+01 6.092768e+03 -4.693653e+02 9.992651e-01
2.322045e+01 7.018862e+03 -9.848224e+02 9.950333e-01
1.933784e+01 8.353840e+03 4.719164e+01 9.787423e-01
1.328754e+01 9.259327e+03 -3.304799e+02 9.366232e-01
1.109833e+01 9.571866e+03 -1.710644e+02 8.571537e-01
0.000000e+00 1.471109e+03 -2.211128e+03 1.000000e+00
0.000000e+00 2.545235e+03 -1.698796e+03 1.000000e+00
0.000000e+00 3.265737e+03 -1.932893e+03 1.000000e+00
0.000000e+00 4.517951e+03 -1.195679e+03 1.000000e+00
0.000000e+00 5.377611e+03 -1.451945e+03 9.992651e-01
0.000000e+00 6.767069e+03 -5.695386e+02 9.950333e-01
0.000000e+00 7.734745e+03 -9.902572e+02 9.787423e-01
0.000000e+00 9.120939e+03 -3.733261e+02 9.366232e-01
0.000000e+00 9.100367e+03 -2.892732e+02 8.571537e-01
7.639004e+00 1.463228e+03 -2.259279e+03 1.000000e+00
1.071667e+01 2.600804e+03 -1.641278e+03 1.000000e+00
1.155361e+01 3.276821e+03 -1.994009e+03 1.000000e+00
1.329620e+01 4.573862e+03 -1.122303e+03 1.000000e+00
1.656744e+01 5.408032e+03 -1.519451e+03 9.992651e-01
1.762835e+01 6.822025e+03 -4.854831e+02 9.950333e-01
1.013855e+01 7.777193e+03 -1.090246e+03 9.787423e-01
5.650359e+00 9.168609e+03 -3.680162e+02 9.366232e-01
5.174438e+00 9.148812e+03 -2.931196e+02 8.571537e-01
7.921477e+00 1.468661e+03 -2.279083e+03 1.000000e+00
1.400860e+01 2.630774e+03 -1.608594e+03 1.000000e+00
2.298593e+01 3.290365e+03 -2.014096e+03 1.000000e+00
2.734069e+01 4.608913e+03 -1.081757e+03 1.000000e+00
2.764666e+01 5.437753e+03 -1.542711e+03 9.992651e-01
2.453641e+01 6.846306e+03 -4.409818e+02 9.950333e-01
2.088139e+01 7.810477e+03 -1.137267e+03 9.787423e-01
1.542122e+01 9.183552e+03 -3.629928e+02 9.366232e-01
1.273478e+01 9.176144e+03 -2.925463e+02 8.571537e-01
8.162155e+00 1.495505e+03 -2.259594e+03 1.000000e+00
1.585533e+01 2.646325e+03 -1.613963e+03 1.000000e+00
1.949081e+01 3.320277e+03 -1.985712e+03 1.000000e+00
2.347909e+01 4.626224e+03 -1.088000e+03 1.000000e+00
2.633619e+01 5.468119e+03 -1.511757e+03 9.992651e-01
2.589786e+01 6.864467e+03 -4.539475e+02 9.950333e-01
2.385487e+01 7.838271e+03 -1.098667e+03 9.787423e-01
1.727454e+01 9.195911e+03 -3.542372e+02 9.366232e-01
1.373526e+01 9.191044e+03 -2.858375e+02 8.571537e-01
8.900089e+00 1.511861e+03 -2.257074e+03 1.000000e+00
1.681125e+01 2.678491e+03 -1.596892e+03 1.000000e+00
2.361758e+01 3.345136e+03 -1.982769e+03 1.000000e+00
2.707315e+01 4.655968e+03 -1.065267e+03 1.000000e+00
2.806977e+01 5.491041e+03 -1.508166e+03 9.992651e-01
2.430456e+01 6.892346e+03 -4.383597e+02 9.950333e-01
1.630051e+01 7.850276e+03 -1.107064e+03 9.787423e-01
1.293896e+01 9.207212e+03 -3.502498e+02 9.366232e-01
1.285359e+01 9.197781e+03 -2.838349e+02 8.571537e-01
9.944524e+00 1.530926e+03 -2.242954e+03 1.000000e+00
1.914755e+01 2.690254e+03 -1.590424e+03 1.000000e+00
2.790473e+01 3.366133e+03 -1.959460e+03 1.000000e+00
3.230763e+01 4.679556e+03 -1.060994e+03 1.000000e+00
3.280366e+01 5.516211e+03 -1.484350e+03 9.992651e-01
3.181716e+01 6.908389e+03 -4.376429e+02 9.950333e-01
2.918954e+01 7.862114e+03 -1.091458e+03 9.787423e-01
1.895918e+01 9.222336e+03 -3.500992e+02 9.366232e-01
1.578488e+01 9.207577e+03 -2.801557e+02 8.571537e-01
5.867825e+00 1.551044e+03 -2.235193e+03 1.000000e+00
1.467359e+01 2.714748e+03 -1.575551e+03 1.000000e+00
2.029472e+01 3.391702e+03 -1.945910e+03 1.000000e+00
2.588671e+01 4.700584e+03 -1.042376e+03 1.000000e+00
2.972791e+01 5.540922e+03 -1.468547e+03 9.992651e-01
2.943954e+01 6.931333e+03 -4.169184e+02 9.950333e-01
2.698050e+01 7.888053e+03 -1.070820e+03 9.787423e-01
2.004134e+01 9.234174e+03 -3.371754e+02 9.366232e-01
1.590533e+01 9.219986e+03 -2.725169e+02 8.571537e-01
9.700710e+00 1.569788e+03 -2.223469e+03 1.000000e+00
1.911506e+01 2.736283e+03 -1.565426e+03 1.000000e+00
2.647573e+01 3.414103e+03 -1.930117e+03 1.000000e+00
3.017710e+01 4.723370e+03 -1.028349e+03 1.000000e+00
2.939497e+01 5.561977e+03 -1.451308e+03 9.992651e-01
2.590915e+01 6.953279e+03 -4.082185e+02 9.950333e-01
1.897588e+01 7.905464e+03 -1.060387e+03 9.787423e-01
1.514129e+01 9.243689e+03 -3.304636e+02 9.366232e-01
1.380949e+01 9.230855e+03 -2.673428e+02 8.571537e-01
7.810132e+00 1.588279e+03 -2.212625e+03 1.000000e+00
1.718726e+01 2.754677e+03 -1.555948e+03 1.000000e+00
2.449492e+01 3.432273e+03 -1.912927e+03 1.000000e+00
2.874138e+01 4.749935e+03 -1.019157e+03 1.000000e+00
2.944276e+01 5.580997e+03 -1.436001e+03 9.992651e-01
2.677163e+01 6.970603e+03 -4.050635e+02 9.950333e-01
2.192112e+01 7.910190e+03 -1.056463e+03 9.787423e-01
1.591203e+01 9.259552e+03 -3.299103e+02 9.366232e-01
1.362661e+01 9.237639e+03 -2.642335e+02 8.571537e-01
0.000000e+00 1.671206e+03 -2.139829e+03 1.000000e+00
0.000000e+00 2.241197e+03 -2.425357e+03 1.000000e+00
0.000000e+00 3.354159e+03 -1.789222e+03 1.000000e+00
0.000000e+00 4.058367e+03 -2.040375e+03 1.000000e+00
0.000000e+00 5.355705e+03 -1.161936e+03 9.992651e-01
0.000000e+00 6.226594e+03 -1.462851e+03 9.950333e-01
0.000000e+00 7.663449e+03 -4.235117e+02 9.787423e-01
0.000000e+00 8.639711e+03 -6.060585e+02 9.366232e-01
0.000000e+00 9.102141e+03 -3.520638e+02 8.571537e-01
8.295877e+00 1.713432e+03 -2.088604e+03 1.000000e+00
1.348325e+01 2.233697e+03 -2.478205e+03 1.000000e+00
1.374881e+01 3.402551e+03 -1.730923e+03 1.000000e+00
1.630528e+01 4.074977e+03 -2.098738e+03 1.000000e+00
2.008045e+01 5.409322e+03 -1.085784e+03 9.992651e-01
2.039329e+01 6.264955e+03 -1.536366e+03 9.950333e-01
1.726635e+01 7.720325e+03 -3.404539e+02 9.787423e-01
7.811031e+00 8.697857e+03 -6.170069e+02 9.366232e-01
7.554287e+00 9.152033e+03 -3.512954e+02 8.571537e-01
3.856735e+00 1.743328e+03 -2.065938e+03 1.000000e+00
8.267617e+00 2.245027e+03 -2.497009e+03 1.000000e+00
1.613476e+01 3.435145e+03 -1.698299e+03 1.000000e+00
2.337271e+01 4.095737e+03 -2.114809e+03 1.000000e+00
2.436581e+01 5.439908e+03 -1.047117e+03 9.992651e-01
2.370339e+01 6.300227e+03 -1.560062e+03 9.950333e-01
2.214038e+01 7.742951e+03 -2.995834e+02 9.787423e-01
1.876946e+01 8.733704e+03 -6.146000e+02 9.366232e-01
1.516076e+01 9.164151e+03 -3.480860e+02 8.571537e-01
9.642403e+00 1.754061e+03 -2.076099e+03 1.000000e+00
1.898160e+01 2.271137e+03 -2.473134e+03 1.000000e+00
2.483272e+01 3.453144e+03 -1.703350e+03 1.000000e+00
2.576781e+01 4.125358e+03 -2.087998e+03 1.000000e+00
2.822354e+01 5.454324e+03 -1.054748e+03 9.992651e-01
2.706637e+01 6.323208e+03 -1.528919e+03 9.950333e-01
2.354994e+01 7.747541e+03 -3.105498e+02 9.787423e-01
1.636252e+01 8.744078e+03 -6.050116e+02 9.366232e-01
1.509066e+01 9.172431e+03 -3.436378e+02 8.571537e-01
5.636319e+00 1.775902e+03 -2.059414e+03 1.000000e+00
1.455355e+01 2.285240e+03 -2.470807e+03 1.000000e+00
2.166624e+01 3.480804e+03 -1.684271e+03 1.000000e+00
2.994287e+01 4.150118e+03 -2.082331e+03 1.000000e+00
3.263547e+01 5.483981e+03 -1.032902e+03 9.992651e-01
3.143166e+01 6.345917e+03 -1.528028e+03 9.950333e-01
2.559306e+01 7.778783e+03 -2.966110e+02 9.787423e-01
1.924515e+01 8.758791e+03 -6.037018e+02 9.366232e-01
1.617414e+01 9.188860e+03 -3.411665e+02 8.571537e-01
8.786044e+00 1.789164e+03 -2.057281e+03 1.000000e+00
1.732374e+01 2.308300e+03 -2.453119e+03 1.000000e+00
2.628359e+01 3.495341e+03 -1.676469e+03 1.000000e+00
3.114895e+01 4.170719e+03 -2.054649e+03 1.000000e+00
3.316469e+01 5.507253e+03 -1.029708e+03 9.992651e-01
3.138394e+01 6.373955e+03 -1.501822e+03 9.950333e-01
2.765612e+01 7.807583e+03 -3.005609e+02 9.787423e-01
2.247827e+01 8.779381e+03 -5.900168e+02 9.366232e-01
1.839606e+01 9.203975e+03 -3.361218e+02 8.571537e-01
6.870116e+00 1.808349e+03 -2.049285e+03 1.000000e+00
1.687482e+01 2.325020e+03 -2.441256e+03 1.000000e+00
2.472165e+01 3.514151e+03 -1.659941e+03 1.000000e+00
2.950031e+01 4.192541e+03 -2.040996e+03 1.000000e+00
3.332611e+01 5.525411e+03 -1.005712e+03 9.992651e-01
3.492172e+01 6.390123e+03 -1.485191e+03 9.950333e-01
3.242739e+01 7.810343e+03 -2.746494e+02 9.787423e-01
1.904360e+01 8.786511e+03 -5.841859e+02 9.366232e-01
1.720642e+01 9.211023e+03 -3.305550e+02 8.571537e-01
7.422584e+00 1.826050e+03 -2.040531e+03 1.000000e+00
1.732168e+01 2.343866e+03 -2.427869e+03 1.000000e+00
2.513908e+01 3.535678e+03 -1.646581e+03 1.000000e+00
3.154359e+01 4.215971e+03 -2.021613e+03 1.000000e+00
3.283248e+01 5.549667e+03 -9.915154e+02 9.992651e-01
2.882297e+01 6.412223e+03 -1.466684e+03 9.950333e-01
2.275056e+01 7.830316e+03 -2.658961e+02 9.787423e-01
2.184805e+01 8.801591e+03 -5.762827e+02 9.366232e-01
1.731463e+01 9.220395e+03 -3.260818e+02 8.571537e-01
7.132018e+00 1.839557e+03 -2.032862e+03 1.000000e+00
1.702787e+01 2.360427e+03 -2.414835e+03 1.000000e+00
2.509356e+01 3.553746e+03 -1.634568e+03 1.000000e+00
2.998751e+01 4.230717e+03 -2.001467e+03 1.000000e+00
3.167680e+01 5.573885e+03 -9.845143e+02 9.992651e-01
3.007107e+01 6.433947e+03 -1.451199e+03 9.950333e-01
2.586823e+01 7.862271e+03 -2.657286e+02 9.787423e-01
1.981976e+01 8.820796e+03 -5.613792e+02 9.366232e-01
1.660870e+01 9.237776e+03 -3.200470e+02 8.571537e-01
0.000000e+00 1.441274e+03 -2.787532e+03 1.000000e+00
0.000000e+00 2.427554e+03 -2.306730e+03 1.000000e+00
0.000000e+00 2.974360e+03 -2.606272e+03 1.000000e+00
0.000000e+00 4.121849e+03 -1.834296e+03 1.000000e+00
0.000000e+00 4.818847e+03 -2.104270e+03 9.992651e-01
0.000000e+00 6.173388e+03 -1.072286e+03 9.950333e-01
0.000000e+00 7.068620e+03 -1.458807e+03 9.787423e-01
0.000000e+00 8.586611e+03 -6.682995e+02 9.366232e-01
0.000000e+00 8.589562e+03 -4.854637e+02 8.571537e-01
5.362087e+00 1.424520e+03 -2.830421e+03 1.000000e+00
7.700214e+00 2.467004e+03 -2.259099e+03 1.000000e+00
9.867450e+00 2.972137e+03 -2.658760e+03 1.000000e+00
1.459830e+01 4.166053e+03 -1.768458e+03 1.000000e+00
1.824459e+01 4.837580e+03 -2.166818e+03 9.992651e-01
2.002977e+01 6.218474e+03 -9.949717e+02 9.950333e-01
1.535115e+01 7.111521e+03 -1.541090e+03 9.787423e-01
1.417326e+01 8.638605e+03 -6.523996e+02 9.366232e-01
1.090573e+01 8.641364e+03 -4.834690e+02 8.571537e-01
3.607211e+00 1.426089e+03 -2.844419e+03 1.000000e+00
1.150687e+01 2.497700e+03 -2.238111e+03 1.000000e+00
1.912358e+01 2.988854e+03 -2.673199e+03 1.000000e+00
2.274989e+01 4.197887e+03 -1.737709e+03 1.000000e+00
2.491017e+01 4.863234e+03 -2.183698e+03 9.992651e-01
2.478468e+01 6.240603e+03 -9.590380e+02 9.950333e-01
2.451439e+01 7.147586e+03 -1.568435e+03 9.787423e-01
1.968250e+01 8.652938e+03 -6.403670e+02 9.366232e-01
1.670613e+01 8.674770e+03 -4.782273e+02 8.571537e-01
5.891029e+00 1.448086e+03 -2.828367e+03 1.000000e+00
1.325601e+01 2.512422e+03 -2.245399e+03 1.000000e+00
1.891822e+01 3.013833e+03 -2.648704e+03 1.000000e+00
2.531488e+01 4.217125e+03 -1.745803e+03 1.000000e+00
2.863437e+01 4.898652e+03 -2.153904e+03 9.992651e-01
2.757159e+01 6.263979e+03 -9.713591e+02 9.950333e-01
2.208668e+01 7.177536e+03 -1.539990e+03 9.787423e-01
1.851324e+01 8.671462e+03 -6.407163e+02 9.366232e-01
1.741060e+01 8.693873e+03 -4.745026e+02 8.571537e-01
6.010878e+00 1.460729e+03 -2.831307e+03 1.000000e+00
1.540346e+01 2.531474e+03 -2.228188e+03 1.000000e+00
2.499721e+01 3.027068e+03 -2.645205e+03 1.000000e+00
3.133368e+01 4.238060e+03 -1.723065e+03 1.000000e+00
3.490586e+01 4.916332e+03 -2.149300e+03 9.992651e-01
3.570435e+01 6.288035e+03 -9.500518e+02 9.950333e-01
3.439586e+01 7.191904e+03 -1.540977e+03 9.787423e-01
2.442761e+01 8.692673e+03 -6.326304e+02 9.366232e-01
1.946915e+01 8.705096e+03 -4.712404e+02 8.571537e-01
4.358383e+00 1.478779e+03 -2.818672e+03 1.000000e+00
1.424538e+01 2.543949e+03 -2.224544e+03 1.000000e+00
2.241006e+01 3.052241e+03 -2.622668e+03 1.000000e+00
2.930112e+01 4.255688e+03 -1.716100e+03 1.000000e+00
3.348243e+01 4.935924e+03 -2.119819e+03 9.992651e-01
3.443726e+01 6.308286e+03 -9.440081e+02 9.950333e-01
2.951662e+01 7.212949e+03 -1.512672e+03 9.787423e-01
2.359998e+01 8.703508e+03 -6.211595e+02 9.366232e-01
2.037867e+01 8.716594e+03 -4.641159e+02 8.571537e-01
7.820474e+00 1.490239e+03 -2.811728e+03 1.000000e+00
1.756953e+01 2.561867e+03 -2.213600e+03 1.000000e+00
2.593367e+01 3.066525e+03 -2.609519e+03 1.000000e+00
3.235796e+01 4.274137e+03 -1.695915e+03 1.000000e+00
3.579102e+01 4.959642e+03 -2.102118e+03 9.992651e-01
3.513647e+01 6.331323e+03 -9.204815e+02 9.950333e-01
3.137363e+01 7.239128e+03 -1.501747e+03 9.787423e-01
2.222313e+01 8.723402e+03 -6.164413e+02 9.366232e-01
1.944790e+01 8.733491e+03 -4.600002e+02 8.571537e-01
5.345914e+00 1.506663e+03 -2.803744e+03 1.000000e+00
1.563913e+01 2.578833e+03 -2.202457e+03 1.000000e+00
2.520123e+01 3.084189e+03 -2.593146e+03 1.000000e+00
3.119357e+01 4.292487e+03 -1.680421e+03 1.000000e+00
3.485051e+01 4.978214e+03 -2.081292e+03 9.992651e-01
3.412088e+01 6.351359e+03 -9.072809e+02 9.950333e-01
3.082225e+01 7.258458e+03 -1.481043e+03 9.787423e-01
2.485300e+01 8.737400e+03 -6.084390e+02 9.366232e-01
2.031978e+01 8.748828e+03 -4.542469e+02 8.571537e-01
5.163291e+00 1.520997e+03 -2.796191e+03 1.000000e+00
1.535413e+01 2.591987e+03 -2.192096e+03 1.000000e+00
2.393927e+01 3.100761e+03 -2.577257e+03 1.000000e+00
2.982444e+01 4.312478e+03 -1.667416e+03 1.000000e+00
3.300455e+01 4.993623e+03 -2.060483e+03 9.992651e-01
3.264813e+01 6.374708e+03 -8.984500e+02 9.950333e-01
2.895000e+01 7.273540e+03 -1.461767e+03 9.787423e-01
2.272179e+01 8.746708e+03 -5.941613e+02 9.366232e-01
1.896288e+01 8.755693e+03 -4.459715e+02 8.571537e-01
0.000000e+00 1.701032e+03 -2.660668e+03 1.000000e+00
0.000000e+00 2.127843e+03 -3.033391e+03 1.000000e+00
0.000000e+00 3.139782e+03 -2.432408e+03 1.000000e+00
0.000000e+00 3.658123e+03 -2.751263e+03 1.000000e+00
0.000000e+00 4.845826e+03 -1.817677e+03 9.992651e-01
0.000000e+00 5.538900e+03 -2.130708e+03 9.950333e-01
0.000000e+00 6.977925e+03 -9.114249e+02 9.787423e-01
0.000000e+00 7.914506e+03 -9.810649e+02 9.366232e-01
0.000000e+00 8.559243e+03 -5.730651e+02 8.571537e-01
2.959687e+00 1.743697e+03 -2.622109e+03 1.000000e+00
5.045630e+00 2.124061e+03 -3.079568e+03 1.000000e+00
7.306690e+00 3.188683e+03 -2.381016e+03 1.000000e+00
1.171468e+01 3.670219e+03 -2.803835e+03 1.000000e+00
1.571723e+01 4.893212e+03 -1.752429e+03 9.992651e-01
1.698224e+01 5.572127e+03 -2.197018e+03 9.950333e-01
1.767188e+01 7.023512e+03 -8.334452e+02 9.787423e-01
1.492176e+01 7.966899e+03 -9.850883e+02 9.366232e-01
1.321101e+01 8.605453e+03 -5.679365e+02 8.571537e-01
2.277292e+00 1.772571e+03 -2.611066e+03 1.000000e+00
1.029729e+01 2.129732e+03 -3.091703e+03 1.000000e+00
1.828626e+01 3.215956e+03 -2.361216e+03 1.000000e+00
2.332100e+01 3.687790e+03 -2.816354e+03 1.000000e+00
2.444073e+01 4.919706e+03 -1.727688e+03 9.992651e-01
2.506291e+01 5.601382e+03 -2.214769e+03 9.950333e-01
2.320235e+01 7.034858e+03 -8.035751e+02 9.787423e-01
2.138718e+01 8.003020e+03 -9.804955e+02 9.366232e-01
1.789240e+01 8.614695e+03 -5.634760e+02 8.571537e-01
2.958924e+00 1.781271e+03 -2.620904e+03 1.000000e+00
1.038649e+01 2.150000e+03 -3.073667e+03 1.000000e+00
1.618197e+01 3.230208e+03 -2.370208e+03 1.000000e+00
2.293597e+01 3.712942e+03 -2.790192e+03 1.000000e+00
3.114159e+01 4.937280e+03 -1.734235e+03 9.992651e-01
3.371136e+01 5.634038e+03 -2.185397e+03 9.950333e-01
3.261845e+01 7.064488e+03 -8.119547e+02 9.787423e-01
2.569700e+01 8.031744e+03 -9.660338e+02 9.366232e-01
2.207710e+01 8.631608e+03 -5.567897e+02 8.571537e-01
3.716404e+00 1.796065e+03 -2.607476e+03 1.000000e+00
1.391772e+01 2.163939e+03 -3.076239e+03 1.000000e+00
2.341274e+01 3.250226e+03 -2.350969e+03 1.000000e+00
3.085059e+01 3.729196e+03 -2.785777e+03 1.000000e+00
3.173187e+01 4.959025e+03 -1.710965e+03 9.992651e-01
3.166575e+01 5.653803e+03 -2.180230e+03 9.950333e-01
2.833954e+01 7.091922e+03 -7.910936e+02 9.787423e-01
2.287485e+01 8.047479e+03 -9.610295e+02 9.366232e-01
2.032354e+01 8.652901e+03 -5.525278e+02 8.571537e-01
2.391587e+00 1.805721e+03 -2.609040e+03 1.000000e+00
1.182745e+01 2.182235e+03 -3.059296e+03 1.000000e+00
2.138317e+01 3.258689e+03 -2.346487e+03 1.000000e+00
2.878843e+01 3.747436e+03 -2.760507e+03 1.000000e+00
3.593464e+01 4.975268e+03 -1.705647e+03 9.992651e-01
3.803402e+01 5.667625e+03 -2.148882e+03 9.950333e-01
3.551064e+01 7.100171e+03 -7.923612e+02 9.787423e-01
2.602441e+01 8.059240e+03 -9.564415e+02 9.366232e-01
2.222997e+01 8.666344e+03 -5.512136e+02 8.571537e-01
5.963016e+00 1.820783e+03 -2.604551e+03 1.000000e+00
1.617433e+01 2.192229e+03 -3.049562e+03 1.000000e+00
2.539722e+01 3.279107e+03 -2.332025e+03 1.000000e+00
3.202921e+01 3.764384e+03 -2.745191e+03 1.000000e+00
3.641644e+01 4.994809e+03 -1.679884e+03 9.992651e-01
3.780212e+01 5.691619e+03 -2.131652e+03 9.950333e-01
3.598875e+01 7.126750e+03 -7.623836e+02 9.787423e-01
2.950673e+01 8.084145e+03 -9.415465e+02 9.366232e-01
2.403594e+01 8.682001e+03 -5.421202e+02 8.571537e-01
3.650117e+00 1.831129e+03 -2.598156e+03 1.000000e+00
1.442176e+01 2.204784e+03 -3.039170e+03 1.000000e+00
2.334327e+01 3.291918e+03 -2.318223e+03 1.000000e+00
3.117233e+01 3.780988e+03 -2.726852e+03 1.000000e+00
3.438314e+01 5.011734e+03 -1.664834e+03 9.992651e-01
3.468149e+01 5.710971e+03 -2.107061e+03 9.950333e-01
3.053836e+01 7.144484e+03 -7.495040e+02 9.787423e-01
2.342585e+01 8.104304e+03 -9.293909e+02 9.366232e-01
2.064022e+01 8.694079e+03 -5.361053e+02 8.571537e-01
4.084868e+00 1.844595e+03 -2.591822e+03 1.000000e+00
1.450774e+01 2.221330e+03 -3.029949e+03 1.000000e+00
2.339016e+01 3.304793e+03 -2.305948e+03 1.000000e+00
2.999676e+01 3.795859e+03 -2.708787e+03 1.000000e+00
3.423906e+01 5.030757e+03 -1.652687e+03 9.992651e-01
3.465178e+01 5.723638e+03 -2.084949e+03 9.950333e-01
3.097869e+01 7.159456e+03 -7.462831e+02 9.787423e-01
2.385185e+01 8.112419e+03 -9.263649e+02 9.366232e-01
2.068735e+01 8.708679e+03 -5.339433e+02 8.571537e-01
0.000000e+00 1.482228e+03 -3.268829e+03 1.000000e+00
0.000000e+00 2.393790e+03 -2.855890e+03 1.000000e+00
0.000000e+00 2.779920e+03 -3.247998e+03 1.000000e+00
0.000000e+00 3.816049e+03 -2.507000e+03 1.000000e+00
0.000000e+00 4.296980e+03 -2.856166e+03 9.992651e-01
0.000000e+00 5.530965e+03 -1.742697e+03 9.950333e-01
0.000000e+00 6.220970e+03 -2.100064e+03 9.787423e-01
0.000000e+00 7.783146e+03 -1.102263e+03 9.366232e-01
0.000000e+00 7.847505e+03 -7.653857e+02 8.571537e-01
2.122298e+00 1.466941e+03 -3.305650e+03 1.000000e+00
5.627400e+00 2.439092e+03 -2.816058e+03 1.000000e+00
8.837533e+00 2.784488e+03 -3.294653e+03 1.000000e+00
1.220930e+01 3.863894e+03 -2.454200e+03 1.000000e+00
1.505858e+01 4.318484e+03 -2.913388e+03 9.992651e-01
1.775979e+01 5.577279e+03 -1.674967e+03 9.950333e-01
1.688440e+01 6.269991e+03 -2.169833e+03 9.787423e-01
1.910901e+01 7.836433e+03 -1.084120e+03 9.366232e-01
1.539715e+01 7.900011e+03 -7.601931e+02 8.571537e-01
-1.346572e+00 1.463837e+03 -3.316020e+03 1.000000e+00
4.620883e+00 2.466640e+03 -2.807322e+03 1.000000e+00
1.152419e+01 2.794284e+03 -3.304522e+03 1.000000e+00
1.777144e+01 3.889248e+03 -2.438413e+03 1.000000e+00
2.229445e+01 4.341542e+03 -2.925514e+03 9.992651e-01
2.325393e+01 5.602632e+03 -1.654512e+03 9.950333e-01
2.198388e+01 6.313790e+03 -2.190856e+03 9.787423e-01
2.152101e+01 7.851617e+03 -1.077230e+03 9.366232e-01
1.942505e+01 7.940020e+03 -7.546657e+02 8.571537e-01
2.603845e+00 1.484095e+03 -3.305546e+03 1.000000e+00
1.105097e+01 2.476848e+03 -2.818239e+03 1.000000e+00
1.837913e+01 2.813351e+03 -3.285246e+03 1.000000e+00
2.517350e+01 3.903495e+03 -2.447838e+03 1.000000e+00
3.126324e+01 4.364581e+03 -2.896809e+03 9.992651e-01
3.613522e+01 5.616853e+03 -1.664986e+03 9.950333e-01
3.765419e+01 6.332926e+03 -2.155566e+03 9.787423e-01
3.082725e+01 7.867210e+03 -1.068340e+03 9.366232e-01
2.492881e+01 7.960232e+03 -7.470065e+02 8.571537e-01
-1.435988e+00 1.493861e+03 -3.312150e+03 1.000000e+00
8.246483e+00 2.490490e+03 -2.802795e+03 1.000000e+00
1.832335e+01 2.827641e+03 -3.287003e+03 1.000000e+00
2.541534e+01 3.920617e+03 -2.426750e+03 1.000000e+00
3.019024e+01 4.380380e+03 -2.892828e+03 9.992651e-01
3.093238e+01 5.639092e+03 -1.639315e+03 9.950333e-01
2.833463e+01 6.354112e+03 -2.152485e+03 9.787423e-01
2.505396e+01 7.898021e+03 -1.056910e+03 9.366232e-01
2.313129e+01 7.975644e+03 -7.399900e+02 8.571537e-01
3.847322e+00 1.510456e+03 -3.303134e+03 1.000000e+00
1.271364e+01 2.498006e+03 -2.803705e+03 1.000000e+00
2.149369e+01 2.844987e+03 -3.267479e+03 1.000000e+00
3.036702e+01 3.930916e+03 -2.421676e+03 1.000000e+00
3.602842e+01 4.397839e+03 -2.865624e+03 9.992651e-01
3.842078e+01 5.661557e+03 -1.634079e+03 9.950333e-01
3.644241e+01 6.382227e+03 -2.128385e+03 9.787423e-01
2.946595e+01 7.926818e+03 -1.055511e+03 9.366232e-01
2.451925e+01 7.996913e+03 -7.362214e+02 8.571537e-01
6.546419e-01 1.518787e+03 -3.299755e+03 1.000000e+00
1.233017e+01 2.515084e+03 -2.795608e+03 1.000000e+00
2.255131e+01 2.852996e+03 -3.255612e+03 1.000000e+00
3.001086e+01 3.948371e+03 -2.404319e+03 1.000000e+00
3.537172e+01 4.412559e+03 -2.846673e+03 9.992651e-01
3.950430e+01 5.677561e+03 -1.607365e+03 9.950333e-01
3.923590e+01 6.396774e+03 -2.108305e+03 9.787423e-01
3.143729e+01 7.940502e+03 -1.038820e+03 9.366232e-01
2.580992e+01 8.012544e+03 -7.283621e+02 8.571537e-01
3.491214e+00 1.527957e+03 -3.294743e+03 1.000000e+00
1.347042e+01 2.524442e+03 -2.787072e+03 1.000000e+00
2.197355e+01 2.863833e+03 -3.242579e+03 1.000000e+00
2.990349e+01 3.957914e+03 -2.389065e+03 1.000000e+00
3.524690e+01 4.430003e+03 -2.825386e+03 9.992651e-01
3.433139e+01 5.693992e+03 -1.591187e+03 9.950333e-01
3.146447e+01 6.418164e+03 -2.083154e+03 9.787423e-01
2.631447e+01 7.955073e+03 -1.028016e+03 9.366232e-01
2.295308e+01 8.030341e+03 -7.208531e+02 8.571537e-01
3.478215e+00 1.543398e+03 -3.291566e+03 1.000000e+00
1.410757e+01 2.535841e+03 -2.779692e+03 1.000000e+00
2.318527e+01 2.879246e+03 -3.231835e+03 1.000000e+00
2.991303e+01 3.972212e+03 -2.374506e+03 1.000000e+00
3.428764e+01 4.445518e+03 -2.807726e+03 9.992651e-01
3.563104e+01 5.714546e+03 -1.579532e+03 9.950333e-01
3.288536e+01 6.439852e+03 -2.065585e+03 9.787423e-01
2.695322e+01 7.986051e+03 -1.023369e+03 9.366232e-01
2.312576e+01 8.046812e+03 -7.159882e+02 8.571537e-01
0.000000e+00 1.805227e+03 -3.080789e+03 1.000000e+00
0.000000e+00 2.120367e+03 -3.534427e+03 1.000000e+00
0.000000e+00 3.055566e+03 -3.006714e+03 1.000000e+00
0.000000e+00 3.389212e+03 -3.428128e+03 1.000000e+00
0.000000e+00 4.447835e+03 -2.530872e+03 9.992651e-01
0.000000e+00 4.880626e+03 -2.925324e+03 9.950333e-01
0.000000e+00 6.180913e+03 -1.610529e+03 9.787423e-01
0.000000e+00 6.883264e+03 -1.553431e+03 9.366232e-01
0.000000e+00 7.780532e+03 -9.348455e+02 8.571537e-01
-2.029257e-01 1.845022e+03 -3.049869e+03 1.000000e+00
3.846407e+00 2.110717e+03 -3.572509e+03 1.000000e+00
7.684246e+00 3.096403e+03 -2.966152e+03 1.000000e+00
1.089517e+01 3.395216e+03 -3.476775e+03 1.000000e+00
1.346413e+01 4.488360e+03 -2.478066e+03 9.992651e-01
1.510291e+01 4.905960e+03 -2.985651e+03 9.950333e-01
1.934388e+01 6.217726e+03 -1.540506e+03 9.787423e-01
2.099493e+01 6.933342e+03 -1.546727e+03 9.366232e-01
1.647099e+01 7.821262e+03 -9.257214e+02 8.571537e-01
-2.995221e+00 1.875200e+03 -3.047910e+03 1.000000e+00
2.046652e+00 2.114890e+03 -3.582149e+03 1.000000e+00
8.213512e+00 3.123101e+03 -2.959587e+03 1.000000e+00
1.494087e+01 3.410499e+03 -3.486302e+03 1.000000e+00
2.110338e+01 4.513591e+03 -2.466091e+03 9.992651e-01
2.649804e+01 4.938307e+03 -2.994655e+03 9.950333e-01
2.581749e+01 6.241162e+03 -1.522955e+03 9.787423e-01
2.458008e+01 6.983477e+03 -1.537290e+03 9.366232e-01
2.251810e+01 7.831579e+03 -9.166013e+02 8.571537e-01
1.907003e-01 1.882217e+03 -3.060173e+03 1.000000e+00
9.069134e+00 2.133748e+03 -3.571583e+03 1.000000e+00
1.622688e+01 3.133254e+03 -2.971447e+03 1.000000e+00
2.324293e+01 3.428667e+03 -3.465063e+03 1.000000e+00
2.887835e+01 4.526328e+03 -2.477061e+03 9.992651e-01
3.036588e+01 4.961543e+03 -2.965867e+03 9.950333e-01
3.267720e+01 6.261532e+03 -1.532210e+03 9.787423e-01
3.011384e+01 7.008593e+03 -1.528221e+03 9.366232e-01
2.579974e+01 7.851347e+03 -9.091302e+02 8.571537e-01
-4.828619e+00 1.892404e+03 -3.050936e+03 1.000000e+00
5.255915e+00 2.145037e+03 -3.576376e+03 1.000000e+00
1.562331e+01 3.145487e+03 -2.955688e+03 1.000000e+00
2.287875e+01 3.440881e+03 -3.467076e+03 1.000000e+00
2.847712e+01 4.539060e+03 -2.454050e+03 9.992651e-01
3.483075e+01 4.973471e+03 -2.962866e+03 9.950333e-01
3.364887e+01 6.275642e+03 -1.509142e+03 9.787423e-01
3.159133e+01 7.023729e+03 -1.514249e+03 9.366232e-01
2.620881e+01 7.872925e+03 -9.016559e+02 8.571537e-01
3.046785e+00 1.897663e+03 -3.054941e+03 1.000000e+00
1.186098e+01 2.161487e+03 -3.566001e+03 1.000000e+00
2.025588e+01 3.153005e+03 -2.954307e+03 1.000000e+00
2.990673e+01 3.457947e+03 -3.445160e+03 1.000000e+00
3.603530e+01 4.553893e+03 -2.449168e+03 9.992651e-01
3.717001e+01 4.992195e+03 -2.929836e+03 9.950333e-01
3.929274e+01 6.305539e+03 -1.500558e+03 9.787423e-01
3.362806e+01 7.056963e+03 -1.494864e+03 9.366232e-01
2.822043e+01 7.895336e+03 -8.923669e+02 8.571537e-01
-2.606272e+00 1.910332e+03 -3.052983e+03 1.000000e+00
8.863218e+00 2.165192e+03 -3.560583e+03 1.000000e+00
1.940664e+01 3.167155e+03 -2.944164e+03 1.000000e+00
2.618856e+01 3.462376e+03 -3.430823e+03 1.000000e+00
3.313568e+01 4.568495e+03 -2.427516e+03 9.992651e-01
3.858301e+01 5.005008e+03 -2.909891e+03 9.950333e-01
3.691355e+01 6.325081e+03 -1.469424e+03 9.787423e-01
2.900727e+01 7.075736e+03 -1.486905e+03 9.366232e-01
2.559711e+01 7.913649e+03 -8.837509e+02 8.571537e-01
2.611664e+00 1.921671e+03 -3.051409e+03 1.000000e+00
1.291372e+01 2.175421e+03 -3.552493e+03 1.000000e+00
2.129546e+01 3.176734e+03 -2.934939e+03 1.000000e+00
2.997287e+01 3.475240e+03 -3.415271e+03 1.000000e+00
3.490556e+01 4.576589e+03 -2.410273e+03 9.992651e-01
3.599152e+01 5.023307e+03 -2.885595e+03 9.950333e-01
3.512600e+01 6.336990e+03 -1.456267e+03 9.787423e-01
3.192182e+01 7.095551e+03 -1.475105e+03 9.366232e-01
2.603906e+01 7.925447e+03 -8.774440e+02 8.571537e-01
1.473938e+00 1.928206e+03 -3.048459e+03 1.000000e+00
1.236341e+01 2.187041e+03 -3.548469e+03 1.000000e+00
2.164349e+01 3.183960e+03 -2.925131e+03 1.000000e+00
2.851649e+01 3.488542e+03 -3.401631e+03 1.000000e+00
3.362917e+01 4.588148e+03 -2.397583e+03 9.992651e-01
3.564817e+01 5.038690e+03 -2.865409e+03 9.950333e-01
3.527859e+01 6.362890e+03 -1.439066e+03 9.787423e-01
3.115491e+01 7.119749e+03 -1.454427e+03 9.366232e-01
2.608896e+01 7.947029e+03 -8.673044e+02 8.571537e-01
0.000000e+00 1.581841e+03 -3.619648e+03 1.000000e+00
0.000000e+00 2.458813e+03 -3.288004e+03 1.000000e+00
0.000000e+00 2.717718e+03 -3.764509e+03 1.000000e+00
0.000000e+00 3.671500e+03 -3.109953e+03 1.000000e+00
0.000000e+00 3.935135e+03 -3.576397e+03 9.992651e-01
0.000000e+00 5.018806e+03 -2.499944e+03 9.950333e-01
0.000000e+00 5.386576e+03 -2.908966e+03 9.787423e-01
0.000000e+00 6.763620e+03 -1.778679e+03 9.366232e-01
0.000000e+00 6.863746e+03 -1.272063e+03 8.571537e-01
-3.522010e+00 1.564499e+03 -3.650360e+03 1.000000e+00
2.222529e-01 2.498989e+03 -3.256780e+03 1.000000e+00
4.212327e+00 2.715497e+03 -3.804692e+03 1.000000e+00
7.059215e+00 3.709465e+03 -3.069437e+03 1.000000e+00
9.759294e+00 3.949033e+03 -3.627455e+03 9.992651e-01
1.191036e+01 5.055455e+03 -2.448344e+03 9.950333e-01
1.038881e+01 5.412918e+03 -2.974709e+03 9.787423e-01
1.768531e+01 6.792371e+03 -1.763822e+03 9.366232e-01
1.539812e+01 6.909926e+03 -1.267526e+03 8.571537e-01
-2.090456e+00 1.562547e+03 -3.659543e+03 1.000000e+00
2.054494e+00 2.527337e+03 -3.257177e+03 1.000000e+00
8.244818e+00 2.724139e+03 -3.813547e+03 1.000000e+00
1.464222e+01 3.731710e+03 -3.067288e+03 1.000000e+00
2.204686e+01 3.967841e+03 -3.634449e+03 9.992651e-01
2.799064e+01 5.072142e+03 -2.441642e+03 9.950333e-01
3.498838e+01 5.448152e+03 -2.977712e+03 9.787423e-01
3.187233e+01 6.800657e+03 -1.747759e+03 9.366232e-01
2.627641e+01 6.951111e+03 -1.255775e+03 8.571537e-01
-5.417200e+00 1.578158e+03 -3.652802e+03 1.000000e+00
3.557180e+00 2.533982e+03 -3.272273e+03 1.000000e+00
1.076458e+01 2.740316e+03 -3.800597e+03 1.000000e+00
1.853847e+01 3.742866e+03 -3.079980e+03 1.000000e+00
2.284422e+01 3.983644e+03 -3.614178e+03 9.992651e-01
2.656236e+01 5.085690e+03 -2.450634e+03 9.950333e-01
2.640890e+01 5.475670e+03 -2.945894e+03 9.787423e-01
2.846509e+01 6.831169e+03 -1.738288e+03 9.366232e-01
2.673200e+01 6.975895e+03 -1.242195e+03 8.571537e-01
-3.278665e+00 1.589362e+03 -3.662446e+03 1.000000e+00
6.257223e+00 2.545229e+03 -3.260150e+03 1.000000e+00
1.652648e+01 2.752891e+03 -3.807931e+03 1.000000e+00
2.195086e+01 3.753048e+03 -3.063769e+03 1.000000e+00
2.974353e+01 3.996101e+03 -3.615218e+03 9.992651e-01
3.405070e+01 5.098341e+03 -2.429157e+03 9.950333e-01
3.480499e+01 5.484182e+03 -2.953787e+03 9.787423e-01
3.329994e+01 6.848671e+03 -1.731028e+03 9.366232e-01
2.806683e+01 6.991592e+03 -1.234212e+03 8.571537e-01
-2.024576e+00 1.604696e+03 -3.658911e+03 1.000000e+00
6.700918e+00 2.548494e+03 -3.263566e+03 1.000000e+00
1.589629e+01 2.767215e+03 -3.794248e+03 1.000000e+00
2.726560e+01 3.758787e+03 -3.061211e+03 1.000000e+00
3.303548e+01 4.009457e+03 -3.590452e+03 9.992651e-01
3.711623e+01 5.111479e+03 -2.422438e+03 9.950333e-01
4.225612e+01 5.500353e+03 -2.911112e+03 9.787423e-01
3.791671e+01 6.867938e+03 -1.711122e+03 9.366232e-01
3.162471e+01 7.012566e+03 -1.218742e+03 8.571537e-01
-2.140199e+00 1.608528e+03 -3.658286e+03 1.000000e+00
9.028381e+00 2.560889e+03 -3.260613e+03 1.000000e+00
1.820694e+01 2.768204e+03 -3.786227e+03 1.000000e+00
2.427698e+01 3.773019e+03 -3.047250e+03 1.000000e+00
3.159132e+01 4.013526e+03 -3.574012e+03 9.992651e-01
3.630366e+01 5.125222e+03 -2.396536e+03 9.950333e-01
3.339473e+01 5.512229e+03 -2.889110e+03 9.787423e-01
2.930243e+01 6.894888e+03 -1.697018e+03 9.366232e-01
2.557187e+01 7.030251e+03 -1.209164e+03 8.571537e-01
-2.754937e-02 1.618740e+03 -3.656671e+03 1.000000e+00
1.074903e+01 2.572013e+03 -3.256555e+03 1.000000e+00
2.019339e+01 2.778665e+03 -3.776944e+03 1.000000e+00
2.869992e+01 3.779763e+03 -3.037975e+03 1.000000e+00
3.382072e+01 4.028216e+03 -3.553309e+03 9.992651e-01
3.568720e+01 5.131286e+03 -2.381230e+03 9.950333e-01
3.773691e+01 5.530702e+03 -2.868069e+03 9.787423e-01
3.341870e+01 6.909145e+03 -1.689514e+03 9.366232e-01
2.843250e+01 7.050640e+03 -1.201718e+03 8.571537e-01
-7.999281e-01 1.626532e+03 -3.656915e+03 1.000000e+00
9.923356e+00 2.575028e+03 -3.253151e+03 1.000000e+00
1.907629e+01 2.787179e+03 -3.768665e+03 1.000000e+00
2.652184e+01 3.784717e+03 -3.027160e+03 1.000000e+00
3.219234e+01 4.038590e+03 -3.539968e+03 9.992651e-01
3.548042e+01 5.143028e+03 -2.364930e+03 9.950333e-01
3.625669e+01 5.547028e+03 -2.840464e+03 9.787423e-01
3.345003e+01 6.926100e+03 -1.669526e+03 9.366232e-01
2.807698e+01 7.065747e+03 -1.185819e+03 8.571537e-01
