0 729 0.00000e+00
  1     729
-2.941232e+01 0.000000e+00 7.518204e+03 1.000000e+00
-4.441043e+01 0.000000e+00 8.228640e+03 1.000000e+00
-5.702743e+01 0.000000e+00 7.846987e+03 1.000000e+00
-6.679002e+01 0.000000e+00 8.378693e+03 1.000000e+00
-7.221667e+01 0.000000e+00 7.726785e+03 9.992651e-01
-7.342174e+01 0.000000e+00 8.028009e+03 9.950333e-01
-7.100690e+01 0.000000e+00 7.067830e+03 9.787423e-01
-6.485379e+01 0.000000e+00 6.980213e+03 9.366232e-01
-6.101197e+01 0.000000e+00 6.269096e+03 8.571537e-01
-2.782505e+01 0.000000e+00 7.526501e+03 1.000000e+00
-4.192287e+01 0.000000e+00 8.231983e+03 1.000000e+00
-5.442541e+01 0.000000e+00 7.849587e+03 1.000000e+00
-6.577438e+01 0.000000e+00 8.371380e+03 1.000000e+00
-7.268796e+01 0.000000e+00 7.727024e+03 9.992651e-01
-7.342277e+01 0.000000e+00 8.021480e+03 9.950333e-01
-6.995608e+01 0.000000e+00 7.061631e+03 9.787423e-01
-6.285176e+01 0.000000e+00 6.969715e+03 9.366232e-01
-5.934970e+01 0.000000e+00 6.255131e+03 8.571537e-01
-3.043633e+01 0.000000e+00 7.535200e+03 1.000000e+00
-4.363839e+01 0.000000e+00 8.235567e+03 1.000000e+00
-5.519850e+01 0.000000e+00 7.852325e+03 1.000000e+00
-6.238523e+01 0.000000e+00 8.368183e+03 1.000000e+00
-6.400249e+01 0.000000e+00 7.729185e+03 9.992651e-01
-6.533955e+01 0.000000e+00 8.014188e+03 9.950333e-01
-6.446700e+01 0.000000e+00 7.055602e+03 9.787423e-01
-6.081903e+01 0.000000e+00 6.959643e+03 9.366232e-01
-5.687396e+01 0.000000e+00 6.241997e+03 8.571537e-01
-2.417476e+01 0.000000e+00 7.541833e+03 1.000000e+00
-3.813449e+01 0.000000e+00 8.240383e+03 1.000000e+00
-4.962458e+01 0.000000e+00 7.852880e+03 1.000000e+00
-5.817419e+01 0.000000e+00 8.371946e+03 1.000000e+00
-6.364904e+01 0.000000e+00 7.726160e+03 9.992651e-01
-6.580990e+01 0.000000e+00 8.008354e+03 9.950333e-01
-6.337578e+01 0.000000e+00 7.048340e+03 9.787423e-01
-5.887394e+01 0.000000e+00 6.948557e+03 9.366232e-01
-5.516905e+01 0.000000e+00 6.229570e+03 8.571537e-01
-1.521915e+01 0.000000e+00 7.554573e+03 1.000000e+00
-2.802875e+01 0.000000e+00 8.238305e+03 1.000000e+00
-3.987844e+01 0.000000e+00 7.858860e+03 1.000000e+00
-5.043738e+01 0.000000e+00 8.365577e+03 1.000000e+00
-5.899177e+01 0.000000e+00 7.726146e+03 9.992651e-01
-6.040950e+01 0.000000e+00 8.003329e+03 9.950333e-01
-5.950580e+01 0.000000e+00 7.047422e+03 9.787423e-01
-5.488247e+01 0.000000e+00 6.938923e+03 9.366232e-01
-5.193710e+01 0.000000e+00 6.218623e+03 8.571537e-01
-1.708651e+01 0.000000e+00 7.567250e+03 1.000000e+00
-2.814357e+01 0.000000e+00 8.238954e+03 1.000000e+00
-3.676982e+01 0.000000e+00 7.866975e+03 1.000000e+00
-4.167724e+01 0.000000e+00 8.364775e+03 1.000000e+00
-4.369468e+01 0.000000e+00 7.732950e+03 9.992651e-01
-4.693556e+01 0.000000e+00 7.997369e+03 9.950333e-01
-4.998856e+01 0.000000e+00 7.045852e+03 9.787423e-01
-4.869446e+01 0.000000e+00 6.931918e+03 9.366232e-01
-4.690534e+01 0.000000e+00 6.208377e+03 8.571537e-01
-1.194902e+01 0.000000e+00 7.555125e+03 1.000000e+00
-1.801878e+01 0.000000e+00 8.271447e+03 1.000000e+00
-2.588817e+01 0.000000e+00 7.848227e+03 1.000000e+00
-3.163637e+01 0.000000e+00 8.398468e+03 1.000000e+00
-3.909323e+01 0.000000e+00 7.710309e+03 9.992651e-01
-4.225119e+01 0.000000e+00 8.017816e+03 9.950333e-01
-4.343807e+01 0.000000e+00 7.009150e+03 9.787423e-01
-4.066159e+01 0.000000e+00 6.928526e+03 9.366232e-01
-3.956130e+01 0.000000e+00 6.197576e+03 8.571537e-01
-5.415813e+00 0.000000e+00 7.629200e+03 1.000000e+00
-1.073301e+01 0.000000e+00 8.212508e+03 1.000000e+00
-1.905399e+01 0.000000e+00 7.915208e+03 1.000000e+00
-2.930206e+01 0.000000e+00 8.330728e+03 1.000000e+00
-3.476352e+01 0.000000e+00 7.785749e+03 9.992651e-01
-3.238946e+01 0.000000e+00 7.965503e+03 9.950333e-01
-2.832366e+01 0.000000e+00 7.107692e+03 9.787423e-01
-2.444146e+01 0.000000e+00 6.921885e+03 9.366232e-01
-2.238466e+01 0.000000e+00 6.195905e+03 8.571537e-01
0.000000e+00 0.000000e+00 7.717599e+03 1.000000e+00
0.000000e+00 0.000000e+00 8.128241e+03 1.000000e+00
0.000000e+00 0.000000e+00 8.002867e+03 1.000000e+00
0.000000e+00 0.000000e+00 8.238504e+03 1.000000e+00
0.000000e+00 0.000000e+00 7.887098e+03 9.992651e-01
0.000000e+00 0.000000e+00 7.892333e+03 9.950333e-01
0.000000e+00 0.000000e+00 7.238688e+03 9.787423e-01
0.000000e+00 0.000000e+00 6.914669e+03 9.366232e-01
0.000000e+00 0.000000e+00 6.199467e+03 8.571537e-01
-3.779507e+01 -5.908953e+02 7.444605e+03 1.000000e+00
-5.279955e+01 -4.452325e+02 7.032695e+03 1.000000e+00
-6.541542e+01 -1.934654e+02 7.485141e+03 1.000000e+00
-7.374525e+01 1.077105e+02 6.772390e+03 1.000000e+00
-7.774573e+01 5.655505e+02 6.983505e+03 9.992651e-01
-7.750965e+01 1.135009e+03 5.959839e+03 9.950333e-01
-7.228457e+01 1.899130e+03 5.898092e+03 9.787423e-01
-6.279818e+01 2.865925e+03 4.643357e+03 9.366232e-01
-5.548806e+01 3.618300e+03 3.798014e+03 8.571537e-01
-3.943290e+01 -5.929748e+02 7.444376e+03 1.000000e+00
-5.375177e+01 -4.465143e+02 7.030852e+03 1.000000e+00
-6.548100e+01 -1.935259e+02 7.475707e+03 1.000000e+00
-7.168716e+01 1.149405e+02 6.765966e+03 1.000000e+00
-7.561684e+01 5.779186e+02 6.964826e+03 9.992651e-01
-7.604176e+01 1.149078e+03 5.944682e+03 9.950333e-01
-7.011515e+01 1.918216e+03 5.877362e+03 9.787423e-01
-6.127436e+01 2.889715e+03 4.623539e+03 9.366232e-01
-5.383418e+01 3.642077e+03 3.779767e+03 8.571537e-01
-3.431727e+01 -5.912174e+02 7.443395e+03 1.000000e+00
-4.874663e+01 -4.450157e+02 7.028595e+03 1.000000e+00
-6.014464e+01 -1.906965e+02 7.467025e+03 1.000000e+00
-6.923234e+01 1.211832e+02 6.758551e+03 1.000000e+00
-7.373526e+01 5.857152e+02 6.948712e+03 9.992651e-01
-7.291911e+01 1.159735e+03 5.931902e+03 9.950333e-01
-6.831120e+01 1.934721e+03 5.855654e+03 9.787423e-01
-5.921613e+01 2.911872e+03 4.604495e+03 9.366232e-01
-5.239619e+01 3.664014e+03 3.761616e+03 8.571537e-01
-3.081114e+01 -5.858730e+02 7.444950e+03 1.000000e+00
-4.502821e+01 -4.397129e+02 7.024708e+03 1.000000e+00
-5.666867e+01 -1.835092e+02 7.461583e+03 1.000000e+00
-6.376812e+01 1.272611e+02 6.747119e+03 1.000000e+00
-6.727868e+01 5.919744e+02 6.939167e+03 9.992651e-01
-6.747726e+01 1.170409e+03 5.916274e+03 9.950333e-01
-6.459738e+01 1.949571e+03 5.837381e+03 9.787423e-01
-5.675571e+01 2.933852e+03 4.586923e+03 9.366232e-01
-5.041504e+01 3.684622e+03 3.743722e+03 8.571537e-01
-2.767188e+01 -5.899919e+02 7.442475e+03 1.000000e+00
-4.060233e+01 -4.414007e+02 7.028927e+03 1.000000e+00
-5.019995e+01 -1.811570e+02 7.452388e+03 1.000000e+00
-5.638260e+01 1.341199e+02 6.744365e+03 1.000000e+00
-6.083467e+01 6.050045e+02 6.923723e+03 9.992651e-01
-6.205375e+01 1.186510e+03 5.904451e+03 9.950333e-01
-5.943899e+01 1.967784e+03 5.815510e+03 9.787423e-01
-5.409521e+01 2.954951e+03 4.568981e+03 9.366232e-01
-4.740989e+01 3.705178e+03 3.726626e+03 8.571537e-01
-1.948891e+01 -5.916882e+02 7.442319e+03 1.000000e+00
-2.892088e+01 -4.395852e+02 7.033729e+03 1.000000e+00
-3.956162e+01 -1.762746e+02 7.444889e+03 1.000000e+00
-4.791248e+01 1.399391e+02 6.742361e+03 1.000000e+00
-5.436994e+01 6.116867e+02 6.911033e+03 9.992651e-01
-5.434566e+01 1.195922e+03 5.898979e+03 9.950333e-01
-5.342058e+01 1.982148e+03 5.794542e+03 9.787423e-01
-4.820015e+01 2.974054e+03 4.553175e+03 9.366232e-01
-4.280357e+01 3.724506e+03 3.711175e+03 8.571537e-01
-1.256690e+01 -5.843765e+02 7.470330e+03 1.000000e+00
-2.257113e+01 -4.334016e+02 7.010409e+03 1.000000e+00
-3.039460e+01 -1.683103e+02 7.468544e+03 1.000000e+00
-3.700276e+01 1.464906e+02 6.712968e+03 1.000000e+00
-4.171809e+01 6.189946e+02 6.931961e+03 9.992651e-01
-4.422382e+01 1.205792e+03 5.868034e+03 9.950333e-01
-4.207541e+01 1.998039e+03 5.820720e+03 9.787423e-01
-3.855349e+01 2.993110e+03 4.538476e+03 9.366232e-01
-3.460638e+01 3.743573e+03 3.699278e+03 8.571537e-01
-8.904026e+00 -5.834443e+02 7.414566e+03 1.000000e+00
-1.200794e+01 -4.279688e+02 7.077758e+03 1.000000e+00
-1.781204e+01 -1.614385e+02 7.402876e+03 1.000000e+00
-2.258634e+01 1.659931e+02 6.778062e+03 1.000000e+00
-2.881474e+01 6.410977e+02 6.853325e+03 9.992651e-01
-3.250325e+01 1.231772e+03 5.918678e+03 9.950333e-01
-3.340692e+01 2.022572e+03 5.719916e+03 9.787423e-01
-2.310554e+01 3.015208e+03 4.538071e+03 9.366232e-01
-2.208937e+01 3.763320e+03 3.689866e+03 8.571537e-01
0.000000e+00 -5.867934e+02 7.336268e+03 1.000000e+00
0.000000e+00 -4.233192e+02 7.166788e+03 1.000000e+00
0.000000e+00 -1.561996e+02 7.314695e+03 1.000000e+00
0.000000e+00 1.839673e+02 6.867991e+03 1.000000e+00
0.000000e+00 6.594177e+02 6.753627e+03 9.992651e-01
0.000000e+00 1.255638e+03 5.996617e+03 9.950333e-01
0.000000e+00 2.045454e+03 5.585910e+03 9.787423e-01
0.000000e+00 3.040313e+03 4.541678e+03 9.366232e-01
0.000000e+00 3.787091e+03 3.682280e+03 8.571537e-01
-5.467190e+01 -8.242195e+02 5.678401e+03 1.000000e+00
-6.923491e+01 -3.694859e+02 5.955071e+03 1.000000e+00
-7.936249e+01 1.578380e+02 5.093627e+03 1.000000e+00
-8.482676e+01 9.449897e+02 5.116941e+03 1.000000e+00
-8.419791e+01 1.860685e+03 3.927255e+03 9.992651e-01
-7.804597e+01 3.075052e+03 3.698061e+03 9.950333e-01
-6.518359e+01 4.503197e+03 2.255557e+03 9.787423e-01
-4.694786e+01 6.187788e+03 1.821972e+03 9.366232e-01
-3.930878e+01 6.882433e+03 1.032940e+03 8.571537e-01
-5.311755e+01 -8.118642e+02 5.668175e+03 1.000000e+00
-6.710109e+01 -3.543640e+02 5.936985e+03 1.000000e+00
-7.726266e+01 1.776406e+02 5.074763e+03 1.000000e+00
-8.353698e+01 9.603871e+02 5.088566e+03 1.000000e+00
-8.270674e+01 1.877978e+03 3.903493e+03 9.992651e-01
-7.586118e+01 3.100824e+03 3.667643e+03 9.950333e-01
-6.370708e+01 4.531926e+03 2.232179e+03 9.787423e-01
-4.510784e+01 6.221857e+03 1.802532e+03 9.366232e-01
-3.749105e+01 6.910654e+03 1.018731e+03 8.571537e-01
-5.275083e+01 -8.068417e+02 5.658983e+03 1.000000e+00
-6.591177e+01 -3.442786e+02 5.919664e+03 1.000000e+00
-7.534489e+01 1.924009e+02 5.056235e+03 1.000000e+00
-7.957042e+01 9.764199e+02 5.061328e+03 1.000000e+00
-7.882200e+01 1.900272e+03 3.879751e+03 9.992651e-01
-7.274791e+01 3.129517e+03 3.639670e+03 9.950333e-01
-5.918328e+01 4.563893e+03 2.211453e+03 9.787423e-01
-4.351252e+01 6.256671e+03 1.783491e+03 9.366232e-01
-3.626690e+01 6.940024e+03 1.005031e+03 8.571537e-01
-4.642070e+01 -8.088039e+02 5.649651e+03 1.000000e+00
-5.945511e+01 -3.406114e+02 5.906372e+03 1.000000e+00
-6.887579e+01 2.000831e+02 5.036130e+03 1.000000e+00
-7.372661e+01 9.934166e+02 5.039596e+03 1.000000e+00
-7.336784e+01 1.924171e+03 3.852541e+03 9.992651e-01
-6.776887e+01 3.155707e+03 3.614736e+03 9.950333e-01
-5.831717e+01 4.595455e+03 2.185161e+03 9.787423e-01
-4.392567e+01 6.287701e+03 1.762711e+03 9.366232e-01
-3.581610e+01 6.968609e+03 9.907672e+02 8.571537e-01
-4.029332e+01 -7.958506e+02 5.646498e+03 1.000000e+00
-5.160907e+01 -3.258276e+02 5.889085e+03 1.000000e+00
-5.939749e+01 2.155360e+02 5.024171e+03 1.000000e+00
-6.335530e+01 1.010017e+03 5.015002e+03 1.000000e+00
-6.462984e+01 1.940042e+03 3.832951e+03 9.992651e-01
-6.127903e+01 3.174958e+03 3.584325e+03 9.950333e-01
-5.297212e+01 4.618911e+03 2.164186e+03 9.787423e-01
-4.029551e+01 6.315874e+03 1.741387e+03 9.366232e-01
-3.358165e+01 6.993522e+03 9.760214e+02 8.571537e-01
-3.277025e+01 -7.869646e+02 5.644471e+03 1.000000e+00
-4.228560e+01 -3.159861e+02 5.874964e+03 1.000000e+00
-4.828776e+01 2.289391e+02 5.016125e+03 1.000000e+00
-5.306112e+01 1.029729e+03 4.993746e+03 1.000000e+00
-5.447958e+01 1.966285e+03 3.818719e+03 9.992651e-01
-5.212929e+01 3.204705e+03 3.558927e+03 9.950333e-01
-4.477156e+01 4.649641e+03 2.151676e+03 9.787423e-01
-3.468356e+01 6.346008e+03 1.724513e+03 9.366232e-01
-2.918798e+01 7.018391e+03 9.638933e+02 8.571537e-01
-2.189611e+01 -7.894922e+02 5.619022e+03 1.000000e+00
-2.810666e+01 -3.089495e+02 5.893121e+03 1.000000e+00
-3.567135e+01 2.406895e+02 4.980352e+03 1.000000e+00
-4.067326e+01 1.049864e+03 5.005514e+03 1.000000e+00
-4.351118e+01 1.991599e+03 3.777539e+03 9.992651e-01
-4.075386e+01 3.234289e+03 3.568958e+03 9.950333e-01
-3.726211e+01 4.675812e+03 2.099509e+03 9.787423e-01
-2.896999e+01 6.373128e+03 1.712659e+03 9.366232e-01
-2.408110e+01 7.041245e+03 9.525958e+02 8.571537e-01
-6.528028e+00 -7.753665e+02 5.680219e+03 1.000000e+00
-1.239679e+01 -2.977517e+02 5.825793e+03 1.000000e+00
-1.518665e+01 2.614270e+02 5.039699e+03 1.000000e+00
-1.653737e+01 1.059905e+03 4.929958e+03 1.000000e+00
-1.615778e+01 2.010675e+03 3.839310e+03 9.992651e-01
-1.523624e+01 3.252891e+03 3.498595e+03 9.950333e-01
-1.354992e+01 4.699438e+03 2.184378e+03 9.787423e-01
-1.895650e+01 6.397728e+03 1.696154e+03 9.366232e-01
-1.483441e+01 7.064283e+03 9.446584e+02 8.571537e-01
0.000000e+00 -7.615380e+02 5.762018e+03 1.000000e+00
0.000000e+00 -2.942311e+02 5.739028e+03 1.000000e+00
0.000000e+00 2.761954e+02 5.127390e+03 1.000000e+00
0.000000e+00 1.065548e+03 4.836975e+03 1.000000e+00
0.000000e+00 2.031115e+03 3.932409e+03 9.992651e-01
0.000000e+00 3.273538e+03 3.410337e+03 9.950333e-01
0.000000e+00 4.733276e+03 2.309442e+03 9.787423e-01
0.000000e+00 6.433257e+03 1.680133e+03 9.366232e-01
0.000000e+00 7.099204e+03 9.398606e+02 8.571537e-01
-6.997237e+01 -5.158939e+02 4.712390e+03 1.000000e+00
-8.049799e+01 1.358372e+02 3.822333e+03 1.000000e+00
-8.649451e+01 1.095676e+03 3.822719e+03 1.000000e+00
-8.629252e+01 2.137224e+03 2.708638e+03 1.000000e+00
-7.956664e+01 3.494196e+03 2.631836e+03 9.992651e-01
-6.767771e+01 4.950953e+03 1.491947e+03 9.950333e-01
-5.051117e+01 6.623914e+03 1.567926e+03 9.787423e-01
-2.968740e+01 8.372175e+03 7.238979e+02 9.366232e-01
-2.487689e+01 8.701997e+03 4.788365e+02 8.571537e-01
-6.981030e+01 -5.094490e+02 4.692808e+03 1.000000e+00
-7.940269e+01 1.486481e+02 3.801815e+03 1.000000e+00
-8.449304e+01 1.112300e+03 3.793696e+03 1.000000e+00
-8.554050e+01 2.166966e+03 2.681251e+03 1.000000e+00
-8.026645e+01 3.529953e+03 2.602740e+03 9.992651e-01
-6.723212e+01 4.983360e+03 1.471123e+03 9.950333e-01
-4.929657e+01 6.655902e+03 1.543298e+03 9.787423e-01
-2.701034e+01 8.395953e+03 7.128684e+02 9.366232e-01
-2.289788e+01 8.723159e+03 4.724565e+02 8.571537e-01
-6.516698e+01 -4.940305e+02 4.673646e+03 1.000000e+00
-7.507193e+01 1.666156e+02 3.781471e+03 1.000000e+00
-8.109412e+01 1.133041e+03 3.765290e+03 1.000000e+00
-8.060590e+01 2.194171e+03 2.655282e+03 1.000000e+00
-7.423694e+01 3.558106e+03 2.573990e+03 9.992651e-01
-6.310868e+01 5.010309e+03 1.451816e+03 9.950333e-01
-4.418475e+01 6.683330e+03 1.526053e+03 9.787423e-01
-2.354287e+01 8.420222e+03 7.060270e+02 9.366232e-01
-2.039520e+01 8.743370e+03 4.683818e+02 8.571537e-01
-6.039643e+01 -4.708589e+02 4.658583e+03 1.000000e+00
-6.999677e+01 1.909865e+02 3.758846e+03 1.000000e+00
-7.583141e+01 1.161026e+03 3.742197e+03 1.000000e+00
-7.477563e+01 2.219594e+03 2.630785e+03 1.000000e+00
-6.882554e+01 3.583947e+03 2.550700e+03 9.992651e-01
-5.791460e+01 5.038407e+03 1.429153e+03 9.950333e-01
-4.388845e+01 6.708728e+03 1.512974e+03 9.787423e-01
-2.620447e+01 8.446364e+03 6.978873e+02 9.366232e-01
-2.170881e+01 8.762278e+03 4.642394e+02 8.571537e-01
-5.317435e+01 -4.662180e+02 4.639707e+03 1.000000e+00
-6.097957e+01 2.021666e+02 3.745621e+03 1.000000e+00
-6.482323e+01 1.180638e+03 3.716522e+03 1.000000e+00
-6.539378e+01 2.243168e+03 2.611197e+03 1.000000e+00
-6.171659e+01 3.615385e+03 2.523763e+03 9.992651e-01
-5.315461e+01 5.071312e+03 1.410561e+03 9.950333e-01
-4.136943e+01 6.738693e+03 1.484673e+03 9.787423e-01
-2.422732e+01 8.470898e+03 6.865674e+02 9.366232e-01
-2.041152e+01 8.781850e+03 4.573495e+02 8.571537e-01
-4.181408e+01 -4.566761e+02 4.623376e+03 1.000000e+00
-4.981899e+01 2.182030e+02 3.735035e+03 1.000000e+00
-5.458642e+01 1.201043e+03 3.693991e+03 1.000000e+00
-5.286141e+01 2.263348e+03 2.597329e+03 1.000000e+00
-4.836887e+01 3.636724e+03 2.500361e+03 9.992651e-01
-3.966079e+01 5.093826e+03 1.399894e+03 9.950333e-01
-2.854685e+01 6.760850e+03 1.469674e+03 9.787423e-01
-2.011613e+01 8.490362e+03 6.797115e+02 9.366232e-01
-1.735962e+01 8.798909e+03 4.529048e+02 8.571537e-01
-2.667187e+01 -4.331125e+02 4.637721e+03 1.000000e+00
-3.271659e+01 2.364017e+02 3.698336e+03 1.000000e+00
-3.544199e+01 1.224471e+03 3.704565e+03 1.000000e+00
-3.882389e+01 2.285838e+03 2.557940e+03 1.000000e+00
-3.859888e+01 3.661825e+03 2.511633e+03 9.992651e-01
-3.557827e+01 5.115150e+03 1.363743e+03 9.950333e-01
-2.828901e+01 6.786185e+03 1.498728e+03 9.787423e-01
-1.791706e+01 8.508127e+03 6.690707e+02 9.366232e-01
-1.449015e+01 8.814716e+03 4.500892e+02 8.571537e-01
-1.283273e+01 -4.350251e+02 4.571535e+03 1.000000e+00
-1.557625e+01 2.493465e+02 3.753852e+03 1.000000e+00
-1.920222e+01 1.232369e+03 3.627566e+03 1.000000e+00
-2.103761e+01 2.314568e+03 2.612642e+03 1.000000e+00
-2.104224e+01 3.685596e+03 2.429153e+03 9.992651e-01
-1.955025e+01 5.147094e+03 1.412198e+03 9.950333e-01
-1.772345e+01 6.812725e+03 1.391724e+03 9.787423e-01
-8.580200e+00 8.530015e+03 6.684769e+02 9.366232e-01
-8.402209e+00 8.832764e+03 4.467643e+02 8.571537e-01
0.000000e+00 -4.484076e+02 4.487895e+03 1.000000e+00
0.000000e+00 2.600289e+02 3.836381e+03 1.000000e+00
0.000000e+00 1.234243e+03 3.533882e+03 1.000000e+00
0.000000e+00 2.338188e+03 2.698868e+03 1.000000e+00
0.000000e+00 3.701629e+03 2.329263e+03 9.992651e-01
0.000000e+00 5.179778e+03 1.491173e+03 9.950333e-01
0.000000e+00 6.840486e+03 1.258500e+03 9.787423e-01
0.000000e+00 8.566408e+03 6.751893e+02 9.366232e-01
0.000000e+00 8.864620e+03 4.446423e+02 8.571537e-01
-7.711755e+01 -1.020734e+02 3.007914e+03 1.000000e+00
-8.364960e+01 9.271251e+02 3.035475e+03 1.000000e+00
-8.452082e+01 1.979022e+03 2.009952e+03 1.000000e+00
-7.951016e+01 3.345784e+03 2.020306e+03 1.000000e+00
-6.916302e+01 4.694410e+03 9.829309e+02 9.992651e-01
-5.528705e+01 6.239317e+03 1.094790e+03 9.950333e-01
-3.802925e+01 7.717365e+03 1.547991e+02 9.787423e-01
-1.991836e+01 9.175970e+03 3.989803e+02 9.366232e-01
-1.671969e+01 9.322380e+03 2.653312e+02 8.571537e-01
-7.715345e+01 -6.927084e+01 2.987972e+03 1.000000e+00
-8.519431e+01 9.581965e+02 3.010381e+03 1.000000e+00
-8.554287e+01 2.014707e+03 1.990139e+03 1.000000e+00
-7.869912e+01 3.377083e+03 1.997268e+03 1.000000e+00
-6.903802e+01 4.721753e+03 9.621485e+02 9.992651e-01
-5.547343e+01 6.266615e+03 1.078996e+03 9.950333e-01
-3.577518e+01 7.738342e+03 1.469668e+02 9.787423e-01
-1.656078e+01 9.190902e+03 3.926251e+02 9.366232e-01
-1.416538e+01 9.332992e+03 2.614658e+02 8.571537e-01
-7.197517e+01 -4.707215e+01 2.969844e+03 1.000000e+00
-7.681138e+01 9.840475e+02 2.985938e+03 1.000000e+00
-7.894682e+01 2.045143e+03 1.969313e+03 1.000000e+00
-7.603413e+01 3.406702e+03 1.972500e+03 1.000000e+00
-6.608393e+01 4.753145e+03 9.437585e+02 9.992651e-01
-5.182044e+01 6.296332e+03 1.062110e+03 9.950333e-01
-3.405785e+01 7.760189e+03 1.421856e+02 9.787423e-01
-1.299837e+01 9.205263e+03 3.913229e+02 9.366232e-01
-1.165736e+01 9.344453e+03 2.605707e+02 8.571537e-01
-6.501751e+01 -3.339126e+01 2.950780e+03 1.000000e+00
-7.171434e+01 1.005088e+03 2.965145e+03 1.000000e+00
-7.313335e+01 2.069154e+03 1.944633e+03 1.000000e+00
-6.903848e+01 3.434561e+03 1.950738e+03 1.000000e+00
-6.009171e+01 4.782621e+03 9.262592e+02 9.992651e-01
-4.712100e+01 6.321826e+03 1.045476e+03 9.950333e-01
-3.083070e+01 7.781881e+03 1.341525e+02 9.787423e-01
-1.555548e+01 9.217160e+03 3.892258e+02 9.366232e-01
-1.324726e+01 9.356769e+03 2.586730e+02 8.571537e-01
-5.840455e+01 -2.433211e+00 2.935959e+03 1.000000e+00
-6.451438e+01 1.034141e+03 2.941326e+03 1.000000e+00
-6.379811e+01 2.096704e+03 1.931058e+03 1.000000e+00
-5.816433e+01 3.464167e+03 1.929547e+03 1.000000e+00
-5.126181e+01 4.806664e+03 9.120211e+02 9.992651e-01
-4.084788e+01 6.342807e+03 1.029325e+03 9.950333e-01
-2.896220e+01 7.799896e+03 1.266318e+02 9.787423e-01
-1.665676e+01 9.227062e+03 3.814944e+02 9.366232e-01
-1.356375e+01 9.365816e+03 2.545564e+02 8.571537e-01
-4.563923e+01 1.972508e+01 2.926216e+03 1.000000e+00
-4.846744e+01 1.058046e+03 2.921624e+03 1.000000e+00
-4.930305e+01 2.123175e+03 1.920196e+03 1.000000e+00
-4.991040e+01 3.493110e+03 1.907778e+03 1.000000e+00
-4.445020e+01 4.835363e+03 9.042632e+02 9.992651e-01
-3.633199e+01 6.368593e+03 1.013841e+03 9.950333e-01
-2.566867e+01 7.817424e+03 1.230503e+02 9.787423e-01
-1.243958e+01 9.238321e+03 3.758372e+02 9.366232e-01
-1.129364e+01 9.374649e+03 2.507476e+02 8.571537e-01
-3.155162e+01 2.228840e+01 2.894597e+03 1.000000e+00
-3.581730e+01 1.075925e+03 2.932359e+03 1.000000e+00
-3.753954e+01 2.142847e+03 1.882158e+03 1.000000e+00
-3.348944e+01 3.517398e+03 1.920163e+03 1.000000e+00
-2.862228e+01 4.859311e+03 8.701014e+02 9.992651e-01
-2.142200e+01 6.396818e+03 1.030579e+03 9.950333e-01
-1.499879e+01 7.833180e+03 8.648064e+01 9.787423e-01
-1.142787e+01 9.252343e+03 3.755158e+02 9.366232e-01
-9.960403e+00 9.383988e+03 2.467172e+02 8.571537e-01
-1.484890e+01 4.687726e+01 2.948780e+03 1.000000e+00
-1.632642e+01 1.089335e+03 2.860684e+03 1.000000e+00
-1.641328e+01 2.174817e+03 1.939959e+03 1.000000e+00
-1.654635e+01 3.534676e+03 1.846994e+03 1.000000e+00
-1.487971e+01 4.889671e+03 9.327489e+02 9.992651e-01
-1.132014e+01 6.416125e+03 9.668663e+02 9.950333e-01
-7.823115e+00 7.853184e+03 1.758434e+02 9.787423e-01
-1.054948e+01 9.264816e+03 3.634432e+02 9.366232e-01
-7.542633e+00 9.395021e+03 2.424234e+02 8.571537e-01
0.000000e+00 7.278281e+01 3.027861e+03 1.000000e+00
0.000000e+00 1.095702e+03 2.773478e+03 1.000000e+00
0.000000e+00 2.205801e+03 2.025448e+03 1.000000e+00
0.000000e+00 3.550254e+03 1.753022e+03 1.000000e+00
0.000000e+00 4.924986e+03 1.024756e+03 9.992651e-01
0.000000e+00 6.437765e+03 8.808095e+02 9.950333e-01
0.000000e+00 7.886537e+03 2.989783e+02 9.787423e-01
0.000000e+00 9.292395e+03 3.499272e+02 9.366232e-01
0.000000e+00 9.425010e+03 2.397565e+02 8.571537e-01
-7.682520e+01 5.534106e+02 2.556228e+03 1.000000e+00
-7.920715e+01 1.543304e+03 1.638996e+03 1.000000e+00
-7.637724e+01 2.877061e+03 1.727846e+03 1.000000e+00
-6.880298e+01 4.125046e+03 7.988582e+02 1.000000e+00
-5.740580e+01 5.591687e+03 1.021010e+03 9.992651e-01
-4.360289e+01 6.913740e+03 2.339292e+02 9.950333e-01
-2.835638e+01 8.285338e+03 7.004734e+02 9.787423e-01
-1.254598e+01 9.487910e+03 1.596897e+02 9.366232e-01
-1.045621e+01 9.633820e+03 1.265851e+02 8.571537e-01
-7.295068e+01 5.767979e+02 2.536009e+03 1.000000e+00
-7.599402e+01 1.576617e+03 1.619931e+03 1.000000e+00
-7.464721e+01 2.907096e+03 1.706218e+03 1.000000e+00
-6.885494e+01 4.155729e+03 7.829731e+02 1.000000e+00
-5.757970e+01 5.623008e+03 1.007663e+03 9.992651e-01
-4.359231e+01 6.937016e+03 2.239716e+02 9.950333e-01
-2.837574e+01 8.299433e+03 6.900219e+02 9.787423e-01
-1.043720e+01 9.494474e+03 1.564850e+02 9.366232e-01
-8.950498e+00 9.641601e+03 1.232322e+02 8.571537e-01
-7.415417e+01 6.066946e+02 2.515287e+03 1.000000e+00
-7.662746e+01 1.609057e+03 1.603462e+03 1.000000e+00
-7.216170e+01 2.939332e+03 1.685166e+03 1.000000e+00
-6.414346e+01 4.187403e+03 7.683752e+02 1.000000e+00
-5.330172e+01 5.649186e+03 9.941790e+02 9.992651e-01
-3.929050e+01 6.957029e+03 2.179681e+02 9.950333e-01
-2.283358e+01 8.313041e+03 6.817783e+02 9.787423e-01
-8.407292e+00 9.497999e+03 1.554882e+02 9.366232e-01
-7.186973e+00 9.646068e+03 1.221695e+02 8.571537e-01
-6.404628e+01 6.397669e+02 2.500303e+03 1.000000e+00
-6.653283e+01 1.640412e+03 1.585499e+03 1.000000e+00
-6.627449e+01 2.972981e+03 1.669569e+03 1.000000e+00
-6.050508e+01 4.218885e+03 7.538293e+02 1.000000e+00
-5.060649e+01 5.674423e+03 9.832983e+02 9.992651e-01
-3.815467e+01 6.978666e+03 2.140275e+02 9.950333e-01
-2.367338e+01 8.326314e+03 6.784331e+02 9.787423e-01
-9.016855e+00 9.504183e+03 1.554885e+02 9.366232e-01
-7.684415e+00 9.649349e+03 1.222510e+02 8.571537e-01
-5.581980e+01 6.562839e+02 2.483226e+03 1.000000e+00
-5.782205e+01 1.667148e+03 1.571881e+03 1.000000e+00
-5.667730e+01 3.001778e+03 1.649466e+03 1.000000e+00
-5.179930e+01 4.241314e+03 7.444860e+02 1.000000e+00
-4.224614e+01 5.700388e+03 9.681942e+02 9.992651e-01
-3.329665e+01 6.998952e+03 2.060276e+02 9.950333e-01
-2.310757e+01 8.337524e+03 6.663574e+02 9.787423e-01
-1.095192e+01 9.513496e+03 1.520470e+02 9.366232e-01
-9.144410e+00 9.655970e+03 1.186669e+02 8.571537e-01
-4.785245e+01 6.758802e+02 2.464149e+03 1.000000e+00
-4.930477e+01 1.689992e+03 1.564744e+03 1.000000e+00
-4.614104e+01 3.026348e+03 1.631769e+03 1.000000e+00
-3.999868e+01 4.264038e+03 7.393912e+02 1.000000e+00
-3.393690e+01 5.721864e+03 9.520917e+02 9.992651e-01
-2.415988e+01 7.014903e+03 2.029210e+02 9.950333e-01
-1.462245e+01 8.350907e+03 6.539136e+02 9.787423e-01
-7.590681e+00 9.520027e+03 1.486438e+02 9.366232e-01
-6.576937e+00 9.662191e+03 1.148522e+02 8.571537e-01
-3.044420e+01 7.091699e+02 2.476854e+03 1.000000e+00
-3.104360e+01 1.714204e+03 1.532688e+03 1.000000e+00
-3.015101e+01 3.056444e+03 1.646627e+03 1.000000e+00
-2.818667e+01 4.291325e+03 7.079343e+02 1.000000e+00
-2.349712e+01 5.746641e+03 9.722532e+02 9.992651e-01
-1.840095e+01 7.027242e+03 1.784683e+02 9.950333e-01
-1.179884e+01 8.365724e+03 6.867147e+02 9.787423e-01
-5.856921e+00 9.524634e+03 1.451379e+02 9.366232e-01
-4.640895e+00 9.669838e+03 1.144419e+02 8.571537e-01
-1.459612e+01 7.117645e+02 2.412736e+03 1.000000e+00
-1.511653e+01 1.742077e+03 1.589094e+03 1.000000e+00
-1.459612e+01 3.068942e+03 1.575401e+03 1.000000e+00
-1.313163e+01 4.323527e+03 7.686585e+02 1.000000e+00
-1.074561e+01 5.765292e+03 8.999744e+02 9.992651e-01
-9.971984e+00 7.055182e+03 2.315697e+02 9.950333e-01
-1.173958e+01 8.382923e+03 5.886839e+02 9.787423e-01
-6.543338e+00 9.537201e+03 1.460807e+02 9.366232e-01
-6.082056e+00 9.681800e+03 1.100189e+02 8.571537e-01
0.000000e+00 6.989921e+02 2.329552e+03 1.000000e+00
0.000000e+00 1.762484e+03 1.671991e+03 1.000000e+00
0.000000e+00 3.070342e+03 1.485522e+03 1.000000e+00
0.000000e+00 4.354422e+03 8.562728e+02 1.000000e+00
0.000000e+00 5.784100e+03 8.032170e+02 9.992651e-01
0.000000e+00 7.097526e+03 3.099007e+02 9.950333e-01
0.000000e+00 8.414051e+03 4.569579e+02 9.787423e-01
0.000000e+00 9.570829e+03 1.501340e+02 9.366232e-01
0.000000e+00 9.711029e+03 1.051138e+02 8.571537e-01
-7.072757e+01 9.395683e+02 1.402153e+03 1.000000e+00
-7.012000e+01 2.227722e+03 1.541895e+03 1.000000e+00
-6.558955e+01 3.380511e+03 6.900443e+02 1.000000e+00
-5.720605e+01 4.802867e+03 9.398830e+02 1.000000e+00
-4.597017e+01 6.035076e+03 1.475571e+02 9.992651e-01
-3.398529e+01 7.390094e+03 5.216055e+02 9.950333e-01
-2.111274e+01 8.546404e+03 -2.314258e+02 9.787423e-01
-8.623161e+00 9.691819e+03 1.272806e+02 9.366232e-01
-6.792871e+00 9.767731e+03 5.873788e+01 8.571537e-01
-7.088397e+01 9.744346e+02 1.389638e+03 1.000000e+00
-7.072591e+01 2.256703e+03 1.527569e+03 1.000000e+00
-6.534235e+01 3.414416e+03 6.793597e+02 1.000000e+00
-5.699140e+01 4.834595e+03 9.293293e+02 1.000000e+00
-4.632417e+01 6.057869e+03 1.399176e+02 9.992651e-01
-3.283048e+01 7.410683e+03 5.153943e+02 9.950333e-01
-1.985475e+01 8.562965e+03 -2.379783e+02 9.787423e-01
-8.734815e+00 9.696067e+03 1.216791e+02 9.366232e-01
-6.809264e+00 9.769870e+03 5.559628e+01 8.571537e-01
-6.362420e+01 1.005310e+03 1.378459e+03 1.000000e+00
-6.303860e+01 2.289231e+03 1.512118e+03 1.000000e+00
-5.943501e+01 3.447006e+03 6.693074e+02 1.000000e+00
-5.281423e+01 4.863788e+03 9.161985e+02 1.000000e+00
-4.317010e+01 6.083012e+03 1.319384e+02 9.992651e-01
-3.359555e+01 7.428974e+03 5.061495e+02 9.950333e-01
-2.131891e+01 8.572637e+03 -2.415005e+02 9.787423e-01
-6.328027e+00 9.701634e+03 1.186177e+02 9.366232e-01
-5.273011e+00 9.773586e+03 5.317916e+01 8.571537e-01
-6.117380e+01 1.031942e+03 1.364262e+03 1.000000e+00
-6.193314e+01 2.320448e+03 1.498675e+03 1.000000e+00
-5.796629e+01 3.474820e+03 6.569173e+02 1.000000e+00
-5.024821e+01 4.889204e+03 9.066747e+02 1.000000e+00
-3.938704e+01 6.108059e+03 1.242673e+02 9.992651e-01
-2.820102e+01 7.443502e+03 4.974400e+02 9.950333e-01
-1.654603e+01 8.580351e+03 -2.440456e+02 9.787423e-01
-8.474241e+00 9.702928e+03 1.151393e+02 9.366232e-01
-6.406536e+00 9.777525e+03 5.097665e+01 8.571537e-01
-5.429876e+01 1.062943e+03 1.353906e+03 1.000000e+00
-5.272753e+01 2.344631e+03 1.485035e+03 1.000000e+00
-4.827053e+01 3.500440e+03 6.496619e+02 1.000000e+00
-4.338561e+01 4.918114e+03 8.941645e+02 1.000000e+00
-3.630430e+01 6.126362e+03 1.220078e+02 9.992651e-01
-2.612286e+01 7.460104e+03 4.892749e+02 9.950333e-01
-1.747216e+01 8.593402e+03 -2.500936e+02 9.787423e-01
-7.287278e+00 9.701624e+03 1.088521e+02 9.366232e-01
-5.689803e+00 9.778949e+03 4.725953e+01 8.571537e-01
-3.976196e+01 1.092244e+03 1.348192e+03 1.000000e+00
-4.185698e+01 2.374229e+03 1.469690e+03 1.000000e+00
-3.810546e+01 3.528609e+03 6.473348e+02 1.000000e+00
-3.307212e+01 4.942683e+03 8.777606e+02 1.000000e+00
-2.727103e+01 6.142769e+03 1.203689e+02 9.992651e-01
-2.168982e+01 7.474030e+03 4.767367e+02 9.950333e-01
-1.242542e+01 8.600190e+03 -2.467374e+02 9.787423e-01
-2.713925e+00 9.707292e+03 1.064774e+02 9.366232e-01
-2.289427e+00 9.783890e+03 4.723515e+01 8.571537e-01
-2.816330e+01 1.103749e+03 1.321357e+03 1.000000e+00
-2.616098e+01 2.400400e+03 1.482748e+03 1.000000e+00
-2.554938e+01 3.547133e+03 6.178430e+02 1.000000e+00
-2.120470e+01 4.962804e+03 8.978654e+02 1.000000e+00
-1.568683e+01 6.160452e+03 9.102596e+01 9.992651e-01
-9.049522e+00 7.495783e+03 4.968989e+02 9.950333e-01
-5.107208e+00 8.609083e+03 -2.767769e+02 9.787423e-01
-1.226298e+00 9.717790e+03 1.120611e+02 9.366232e-01
-1.965258e+00 9.787952e+03 4.897257e+01 8.571537e-01
-1.502486e+01 1.133468e+03 1.377579e+03 1.000000e+00
-1.338665e+01 2.410341e+03 1.418548e+03 1.000000e+00
-9.588881e+00 3.581946e+03 6.779581e+02 1.000000e+00
-7.485061e+00 4.978810e+03 8.310416e+02 1.000000e+00
-5.603884e+00 6.189930e+03 1.574652e+02 9.992651e-01
-1.856756e+00 7.510327e+03 4.370225e+02 9.950333e-01
3.911956e-02 8.625908e+03 -1.934525e+02 9.787423e-01
-5.604946e+00 9.729578e+03 1.051029e+02 9.366232e-01
-3.543998e+00 9.795807e+03 4.698220e+01 8.571537e-01
0.000000e+00 1.166381e+03 1.455491e+03 1.000000e+00
0.000000e+00 2.416555e+03 1.335188e+03 1.000000e+00
0.000000e+00 3.622570e+03 7.650869e+02 1.000000e+00
0.000000e+00 4.995573e+03 7.389794e+02 1.000000e+00
0.000000e+00 6.226500e+03 2.497298e+02 9.992651e-01
0.000000e+00 7.526259e+03 3.519215e+02 9.950333e-01
0.000000e+00 8.656931e+03 -7.527359e+01 9.787423e-01
0.000000e+00 9.758429e+03 9.272301e+01 9.366232e-01
0.000000e+00 9.826932e+03 4.514275e+01 8.571537e-01
-6.178785e+01 1.459073e+03 1.399606e+03 1.000000e+00
-5.957675e+01 2.521860e+03 6.248091e+02 1.000000e+00
-5.429579e+01 3.921185e+03 8.991042e+02 1.000000e+00
-4.658396e+01 5.091994e+03 1.561740e+02 1.000000e+00
-3.671035e+01 6.460566e+03 5.696039e+02 9.992651e-01
-2.602195e+01 7.585475e+03 -9.589829e+01 9.950333e-01
-1.594833e+01 8.767506e+03 4.988851e+02 9.787423e-01
-6.024743e+00 9.743459e+03 1.980389e+01 9.366232e-01
-4.742612e+00 9.856792e+03 3.904623e+01 8.571537e-01
-5.914786e+01 1.494475e+03 1.386086e+03 1.000000e+00
-5.947336e+01 2.561159e+03 6.151313e+02 1.000000e+00
-5.324340e+01 3.952168e+03 8.920220e+02 1.000000e+00
-4.498987e+01 5.117513e+03 1.479178e+02 1.000000e+00
-3.806057e+01 6.482816e+03 5.606570e+02 9.992651e-01
-2.841846e+01 7.596101e+03 -9.859048e+01 9.950333e-01
-1.727588e+01 8.768829e+03 4.922177e+02 9.787423e-01
-6.664753e+00 9.746250e+03 1.565504e+01 9.366232e-01
-5.594673e+00 9.859999e+03 3.519404e+01 8.571537e-01
-5.951676e+01 1.527207e+03 1.372685e+03 1.000000e+00
-5.519092e+01 2.591951e+03 6.080834e+02 1.000000e+00
-5.051768e+01 3.980839e+03 8.821433e+02 1.000000e+00
-4.325174e+01 5.142557e+03 1.429854e+02 1.000000e+00
-3.201884e+01 6.502734e+03 5.525423e+02 9.992651e-01
-2.173516e+01 7.611393e+03 -1.015997e+02 9.950333e-01
-1.292852e+01 8.779788e+03 4.858459e+02 9.787423e-01
-3.610127e+00 9.747424e+03 1.429897e+01 9.366232e-01
-2.681314e+00 9.862065e+03 3.394104e+01 8.571537e-01
-5.180957e+01 1.558800e+03 1.365333e+03 1.000000e+00
-4.986330e+01 2.623212e+03 5.989653e+02 1.000000e+00
-4.598345e+01 4.012283e+03 8.720176e+02 1.000000e+00
-3.984405e+01 5.168697e+03 1.374552e+02 1.000000e+00
-3.265179e+01 6.519833e+03 5.493536e+02 9.992651e-01
-2.368037e+01 7.630383e+03 -1.045312e+02 9.950333e-01
-1.408663e+01 8.793460e+03 4.832989e+02 9.787423e-01
-5.913608e+00 9.754275e+03 1.304250e+01 9.366232e-01
-4.720615e+00 9.864720e+03 3.310413e+01 8.571537e-01
-4.433749e+01 1.588090e+03 1.353530e+03 1.000000e+00
-4.557375e+01 2.658935e+03 5.908729e+02 1.000000e+00
-4.108658e+01 4.041974e+03 8.638613e+02 1.000000e+00
-3.385562e+01 5.190795e+03 1.339389e+02 1.000000e+00
-2.649175e+01 6.543045e+03 5.399333e+02 9.992651e-01
-1.939341e+01 7.642389e+03 -1.051140e+02 9.950333e-01
-1.316395e+01 8.798144e+03 4.711733e+02 9.787423e-01
-5.944842e+00 9.762634e+03 6.828365e+00 9.366232e-01
-4.227820e+00 9.868909e+03 2.902834e+01 8.571537e-01
-3.752637e+01 1.609405e+03 1.339995e+03 1.000000e+00
-3.392717e+01 2.681754e+03 5.903029e+02 1.000000e+00
-3.066645e+01 4.063607e+03 8.513652e+02 1.000000e+00
-2.634662e+01 5.212015e+03 1.362396e+02 1.000000e+00
-2.173803e+01 6.566051e+03 5.254424e+02 9.992651e-01
-1.571786e+01 7.656149e+03 -1.040268e+02 9.950333e-01
-8.789373e+00 8.808376e+03 4.575293e+02 9.787423e-01
9.436038e-01 9.765715e+03 8.370318e+00 9.366232e-01
1.685355e-01 9.870413e+03 2.903920e+01 8.571537e-01
-2.536286e+01 1.637852e+03 1.355292e+03 1.000000e+00
-2.530895e+01 2.700184e+03 5.655320e+02 1.000000e+00
-2.223176e+01 4.091336e+03 8.663842e+02 1.000000e+00
-2.048807e+01 5.231029e+03 1.081113e+02 1.000000e+00
-1.457378e+01 6.582059e+03 5.491128e+02 9.992651e-01
-7.788169e+00 7.661047e+03 -1.288249e+02 9.950333e-01
-2.816478e+00 8.816723e+03 4.929182e+02 9.787423e-01
-1.158076e+00 9.763088e+03 9.685857e+00 9.366232e-01
-9.082429e-01 9.873770e+03 3.215464e+01 8.571537e-01
-1.213085e+01 1.640641e+03 1.295436e+03 1.000000e+00
-9.884896e+00 2.730233e+03 6.234833e+02 1.000000e+00
-6.438811e+00 4.097854e+03 8.032983e+02 1.000000e+00
-3.489861e+00 5.258770e+03 1.686409e+02 1.000000e+00
-3.644914e+00 6.592855e+03 4.814491e+02 9.992651e-01
-5.850347e+00 7.681779e+03 -7.161508e+01 9.950333e-01
-7.768836e+00 8.829411e+03 4.021864e+02 9.787423e-01
-4.089635e-01 9.769404e+03 1.485221e+01 9.366232e-01
-1.409158e+00 9.883592e+03 3.141696e+01 8.571537e-01
0.000000e+00 1.629230e+03 1.216989e+03 1.000000e+00
0.000000e+00 2.759033e+03 7.060679e+02 1.000000e+00
0.000000e+00 4.097049e+03 7.187178e+02 1.000000e+00
0.000000e+00 5.293699e+03 2.571529e+02 1.000000e+00
0.000000e+00 6.611722e+03 3.844452e+02 9.992651e-01
0.000000e+00 7.724738e+03 1.058863e+01 9.950333e-01
0.000000e+00 8.860562e+03 2.754929e+02 9.787423e-01
0.000000e+00 9.803171e+03 2.383956e+01 9.366232e-01
0.000000e+00 9.912354e+03 2.945113e+01 8.571537e-01
-5.206092e+01 1.617765e+03 5.391453e+02 1.000000e+00
-4.888256e+01 2.970929e+03 8.376949e+02 1.000000e+00
-4.322795e+01 4.078942e+03 1.384134e+02 1.000000e+00
-3.583510e+01 5.462011e+03 5.449128e+02 1.000000e+00
-2.771226e+01 6.562022e+03 -1.322063e+02 9.992651e-01
-1.954651e+01 7.810010e+03 3.669207e+02 9.950333e-01
-1.138955e+01 8.810783e+03 -3.524837e+02 9.787423e-01
-3.877682e+00 9.821869e+03 5.849112e+01 9.366232e-01
-2.819871e+00 9.861848e+03 1.092866e+01 8.571537e-01
-4.816276e+01 1.650707e+03 5.338525e+02 1.000000e+00
-4.475832e+01 3.002341e+03 8.296957e+02 1.000000e+00
-4.194970e+01 4.110095e+03 1.314947e+02 1.000000e+00
-3.607258e+01 5.489412e+03 5.413726e+02 1.000000e+00
-2.779632e+01 6.584700e+03 -1.355025e+02 9.992651e-01
-2.082858e+01 7.831522e+03 3.595555e+02 9.950333e-01
-1.357854e+01 8.828416e+03 -3.552568e+02 9.787423e-01
-3.868062e+00 9.827345e+03 5.545309e+01 9.366232e-01
-2.908686e+00 9.865664e+03 8.797499e+00 8.571537e-01
-5.128584e+01 1.683498e+03 5.289306e+02 1.000000e+00
-4.830448e+01 3.036746e+03 8.207686e+02 1.000000e+00
-4.090706e+01 4.140126e+03 1.282705e+02 1.000000e+00
-3.260738e+01 5.515388e+03 5.355858e+02 1.000000e+00
-2.587967e+01 6.605633e+03 -1.379004e+02 9.992651e-01
-1.760129e+01 7.844725e+03 3.523599e+02 9.950333e-01
-9.308082e+00 8.834019e+03 -3.557052e+02 9.787423e-01
-2.736050e+00 9.832523e+03 5.392408e+01 9.366232e-01
-2.266468e+00 9.868542e+03 7.848937e+00 8.571537e-01
-4.174689e+01 1.714525e+03 5.213704e+02 1.000000e+00
-3.937310e+01 3.063940e+03 8.157162e+02 1.000000e+00
-3.552874e+01 4.165714e+03 1.253294e+02 1.000000e+00
-3.066810e+01 5.539141e+03 5.297361e+02 1.000000e+00
-2.414137e+01 6.626620e+03 -1.402847e+02 9.992651e-01
-1.589171e+01 7.852931e+03 3.512867e+02 9.950333e-01
-8.220007e+00 8.837801e+03 -3.559674e+02 9.787423e-01
-2.267145e+00 9.831419e+03 5.332180e+01 9.366232e-01
-1.783640e+00 9.870503e+03 7.724267e+00 8.571537e-01
-3.846527e+01 1.742694e+03 5.171186e+02 1.000000e+00
-3.554320e+01 3.087992e+03 8.094427e+02 1.000000e+00
-3.256907e+01 4.191049e+03 1.200427e+02 1.000000e+00
-2.743028e+01 5.562166e+03 5.232083e+02 1.000000e+00
-2.059016e+01 6.641469e+03 -1.403589e+02 9.992651e-01
-1.475202e+01 7.869414e+03 3.436125e+02 9.950333e-01
-1.020951e+01 8.850042e+03 -3.575815e+02 9.787423e-01
-2.585074e+00 9.831728e+03 5.118031e+01 9.366232e-01
-1.676241e+00 9.873194e+03 7.080783e+00 8.571537e-01
-3.181102e+01 1.771427e+03 5.161699e+02 1.000000e+00
-3.241499e+01 3.114084e+03 7.981176e+02 1.000000e+00
-2.765881e+01 4.214776e+03 1.235463e+02 1.000000e+00
-2.177129e+01 5.581159e+03 5.134263e+02 1.000000e+00
-1.614966e+01 6.652620e+03 -1.357696e+02 9.992651e-01
-1.151475e+01 7.882052e+03 3.294672e+02 9.950333e-01
-5.131698e+00 8.856621e+03 -3.489097e+02 9.787423e-01
9.077213e-01 9.833954e+03 5.133508e+01 9.366232e-01
4.675772e-01 9.876468e+03 8.820499e+00 8.571537e-01
-2.046378e+01 1.788944e+03 4.933108e+02 1.000000e+00
-1.604642e+01 3.141521e+03 8.133175e+02 1.000000e+00
-1.463048e+01 4.231211e+03 1.004238e+02 1.000000e+00
-1.332532e+01 5.605452e+03 5.317596e+02 1.000000e+00
-1.365988e+01 6.668245e+03 -1.641420e+02 9.992651e-01
-9.435621e+00 7.898531e+03 3.526859e+02 9.950333e-01
-6.649834e+00 8.859995e+03 -3.809983e+02 9.787423e-01
-2.025686e+00 9.838734e+03 5.441943e+01 9.366232e-01
-1.649361e+00 9.875240e+03 8.407304e+00 8.571537e-01
-1.353319e+01 1.822032e+03 5.488453e+02 1.000000e+00
-1.193993e+01 3.150926e+03 7.536595e+02 1.000000e+00
-1.013316e+01 4.265521e+03 1.576167e+02 1.000000e+00
-6.955806e+00 5.616416e+03 4.678214e+02 1.000000e+00
-1.348188e+00 6.694679e+03 -1.016020e+02 9.992651e-01
2.018955e+00 7.909121e+03 2.921439e+02 9.950333e-01
3.811034e+00 8.868648e+03 -3.013481e+02 9.787423e-01
-1.836793e+00 9.847532e+03 4.687909e+01 9.366232e-01
-5.374600e-01 9.878470e+03 7.712308e+00 8.571537e-01
0.000000e+00 1.856810e+03 6.253168e+02 1.000000e+00
0.000000e+00 3.150370e+03 6.731967e+02 1.000000e+00
0.000000e+00 4.303770e+03 2.415729e+02 1.000000e+00
0.000000e+00 5.623461e+03 3.812874e+02 1.000000e+00
0.000000e+00 6.730551e+03 -8.385356e+00 9.992651e-01
0.000000e+00 7.927450e+03 2.034204e+02 9.950333e-01
0.000000e+00 8.900065e+03 -1.819321e+02 9.787423e-01
0.000000e+00 9.873897e+03 3.821807e+01 9.366232e-01
0.000000e+00 9.908330e+03 9.426491e+00 8.571537e-01
