0 729 0.00000e+00
  1     729
-4.578283e+00 -2.280355e+03 0.000000e+00 1.000000e+00
-5.109689e+00 -2.144838e+03 2.601216e+01 1.000000e+00
-6.673553e+00 -2.442012e+03 1.442685e+01 1.000000e+00
-1.010054e+01 -2.293146e+03 -8.399276e+00 1.000000e+00
-1.454703e+01 -2.561264e+03 -1.055956e+02 1.000000e+00
-1.944604e+01 -2.354525e+03 -1.858904e+02 1.000000e+00
-2.472042e+01 -2.550537e+03 -3.742198e+02 1.000000e+00
-2.958040e+01 -2.243522e+03 -4.906628e+02 1.000000e+00
-3.304217e+01 -2.334315e+03 -7.451539e+02 1.000000e+00
-4.092237e+00 -2.290772e+03 0.000000e+00 1.000000e+00
-4.995498e+00 -2.153850e+03 2.457829e+01 1.000000e+00
-6.432156e+00 -2.452426e+03 1.244368e+01 1.000000e+00
-9.982438e+00 -2.301913e+03 -1.216216e+01 1.000000e+00
-1.441057e+01 -2.568908e+03 -1.098406e+02 1.000000e+00
-1.907251e+01 -2.363132e+03 -1.920022e+02 1.000000e+00
-2.394812e+01 -2.554471e+03 -3.808038e+02 1.000000e+00
-2.795183e+01 -2.248210e+03 -4.985841e+02 1.000000e+00
-3.226225e+01 -2.335354e+03 -7.536321e+02 1.000000e+00
-4.808648e+00 -2.300158e+03 0.000000e+00 1.000000e+00
-4.581233e+00 -2.163374e+03 2.343216e+01 1.000000e+00
-6.072830e+00 -2.461859e+03 9.987352e+00 1.000000e+00
-9.973473e+00 -2.311425e+03 -1.537883e+01 1.000000e+00
-1.387835e+01 -2.576276e+03 -1.144219e+02 1.000000e+00
-1.789015e+01 -2.371548e+03 -1.976015e+02 1.000000e+00
-2.302615e+01 -2.557703e+03 -3.877746e+02 1.000000e+00
-2.823952e+01 -2.253768e+03 -5.059268e+02 1.000000e+00
-3.114374e+01 -2.336825e+03 -7.616943e+02 1.000000e+00
-2.902057e+00 -2.308206e+03 0.000000e+00 1.000000e+00
-4.104428e+00 -2.173405e+03 2.215208e+01 1.000000e+00
-5.635932e+00 -2.471564e+03 7.576591e+00 1.000000e+00
-8.652679e+00 -2.319203e+03 -1.811447e+01 1.000000e+00
-1.268014e+01 -2.586134e+03 -1.191757e+02 1.000000e+00
-1.654352e+01 -2.376996e+03 -2.025438e+02 1.000000e+00
-2.029833e+01 -2.564378e+03 -3.944706e+02 1.000000e+00
-2.340973e+01 -2.257409e+03 -5.125869e+02 1.000000e+00
-2.740800e+01 -2.339342e+03 -7.695748e+02 1.000000e+00
-3.610355e+00 -2.315553e+03 0.000000e+00 1.000000e+00
-3.333136e+00 -2.184858e+03 2.090994e+01 1.000000e+00
-4.552907e+00 -2.479559e+03 5.458229e+00 1.000000e+00
-8.271796e+00 -2.329467e+03 -2.092683e+01 1.000000e+00
-1.082888e+01 -2.594085e+03 -1.227797e+02 1.000000e+00
-1.395459e+01 -2.384626e+03 -2.078408e+02 1.000000e+00
-1.805971e+01 -2.571465e+03 -3.995835e+02 1.000000e+00
-2.164413e+01 -2.261274e+03 -5.194013e+02 1.000000e+00
-2.450307e+01 -2.343276e+03 -7.763582e+02 1.000000e+00
-9.423375e-01 -2.323986e+03 0.000000e+00 1.000000e+00
-2.794667e+00 -2.196418e+03 1.943638e+01 1.000000e+00
-4.158647e+00 -2.486557e+03 3.931052e+00 1.000000e+00
-5.963238e+00 -2.342592e+03 -2.340042e+01 1.000000e+00
-9.073786e+00 -2.599582e+03 -1.259224e+02 1.000000e+00
-1.188541e+01 -2.395261e+03 -2.121328e+02 1.000000e+00
-1.407615e+01 -2.576001e+03 -4.039717e+02 1.000000e+00
-1.692642e+01 -2.268692e+03 -5.260075e+02 1.000000e+00
-1.908051e+01 -2.346275e+03 -7.809099e+02 1.000000e+00
-1.408192e+00 -2.345273e+03 0.000000e+00 1.000000e+00
-1.192120e+00 -2.195695e+03 1.815273e+01 1.000000e+00
-2.686287e+00 -2.507250e+03 2.473443e+00 1.000000e+00
-4.727807e+00 -2.342501e+03 -2.476429e+01 1.000000e+00
-6.381526e+00 -2.619520e+03 -1.292711e+02 1.000000e+00
-7.691533e+00 -2.394244e+03 -2.139010e+02 1.000000e+00
-1.085742e+01 -2.593975e+03 -4.097857e+02 1.000000e+00
-1.130219e+01 -2.266918e+03 -5.274657e+02 1.000000e+00
-1.376003e+01 -2.359583e+03 -7.892126e+02 1.000000e+00
1.428202e+00 -2.328648e+03 0.000000e+00 1.000000e+00
-5.705361e-01 -2.233447e+03 1.678562e+01 1.000000e+00
-1.123902e+00 -2.491462e+03 2.313359e+00 1.000000e+00
-2.750836e+00 -2.380019e+03 -2.742429e+01 1.000000e+00
-3.436821e+00 -2.604786e+03 -1.286812e+02 1.000000e+00
-5.176573e+00 -2.430244e+03 -2.187484e+02 1.000000e+00
-4.730775e+00 -2.577217e+03 -4.084936e+02 1.000000e+00
-7.448934e+00 -2.302700e+03 -5.354527e+02 1.000000e+00
-7.714607e+00 -2.339763e+03 -7.860626e+02 1.000000e+00
0.000000e+00 -2.301514e+03 0.000000e+00 1.000000e+00
0.000000e+00 -2.282360e+03 1.551298e+01 1.000000e+00
0.000000e+00 -2.465592e+03 3.375704e+00 1.000000e+00
0.000000e+00 -2.428776e+03 -2.991771e+01 1.000000e+00
0.000000e+00 -2.579964e+03 -1.264744e+02 1.000000e+00
0.000000e+00 -2.478237e+03 -2.234164e+02 1.000000e+00
0.000000e+00 -2.551068e+03 -4.034262e+02 1.000000e+00
0.000000e+00 -2.350439e+03 -5.449780e+02 1.000000e+00
0.000000e+00 -2.312288e+03 -7.766481e+02 1.000000e+00
-6.369032e+00 -2.062624e+03 0.000000e+00 1.000000e+00
-7.136637e+00 -2.367822e+03 -8.046263e+00 1.000000e+00
-9.035414e+00 -2.210938e+03 -3.063854e+01 1.000000e+00
-1.274348e+01 -2.503142e+03 -1.076610e+02 1.000000e+00
-1.727967e+01 -2.306517e+03 -1.842074e+02 1.000000e+00
-2.226002e+01 -2.543926e+03 -3.493124e+02 1.000000e+00
-2.746925e+01 -2.263432e+03 -4.744153e+02 1.000000e+00
-3.221027e+01 -2.409692e+03 -7.182172e+02 1.000000e+00
-3.551039e+01 -2.021817e+03 -8.549787e+02 1.000000e+00
-5.745305e+00 -2.071250e+03 0.000000e+00 1.000000e+00
-7.053432e+00 -2.378024e+03 -9.532759e+00 1.000000e+00
-9.072852e+00 -2.220327e+03 -3.324319e+01 1.000000e+00
-1.233545e+01 -2.512117e+03 -1.111802e+02 1.000000e+00
-1.730753e+01 -2.315427e+03 -1.900481e+02 1.000000e+00
-2.213457e+01 -2.549032e+03 -3.549351e+02 1.000000e+00
-2.699251e+01 -2.270099e+03 -4.828189e+02 1.000000e+00
-3.136180e+01 -2.413156e+03 -7.259577e+02 1.000000e+00
-3.431907e+01 -2.023108e+03 -8.644728e+02 1.000000e+00
-6.388558e+00 -2.080690e+03 0.000000e+00 1.000000e+00
-6.373861e+00 -2.387352e+03 -1.069408e+01 1.000000e+00
-7.953685e+00 -2.229676e+03 -3.612158e+01 1.000000e+00
-1.296416e+01 -2.520586e+03 -1.148168e+02 1.000000e+00
-1.619989e+01 -2.324078e+03 -1.949613e+02 1.000000e+00
-2.049146e+01 -2.554210e+03 -3.615645e+02 1.000000e+00
-2.496911e+01 -2.276953e+03 -4.896627e+02 1.000000e+00
-2.951371e+01 -2.414586e+03 -7.347797e+02 1.000000e+00
-3.403409e+01 -2.025502e+03 -8.727123e+02 1.000000e+00
-3.832063e+00 -2.090542e+03 0.000000e+00 1.000000e+00
-6.081088e+00 -2.396480e+03 -1.238419e+01 1.000000e+00
-8.007263e+00 -2.238592e+03 -3.831188e+01 1.000000e+00
-1.050687e+01 -2.530463e+03 -1.185444e+02 1.000000e+00
-1.523069e+01 -2.330440e+03 -1.995075e+02 1.000000e+00
-1.905402e+01 -2.562460e+03 -3.678458e+02 1.000000e+00
-2.311736e+01 -2.281334e+03 -4.960527e+02 1.000000e+00
-2.664379e+01 -2.419024e+03 -7.430051e+02 1.000000e+00
-2.916335e+01 -2.027712e+03 -8.803551e+02 1.000000e+00
-4.912317e+00 -2.101292e+03 0.000000e+00 1.000000e+00
-4.636111e+00 -2.404153e+03 -1.387101e+01 1.000000e+00
-6.159570e+00 -2.249809e+03 -4.056408e+01 1.000000e+00
-1.074823e+01 -2.538155e+03 -1.216702e+02 1.000000e+00
-1.299047e+01 -2.339767e+03 -2.038887e+02 1.000000e+00
-1.600242e+01 -2.569141e+03 -3.729432e+02 1.000000e+00
-1.993893e+01 -2.287142e+03 -5.028750e+02 1.000000e+00
-2.274492e+01 -2.425010e+03 -7.488137e+02 1.000000e+00
-2.644097e+01 -2.029229e+03 -8.888452e+02 1.000000e+00
-1.715809e+00 -2.111936e+03 0.000000e+00 1.000000e+00
-3.982315e+00 -2.411684e+03 -1.528479e+01 1.000000e+00
-5.824782e+00 -2.262290e+03 -4.252547e+01 1.000000e+00
-7.228880e+00 -2.543860e+03 -1.242549e+02 1.000000e+00
-1.077748e+01 -2.352182e+03 -2.076651e+02 1.000000e+00
-1.319888e+01 -2.573623e+03 -3.770715e+02 1.000000e+00
-1.569510e+01 -2.296163e+03 -5.086777e+02 1.000000e+00
-1.857696e+01 -2.427939e+03 -7.544811e+02 1.000000e+00
-2.073261e+01 -2.034704e+03 -8.958768e+02 1.000000e+00
-1.981131e+00 -2.109811e+03 0.000000e+00 1.000000e+00
-2.332765e+00 -2.433038e+03 -1.687335e+01 1.000000e+00
-3.498426e+00 -2.261697e+03 -4.364479e+01 1.000000e+00
-6.868294e+00 -2.565019e+03 -1.268774e+02 1.000000e+00
-7.200755e+00 -2.350633e+03 -2.094765e+02 1.000000e+00
-9.901110e+00 -2.593605e+03 -3.820694e+02 1.000000e+00
-1.190856e+01 -2.293626e+03 -5.108740e+02 1.000000e+00
-1.283083e+01 -2.444502e+03 -7.615478e+02 1.000000e+00
-1.470405e+01 -2.032192e+03 -8.979882e+02 1.000000e+00
3.752477e-01 -2.148275e+03 0.000000e+00 1.000000e+00
-4.543902e-01 -2.415428e+03 -1.743779e+01 1.000000e+00
-2.689065e+00 -2.300635e+03 -4.580502e+01 1.000000e+00
-2.688041e+00 -2.548992e+03 -1.268385e+02 1.000000e+00
-5.317461e+00 -2.388235e+03 -2.131736e+02 1.000000e+00
-4.753682e+00 -2.577007e+03 -3.813864e+02 1.000000e+00
-6.022954e+00 -2.330502e+03 -5.174158e+02 1.000000e+00
-7.346856e+00 -2.424682e+03 -7.600768e+02 1.000000e+00
-8.313380e+00 -2.066929e+03 -9.066605e+02 1.000000e+00
0.000000e+00 -2.198486e+03 0.000000e+00 1.000000e+00
0.000000e+00 -2.387183e+03 -1.771438e+01 1.000000e+00
0.000000e+00 -2.351401e+03 -4.711070e+01 1.000000e+00
0.000000e+00 -2.521786e+03 -1.253845e+02 1.000000e+00
0.000000e+00 -2.438923e+03 -2.172973e+02 1.000000e+00
0.000000e+00 -2.549580e+03 -3.769590e+02 1.000000e+00
0.000000e+00 -2.380547e+03 -5.246914e+02 1.000000e+00
0.000000e+00 -2.395977e+03 -7.542494e+02 1.000000e+00
0.000000e+00 -2.114155e+03 -9.160443e+02 1.000000e+00
-7.779517e+00 -2.293689e+03 0.000000e+00 1.000000e+00
-9.005527e+00 -2.126658e+03 -2.938054e+01 1.000000e+00
-1.107956e+01 -2.438606e+03 -9.140548e+01 1.000000e+00
-1.505276e+01 -2.243382e+03 -1.628937e+02 1.000000e+00
-1.978430e+01 -2.515813e+03 -3.035935e+02 1.000000e+00
-2.472437e+01 -2.257972e+03 -4.275571e+02 1.000000e+00
-2.989261e+01 -2.450898e+03 -6.499233e+02 1.000000e+00
-3.447108e+01 -2.094478e+03 -8.081946e+02 1.000000e+00
-3.750990e+01 -2.188905e+03 -1.089056e+03 1.000000e+00
-6.872453e+00 -2.303108e+03 0.000000e+00 1.000000e+00
-8.865929e+00 -2.135774e+03 -3.122098e+01 1.000000e+00
-1.098770e+01 -2.447798e+03 -9.376223e+01 1.000000e+00
-1.507162e+01 -2.252757e+03 -1.677708e+02 1.000000e+00
-1.972530e+01 -2.522806e+03 -3.086389e+02 1.000000e+00
-2.425939e+01 -2.264929e+03 -4.348279e+02 1.000000e+00
-2.947306e+01 -2.454209e+03 -6.581735e+02 1.000000e+00
-3.372499e+01 -2.097527e+03 -8.171230e+02 1.000000e+00
-3.685671e+01 -2.190812e+03 -1.098778e+03 1.000000e+00
-7.837785e+00 -2.311880e+03 0.000000e+00 1.000000e+00
-8.095867e+00 -2.145567e+03 -3.262798e+01 1.000000e+00
-1.007703e+01 -2.456822e+03 -9.662246e+01 1.000000e+00
-1.457969e+01 -2.261289e+03 -1.720452e+02 1.000000e+00
-1.866554e+01 -2.529986e+03 -3.139185e+02 1.000000e+00
-2.316757e+01 -2.272319e+03 -4.417874e+02 1.000000e+00
-2.702612e+01 -2.457551e+03 -6.660341e+02 1.000000e+00
-3.134313e+01 -2.102846e+03 -8.257296e+02 1.000000e+00
-3.498834e+01 -2.190849e+03 -1.108221e+03 1.000000e+00
-5.098190e+00 -2.320863e+03 0.000000e+00 1.000000e+00
-7.273950e+00 -2.154776e+03 -3.407939e+01 1.000000e+00
-9.841537e+00 -2.466521e+03 -9.961294e+01 1.000000e+00
-1.327233e+01 -2.268847e+03 -1.754362e+02 1.000000e+00
-1.713943e+01 -2.539262e+03 -3.196210e+02 1.000000e+00
-2.116870e+01 -2.277604e+03 -4.478246e+02 1.000000e+00
-2.497091e+01 -2.463534e+03 -6.735090e+02 1.000000e+00
-2.903158e+01 -2.106483e+03 -8.340320e+02 1.000000e+00
-3.186449e+01 -2.192680e+03 -1.116602e+03 1.000000e+00
-5.633058e+00 -2.328192e+03 0.000000e+00 1.000000e+00
-6.010420e+00 -2.165602e+03 -3.554673e+01 1.000000e+00
-7.780000e+00 -2.473971e+03 -1.022219e+02 1.000000e+00
-1.207304e+01 -2.279312e+03 -1.789069e+02 1.000000e+00
-1.486858e+01 -2.545747e+03 -3.240763e+02 1.000000e+00
-1.788941e+01 -2.284810e+03 -4.537847e+02 1.000000e+00
-2.152676e+01 -2.469042e+03 -6.802509e+02 1.000000e+00
-2.386651e+01 -2.109431e+03 -8.410471e+02 1.000000e+00
-2.706015e+01 -2.196902e+03 -1.124598e+03 1.000000e+00
-2.414428e+00 -2.335765e+03 0.000000e+00 1.000000e+00
-5.068734e+00 -2.177671e+03 -3.723944e+01 1.000000e+00
-7.109485e+00 -2.480578e+03 -1.040217e+02 1.000000e+00
-9.226269e+00 -2.292185e+03 -1.821536e+02 1.000000e+00
-1.222826e+01 -2.550497e+03 -3.277719e+02 1.000000e+00
-1.503558e+01 -2.296138e+03 -4.588765e+02 1.000000e+00
-1.686294e+01 -2.472800e+03 -6.854528e+02 1.000000e+00
-2.047840e+01 -2.117345e+03 -8.484599e+02 1.000000e+00
-2.260063e+01 -2.198812e+03 -1.130110e+03 1.000000e+00
-2.638721e+00 -2.357466e+03 0.000000e+00 1.000000e+00
-2.739455e+00 -2.175731e+03 -3.868434e+01 1.000000e+00
-4.965093e+00 -2.502242e+03 -1.059145e+02 1.000000e+00
-7.482775e+00 -2.290750e+03 -1.839137e+02 1.000000e+00
-8.747277e+00 -2.571677e+03 -3.314935e+02 1.000000e+00
-1.027206e+01 -2.292673e+03 -4.616456e+02 1.000000e+00
-1.337644e+01 -2.491399e+03 -6.914061e+02 1.000000e+00
-1.299801e+01 -2.113331e+03 -8.514142e+02 1.000000e+00
-1.543956e+01 -2.212780e+03 -1.138063e+03 1.000000e+00
4.784765e-01 -2.338406e+03 0.000000e+00 1.000000e+00
-1.598784e+00 -2.215321e+03 -3.991763e+01 1.000000e+00
-2.751161e+00 -2.484427e+03 -1.069094e+02 1.000000e+00
-4.718235e+00 -2.330403e+03 -1.863701e+02 1.000000e+00
-5.303108e+00 -2.553961e+03 -3.315934e+02 1.000000e+00
-6.573679e+00 -2.330479e+03 -4.663418e+02 1.000000e+00
-6.409900e+00 -2.472860e+03 -6.916104e+02 1.000000e+00
-8.572533e+00 -2.149933e+03 -8.579288e+02 1.000000e+00
-8.561978e+00 -2.190841e+03 -1.137264e+03 1.000000e+00
0.000000e+00 -2.308495e+03 0.000000e+00 1.000000e+00
0.000000e+00 -2.267355e+03 -4.106739e+01 1.000000e+00
0.000000e+00 -2.455053e+03 -1.062913e+02 1.000000e+00
0.000000e+00 -2.383744e+03 -1.886175e+02 1.000000e+00
0.000000e+00 -2.524610e+03 -3.299396e+02 1.000000e+00
0.000000e+00 -2.383167e+03 -4.703615e+02 1.000000e+00
0.000000e+00 -2.443560e+03 -6.879011e+02 1.000000e+00
0.000000e+00 -2.200696e+03 -8.658997e+02 1.000000e+00
0.000000e+00 -2.160764e+03 -1.129778e+03 1.000000e+00
-9.043792e+00 -2.040450e+03 0.000000e+00 1.000000e+00
-1.051038e+01 -2.368107e+03 -5.699756e+01 1.000000e+00
-1.297180e+01 -2.172070e+03 -1.266177e+02 1.000000e+00
-1.714117e+01 -2.473763e+03 -2.434382e+02 1.000000e+00
-2.194649e+01 -2.228526e+03 -3.630625e+02 1.000000e+00
-2.699666e+01 -2.466264e+03 -5.589493e+02 1.000000e+00
-3.200664e+01 -2.136188e+03 -7.222782e+02 1.000000e+00
-3.658702e+01 -2.282472e+03 -9.900828e+02 1.000000e+00
-3.930538e+01 -1.850246e+03 -1.162289e+03 1.000000e+00
-8.444108e+00 -2.050211e+03 0.000000e+00 1.000000e+00
-9.757454e+00 -2.376599e+03 -5.840205e+01 1.000000e+00
-1.284222e+01 -2.181735e+03 -1.302608e+02 1.000000e+00
-1.736189e+01 -2.482085e+03 -2.475115e+02 1.000000e+00
-2.163238e+01 -2.236315e+03 -3.694734e+02 1.000000e+00
-2.640009e+01 -2.471810e+03 -5.659304e+02 1.000000e+00
-3.092562e+01 -2.140885e+03 -7.314706e+02 1.000000e+00
-3.549821e+01 -2.285374e+03 -9.994733e+02 1.000000e+00
-3.827752e+01 -1.850270e+03 -1.172390e+03 1.000000e+00
-8.454830e+00 -2.059669e+03 0.000000e+00 1.000000e+00
-1.019905e+01 -2.385429e+03 -5.990120e+01 1.000000e+00
-1.194349e+01 -2.191183e+03 -1.333631e+02 1.000000e+00
-1.613491e+01 -2.490179e+03 -2.520019e+02 1.000000e+00
-2.097524e+01 -2.244036e+03 -3.752954e+02 1.000000e+00
-2.537412e+01 -2.476969e+03 -5.732502e+02 1.000000e+00
-2.938727e+01 -2.146861e+03 -7.397437e+02 1.000000e+00
-3.347595e+01 -2.286861e+03 -1.008744e+03 1.000000e+00
-3.670573e+01 -1.853086e+03 -1.181905e+03 1.000000e+00
-6.142310e+00 -2.068218e+03 0.000000e+00 1.000000e+00
-8.114376e+00 -2.395138e+03 -6.174356e+01 1.000000e+00
-1.127831e+01 -2.199304e+03 -1.359177e+02 1.000000e+00
-1.538039e+01 -2.499558e+03 -2.565681e+02 1.000000e+00
-1.907110e+01 -2.250274e+03 -3.804633e+02 1.000000e+00
-2.279866e+01 -2.484079e+03 -5.804180e+02 1.000000e+00
-2.622198e+01 -2.151239e+03 -7.471418e+02 1.000000e+00
-2.996848e+01 -2.289805e+03 -1.017581e+03 1.000000e+00
-3.316279e+01 -1.855509e+03 -1.191036e+03 1.000000e+00
-5.955512e+00 -2.078384e+03 0.000000e+00 1.000000e+00
-7.425157e+00 -2.402560e+03 -6.336286e+01 1.000000e+00
-9.408596e+00 -2.210236e+03 -1.386425e+02 1.000000e+00
-1.331519e+01 -2.506612e+03 -2.604134e+02 1.000000e+00
-1.646347e+01 -2.259293e+03 -3.850820e+02 1.000000e+00
-1.970116e+01 -2.489874e+03 -5.868029e+02 1.000000e+00
-2.316367e+01 -2.156747e+03 -7.543509e+02 1.000000e+00
-2.593735e+01 -2.295210e+03 -1.024866e+03 1.000000e+00
-2.794412e+01 -1.856297e+03 -1.199392e+03 1.000000e+00
-3.614254e+00 -2.089656e+03 0.000000e+00 1.000000e+00
-5.581168e+00 -2.409346e+03 -6.496250e+01 1.000000e+00
-8.232943e+00 -2.222936e+03 -1.408294e+02 1.000000e+00
-1.070386e+01 -2.511751e+03 -2.635200e+02 1.000000e+00
-1.384053e+01 -2.271464e+03 -3.896938e+02 1.000000e+00
-1.623635e+01 -2.493308e+03 -5.913953e+02 1.000000e+00
-1.792181e+01 -2.165997e+03 -7.608130e+02 1.000000e+00
-2.064732e+01 -2.296968e+03 -1.031208e+03 1.000000e+00
-2.411152e+01 -1.862476e+03 -1.207241e+03 1.000000e+00
-1.980178e+00 -2.086042e+03 0.000000e+00 1.000000e+00
-3.969574e+00 -2.431583e+03 -6.687208e+01 1.000000e+00
-5.653274e+00 -2.220806e+03 -1.420855e+02 1.000000e+00
-8.583563e+00 -2.533504e+03 -2.666592e+02 1.000000e+00
-9.507647e+00 -2.268546e+03 -3.920406e+02 1.000000e+00
-1.148186e+01 -2.513994e+03 -5.964379e+02 1.000000e+00
-1.372116e+01 -2.161042e+03 -7.640917e+02 1.000000e+00
-1.481151e+01 -2.313771e+03 -1.038385e+03 1.000000e+00
-1.513043e+01 -1.857975e+03 -1.210426e+03 1.000000e+00
-7.194513e-01 -2.125059e+03 0.000000e+00 1.000000e+00
-1.255897e+00 -2.412276e+03 -6.791943e+01 1.000000e+00
-4.152872e+00 -2.261805e+03 -1.440684e+02 1.000000e+00
-5.211249e+00 -2.514903e+03 -2.675029e+02 1.000000e+00
-6.626000e+00 -2.308064e+03 -3.949878e+02 1.000000e+00
-6.828753e+00 -2.494922e+03 -5.973770e+02 1.000000e+00
-7.940298e+00 -2.198995e+03 -7.697200e+02 1.000000e+00
-8.458224e+00 -2.293244e+03 -1.038505e+03 1.000000e+00
-9.645773e+00 -1.893742e+03 -1.217282e+03 1.000000e+00
0.000000e+00 -2.178311e+03 0.000000e+00 1.000000e+00
0.000000e+00 -2.380605e+03 -6.802406e+01 1.000000e+00
0.000000e+00 -2.315954e+03 -1.457616e+02 1.000000e+00
0.000000e+00 -2.483860e+03 -2.663264e+02 1.000000e+00
0.000000e+00 -2.362015e+03 -3.982496e+02 1.000000e+00
0.000000e+00 -2.463245e+03 -5.947687e+02 1.000000e+00
0.000000e+00 -2.251966e+03 -7.750997e+02 1.000000e+00
0.000000e+00 -2.260515e+03 -1.034541e+03 1.000000e+00
0.000000e+00 -1.943455e+03 -1.225072e+03 1.000000e+00
-1.004599e+01 -2.291225e+03 0.000000e+00 1.000000e+00
-1.177639e+01 -2.093143e+03 -7.361272e+01 1.000000e+00
-1.456023e+01 -2.420615e+03 -1.756676e+02 1.000000e+00
-1.895979e+01 -2.182299e+03 -2.862042e+02 1.000000e+00
-2.381004e+01 -2.459440e+03 -4.578044e+02 1.000000e+00
-2.876076e+01 -2.153754e+03 -6.164968e+02 1.000000e+00
-3.379503e+01 -2.345386e+03 -8.618463e+02 1.000000e+00
-3.820050e+01 -1.942754e+03 -1.050965e+03 1.000000e+00
-4.079090e+01 -2.042807e+03 -1.348324e+03 1.000000e+00
-9.053137e+00 -2.298530e+03 0.000000e+00 1.000000e+00
-1.115210e+01 -2.103372e+03 -7.538719e+01 1.000000e+00
-1.435658e+01 -2.428894e+03 -1.790555e+02 1.000000e+00
-1.913575e+01 -2.191027e+03 -2.912878e+02 1.000000e+00
-2.369844e+01 -2.466501e+03 -4.636994e+02 1.000000e+00
-2.813601e+01 -2.159365e+03 -6.246296e+02 1.000000e+00
-3.284018e+01 -2.349372e+03 -8.710510e+02 1.000000e+00
-3.720445e+01 -1.945314e+03 -1.061062e+03 1.000000e+00
-3.962450e+01 -2.044919e+03 -1.358585e+03 1.000000e+00
-9.605096e+00 -2.306593e+03 0.000000e+00 1.000000e+00
-1.141499e+01 -2.113228e+03 -7.711362e+01 1.000000e+00
-1.365453e+01 -2.437381e+03 -1.820626e+02 1.000000e+00
-1.774338e+01 -2.199386e+03 -2.963954e+02 1.000000e+00
-2.287115e+01 -2.473518e+03 -4.696108e+02 1.000000e+00
-2.720331e+01 -2.165784e+03 -6.323759e+02 1.000000e+00
-3.091652e+01 -2.352413e+03 -8.798724e+02 1.000000e+00
-3.463395e+01 -1.949519e+03 -1.070365e+03 1.000000e+00
-3.807419e+01 -2.044803e+03 -1.369148e+03 1.000000e+00
-7.132095e+00 -2.316636e+03 0.000000e+00 1.000000e+00
-8.960891e+00 -2.121291e+03 -7.862550e+01 1.000000e+00
-1.263767e+01 -2.447269e+03 -1.854560e+02 1.000000e+00
-1.693164e+01 -2.206390e+03 -3.003857e+02 1.000000e+00
-2.057375e+01 -2.481560e+03 -4.759749e+02 1.000000e+00
-2.471904e+01 -2.171417e+03 -6.392130e+02 1.000000e+00
-2.734471e+01 -2.356678e+03 -8.878660e+02 1.000000e+00
-3.150336e+01 -1.953472e+03 -1.079791e+03 1.000000e+00
-3.395592e+01 -2.045660e+03 -1.378117e+03 1.000000e+00
-6.295816e+00 -2.323879e+03 0.000000e+00 1.000000e+00
-8.412827e+00 -2.131778e+03 -8.019621e+01 1.000000e+00
-1.083290e+01 -2.454637e+03 -1.885595e+02 1.000000e+00
-1.472473e+01 -2.216595e+03 -3.042526e+02 1.000000e+00
-1.834972e+01 -2.487756e+03 -4.811505e+02 1.000000e+00
-2.073343e+01 -2.178152e+03 -6.454593e+02 1.000000e+00
-2.493172e+01 -2.362034e+03 -8.960063e+02 1.000000e+00
-2.691955e+01 -1.956672e+03 -1.086833e+03 1.000000e+00
-2.922508e+01 -2.050019e+03 -1.387083e+03 1.000000e+00
-4.325018e+00 -2.330571e+03 0.000000e+00 1.000000e+00
-6.476015e+00 -2.144231e+03 -8.199356e+01 1.000000e+00
-8.848260e+00 -2.460203e+03 -1.904586e+02 1.000000e+00
-1.178184e+01 -2.229514e+03 -3.081865e+02 1.000000e+00
-1.468211e+01 -2.491665e+03 -4.852780e+02 1.000000e+00
-1.779723e+01 -2.188906e+03 -6.511926e+02 1.000000e+00
-1.817533e+01 -2.364677e+03 -9.015974e+02 1.000000e+00
-2.138298e+01 -1.964188e+03 -1.094652e+03 1.000000e+00
-2.394973e+01 -2.050082e+03 -1.393558e+03 1.000000e+00
-2.369486e+00 -2.353532e+03 0.000000e+00 1.000000e+00
-4.079278e+00 -2.140816e+03 -8.361883e+01 1.000000e+00
-7.040380e+00 -2.482673e+03 -1.925183e+02 1.000000e+00
-9.212469e+00 -2.226702e+03 -3.103586e+02 1.000000e+00
-1.107828e+01 -2.513098e+03 -4.894330e+02 1.000000e+00
-1.188623e+01 -2.184229e+03 -6.544210e+02 1.000000e+00
-1.498610e+01 -2.383826e+03 -9.073818e+02 1.000000e+00
-1.536418e+01 -1.958589e+03 -1.099087e+03 1.000000e+00
-1.663716e+01 -2.065021e+03 -1.400851e+03 1.000000e+00
-3.097602e-01 -2.332962e+03 0.000000e+00 1.000000e+00
-2.222495e+00 -2.181345e+03 -8.522759e+01 1.000000e+00
-4.170014e+00 -2.462985e+03 -1.936989e+02 1.000000e+00
-6.484012e+00 -2.268072e+03 -3.127673e+02 1.000000e+00
-6.566769e+00 -2.493091e+03 -4.902498e+02 1.000000e+00
-7.890461e+00 -2.222754e+03 -6.585191e+02 1.000000e+00
-8.015224e+00 -2.363270e+03 -9.092953e+02 1.000000e+00
-9.243495e+00 -1.995357e+03 -1.103995e+03 1.000000e+00
-9.082244e+00 -2.042370e+03 -1.402092e+03 1.000000e+00
0.000000e+00 -2.299452e+03 0.000000e+00 1.000000e+00
0.000000e+00 -2.236471e+03 -8.617328e+01 1.000000e+00
0.000000e+00 -2.430087e+03 -1.937391e+02 1.000000e+00
0.000000e+00 -2.323845e+03 -3.145172e+02 1.000000e+00
0.000000e+00 -2.459797e+03 -4.890456e+02 1.000000e+00
0.000000e+00 -2.277697e+03 -6.622401e+02 1.000000e+00
0.000000e+00 -2.329789e+03 -9.065391e+02 1.000000e+00
0.000000e+00 -2.048378e+03 -1.110373e+03 1.000000e+00
0.000000e+00 -2.007798e+03 -1.396799e+03 1.000000e+00
-1.094617e+01 -2.004832e+03 0.000000e+00 1.000000e+00
-1.279801e+01 -2.356730e+03 -9.632535e+01 1.000000e+00
-1.591753e+01 -2.123723e+03 -2.025560e+02 1.000000e+00
-2.051011e+01 -2.434559e+03 -3.512691e+02 1.000000e+00
-2.541178e+01 -2.145052e+03 -5.016770e+02 1.000000e+00
-3.036817e+01 -2.386105e+03 -7.209263e+02 1.000000e+00
-3.527150e+01 -2.008129e+03 -9.121115e+02 1.000000e+00
-3.937848e+01 -2.157074e+03 -1.194787e+03 1.000000e+00
-4.183885e+01 -1.683093e+03 -1.393398e+03 1.000000e+00
-1.003972e+01 -2.015515e+03 0.000000e+00 1.000000e+00
-1.191086e+01 -2.363862e+03 -9.799696e+01 1.000000e+00
-1.593199e+01 -2.133572e+03 -2.066561e+02 1.000000e+00
-2.081155e+01 -2.442611e+03 -3.559222e+02 1.000000e+00
-2.522445e+01 -2.151923e+03 -5.084738e+02 1.000000e+00
-3.002762e+01 -2.391854e+03 -7.289991e+02 1.000000e+00
-3.424994e+01 -2.011357e+03 -9.218114e+02 1.000000e+00
-3.875979e+01 -2.160019e+03 -1.205438e+03 1.000000e+00
-4.121040e+01 -1.683099e+03 -1.403791e+03 1.000000e+00
-1.061088e+01 -2.025690e+03 0.000000e+00 1.000000e+00
-1.266994e+01 -2.372039e+03 -9.967474e+01 1.000000e+00
-1.476776e+01 -2.142699e+03 -2.099787e+02 1.000000e+00
-1.909631e+01 -2.450368e+03 -3.610722e+02 1.000000e+00
-2.458760e+01 -2.158991e+03 -5.149503e+02 1.000000e+00
-2.864009e+01 -2.396703e+03 -7.368239e+02 1.000000e+00
-3.238600e+01 -2.016435e+03 -9.311240e+02 1.000000e+00
-3.524357e+01 -2.161279e+03 -1.215079e+03 1.000000e+00
-3.849831e+01 -1.684946e+03 -1.414600e+03 1.000000e+00
-7.749254e+00 -2.033238e+03 0.000000e+00 1.000000e+00
-9.732968e+00 -2.382346e+03 -1.013370e+02 1.000000e+00
-1.404658e+01 -2.150216e+03 -2.132650e+02 1.000000e+00
-1.830024e+01 -2.459351e+03 -3.656004e+02 1.000000e+00
-2.219196e+01 -2.165513e+03 -5.214059e+02 1.000000e+00
-2.628202e+01 -2.402528e+03 -7.440328e+02 1.000000e+00
-2.863759e+01 -2.021345e+03 -9.394171e+02 1.000000e+00
-3.285418e+01 -2.163535e+03 -1.224780e+03 1.000000e+00
-3.566841e+01 -1.687863e+03 -1.424125e+03 1.000000e+00
-6.897120e+00 -2.043192e+03 0.000000e+00 1.000000e+00
-9.100127e+00 -2.389540e+03 -1.029442e+02 1.000000e+00
-1.164034e+01 -2.160499e+03 -2.164752e+02 1.000000e+00
-1.619936e+01 -2.466453e+03 -3.699465e+02 1.000000e+00
-1.940373e+01 -2.173679e+03 -5.262933e+02 1.000000e+00
-2.191363e+01 -2.407885e+03 -7.512750e+02 1.000000e+00
-2.587801e+01 -2.026116e+03 -9.469650e+02 1.000000e+00
-2.728452e+01 -2.167858e+03 -1.233001e+03 1.000000e+00
-2.937405e+01 -1.688966e+03 -1.432518e+03 1.000000e+00
-5.181796e+00 -2.055100e+03 0.000000e+00 1.000000e+00
-7.033730e+00 -2.395548e+03 -1.045547e+02 1.000000e+00
-1.005065e+01 -2.173623e+03 -2.187560e+02 1.000000e+00
-1.226472e+01 -2.470759e+03 -3.736540e+02 1.000000e+00
-1.618225e+01 -2.185936e+03 -5.312699e+02 1.000000e+00
-1.885179e+01 -2.410588e+03 -7.563992e+02 1.000000e+00
-1.920392e+01 -2.035524e+03 -9.538849e+02 1.000000e+00
-2.235157e+01 -2.169154e+03 -1.239477e+03 1.000000e+00
-2.504853e+01 -1.695677e+03 -1.441032e+03 1.000000e+00
-2.154441e+00 -2.050093e+03 0.000000e+00 1.000000e+00
-4.740152e+00 -2.418714e+03 -1.064044e+02 1.000000e+00
-7.122875e+00 -2.170107e+03 -2.203799e+02 1.000000e+00
-1.053801e+01 -2.493120e+03 -3.768854e+02 1.000000e+00
-1.148728e+01 -2.181909e+03 -5.343192e+02 1.000000e+00
-1.264450e+01 -2.431116e+03 -7.614045e+02 1.000000e+00
-1.499238e+01 -2.029500e+03 -9.576889e+02 1.000000e+00
-1.569383e+01 -2.186530e+03 -1.246750e+03 1.000000e+00
-1.619483e+01 -1.689458e+03 -1.444879e+03 1.000000e+00
-1.095959e+00 -2.090590e+03 0.000000e+00 1.000000e+00
-1.923919e+00 -2.397509e+03 -1.076338e+02 1.000000e+00
-5.383504e+00 -2.211639e+03 -2.225334e+02 1.000000e+00
-6.616541e+00 -2.472968e+03 -3.782007e+02 1.000000e+00
-7.510433e+00 -2.221873e+03 -5.366263e+02 1.000000e+00
-8.015924e+00 -2.409759e+03 -7.636050e+02 1.000000e+00
-8.858412e+00 -2.067251e+03 -9.624874e+02 1.000000e+00
-9.528524e+00 -2.163678e+03 -1.248000e+03 1.000000e+00
-9.986059e+00 -1.724892e+03 -1.450871e+03 1.000000e+00
0.000000e+00 -2.146673e+03 0.000000e+00 1.000000e+00
0.000000e+00 -2.362551e+03 -1.077954e+02 1.000000e+00
0.000000e+00 -2.268813e+03 -2.244074e+02 1.000000e+00
0.000000e+00 -2.438660e+03 -3.771041e+02 1.000000e+00
0.000000e+00 -2.278430e+03 -5.394177e+02 1.000000e+00
0.000000e+00 -2.374858e+03 -7.620610e+02 1.000000e+00
0.000000e+00 -2.122190e+03 -9.666852e+02 1.000000e+00
0.000000e+00 -2.128320e+03 -1.245632e+03 1.000000e+00
0.000000e+00 -1.777771e+03 -1.456664e+03 1.000000e+00
-1.175482e+01 -2.281436e+03 0.000000e+00 1.000000e+00
-1.368994e+01 -2.051880e+03 -1.093491e+02 1.000000e+00
-1.710346e+01 -2.394897e+03 -2.417090e+02 1.000000e+00
-2.186227e+01 -2.116846e+03 -3.838803e+02 1.000000e+00
-2.687556e+01 -2.400663e+03 -5.763170e+02 1.000000e+00
-3.188011e+01 -2.049885e+03 -7.621485e+02 1.000000e+00
-3.672005e+01 -2.245053e+03 -1.021467e+03 1.000000e+00
-4.045123e+01 -1.798258e+03 -1.233521e+03 1.000000e+00
-4.271920e+01 -1.906985e+03 -1.540197e+03 1.000000e+00
-1.064481e+01 -2.287853e+03 0.000000e+00 1.000000e+00
-1.255516e+01 -2.062053e+03 -1.110165e+02 1.000000e+00
-1.708705e+01 -2.402310e+03 -2.461404e+02 1.000000e+00
-2.233761e+01 -2.125408e+03 -3.887117e+02 1.000000e+00
-2.666809e+01 -2.407583e+03 -5.832853e+02 1.000000e+00
-3.136302e+01 -2.054541e+03 -7.705825e+02 1.000000e+00
-3.546095e+01 -2.248789e+03 -1.031464e+03 1.000000e+00
-3.956807e+01 -1.799570e+03 -1.244478e+03 1.000000e+00
-4.213540e+01 -1.908192e+03 -1.550834e+03 1.000000e+00
-1.181946e+01 -2.295559e+03 0.000000e+00 1.000000e+00
-1.378402e+01 -2.071953e+03 -1.127283e+02 1.000000e+00
-1.583474e+01 -2.410200e+03 -2.495363e+02 1.000000e+00
-2.016576e+01 -2.133505e+03 -3.942147e+02 1.000000e+00
-2.590817e+01 -2.413941e+03 -5.898635e+02 1.000000e+00
-3.011484e+01 -2.060173e+03 -7.788690e+02 1.000000e+00
-3.389003e+01 -2.251770e+03 -1.041036e+03 1.000000e+00
-3.611240e+01 -1.803277e+03 -1.254298e+03 1.000000e+00
-3.906095e+01 -1.907821e+03 -1.562032e+03 1.000000e+00
-8.128980e+00 -2.305441e+03 0.000000e+00 1.000000e+00
-1.024590e+01 -2.079629e+03 -1.144759e+02 1.000000e+00
-1.511635e+01 -2.419802e+03 -2.528190e+02 1.000000e+00
-1.976658e+01 -2.140425e+03 -3.991006e+02 1.000000e+00
-2.364084e+01 -2.421393e+03 -5.964526e+02 1.000000e+00
-2.760564e+01 -2.065566e+03 -7.864635e+02 1.000000e+00
-2.931874e+01 -2.255308e+03 -1.049412e+03 1.000000e+00
-3.353749e+01 -1.806910e+03 -1.264512e+03 1.000000e+00
-3.676874e+01 -1.908268e+03 -1.571622e+03 1.000000e+00
-7.793601e+00 -2.312601e+03 0.000000e+00 1.000000e+00
-9.564215e+00 -2.089577e+03 -1.159588e+02 1.000000e+00
-1.261472e+01 -2.427114e+03 -2.564829e+02 1.000000e+00
-1.700098e+01 -2.149843e+03 -4.032191e+02 1.000000e+00
-2.055736e+01 -2.427766e+03 -6.020806e+02 1.000000e+00
-2.277278e+01 -2.071552e+03 -7.931962e+02 1.000000e+00
-2.706199e+01 -2.260102e+03 -1.058134e+03 1.000000e+00
-2.804864e+01 -1.810088e+03 -1.272009e+03 1.000000e+00
-2.935947e+01 -1.911302e+03 -1.580941e+03 1.000000e+00
-5.383651e+00 -2.318373e+03 0.000000e+00 1.000000e+00
-7.871290e+00 -2.102491e+03 -1.177025e+02 1.000000e+00
-1.062399e+01 -2.432134e+03 -2.585860e+02 1.000000e+00
-1.332518e+01 -2.162898e+03 -4.074073e+02 1.000000e+00
-1.709758e+01 -2.430739e+03 -6.068099e+02 1.000000e+00
-2.008068e+01 -2.082363e+03 -7.992161e+02 1.000000e+00
-1.948456e+01 -2.261728e+03 -1.064221e+03 1.000000e+00
-2.297483e+01 -1.818187e+03 -1.280024e+03 1.000000e+00
-2.582615e+01 -1.910536e+03 -1.587425e+03 1.000000e+00
-2.812106e+00 -2.341711e+03 0.000000e+00 1.000000e+00
-4.459466e+00 -2.097630e+03 -1.193635e+02 1.000000e+00
-8.040243e+00 -2.455564e+03 -2.607954e+02 1.000000e+00
-1.068730e+01 -2.158658e+03 -4.098317e+02 1.000000e+00
-1.250875e+01 -2.452447e+03 -6.113795e+02 1.000000e+00
-1.286679e+01 -2.076914e+03 -8.026077e+02 1.000000e+00
-1.560736e+01 -2.280796e+03 -1.070091e+03 1.000000e+00
-1.566482e+01 -1.811142e+03 -1.284998e+03 1.000000e+00
-1.643589e+01 -1.926412e+03 -1.594476e+03 1.000000e+00
-5.489495e-01 -2.319162e+03 0.000000e+00 1.000000e+00
-2.639866e+00 -2.138988e+03 -1.209057e+02 1.000000e+00
-5.391623e+00 -2.434570e+03 -2.625657e+02 1.000000e+00
-7.606164e+00 -2.199918e+03 -4.119324e+02 1.000000e+00
-7.633686e+00 -2.431241e+03 -6.126683e+02 1.000000e+00
-8.595522e+00 -2.115873e+03 -8.062993e+02 1.000000e+00
-8.561948e+00 -2.257934e+03 -1.073003e+03 1.000000e+00
-9.954736e+00 -1.847953e+03 -1.288797e+03 1.000000e+00
-1.021344e+01 -1.902583e+03 -1.597490e+03 1.000000e+00
0.000000e+00 -2.281855e+03 0.000000e+00 1.000000e+00
0.000000e+00 -2.196878e+03 -1.218357e+02 1.000000e+00
0.000000e+00 -2.398396e+03 -2.629497e+02 1.000000e+00
0.000000e+00 -2.257994e+03 -4.132914e+02 1.000000e+00
0.000000e+00 -2.395180e+03 -6.119750e+02 1.000000e+00
0.000000e+00 -2.172277e+03 -8.093904e+02 1.000000e+00
0.000000e+00 -2.220630e+03 -1.071182e+03 1.000000e+00
0.000000e+00 -1.901640e+03 -1.294093e+03 1.000000e+00
0.000000e+00 -1.865018e+03 -1.593954e+03 1.000000e+00
-1.244316e+01 -1.965759e+03 0.000000e+00 1.000000e+00
-1.444003e+01 -2.338927e+03 -1.269759e+02 1.000000e+00
-1.809521e+01 -2.071473e+03 -2.632554e+02 1.000000e+00
-2.299372e+01 -2.393878e+03 -4.347973e+02 1.000000e+00
-2.809557e+01 -2.062769e+03 -6.090850e+02 1.000000e+00
-3.320710e+01 -2.309894e+03 -8.434467e+02 1.000000e+00
-3.789381e+01 -1.887457e+03 -1.055385e+03 1.000000e+00
-4.139362e+01 -2.044202e+03 -1.346203e+03 1.000000e+00
-4.356273e+01 -1.528262e+03 -1.563714e+03 1.000000e+00
-1.100467e+01 -1.975539e+03 0.000000e+00 1.000000e+00
-1.319114e+01 -2.346063e+03 -1.289033e+02 1.000000e+00
-1.792124e+01 -2.080740e+03 -2.675243e+02 1.000000e+00
-2.354987e+01 -2.401105e+03 -4.402581e+02 1.000000e+00
-2.802136e+01 -2.069525e+03 -6.158309e+02 1.000000e+00
-3.233693e+01 -2.314534e+03 -8.524644e+02 1.000000e+00
-3.661134e+01 -1.890405e+03 -1.065552e+03 1.000000e+00
-3.992031e+01 -2.046103e+03 -1.357235e+03 1.000000e+00
-4.236371e+01 -1.527457e+03 -1.574792e+03 1.000000e+00
-1.301723e+01 -1.985065e+03 0.000000e+00 1.000000e+00
-1.462548e+01 -2.353919e+03 -1.306817e+02 1.000000e+00
-1.698619e+01 -2.090070e+03 -2.710064e+02 1.000000e+00
-2.107560e+01 -2.408100e+03 -4.458736e+02 1.000000e+00
-2.704426e+01 -2.076462e+03 -6.228343e+02 1.000000e+00
-3.174167e+01 -2.319112e+03 -8.608759e+02 1.000000e+00
-3.480288e+01 -1.894628e+03 -1.075418e+03 1.000000e+00
-3.736584e+01 -2.047423e+03 -1.367402e+03 1.000000e+00
-3.998100e+01 -1.529256e+03 -1.585936e+03 1.000000e+00
-8.504715e+00 -1.992534e+03 0.000000e+00 1.000000e+00
-1.060972e+01 -2.363494e+03 -1.323804e+02 1.000000e+00
-1.582729e+01 -2.097592e+03 -2.745093e+02 1.000000e+00
-2.083712e+01 -2.416369e+03 -4.506942e+02 1.000000e+00
-2.496736e+01 -2.082430e+03 -6.300568e+02 1.000000e+00
-2.833462e+01 -2.324508e+03 -8.682626e+02 1.000000e+00
-3.008434e+01 -1.898795e+03 -1.084391e+03 1.000000e+00
-3.333891e+01 -2.048936e+03 -1.377476e+03 1.000000e+00
-3.686337e+01 -1.531498e+03 -1.596126e+03 1.000000e+00
-8.375835e+00 -2.002136e+03 0.000000e+00 1.000000e+00
-1.028291e+01 -2.370879e+03 -1.340129e+02 1.000000e+00
-1.334199e+01 -2.107024e+03 -2.779820e+02 1.000000e+00
-1.816203e+01 -2.423739e+03 -4.555611e+02 1.000000e+00
-2.140414e+01 -2.089959e+03 -6.350300e+02 1.000000e+00
-2.402452e+01 -2.329627e+03 -8.761586e+02 1.000000e+00
-2.783587e+01 -1.903215e+03 -1.092272e+03 1.000000e+00
-2.928201e+01 -2.052595e+03 -1.386260e+03 1.000000e+00
-3.010365e+01 -1.532886e+03 -1.604372e+03 1.000000e+00
-6.121822e+00 -2.014676e+03 0.000000e+00 1.000000e+00
-7.988420e+00 -2.376064e+03 -1.356160e+02 1.000000e+00
-1.136559e+01 -2.120374e+03 -2.804104e+02 1.000000e+00
-1.365236e+01 -2.427452e+03 -4.594897e+02 1.000000e+00
-1.812691e+01 -2.102171e+03 -6.404193e+02 1.000000e+00
-2.044637e+01 -2.331395e+03 -8.817192e+02 1.000000e+00
-2.014197e+01 -1.912843e+03 -1.099484e+03 1.000000e+00
-2.231435e+01 -2.052254e+03 -1.392766e+03 1.000000e+00
-2.592090e+01 -1.540566e+03 -1.613232e+03 1.000000e+00
-2.699113e+00 -2.008947e+03 0.000000e+00 1.000000e+00
-5.067625e+00 -2.399889e+03 -1.374335e+02 1.000000e+00
-8.168893e+00 -2.115437e+03 -2.823474e+02 1.000000e+00
-1.170207e+01 -2.450443e+03 -4.625795e+02 1.000000e+00
-1.278498e+01 -2.096773e+03 -6.441879e+02 1.000000e+00
-1.390720e+01 -2.352034e+03 -8.865830e+02 1.000000e+00
-1.565594e+01 -1.905919e+03 -1.103652e+03 1.000000e+00
-1.687673e+01 -2.069936e+03 -1.399994e+03 1.000000e+00
-1.669495e+01 -1.533148e+03 -1.617593e+03 1.000000e+00
-9.166082e-01 -2.050444e+03 0.000000e+00 1.000000e+00
-2.271178e+00 -2.377595e+03 -1.388966e+02 1.000000e+00
-6.061547e+00 -2.157095e+03 -2.845310e+02 1.000000e+00
-7.537269e+00 -2.429175e+03 -4.641628e+02 1.000000e+00
-8.350194e+00 -2.137083e+03 -6.462841e+02 1.000000e+00
-8.321003e+00 -2.329711e+03 -8.893787e+02 1.000000e+00
-8.634181e+00 -1.943178e+03 -1.107577e+03 1.000000e+00
-8.999455e+00 -2.046011e+03 -1.402690e+03 1.000000e+00
-1.036430e+01 -1.568780e+03 -1.622210e+03 1.000000e+00
0.000000e+00 -2.109153e+03 0.000000e+00 1.000000e+00
0.000000e+00 -2.339479e+03 -1.393786e+02 1.000000e+00
0.000000e+00 -2.216191e+03 -2.860706e+02 1.000000e+00
0.000000e+00 -2.391647e+03 -4.636161e+02 1.000000e+00
0.000000e+00 -2.195441e+03 -6.484427e+02 1.000000e+00
0.000000e+00 -2.291906e+03 -8.885060e+02 1.000000e+00
0.000000e+00 -1.999058e+03 -1.110908e+03 1.000000e+00
0.000000e+00 -2.006382e+03 -1.401179e+03 1.000000e+00
0.000000e+00 -1.621652e+03 -1.627543e+03 1.000000e+00
-1.315874e+01 -2.265292e+03 0.000000e+00 1.000000e+00
-1.494935e+01 -2.007691e+03 -1.372607e+02 1.000000e+00
-1.889772e+01 -2.367126e+03 -2.944442e+02 1.000000e+00
-2.394109e+01 -2.051623e+03 -4.591656e+02 1.000000e+00
-2.908300e+01 -2.345290e+03 -6.683209e+02 1.000000e+00
-3.429216e+01 -1.952105e+03 -8.715207e+02 1.000000e+00
-3.875987e+01 -2.155233e+03 -1.141478e+03 1.000000e+00
-4.200106e+01 -1.666063e+03 -1.368748e+03 1.000000e+00
-4.405147e+01 -1.785483e+03 -1.678227e+03 1.000000e+00
-1.196379e+01 -2.272936e+03 0.000000e+00 1.000000e+00
-1.351337e+01 -2.016851e+03 -1.389047e+02 1.000000e+00
-1.868426e+01 -2.374484e+03 -2.993708e+02 1.000000e+00
-2.468816e+01 -2.060113e+03 -4.643088e+02 1.000000e+00
-2.905546e+01 -2.351048e+03 -6.756099e+02 1.000000e+00
-3.346326e+01 -1.957159e+03 -8.804974e+02 1.000000e+00
-3.750412e+01 -2.157878e+03 -1.152025e+03 1.000000e+00
-4.065728e+01 -1.667710e+03 -1.379903e+03 1.000000e+00
-4.244871e+01 -1.786456e+03 -1.689277e+03 1.000000e+00
-1.355885e+01 -2.280538e+03 0.000000e+00 1.000000e+00
-1.551004e+01 -2.026394e+03 -1.406516e+02 1.000000e+00
-1.781762e+01 -2.381919e+03 -3.030039e+02 1.000000e+00
-2.177172e+01 -2.068165e+03 -4.700099e+02 1.000000e+00
-2.818827e+01 -2.356780e+03 -6.828536e+02 1.000000e+00
-3.280569e+01 -1.962549e+03 -8.892883e+02 1.000000e+00
-3.559562e+01 -2.160270e+03 -1.161863e+03 1.000000e+00
-3.765483e+01 -1.670391e+03 -1.390436e+03 1.000000e+00
-4.062030e+01 -1.786041e+03 -1.700373e+03 1.000000e+00
-9.029347e+00 -2.289352e+03 0.000000e+00 1.000000e+00
-1.105643e+01 -2.034516e+03 -1.425980e+02 1.000000e+00
-1.629022e+01 -2.390736e+03 -3.061142e+02 1.000000e+00
-2.187960e+01 -2.074971e+03 -4.756031e+02 1.000000e+00
-2.600834e+01 -2.363900e+03 -6.896254e+02 1.000000e+00
-2.913103e+01 -1.967068e+03 -8.975521e+02 1.000000e+00
-3.095526e+01 -2.164162e+03 -1.170519e+03 1.000000e+00
-3.370541e+01 -1.673215e+03 -1.400808e+03 1.000000e+00
-3.670937e+01 -1.786178e+03 -1.710753e+03 1.000000e+00
-9.253940e+00 -2.297392e+03 0.000000e+00 1.000000e+00
-1.037563e+01 -2.043423e+03 -1.439204e+02 1.000000e+00
-1.430502e+01 -2.398396e+03 -3.103032e+02 1.000000e+00
-1.884557e+01 -2.083620e+03 -4.798747e+02 1.000000e+00
-2.234850e+01 -2.370017e+03 -6.955177e+02 1.000000e+00
-2.500183e+01 -1.972936e+03 -9.047932e+02 1.000000e+00
-2.797922e+01 -2.167835e+03 -1.179416e+03 1.000000e+00
-2.960919e+01 -1.675984e+03 -1.408745e+03 1.000000e+00
-3.083474e+01 -1.789197e+03 -1.720351e+03 1.000000e+00
-6.084192e+00 -2.302132e+03 0.000000e+00 1.000000e+00
-8.863961e+00 -2.056744e+03 -1.456716e+02 1.000000e+00
-1.144736e+01 -2.402715e+03 -3.125392e+02 1.000000e+00
-1.435163e+01 -2.096636e+03 -4.842125e+02 1.000000e+00
-1.871807e+01 -2.372353e+03 -7.006071e+02 1.000000e+00
-2.111943e+01 -1.984114e+03 -9.112516e+02 1.000000e+00
-2.071078e+01 -2.167799e+03 -1.185661e+03 1.000000e+00
-2.285906e+01 -1.684923e+03 -1.416942e+03 1.000000e+00
-2.514405e+01 -1.786473e+03 -1.726735e+03 1.000000e+00
-3.487588e+00 -2.325957e+03 0.000000e+00 1.000000e+00
-4.781189e+00 -2.051310e+03 -1.474911e+02 1.000000e+00
-8.886230e+00 -2.426407e+03 -3.145600e+02 1.000000e+00
-1.196336e+01 -2.091358e+03 -4.872087e+02 1.000000e+00
-1.364650e+01 -2.394679e+03 -7.049518e+02 1.000000e+00
-1.400474e+01 -1.976824e+03 -9.152335e+02 1.000000e+00
-1.601846e+01 -2.187721e+03 -1.191581e+03 1.000000e+00
-1.673899e+01 -1.677133e+03 -1.421923e+03 1.000000e+00
-1.777023e+01 -1.802666e+03 -1.733898e+03 1.000000e+00
-5.188007e-01 -2.303048e+03 0.000000e+00 1.000000e+00
-2.721072e+00 -2.093001e+03 -1.489847e+02 1.000000e+00
-5.776323e+00 -2.404055e+03 -3.166738e+02 1.000000e+00
-8.083184e+00 -2.132574e+03 -4.891780e+02 1.000000e+00
-8.286849e+00 -2.372497e+03 -7.065588e+02 1.000000e+00
-8.739766e+00 -2.015564e+03 -9.186934e+02 1.000000e+00
-8.283649e+00 -2.163820e+03 -1.194739e+03 1.000000e+00
-8.841387e+00 -1.712749e+03 -1.425451e+03 1.000000e+00
-9.513824e+00 -1.777972e+03 -1.737878e+03 1.000000e+00
0.000000e+00 -2.263155e+03 0.000000e+00 1.000000e+00
0.000000e+00 -2.153305e+03 -1.500010e+02 1.000000e+00
0.000000e+00 -2.364944e+03 -3.170844e+02 1.000000e+00
0.000000e+00 -2.192313e+03 -4.905032e+02 1.000000e+00
0.000000e+00 -2.333761e+03 -7.060887e+02 1.000000e+00
0.000000e+00 -2.073984e+03 -9.213489e+02 1.000000e+00
0.000000e+00 -2.124296e+03 -1.193506e+03 1.000000e+00
0.000000e+00 -1.768117e+03 -1.429573e+03 1.000000e+00
0.000000e+00 -1.736941e+03 -1.736020e+03 1.000000e+00
