0 729 0.00000e+00
  1     729
8.881140e-01 -4.495321e+00 -2.504415e+00 8.571537e-01
7.378502e-01 2.660092e+01 -1.423594e+01 7.399081e-01
5.315050e-01 -8.695409e+00 1.422961e+00 5.967547e-01
4.129241e-01 2.240260e+01 -2.480018e+01 4.469133e-01
2.519578e-01 -1.183545e+01 2.708710e+00 3.077485e-01
1.678203e-01 1.646888e+01 -4.194310e+01 1.891254e-01
8.152951e-02 -1.192706e+01 2.420964e+00 9.748217e-02
4.175647e-02 1.092418e+01 -5.861621e+01 3.527858e-02
0.000000e+00 0.000000e+00 0.000000e+00 0.000000e+00
1.434355e+00 -4.513583e+00 -1.966435e+00 8.571537e-01
1.093408e+00 2.648942e+01 -1.377478e+01 7.399081e-01
5.815838e-01 -8.835012e+00 3.560791e-01 5.967547e-01
4.198416e-01 2.159844e+01 -2.426307e+01 4.469133e-01
1.096681e-01 -1.213455e+01 4.276369e-01 3.077485e-01
-4.859061e-03 1.570623e+01 -4.197117e+01 1.891254e-01
-9.549449e-02 -1.288570e+01 -5.189062e-01 9.748217e-02
-1.541103e-01 9.750804e+00 -6.064331e+01 3.527858e-02
0.000000e+00 0.000000e+00 0.000000e+00 0.000000e+00
1.225584e+00 -4.752188e+00 -6.269931e-01 8.571537e-01
9.630995e-01 2.706134e+01 -1.295692e+01 7.399081e-01
1.002525e+00 -9.246587e+00 9.904116e-01 5.967547e-01
7.738408e-01 2.148296e+01 -2.427514e+01 4.469133e-01
7.107462e-01 -1.251658e+01 1.059074e+00 3.077485e-01
5.175275e-01 1.531168e+01 -4.223603e+01 1.891254e-01
3.655868e-01 -1.352218e+01 -1.255910e-01 9.748217e-02
2.669854e-01 1.018817e+01 -6.097585e+01 3.527858e-02
0.000000e+00 0.000000e+00 0.000000e+00 0.000000e+00
7.825229e-01 -3.770430e+00 -9.307770e-02 8.571537e-01
7.439198e-01 2.658148e+01 -1.235582e+01 7.399081e-01
3.869770e-01 -8.862584e+00 1.889137e+00 5.967547e-01
3.410695e-01 2.148693e+01 -2.401825e+01 4.469133e-01
1.376924e-01 -1.217712e+01 2.793783e+00 3.077485e-01
1.408459e-01 1.511494e+01 -4.116652e+01 1.891254e-01
1.397137e-02 -1.234295e+01 1.992080e+00 9.748217e-02
1.004552e-02 9.863990e+00 -5.784067e+01 3.527858e-02
0.000000e+00 0.000000e+00 0.000000e+00 0.000000e+00
2.380518e+00 -4.364835e+00 6.446215e-01 8.571537e-01
1.699142e+00 2.595783e+01 -1.215602e+01 7.399081e-01
1.268965e+00 -9.466545e+00 1.214581e+00 5.967547e-01
8.034260e-01 2.150628e+01 -2.488565e+01 4.469133e-01
4.447773e-01 -1.300585e+01 2.370238e-01 3.077485e-01
8.857465e-02 1.591223e+01 -4.418095e+01 1.891254e-01
-1.461359e-02 -1.351416e+01 -1.759899e+00 9.748217e-02
-2.005228e-01 9.733923e+00 -6.382590e+01 3.527858e-02
0.000000e+00 0.000000e+00 0.000000e+00 0.000000e+00
2.116482e+00 -5.354099e+00 3.882035e+00 8.571537e-01
1.750857e+00 2.540602e+01 -9.700005e+00 7.399081e-01
1.395358e+00 -9.432103e+00 3.063543e+00 5.967547e-01
1.240927e+00 2.083190e+01 -2.303946e+01 4.469133e-01
9.624798e-01 -1.203174e+01 1.695625e+00 3.077485e-01
8.610572e-01 1.558651e+01 -4.205140e+01 1.891254e-01
4.949025e-01 -1.291853e+01 1.641124e-01 9.748217e-02
4.677040e-01 1.147633e+01 -6.035695e+01 3.527858e-02
0.000000e+00 0.000000e+00 0.000000e+00 0.000000e+00
-2.409637e+00 -7.065882e+00 3.547306e+00 8.571537e-01
-1.829491e+00 2.633911e+01 -9.852072e+00 7.399081e-01
-1.378861e+00 -1.033931e+01 4.303697e+00 5.967547e-01
-1.079554e+00 2.130247e+01 -2.165683e+01 4.469133e-01
-6.857184e-01 -1.154141e+01 4.693088e+00 3.077485e-01
-4.605281e-01 1.493143e+01 -3.879602e+01 1.891254e-01
-2.153795e-01 -1.076187e+01 3.906606e+00 9.748217e-02
-1.844471e-01 9.847401e+00 -5.467550e+01 3.527858e-02
0.000000e+00 0.000000e+00 0.000000e+00 0.000000e+00
-2.029218e+00 -8.227654e+00 -1.497872e+00 8.571537e-01
-1.490000e+00 2.725830e+01 -1.288032e+01 7.399081e-01
-1.154787e+00 -1.187681e+01 1.617785e+00 5.967547e-01
-9.115323e-01 2.234583e+01 -2.463675e+01 4.469133e-01
-7.860176e-01 -1.392152e+01 2.602534e+00 3.077485e-01
-6.066797e-01 1.590775e+01 -4.322385e+01 1.891254e-01
-4.397451e-01 -1.296770e+01 1.310481e+00 9.748217e-02
-2.091064e-01 8.478113e+00 -6.184123e+01 3.527858e-02
0.000000e+00 0.000000e+00 0.000000e+00 0.000000e+00
0.000000e+00 -6.760296e+00 -4.057143e+00 8.571537e-01
0.000000e+00 2.603142e+01 -1.347175e+01 7.399081e-01
0.000000e+00 -1.106862e+01 -5.131191e-01 5.967547e-01
0.000000e+00 2.140620e+01 -2.568041e+01 4.469133e-01
0.000000e+00 -1.449746e+01 4.553343e-01 3.077485e-01
0.000000e+00 1.581941e+01 -4.469468e+01 1.891254e-01
0.000000e+00 -1.470789e+01 -6.358745e-01 9.748217e-02
0.000000e+00 8.691974e+00 -6.393089e+01 3.527858e-02
0.000000e+00 0.000000e+00 0.000000e+00 0.000000e+00
8.861984e-01 2.327488e+01 -5.370969e+00 8.571537e-01
6.646594e-01 -6.331871e+00 9.212158e+00 7.399081e-01
5.738364e-01 1.908153e+01 -3.890800e+00 5.967547e-01
4.169406e-01 -9.267074e+00 2.285135e+01 4.469133e-01
3.169271e-01 1.618843e+01 -3.932265e+00 3.077485e-01
1.866844e-01 -9.551746e+00 4.080083e+01 1.891254e-01
1.128435e-01 1.220996e+01 -2.564862e+00 9.748217e-02
3.219641e-02 -8.815680e+00 5.784915e+01 3.527858e-02
0.000000e+00 0.000000e+00 0.000000e+00 0.000000e+00
9.937379e-01 2.237119e+01 -4.437298e+00 8.571537e-01
5.899688e-01 -7.097319e+00 9.299926e+00 7.399081e-01
5.178013e-01 1.893562e+01 -2.744946e+00 5.967547e-01
2.489835e-01 -8.896482e+00 2.234013e+01 4.469133e-01
2.393058e-01 1.639612e+01 -2.217677e+00 3.077485e-01
1.493022e-01 -8.854013e+00 4.040686e+01 1.891254e-01
1.330952e-01 1.311986e+01 -9.694960e-01 9.748217e-02
1.062140e-01 -7.488994e+00 5.860272e+01 3.527858e-02
0.000000e+00 0.000000e+00 0.000000e+00 0.000000e+00
1.249549e+00 2.184113e+01 -3.352312e+00 8.571537e-01
1.054157e+00 -8.156082e+00 9.940135e+00 7.399081e-01
6.933557e-01 1.870413e+01 -2.883654e+00 5.967547e-01
5.420870e-01 -9.266560e+00 2.240685e+01 4.469133e-01
2.411280e-01 1.628600e+01 -3.224262e+00 3.077485e-01
4.036289e-02 -8.919796e+00 3.989876e+01 1.891254e-01
-4.410303e-02 1.338414e+01 -2.175546e+00 9.748217e-02
-1.329334e-01 -8.081686e+00 5.796472e+01 3.527858e-02
0.000000e+00 0.000000e+00 0.000000e+00 0.000000e+00
5.108066e-01 2.058455e+01 -3.160700e+00 8.571537e-01
3.609163e-01 -8.072495e+00 1.012041e+01 7.399081e-01
4.190381e-01 1.782574e+01 -3.364893e+00 5.967547e-01
2.059498e-01 -9.654058e+00 2.229461e+01 4.469133e-01
2.385146e-01 1.558586e+01 -4.484751e+00 3.077485e-01
1.483049e-01 -9.133884e+00 3.891454e+01 1.891254e-01
1.781180e-01 1.212924e+01 -3.612245e+00 9.748217e-02
6.183827e-02 -8.067214e+00 5.510014e+01 3.527858e-02
0.000000e+00 0.000000e+00 0.000000e+00 0.000000e+00
1.114683e+00 1.907675e+01 -2.999854e+00 8.571537e-01
9.601989e-01 -8.944982e+00 1.064529e+01 7.399081e-01
7.904404e-01 1.759260e+01 -1.797611e+00 5.967547e-01
7.285168e-01 -1.013046e+01 2.371375e+01 4.469133e-01
5.545272e-01 1.624471e+01 -1.499593e+00 3.077485e-01
5.232307e-01 -9.517289e+00 4.250071e+01 1.891254e-01
2.603109e-01 1.350134e+01 -3.053401e-01 9.748217e-02
2.530130e-01 -7.406707e+00 6.095302e+01 3.527858e-02
0.000000e+00 0.000000e+00 0.000000e+00 0.000000e+00
1.996358e+00 1.821383e+01 -5.735472e-01 8.571537e-01
1.358325e+00 -9.706713e+00 1.225783e+01 7.399081e-01
1.048674e+00 1.669614e+01 -7.410989e-01 5.967547e-01
5.695594e-01 -1.021677e+01 2.394141e+01 4.469133e-01
3.764609e-01 1.492404e+01 -1.308907e+00 3.077485e-01
8.835954e-03 -9.552770e+00 4.168315e+01 1.891254e-01
1.624981e-02 1.276172e+01 -8.938021e-01 9.748217e-02
-2.131615e-01 -9.259381e+00 5.891088e+01 3.527858e-02
0.000000e+00 0.000000e+00 0.000000e+00 0.000000e+00
-1.651630e+00 2.057021e+01 -1.074144e+00 8.571537e-01
-1.156286e+00 -1.009099e+01 1.222993e+01 7.399081e-01
-9.423176e-01 1.770432e+01 -2.003482e+00 5.967547e-01
-6.542224e-01 -1.069966e+01 2.328431e+01 4.469133e-01
-4.972069e-01 1.427527e+01 -3.322899e+00 3.077485e-01
-2.299541e-01 -9.448583e+00 3.955157e+01 1.891254e-01
-1.164400e-01 1.055536e+01 -2.958065e+00 9.748217e-02
5.175742e-02 -8.228580e+00 5.452724e+01 3.527858e-02
0.000000e+00 0.000000e+00 0.000000e+00 0.000000e+00
-1.454030e+00 2.290483e+01 -3.283572e+00 8.571537e-01
-1.005541e+00 -9.717736e+00 1.000077e+01 7.399081e-01
-6.517440e-01 1.971326e+01 -2.885844e+00 5.967547e-01
-4.611852e-01 -1.100816e+01 2.366301e+01 4.469133e-01
-2.444650e-01 1.669362e+01 -3.166488e+00 3.077485e-01
-1.258610e-01 -9.969612e+00 4.240172e+01 1.891254e-01
-4.027687e-02 1.268835e+01 -2.288538e+00 9.748217e-02
-2.734018e-02 -6.660886e+00 6.010001e+01 3.527858e-02
0.000000e+00 0.000000e+00 0.000000e+00 0.000000e+00
0.000000e+00 2.196045e+01 -3.068347e+00 8.571537e-01
0.000000e+00 -8.164279e+00 8.344401e+00 7.399081e-01
0.000000e+00 1.921538e+01 -2.515455e+00 5.967547e-01
0.000000e+00 -9.904479e+00 2.282196e+01 4.469133e-01
0.000000e+00 1.735369e+01 -2.476154e+00 3.077485e-01
0.000000e+00 -9.667349e+00 4.221883e+01 1.891254e-01
0.000000e+00 1.432376e+01 -2.026423e+00 9.748217e-02
0.000000e+00 -6.706184e+00 6.079595e+01 3.527858e-02
0.000000e+00 0.000000e+00 0.000000e+00 0.000000e+00
3.382645e-01 -4.069430e+00 1.776835e+00 8.571537e-01
3.118209e-01 1.616725e+01 -1.131913e+01 7.399081e-01
2.178788e-01 -6.670744e+00 2.759272e+00 5.967547e-01
1.809461e-01 1.365144e+01 -2.298691e+01 4.469133e-01
1.081307e-01 -8.922946e+00 3.096609e+00 3.077485e-01
8.180515e-02 1.033081e+01 -4.037891e+01 1.891254e-01
3.001395e-02 -8.761281e+00 2.533834e+00 9.748217e-02
2.342263e-02 8.142304e+00 -5.698315e+01 3.527858e-02
0.000000e+00 0.000000e+00 0.000000e+00 0.000000e+00
-5.003926e-01 -5.295441e+00 4.473345e-01 8.571537e-01
-1.809365e-01 1.567818e+01 -1.132243e+01 7.399081e-01
-1.939035e-01 -7.606884e+00 1.885209e+00 5.967547e-01
-5.469957e-02 1.273599e+01 -2.211494e+01 4.469133e-01
-5.779264e-02 -9.558985e+00 2.599653e+00 3.077485e-01
-3.375952e-04 9.482074e+00 -3.908675e+01 1.891254e-01
1.736085e-02 -9.615734e+00 2.736820e+00 9.748217e-02
1.829194e-02 6.861426e+00 -5.623729e+01 3.527858e-02
0.000000e+00 0.000000e+00 0.000000e+00 0.000000e+00
8.603409e-01 -6.859051e+00 3.443997e-01 8.571537e-01
4.944887e-01 1.511348e+01 -1.143662e+01 7.399081e-01
5.001822e-01 -8.370473e+00 2.331122e+00 5.967547e-01
3.660421e-01 1.246909e+01 -2.200689e+01 4.469133e-01
3.067324e-01 -9.718550e+00 3.724724e+00 3.077485e-01
2.562748e-01 9.590830e+00 -3.827589e+01 1.891254e-01
1.451627e-01 -9.661944e+00 4.053112e+00 9.748217e-02
8.745554e-02 7.586417e+00 -5.554572e+01 3.527858e-02
0.000000e+00 0.000000e+00 0.000000e+00 0.000000e+00
-1.195416e-01 -6.711037e+00 8.221535e-01 8.571537e-01
1.375129e-01 1.419914e+01 -1.135512e+01 7.399081e-01
2.410847e-02 -8.110298e+00 2.831609e+00 5.967547e-01
1.173664e-01 1.246601e+01 -2.204351e+01 4.469133e-01
1.795033e-02 -9.248432e+00 4.339204e+00 3.077485e-01
3.686367e-02 9.773225e+00 -3.784247e+01 1.891254e-01
-8.784032e-02 -8.646413e+00 4.115263e+00 9.748217e-02
-1.679331e-02 7.627765e+00 -5.382592e+01 3.527858e-02
0.000000e+00 0.000000e+00 0.000000e+00 0.000000e+00
1.392445e-02 -6.680758e+00 -8.712521e-01 8.571537e-01
-1.063099e-04 1.403795e+01 -1.203190e+01 7.399081e-01
-3.869465e-03 -8.814675e+00 1.362582e+00 5.967547e-01
-1.736914e-01 1.207944e+01 -2.292051e+01 4.469133e-01
-1.154401e-01 -1.049162e+01 2.613127e+00 3.077485e-01
-2.132530e-01 9.369658e+00 -4.042048e+01 1.891254e-01
-3.276566e-02 -1.035499e+01 2.637662e+00 9.748217e-02
-1.079425e-01 6.571918e+00 -5.828041e+01 3.527858e-02
0.000000e+00 0.000000e+00 0.000000e+00 0.000000e+00
1.183135e+00 -7.652875e+00 -6.261793e-01 8.571537e-01
9.298523e-01 1.343590e+01 -1.184088e+01 7.399081e-01
6.196996e-01 -9.033380e+00 1.169519e+00 5.967547e-01
5.406729e-01 1.131820e+01 -2.290545e+01 4.469133e-01
2.233205e-01 -1.002590e+01 2.204887e+00 3.077485e-01
2.674887e-01 8.952765e+00 -3.982501e+01 1.891254e-01
3.260266e-02 -9.936466e+00 2.619088e+00 9.748217e-02
1.360854e-01 8.268247e+00 -5.705225e+01 3.527858e-02
0.000000e+00 0.000000e+00 0.000000e+00 0.000000e+00
3.306974e-01 -8.518626e+00 1.265448e+00 8.571537e-01
5.305788e-02 1.455239e+01 -1.171619e+01 7.399081e-01
4.737222e-02 -9.256572e+00 2.199000e+00 5.967547e-01
-6.777171e-02 1.230139e+01 -2.345945e+01 4.469133e-01
-2.630049e-02 -9.099063e+00 2.856385e+00 3.077485e-01
-1.308081e-01 9.216106e+00 -3.971222e+01 1.891254e-01
-9.500403e-02 -7.964565e+00 2.383642e+00 9.748217e-02
-1.297279e-01 7.481335e+00 -5.467785e+01 3.527858e-02
0.000000e+00 0.000000e+00 0.000000e+00 0.000000e+00
-8.750643e-01 -7.805355e+00 2.222298e-01 8.571537e-01
-6.144376e-01 1.596409e+01 -1.182827e+01 7.399081e-01
-5.405095e-01 -9.540694e+00 1.729885e+00 5.967547e-01
-3.107005e-01 1.360370e+01 -2.430407e+01 4.469133e-01
-2.145481e-01 -1.030890e+01 3.029875e+00 3.077485e-01
-8.578692e-02 1.014134e+01 -4.212177e+01 1.891254e-01
2.618351e-02 -9.493557e+00 3.034516e+00 9.748217e-02
7.238203e-02 6.098001e+00 -5.886648e+01 3.527858e-02
0.000000e+00 0.000000e+00 0.000000e+00 0.000000e+00
0.000000e+00 -6.260845e+00 -1.540959e+00 8.571537e-01
0.000000e+00 1.509333e+01 -1.113443e+01 7.399081e-01
0.000000e+00 -8.635800e+00 7.627160e-01 5.967547e-01
0.000000e+00 1.300390e+01 -2.304480e+01 4.469133e-01
0.000000e+00 -1.049873e+01 2.871789e+00 3.077485e-01
0.000000e+00 1.011949e+01 -4.064836e+01 1.891254e-01
0.000000e+00 -1.061954e+01 4.196684e+00 9.748217e-02
0.000000e+00 6.303195e+00 -5.808486e+01 3.527858e-02
0.000000e+00 0.000000e+00 0.000000e+00 0.000000e+00
-3.456866e-02 1.291715e+01 -1.776159e-01 8.571537e-01
-7.315405e-02 -5.041718e+00 1.262644e+01 7.399081e-01
-4.153275e-02 1.091679e+01 -1.337383e+00 5.967547e-01
-5.492895e-02 -6.693744e+00 2.383459e+01 4.469133e-01
-2.703584e-02 9.656929e+00 -2.116970e+00 3.077485e-01
-3.861582e-02 -6.653494e+00 4.095002e+01 1.891254e-01
-5.549412e-03 7.858432e+00 -1.380695e+00 9.748217e-02
-1.566775e-02 -6.552450e+00 5.737229e+01 3.527858e-02
0.000000e+00 0.000000e+00 0.000000e+00 0.000000e+00
-1.195774e+00 1.270169e+01 -1.262192e+00 8.571537e-01
-1.049370e+00 -5.967978e+00 1.104043e+01 7.399081e-01
-7.898165e-01 1.079426e+01 -1.860354e+00 5.967547e-01
-6.978833e-01 -6.711494e+00 2.229645e+01 4.469133e-01
-5.200626e-01 9.608925e+00 -2.873206e+00 3.077485e-01
-4.217614e-01 -6.414487e+00 3.895502e+01 1.891254e-01
-2.961749e-01 8.181543e+00 -3.042752e+00 9.748217e-02
-1.844402e-01 -5.667628e+00 5.537357e+01 3.527858e-02
0.000000e+00 0.000000e+00 0.000000e+00 0.000000e+00
-5.514594e-02 1.236402e+01 -2.599131e+00 8.571537e-01
2.099808e-01 -6.643568e+00 1.028277e+01 7.399081e-01
2.012711e-01 1.049579e+01 -2.762995e+00 5.967547e-01
2.293561e-01 -7.196615e+00 2.209182e+01 4.469133e-01
2.334741e-01 9.202957e+00 -3.643471e+00 3.077485e-01
1.785350e-01 -7.011884e+00 3.852347e+01 1.891254e-01
1.444811e-01 7.835190e+00 -3.817139e+00 9.748217e-02
1.099724e-01 -6.573585e+00 5.536374e+01 3.527858e-02
0.000000e+00 0.000000e+00 0.000000e+00 0.000000e+00
7.754154e-01 1.206596e+01 -2.227165e+00 8.571537e-01
3.991240e-01 -5.911705e+00 1.095091e+01 7.399081e-01
3.992338e-01 1.012986e+01 -2.451904e+00 5.967547e-01
2.340011e-01 -7.278864e+00 2.269359e+01 4.469133e-01
2.519294e-01 8.795110e+00 -2.914136e+00 3.077485e-01
1.785723e-01 -7.117189e+00 3.909249e+01 1.891254e-01
2.189051e-01 7.190480e+00 -2.436915e+00 9.748217e-02
5.178802e-02 -6.478251e+00 5.493552e+01 3.527858e-02
0.000000e+00 0.000000e+00 0.000000e+00 0.000000e+00
1.368155e-01 1.271667e+01 -1.593455e+00 8.571537e-01
1.164585e-01 -5.636359e+00 1.088451e+01 7.399081e-01
6.329856e-03 1.090510e+01 -1.728319e+00 5.967547e-01
6.812598e-02 -6.773664e+00 2.275627e+01 4.469133e-01
-1.229326e-01 9.913010e+00 -2.605143e+00 3.077485e-01
-7.274947e-02 -6.557820e+00 4.025229e+01 1.891254e-01
-2.217467e-01 8.702814e+00 -3.100580e+00 9.748217e-02
-5.595210e-02 -5.406963e+00 5.726680e+01 3.527858e-02
0.000000e+00 0.000000e+00 0.000000e+00 0.000000e+00
3.010559e-01 1.240120e+01 -1.843621e+00 8.571537e-01
2.443915e-01 -5.871480e+00 1.059527e+01 7.399081e-01
3.092463e-01 1.066688e+01 -1.674886e+00 5.967547e-01
1.591866e-01 -6.333675e+00 2.245457e+01 4.469133e-01
3.453979e-01 9.509730e+00 -2.536203e+00 3.077485e-01
1.188652e-01 -6.207450e+00 3.910623e+01 1.891254e-01
2.360209e-01 8.267619e+00 -3.151949e+00 9.748217e-02
3.373177e-02 -6.991722e+00 5.613014e+01 3.527858e-02
0.000000e+00 0.000000e+00 0.000000e+00 0.000000e+00
8.152834e-01 1.258654e+01 -1.397512e+00 8.571537e-01
6.821553e-01 -7.024861e+00 1.204814e+01 7.399081e-01
4.464651e-01 1.074305e+01 -1.641641e+00 5.967547e-01
4.756897e-01 -7.122282e+00 2.421031e+01 4.469133e-01
3.276808e-01 9.038898e+00 -2.179770e+00 3.077485e-01
3.637142e-01 -6.118641e+00 4.036257e+01 1.891254e-01
2.539757e-01 7.086422e+00 -1.631513e+00 9.748217e-02
1.580473e-01 -6.041361e+00 5.512732e+01 3.527858e-02
0.000000e+00 0.000000e+00 0.000000e+00 0.000000e+00
-5.196876e-01 1.272191e+01 -5.941553e-01 8.571537e-01
-4.274459e-01 -7.535186e+00 1.183637e+01 7.399081e-01
-2.578224e-01 1.133663e+01 -1.448375e+00 5.967547e-01
-3.137212e-01 -7.912026e+00 2.470779e+01 4.469133e-01
-3.080266e-01 1.006485e+01 -2.835860e+00 3.077485e-01
-3.298586e-01 -6.862171e+00 4.227763e+01 1.891254e-01
-3.097035e-01 8.276340e+00 -3.310349e+00 9.748217e-02
-2.099224e-01 -4.869151e+00 5.815316e+01 3.527858e-02
0.000000e+00 0.000000e+00 0.000000e+00 0.000000e+00
0.000000e+00 1.164490e+01 -4.930449e-01 8.571537e-01
0.000000e+00 -6.547698e+00 9.923968e+00 7.399081e-01
0.000000e+00 1.066592e+01 -1.210672e+00 5.967547e-01
0.000000e+00 -7.421871e+00 2.246108e+01 4.469133e-01
0.000000e+00 9.973171e+00 -3.236694e+00 3.077485e-01
0.000000e+00 -7.131194e+00 3.968996e+01 1.891254e-01
0.000000e+00 8.771531e+00 -5.244876e+00 9.748217e-02
0.000000e+00 -5.383290e+00 5.638562e+01 3.527858e-02
0.000000e+00 0.000000e+00 0.000000e+00 0.000000e+00
-4.587110e-01 -3.988942e+00 1.924411e+00 8.571537e-01
-3.135191e-01 8.018755e+00 -1.150413e+01 7.399081e-01
-2.286503e-01 -4.871552e+00 1.211591e+00 5.967547e-01
-1.507243e-01 7.603175e+00 -2.414627e+01 4.469133e-01
-1.110067e-01 -5.681805e+00 7.610117e-01 3.077485e-01
-5.081397e-02 6.079875e+00 -4.125680e+01 1.891254e-01
-3.888952e-02 -5.678189e+00 5.081302e-01 9.748217e-02
2.804959e-03 5.393080e+00 -5.824445e+01 3.527858e-02
0.000000e+00 0.000000e+00 0.000000e+00 0.000000e+00
-2.027233e+00 -4.917524e+00 -3.936942e-01 8.571537e-01
-1.390149e+00 8.313793e+00 -1.256069e+01 7.399081e-01
-1.051992e+00 -5.152723e+00 4.508590e-01 5.967547e-01
-7.065585e-01 7.422513e+00 -2.374316e+01 4.469133e-01
-4.353038e-01 -5.647831e+00 1.638677e+00 3.077485e-01
-1.710594e-01 6.039180e+00 -3.951258e+01 1.891254e-01
-3.316086e-03 -5.654957e+00 2.674324e+00 9.748217e-02
1.124915e-01 4.900639e+00 -5.575174e+01 3.527858e-02
0.000000e+00 0.000000e+00 0.000000e+00 0.000000e+00
2.842451e-01 -4.997111e+00 -1.715921e+00 8.571537e-01
4.713237e-02 8.463280e+00 -1.374892e+01 7.399081e-01
4.461205e-02 -5.181867e+00 -1.564682e-01 5.967547e-01
-1.538060e-02 7.582302e+00 -2.456267e+01 4.469133e-01
-8.596216e-02 -5.474699e+00 1.403196e+00 3.077485e-01
-1.390490e-01 6.522994e+00 -4.006011e+01 1.891254e-01
-1.553964e-01 -5.283554e+00 2.552364e+00 9.748217e-02
-1.756454e-01 5.759982e+00 -5.673972e+01 3.527858e-02
0.000000e+00 0.000000e+00 0.000000e+00 0.000000e+00
7.713187e-01 -4.233645e+00 -4.836390e-01 8.571537e-01
6.535102e-01 7.923538e+00 -1.341324e+01 7.399081e-01
3.490482e-01 -4.916323e+00 -3.663650e-01 5.967547e-01
2.926347e-01 7.491820e+00 -2.501266e+01 4.469133e-01
1.187829e-01 -5.458592e+00 9.795444e-02 3.077485e-01
8.320469e-02 6.208576e+00 -4.093534e+01 1.891254e-01
-6.865337e-02 -5.237134e+00 5.771964e-01 9.748217e-02
5.054991e-02 5.352287e+00 -5.681769e+01 3.527858e-02
0.000000e+00 0.000000e+00 0.000000e+00 0.000000e+00
-2.843424e-02 -4.901680e+00 -2.669863e-01 8.571537e-01
4.777036e-02 7.869287e+00 -1.269535e+01 7.399081e-01
1.781714e-01 -5.470412e+00 -1.408342e-01 5.967547e-01
1.756509e-01 7.202465e+00 -2.435990e+01 4.469133e-01
3.507658e-01 -6.075145e+00 1.151522e+00 3.077485e-01
2.659023e-01 5.928614e+00 -4.082869e+01 1.891254e-01
3.456685e-01 -6.232308e+00 2.738073e+00 9.748217e-02
1.349246e-01 4.565051e+00 -5.734769e+01 3.527858e-02
0.000000e+00 0.000000e+00 0.000000e+00 0.000000e+00
2.161100e-01 -4.760242e+00 -5.946083e-01 8.571537e-01
2.215236e-01 7.993830e+00 -1.241828e+01 7.399081e-01
1.324258e-02 -5.361540e+00 9.716571e-02 5.967547e-01
9.554330e-02 6.878476e+00 -2.356766e+01 4.469133e-01
-1.535312e-01 -5.675456e+00 1.602580e+00 3.077485e-01
2.107569e-02 5.875990e+00 -3.917817e+01 1.891254e-01
-1.533430e-01 -5.601984e+00 2.766133e+00 9.748217e-02
-3.795597e-02 6.110589e+00 -5.635711e+01 3.527858e-02
0.000000e+00 0.000000e+00 0.000000e+00 0.000000e+00
4.357688e-01 -5.179858e+00 -1.925088e-01 8.571537e-01
1.964123e-01 8.565862e+00 -1.339295e+01 7.399081e-01
2.956927e-01 -5.754632e+00 5.664256e-01 5.967547e-01
8.290744e-02 7.110846e+00 -2.513734e+01 4.469133e-01
8.432615e-02 -5.940949e+00 1.684056e+00 3.077485e-01
-9.788162e-02 5.194960e+00 -4.052849e+01 1.891254e-01
-1.125108e-01 -5.344703e+00 1.511154e+00 9.748217e-02
-6.097411e-02 4.897476e+00 -5.528344e+01 3.527858e-02
0.000000e+00 0.000000e+00 0.000000e+00 0.000000e+00
-2.366403e-01 -5.273023e+00 -1.040166e+00 8.571537e-01
-7.788529e-02 8.892883e+00 -1.317128e+01 7.399081e-01
-1.300380e-01 -6.181960e+00 4.030681e-01 5.967547e-01
2.312206e-02 7.714714e+00 -2.564384e+01 4.469133e-01
6.786628e-02 -6.650215e+00 2.416328e+00 3.077485e-01
1.595027e-01 5.798236e+00 -4.240657e+01 1.891254e-01
1.730801e-01 -6.232402e+00 3.554837e+00 9.748217e-02
1.353966e-01 3.973837e+00 -5.748483e+01 3.527858e-02
0.000000e+00 0.000000e+00 0.000000e+00 0.000000e+00
0.000000e+00 -4.003048e+00 -2.294515e+00 8.571537e-01
0.000000e+00 8.312980e+00 -1.175652e+01 7.399081e-01
0.000000e+00 -5.413530e+00 -4.238818e-01 5.967547e-01
0.000000e+00 7.576289e+00 -2.350515e+01 4.469133e-01
0.000000e+00 -6.136903e+00 2.241806e+00 3.077485e-01
0.000000e+00 6.456016e+00 -3.987940e+01 1.891254e-01
0.000000e+00 -6.099846e+00 4.911216e+00 9.748217e-02
0.000000e+00 4.787497e+00 -5.584909e+01 3.527858e-02
0.000000e+00 0.000000e+00 0.000000e+00 0.000000e+00
-1.280037e-01 5.230788e+00 1.348082e+00 8.571537e-01
-1.341506e-01 -3.504965e+00 1.381172e+01 7.399081e-01
-1.006994e-01 5.353849e+00 1.175090e+00 5.967547e-01
-1.011001e-01 -3.819888e+00 2.537266e+01 4.469133e-01
-6.363297e-02 5.391949e+00 3.375377e-01 3.077485e-01
-5.566333e-02 -3.379815e+00 4.161842e+01 1.891254e-01
-8.303605e-03 4.826547e+00 8.636700e-02 9.748217e-02
-1.708641e-02 -3.684936e+00 5.837434e+01 3.527858e-02
0.000000e+00 0.000000e+00 0.000000e+00 0.000000e+00
-1.779513e+00 6.410205e+00 -7.206771e-01 8.571537e-01
-1.347192e+00 -3.619226e+00 1.243707e+01 7.399081e-01
-1.060319e+00 5.611986e+00 -8.209369e-02 5.967547e-01
-8.897912e-01 -3.773397e+00 2.449895e+01 4.469133e-01
-6.679196e-01 5.141850e+00 -1.130739e+00 3.077485e-01
-4.960942e-01 -3.651304e+00 4.026654e+01 1.891254e-01
-3.057107e-01 4.446811e+00 -1.930330e+00 9.748217e-02
-2.366379e-01 -3.570940e+00 5.615194e+01 3.527858e-02
0.000000e+00 0.000000e+00 0.000000e+00 0.000000e+00
3.187106e-01 6.494169e+00 -1.704864e+00 8.571537e-01
2.234837e-01 -3.695016e+00 1.191661e+01 7.399081e-01
2.167729e-01 5.613452e+00 -5.360412e-01 5.967547e-01
2.627022e-01 -3.911216e+00 2.472102e+01 4.469133e-01
2.833383e-01 5.020974e+00 -9.650092e-01 3.077485e-01
2.936463e-01 -4.049696e+00 4.119568e+01 1.891254e-01
2.362018e-01 4.078364e+00 -1.347555e+00 9.748217e-02
2.252600e-01 -4.293349e+00 5.797775e+01 3.527858e-02
0.000000e+00 0.000000e+00 0.000000e+00 0.000000e+00
2.127246e-01 5.121300e+00 -4.220883e-01 8.571537e-01
5.113854e-02 -3.729020e+00 1.262766e+01 7.399081e-01
1.057871e-01 5.159843e+00 4.193849e-01 5.967547e-01
7.152862e-03 -3.870026e+00 2.493692e+01 4.469133e-01
6.096155e-02 5.265850e+00 2.647960e-01 3.077485e-01
-1.006937e-02 -3.392999e+00 4.138642e+01 1.891254e-01
6.665722e-02 4.519542e+00 9.779031e-03 9.748217e-02
-1.015261e-01 -3.638777e+00 5.736762e+01 3.527858e-02
0.000000e+00 0.000000e+00 0.000000e+00 0.000000e+00
-3.449845e-01 4.756520e+00 -9.330109e-01 8.571537e-01
-2.858891e-01 -4.547016e+00 1.212662e+01 7.399081e-01
-3.923203e-01 4.848559e+00 3.501517e-02 5.967547e-01
-3.409514e-01 -4.296168e+00 2.462568e+01 4.469133e-01
-4.481044e-01 5.008315e+00 -8.880433e-01 3.077485e-01
-3.165204e-01 -3.727363e+00 4.108146e+01 1.891254e-01
-3.498904e-01 4.833942e+00 -2.359157e+00 9.748217e-02
-1.104742e-01 -3.291465e+00 5.711826e+01 3.527858e-02
0.000000e+00 0.000000e+00 0.000000e+00 0.000000e+00
1.016037e+00 4.976089e+00 -8.644599e-01 8.571537e-01
6.579443e-01 -4.500512e+00 1.181637e+01 7.399081e-01
6.192064e-01 4.675556e+00 -2.952333e-01 5.967547e-01
3.057403e-01 -4.312269e+00 2.395248e+01 4.469133e-01
3.773442e-01 4.284551e+00 -1.031622e+00 3.077485e-01
1.026683e-01 -4.243804e+00 3.993263e+01 1.891254e-01
1.976000e-01 3.867727e+00 -1.563365e+00 9.748217e-02
6.804539e-02 -4.830991e+00 5.720443e+01 3.527858e-02
0.000000e+00 0.000000e+00 0.000000e+00 0.000000e+00
7.014496e-01 6.336409e+00 -8.508953e-02 8.571537e-01
7.140347e-01 -4.042012e+00 1.333502e+01 7.399081e-01
3.839567e-01 5.631558e+00 -6.893224e-01 5.967547e-01
4.423168e-01 -3.883772e+00 2.515911e+01 4.469133e-01
2.527725e-01 5.215725e+00 -2.036228e+00 3.077485e-01
2.730520e-01 -3.099638e+00 4.035775e+01 1.891254e-01
1.499514e-01 4.307689e+00 -1.939874e+00 9.748217e-02
1.775769e-03 -3.520194e+00 5.489431e+01 3.527858e-02
0.000000e+00 0.000000e+00 0.000000e+00 0.000000e+00
1.938694e-01 7.063599e+00 6.445524e-01 8.571537e-01
8.173850e-02 -3.714224e+00 1.303827e+01 7.399081e-01
1.894760e-01 6.356451e+00 -3.079750e-01 5.967547e-01
4.636779e-02 -3.952469e+00 2.577386e+01 4.469133e-01
2.964153e-02 5.992979e+00 -2.550860e+00 3.077485e-01
-6.744559e-02 -3.299314e+00 4.206194e+01 1.891254e-01
-8.754659e-02 5.099343e+00 -4.139100e+00 9.748217e-02
-4.776200e-02 -2.778802e+00 5.649490e+01 3.527858e-02
0.000000e+00 0.000000e+00 0.000000e+00 0.000000e+00
0.000000e+00 6.336572e+00 1.455544e+00 8.571537e-01
0.000000e+00 -3.088037e+00 1.130768e+01 7.399081e-01
0.000000e+00 5.897572e+00 7.964489e-01 5.967547e-01
0.000000e+00 -3.814843e+00 2.386315e+01 4.469133e-01
0.000000e+00 5.428833e+00 -1.298931e+00 3.077485e-01
0.000000e+00 -4.027032e+00 4.027171e+01 1.891254e-01
0.000000e+00 4.654072e+00 -3.940329e+00 9.748217e-02
0.000000e+00 -3.686386e+00 5.600518e+01 3.527858e-02
0.000000e+00 0.000000e+00 0.000000e+00 0.000000e+00
3.217303e-01 -1.464896e+00 -1.152042e+00 8.571537e-01
2.055695e-01 3.333213e+00 -1.351231e+01 7.399081e-01
1.349407e-01 -2.742876e+00 -1.382806e+00 5.967547e-01
1.010812e-01 2.661279e+00 -2.513771e+01 4.469133e-01
3.231571e-02 -3.576749e+00 -2.203069e-01 3.077485e-01
3.382374e-02 1.908243e+00 -4.083434e+01 1.891254e-01
-1.721643e-02 -3.406863e+00 9.617465e-01 9.748217e-02
4.724797e-03 2.250191e+00 -5.730532e+01 3.527858e-02
0.000000e+00 0.000000e+00 0.000000e+00 0.000000e+00
-1.187866e+00 -1.323824e+00 -1.997298e+00 8.571537e-01
-9.405881e-01 4.202561e+00 -1.452000e+01 7.399081e-01
-7.218344e-01 -2.293309e+00 -1.298160e+00 5.967547e-01
-4.833696e-01 3.198645e+00 -2.579829e+01 4.469133e-01
-4.106206e-01 -2.889397e+00 3.798910e-01 3.077485e-01
-2.297210e-01 2.529081e+00 -4.077024e+01 1.891254e-01
-1.460170e-01 -2.805357e+00 2.000358e+00 9.748217e-02
3.075722e-02 2.398970e+00 -5.597320e+01 3.527858e-02
0.000000e+00 0.000000e+00 0.000000e+00 0.000000e+00
-3.613802e-01 -1.185369e+00 -3.081343e+00 8.571537e-01
-2.536509e-01 4.371301e+00 -1.550453e+01 7.399081e-01
-2.674005e-01 -2.220664e+00 -2.009265e+00 5.967547e-01
-2.405829e-01 3.325969e+00 -2.675623e+01 4.469133e-01
-2.023513e-01 -2.808520e+00 -4.028336e-01 3.077485e-01
-1.785896e-01 2.800039e+00 -4.234127e+01 1.891254e-01
-1.213897e-01 -2.543426e+00 9.480372e-01 9.748217e-02
-1.791200e-01 2.915690e+00 -5.841974e+01 3.527858e-02
0.000000e+00 0.000000e+00 0.000000e+00 0.000000e+00
-3.755339e-01 -9.115599e-01 -3.053749e+00 8.571537e-01
-1.994452e-01 3.832182e+00 -1.505873e+01 7.399081e-01
-1.691855e-01 -2.444248e+00 -2.436681e+00 5.967547e-01
-2.121105e-02 2.743398e+00 -2.586737e+01 4.469133e-01
-1.994268e-02 -3.581171e+00 -5.741065e-01 3.077485e-01
1.220609e-01 1.787855e+00 -4.094624e+01 1.891254e-01
4.348889e-02 -3.321625e+00 1.077072e+00 9.748217e-02
1.942749e-01 2.181627e+00 -5.621652e+01 3.527858e-02
0.000000e+00 0.000000e+00 0.000000e+00 0.000000e+00
-9.266994e-01 -1.391801e+00 -4.557688e+00 8.571537e-01
-7.487338e-01 3.994874e+00 -1.614255e+01 7.399081e-01
-4.898807e-01 -2.451399e+00 -2.683549e+00 5.967547e-01
-4.286383e-01 2.978777e+00 -2.649265e+01 4.469133e-01
-2.392966e-01 -3.208765e+00 3.544429e-02 3.077485e-01
-2.398096e-01 2.225518e+00 -4.111501e+01 1.891254e-01
-6.416433e-02 -3.290495e+00 2.696093e+00 9.748217e-02
-1.099917e-01 2.105831e+00 -5.620608e+01 3.527858e-02
0.000000e+00 0.000000e+00 0.000000e+00 0.000000e+00
1.240051e+00 -1.855846e+00 -4.655940e+00 8.571537e-01
1.084958e+00 3.860022e+00 -1.609414e+01 7.399081e-01
6.590406e-01 -2.221117e+00 -2.680624e+00 5.967547e-01
6.356505e-01 3.298249e+00 -2.653543e+01 4.469133e-01
2.825021e-01 -2.242682e+00 -9.251616e-01 3.077485e-01
2.977777e-01 3.095755e+00 -4.148934e+01 1.891254e-01
-4.717699e-04 -2.189920e+00 1.932705e-01 9.748217e-02
-8.553404e-03 3.423040e+00 -5.829685e+01 3.527858e-02
0.000000e+00 0.000000e+00 0.000000e+00 0.000000e+00
2.076195e+00 -1.973837e+00 -1.140297e+00 8.571537e-01
1.327268e+00 4.023708e+00 -1.435941e+01 7.399081e-01
1.124068e+00 -2.536159e+00 1.759126e-02 5.967547e-01
7.044780e-01 3.160500e+00 -2.570207e+01 4.469133e-01
6.269950e-01 -2.968973e+00 2.132738e+00 3.077485e-01
3.605320e-01 2.155464e+00 -4.016629e+01 1.891254e-01
2.775283e-01 -2.759715e+00 2.787310e+00 9.748217e-02
2.414732e-01 2.349829e+00 -5.421240e+01 3.527858e-02
0.000000e+00 0.000000e+00 0.000000e+00 0.000000e+00
1.953598e-02 -1.821574e+00 -7.071100e-01 8.571537e-01
1.807771e-01 4.182679e+00 -1.294286e+01 7.399081e-01
-3.259549e-02 -2.806421e+00 3.362899e-01 5.967547e-01
4.387805e-02 3.205257e+00 -2.557008e+01 4.469133e-01
-6.158203e-02 -3.530706e+00 3.024415e+00 3.077485e-01
-7.485025e-02 2.157995e+00 -4.126852e+01 1.891254e-01
-7.020973e-02 -3.384087e+00 5.112029e+00 9.748217e-02
-1.021074e-01 1.815877e+00 -5.528552e+01 3.527858e-02
0.000000e+00 0.000000e+00 0.000000e+00 0.000000e+00
0.000000e+00 -1.351871e+00 -2.426018e+00 8.571537e-01
0.000000e+00 3.758932e+00 -1.178502e+01 7.399081e-01
0.000000e+00 -2.506355e+00 -1.614536e+00 5.967547e-01
0.000000e+00 3.103493e+00 -2.433405e+01 4.469133e-01
0.000000e+00 -3.034956e+00 3.614221e-01 3.077485e-01
0.000000e+00 2.770793e+00 -4.060376e+01 1.891254e-01
0.000000e+00 -2.896645e+00 2.937616e+00 9.748217e-02
0.000000e+00 2.580255e+00 -5.639493e+01 3.527858e-02
0.000000e+00 0.000000e+00 0.000000e+00 0.000000e+00
5.311672e-01 2.019812e+00 1.734609e+00 8.571537e-01
4.270779e-01 -5.959506e-01 1.332617e+01 7.399081e-01
3.334531e-01 2.032254e+00 1.091391e+00 5.967547e-01
2.409666e-01 -6.501870e-01 2.427027e+01 4.469133e-01
1.865856e-01 2.226902e+00 -9.346315e-01 3.077485e-01
1.048886e-01 -5.403302e-01 3.960611e+01 1.891254e-01
8.489827e-02 1.926630e+00 -2.577301e+00 9.748217e-02
1.904604e-02 -9.687045e-01 5.567712e+01 3.527858e-02
0.000000e+00 0.000000e+00 0.000000e+00 0.000000e+00
-2.012681e-01 2.446093e+00 1.893771e+00 8.571537e-01
-4.431454e-02 -7.270480e-01 1.442884e+01 7.399081e-01
-4.634343e-02 1.994852e+00 9.633861e-01 5.967547e-01
-5.254825e-02 -8.305343e-01 2.569116e+01 4.469133e-01
7.921507e-02 1.875505e+00 -8.914043e-01 3.077485e-01
7.881546e-02 -9.006197e-01 4.059636e+01 1.891254e-01
1.126927e-01 1.554654e+00 -2.579792e+00 9.748217e-02
-8.123772e-03 -1.110065e+00 5.529799e+01 3.527858e-02
0.000000e+00 0.000000e+00 0.000000e+00 0.000000e+00
-2.155529e-01 2.894583e+00 1.671638e+00 8.571537e-01
-3.064332e-01 -3.912708e-01 1.450021e+01 7.399081e-01
-1.880740e-01 2.279242e+00 1.154423e+00 5.967547e-01
-1.544029e-01 -6.282521e-01 2.639456e+01 4.469133e-01
-1.644187e-01 2.020972e+00 -1.516257e-01 3.077485e-01
-9.491172e-02 -9.108775e-01 4.236383e+01 1.891254e-01
-6.960545e-02 1.478876e+00 -1.276734e+00 9.748217e-02
8.745888e-02 -1.354909e+00 5.813888e+01 3.527858e-02
0.000000e+00 0.000000e+00 0.000000e+00 0.000000e+00
-3.089749e-01 2.801931e+00 1.349064e+00 8.571537e-01
-3.292888e-01 2.707988e-02 1.315631e+01 7.399081e-01
-2.446973e-01 2.588713e+00 7.591761e-01 5.967547e-01
-3.304638e-01 -8.550216e-02 2.411782e+01 4.469133e-01
-2.692747e-01 2.696634e+00 -1.385708e+00 3.077485e-01
-3.637145e-01 -1.451778e-01 3.924451e+01 1.891254e-01
-2.136683e-01 2.074573e+00 -3.032639e+00 9.748217e-02
-3.029464e-01 -8.674547e-01 5.432592e+01 3.527858e-02
0.000000e+00 0.000000e+00 0.000000e+00 0.000000e+00
-5.802506e-01 3.379335e+00 9.771712e-01 8.571537e-01
-2.349782e-01 9.138490e-02 1.349305e+01 7.399081e-01
-1.802807e-01 2.680864e+00 4.482679e-01 5.967547e-01
3.877908e-02 -2.213886e-01 2.504608e+01 4.469133e-01
1.261610e-01 2.405982e+00 -1.502017e+00 3.077485e-01
2.746190e-01 -4.795010e-01 3.995518e+01 1.891254e-01
1.712091e-01 1.942280e+00 -3.732108e+00 9.748217e-02
2.162683e-01 -9.078330e-01 5.495285e+01 3.527858e-02
0.000000e+00 0.000000e+00 0.000000e+00 0.000000e+00
5.885321e-01 3.321482e+00 7.904301e-01 8.571537e-01
2.680508e-01 -1.425075e-01 1.381415e+01 7.399081e-01
3.880068e-01 2.275694e+00 1.103944e+00 5.967547e-01
1.572473e-01 -7.523730e-01 2.623970e+01 4.469133e-01
2.594230e-01 1.537508e+00 9.947286e-01 3.077485e-01
3.993722e-02 -1.251681e+00 4.213109e+01 1.891254e-01
1.848775e-01 1.119755e+00 6.730689e-01 9.748217e-02
7.852825e-02 -1.713508e+00 5.912509e+01 3.527858e-02
0.000000e+00 0.000000e+00 0.000000e+00 0.000000e+00
9.665989e-01 2.319677e+00 9.090503e-01 8.571537e-01
8.901441e-01 -9.142348e-01 1.412682e+01 7.399081e-01
4.669259e-01 1.973947e+00 -3.662516e-01 5.967547e-01
3.654365e-01 -9.610427e-01 2.548318e+01 4.469133e-01
-1.210072e-02 1.809537e+00 -2.694280e+00 3.077485e-01
-9.516367e-02 -7.836918e-01 3.981557e+01 1.891254e-01
-2.134980e-01 1.458016e+00 -3.519048e+00 9.748217e-02
-2.964075e-01 -1.126184e+00 5.361971e+01 3.527858e-02
0.000000e+00 0.000000e+00 0.000000e+00 0.000000e+00
2.139708e-01 1.736483e+00 2.387491e+00 8.571537e-01
1.984693e-02 -1.312122e+00 1.395709e+01 7.399081e-01
1.537616e-01 1.902370e+00 3.532724e-01 5.967547e-01
2.563047e-02 -1.035362e+00 2.566875e+01 4.469133e-01
1.416837e-01 2.101771e+00 -3.302821e+00 3.077485e-01
1.445942e-01 -7.103521e-01 4.058838e+01 1.891254e-01
1.458133e-01 1.836597e+00 -5.961647e+00 9.748217e-02
1.810217e-01 -8.301426e-01 5.426119e+01 3.527858e-02
0.000000e+00 0.000000e+00 0.000000e+00 0.000000e+00
0.000000e+00 1.447263e+00 3.747731e+00 8.571537e-01
0.000000e+00 -1.151616e+00 1.280077e+01 7.399081e-01
0.000000e+00 1.687582e+00 2.765947e+00 5.967547e-01
0.000000e+00 -1.041443e+00 2.493902e+01 4.469133e-01
0.000000e+00 1.766523e+00 5.000139e-01 3.077485e-01
0.000000e+00 -1.080066e+00 4.085697e+01 1.891254e-01
0.000000e+00 1.526544e+00 -2.250130e+00 9.748217e-02
0.000000e+00 -1.260385e+00 5.668806e+01 3.527858e-02
0.000000e+00 0.000000e+00 0.000000e+00 0.000000e+00
3.073052e-01 0.000000e+00 2.477441e-01 8.571537e-01
2.166977e-01 0.000000e+00 -1.109042e+01 7.399081e-01
1.521699e-01 0.000000e+00 1.461613e+00 5.967547e-01
1.171967e-01 0.000000e+00 -2.166038e+01 4.469133e-01
5.561395e-02 0.000000e+00 3.688218e+00 3.077485e-01
5.038416e-02 0.000000e+00 -3.702802e+01 1.891254e-01
-1.071792e-02 0.000000e+00 5.028317e+00 9.748217e-02
7.771151e-03 0.000000e+00 -5.365698e+01 3.527858e-02
0.000000e+00 0.000000e+00 0.000000e+00 0.000000e+00
-1.974164e-01 0.000000e+00 -1.832245e-01 8.571537e-01
-3.297759e-01 0.000000e+00 -1.290988e+01 7.399081e-01
-3.097227e-01 0.000000e+00 1.077007e+00 5.967547e-01
-3.043553e-01 0.000000e+00 -2.404251e+01 4.469133e-01
-4.280025e-01 0.000000e+00 2.779385e+00 3.077485e-01
-3.659615e-01 0.000000e+00 -3.900891e+01 1.891254e-01
-3.284877e-01 0.000000e+00 3.946427e+00 9.748217e-02
-9.686946e-02 0.000000e+00 -5.415328e+01 3.527858e-02
0.000000e+00 0.000000e+00 0.000000e+00 0.000000e+00
-1.337165e-01 0.000000e+00 -5.395252e-01 8.571537e-01
8.946393e-02 0.000000e+00 -1.353363e+01 7.399081e-01
9.663735e-02 0.000000e+00 2.673708e-01 5.967547e-01
1.742824e-01 0.000000e+00 -2.526421e+01 4.469133e-01
2.982205e-01 0.000000e+00 1.574287e+00 3.077485e-01
2.418650e-01 0.000000e+00 -4.125586e+01 1.891254e-01
1.779199e-01 0.000000e+00 2.185662e+00 9.748217e-02
-1.422665e-02 0.000000e+00 -5.733498e+01 3.527858e-02
0.000000e+00 0.000000e+00 0.000000e+00 0.000000e+00
-3.108685e-01 0.000000e+00 -1.420734e-01 8.571537e-01
-1.562801e-01 0.000000e+00 -1.171655e+01 7.399081e-01
-8.087865e-02 0.000000e+00 1.016677e+00 5.967547e-01
1.394188e-01 0.000000e+00 -2.215126e+01 4.469133e-01
1.591504e-01 0.000000e+00 3.777386e+00 3.077485e-01
3.234737e-01 0.000000e+00 -3.697264e+01 1.891254e-01
2.314649e-01 0.000000e+00 5.256303e+00 9.748217e-02
3.396311e-01 0.000000e+00 -5.223565e+01 3.527858e-02
0.000000e+00 0.000000e+00 0.000000e+00 0.000000e+00
-4.000252e-01 0.000000e+00 -7.249017e-01 8.571537e-01
-5.777190e-01 0.000000e+00 -1.327527e+01 7.399081e-01
-5.187563e-01 0.000000e+00 4.080016e-01 5.967547e-01
-6.894405e-01 0.000000e+00 -2.429954e+01 4.469133e-01
-7.688236e-01 0.000000e+00 2.719295e+00 3.077485e-01
-8.122721e-01 0.000000e+00 -3.870094e+01 1.891254e-01
-5.318977e-01 0.000000e+00 4.899448e+00 9.748217e-02
-4.270611e-01 0.000000e+00 -5.364710e+01 3.527858e-02
0.000000e+00 0.000000e+00 0.000000e+00 0.000000e+00
-2.349469e-01 0.000000e+00 -1.880466e+00 8.571537e-01
4.716504e-03 0.000000e+00 -1.511451e+01 7.399081e-01
-1.822361e-01 0.000000e+00 -1.801689e+00 5.967547e-01
-7.719468e-02 0.000000e+00 -2.720112e+01 4.469133e-01
-2.337382e-01 0.000000e+00 -1.598956e+00 3.077485e-01
-5.001577e-02 0.000000e+00 -4.278831e+01 1.891254e-01
-2.134287e-01 0.000000e+00 -1.474156e+00 9.748217e-02
-1.064500e-01 0.000000e+00 -5.969224e+01 3.527858e-02
0.000000e+00 0.000000e+00 0.000000e+00 0.000000e+00
8.379087e-01 0.000000e+00 -7.436967e-01 8.571537e-01
5.440946e-01 0.000000e+00 -1.406181e+01 7.399081e-01
8.371397e-01 0.000000e+00 5.990997e-01 5.967547e-01
7.408801e-01 0.000000e+00 -2.528707e+01 4.469133e-01
9.199777e-01 0.000000e+00 3.230205e+00 3.077485e-01
7.649696e-01 0.000000e+00 -3.944760e+01 1.891254e-01
6.181007e-01 0.000000e+00 3.837187e+00 9.748217e-02
5.050693e-01 0.000000e+00 -5.324475e+01 3.527858e-02
0.000000e+00 0.000000e+00 0.000000e+00 0.000000e+00
-2.032737e-01 0.000000e+00 -1.564432e+00 8.571537e-01
-4.633393e-02 0.000000e+00 -1.301370e+01 7.399081e-01
-2.155481e-01 0.000000e+00 5.087206e-01 5.967547e-01
-1.520653e-01 0.000000e+00 -2.468229e+01 4.469133e-01
-3.044623e-01 0.000000e+00 4.238465e+00 3.077485e-01
-2.914218e-01 0.000000e+00 -3.963306e+01 1.891254e-01
-2.581920e-01 0.000000e+00 6.706554e+00 9.748217e-02
-2.525296e-01 0.000000e+00 -5.350261e+01 3.527858e-02
0.000000e+00 0.000000e+00 0.000000e+00 0.000000e+00
0.000000e+00 0.000000e+00 -3.899633e+00 8.571537e-01
0.000000e+00 0.000000e+00 -1.257077e+01 7.399081e-01
0.000000e+00 0.000000e+00 -2.593987e+00 5.967547e-01
0.000000e+00 0.000000e+00 -2.450523e+01 4.469133e-01
0.000000e+00 0.000000e+00 -4.701799e-01 3.077485e-01
0.000000e+00 0.000000e+00 -4.061250e+01 1.891254e-01
0.000000e+00 0.000000e+00 2.083147e+00 9.748217e-02
0.000000e+00 0.000000e+00 -5.680538e+01 3.527858e-02
0.000000e+00 0.000000e+00 0.000000e+00 0.000000e+00
