0 729 0.00000e+00
  1     729
0.000000e+00 2.237425e+03 -1.540972e+03 1.000000e+00
0.000000e+00 2.432064e+03 -1.654497e+03 1.000000e+00
0.000000e+00 2.133603e+03 -9.979158e+02 1.000000e+00
0.000000e+00 2.101188e+03 -1.169042e+03 1.000000e+00
0.000000e+00 1.589311e+03 -4.430842e+02 9.992651e-01
0.000000e+00 1.381831e+03 -7.500260e+02 9.950333e-01
0.000000e+00 7.784653e+02 1.138068e+01 9.787423e-01
0.000000e+00 4.897282e+02 -2.483192e+02 9.366232e-01
0.000000e+00 2.733882e+02 -1.312467e+02 8.571537e-01
1.322864e+01 2.224015e+03 -1.479835e+03 1.000000e+00
1.544853e+01 2.470595e+03 -1.715857e+03 1.000000e+00
1.596539e+01 2.123225e+03 -9.252455e+02 1.000000e+00
1.710590e+01 2.129763e+03 -1.239708e+03 1.000000e+00
1.600392e+01 1.583155e+03 -3.611110e+02 9.992651e-01
1.315541e+01 1.395907e+03 -8.336954e+02 9.950333e-01
1.133613e+01 7.795393e+02 1.121571e+02 9.787423e-01
2.962124e+00 4.894609e+02 -2.599719e+02 9.366232e-01
3.694430e+00 2.736944e+02 -1.298527e+02 8.571537e-01
2.358165e+01 2.215410e+03 -1.442952e+03 1.000000e+00
2.713699e+01 2.483749e+03 -1.742202e+03 1.000000e+00
2.844666e+01 2.114452e+03 -8.811439e+02 1.000000e+00
2.756885e+01 2.134189e+03 -1.271061e+03 1.000000e+00
2.405026e+01 1.577289e+03 -3.143136e+02 9.992651e-01
2.099508e+01 1.389103e+03 -8.725892e+02 9.950333e-01
1.507172e+01 7.784294e+02 1.667809e+02 9.787423e-01
9.872168e+00 4.790872e+02 -2.614976e+02 9.366232e-01
7.644247e+00 2.752929e+02 -1.270923e+02 8.571537e-01
3.171326e+01 2.224344e+03 -1.451412e+03 1.000000e+00
3.315015e+01 2.473604e+03 -1.715831e+03 1.000000e+00
3.393124e+01 2.116326e+03 -8.895183e+02 1.000000e+00
3.257195e+01 2.119402e+03 -1.242056e+03 1.000000e+00
2.980903e+01 1.571948e+03 -3.278227e+02 9.992651e-01
2.260372e+01 1.373777e+03 -8.455145e+02 9.950333e-01
1.525713e+01 7.709169e+02 1.449292e+02 9.787423e-01
8.109488e+00 4.680634e+02 -2.541701e+02 9.366232e-01
7.240389e+00 2.701491e+02 -1.252037e+02 8.571537e-01
3.740767e+01 2.218568e+03 -1.434119e+03 1.000000e+00
4.227039e+01 2.473551e+03 -1.712433e+03 1.000000e+00
4.276604e+01 2.104663e+03 -8.701732e+02 1.000000e+00
3.986661e+01 2.113376e+03 -1.240993e+03 1.000000e+00
3.363096e+01 1.557400e+03 -3.112408e+02 9.992651e-01
2.774908e+01 1.366047e+03 -8.494018e+02 9.950333e-01
1.950986e+01 7.592144e+02 1.584556e+02 9.787423e-01
9.944471e+00 4.603327e+02 -2.550442e+02 9.366232e-01
8.783903e+00 2.615732e+02 -1.238679e+02 8.571537e-01
3.978577e+01 2.214714e+03 -1.427070e+03 1.000000e+00
4.226461e+01 2.465155e+03 -1.694030e+03 1.000000e+00
4.233588e+01 2.095278e+03 -8.648592e+02 1.000000e+00
4.028572e+01 2.099534e+03 -1.220882e+03 1.000000e+00
3.630784e+01 1.544676e+03 -3.109407e+02 9.992651e-01
2.975881e+01 1.352210e+03 -8.280712e+02 9.950333e-01
2.099002e+01 7.477334e+02 1.491643e+02 9.787423e-01
1.263821e+01 4.532122e+02 -2.489289e+02 9.366232e-01
1.030836e+01 2.546257e+02 -1.206707e+02 8.571537e-01
4.464858e+01 2.211101e+03 -1.415421e+03 1.000000e+00
4.755718e+01 2.457664e+03 -1.682610e+03 1.000000e+00
4.817460e+01 2.085851e+03 -8.509307e+02 1.000000e+00
4.524489e+01 2.086907e+03 -1.207859e+03 1.000000e+00
3.886097e+01 1.532961e+03 -2.995735e+02 9.992651e-01
3.009918e+01 1.339115e+03 -8.187792e+02 9.950333e-01
2.175998e+01 7.393127e+02 1.596423e+02 9.787423e-01
1.138165e+01 4.469101e+02 -2.437339e+02 9.366232e-01
9.464674e+00 2.498758e+02 -1.174174e+02 8.571537e-01
4.415977e+01 2.207130e+03 -1.405366e+03 1.000000e+00
4.716375e+01 2.448988e+03 -1.669002e+03 1.000000e+00
4.696201e+01 2.076196e+03 -8.396158e+02 1.000000e+00
4.283532e+01 2.075017e+03 -1.196500e+03 1.000000e+00
3.692397e+01 1.521683e+03 -2.910260e+02 9.992651e-01
2.952736e+01 1.327992e+03 -8.115282e+02 9.950333e-01
1.969154e+01 7.323154e+02 1.654686e+02 9.787423e-01
1.078401e+01 4.411175e+02 -2.398703e+02 9.366232e-01
8.885356e+00 2.459581e+02 -1.155247e+02 8.571537e-01
4.434776e+01 2.201061e+03 -1.396750e+03 1.000000e+00
4.695610e+01 2.441380e+03 -1.654578e+03 1.000000e+00
4.647510e+01 2.064463e+03 -8.311529e+02 1.000000e+00
4.330418e+01 2.062973e+03 -1.182954e+03 1.000000e+00
3.742068e+01 1.505539e+03 -2.852970e+02 9.992651e-01
2.932600e+01 1.318712e+03 -8.014083e+02 9.950333e-01
1.982552e+01 7.211646e+02 1.630777e+02 9.787423e-01
1.024471e+01 4.371434e+02 -2.351765e+02 9.366232e-01
8.436582e+00 2.385346e+02 -1.136853e+02 8.571537e-01
0.000000e+00 2.255378e+03 -1.633899e+03 1.000000e+00
0.000000e+00 2.059028e+03 -1.050962e+03 1.000000e+00
0.000000e+00 2.093243e+03 -1.181283e+03 1.000000e+00
0.000000e+00 1.677841e+03 -5.301234e+02 1.000000e+00
0.000000e+00 1.538256e+03 -7.667142e+02 9.992651e-01
0.000000e+00 1.004734e+03 -1.125456e+02 9.950333e-01
0.000000e+00 7.614109e+02 -5.479695e+02 9.787423e-01
0.000000e+00 2.348790e+02 -1.165440e+02 9.366232e-01
0.000000e+00 3.097053e+02 -1.073700e+02 8.571537e-01
1.432681e+01 2.294607e+03 -1.692784e+03 1.000000e+00
1.520241e+01 2.044592e+03 -9.817292e+02 1.000000e+00
1.554329e+01 2.124063e+03 -1.250421e+03 1.000000e+00
1.593507e+01 1.666055e+03 -4.476366e+02 1.000000e+00
1.521038e+01 1.557478e+03 -8.476324e+02 9.992651e-01
1.242220e+01 9.991885e+02 -2.404955e+01 9.950333e-01
5.556443e+00 7.664908e+02 -6.546372e+02 9.787423e-01
4.619355e+00 2.352790e+02 -1.055447e+02 9.366232e-01
3.034086e+00 3.090416e+02 -1.081776e+02 8.571537e-01
2.430561e+01 2.312369e+03 -1.722599e+03 1.000000e+00
2.519397e+01 2.034551e+03 -9.376232e+02 1.000000e+00
2.711911e+01 2.132284e+03 -1.282124e+03 1.000000e+00
2.518121e+01 1.657206e+03 -3.976619e+02 1.000000e+00
2.198474e+01 1.556499e+03 -8.881975e+02 9.992651e-01
1.618883e+01 9.949279e+02 2.505182e+01 9.950333e-01
1.117135e+01 7.576497e+02 -7.129675e+02 9.787423e-01
6.726517e+00 2.351916e+02 -9.684019e+01 9.366232e-01
5.422041e+00 2.996683e+02 -1.068306e+02 8.571537e-01
3.385490e+01 2.303454e+03 -1.698194e+03 1.000000e+00
3.676089e+01 2.041142e+03 -9.467616e+02 1.000000e+00
3.491992e+01 2.120750e+03 -1.254132e+03 1.000000e+00
3.217957e+01 1.657377e+03 -4.116256e+02 1.000000e+00
2.692892e+01 1.542420e+03 -8.601362e+02 9.992651e-01
2.135841e+01 9.907369e+02 4.272274e+00 9.950333e-01
1.342193e+01 7.463697e+02 -6.846571e+02 9.787423e-01
5.392913e+00 2.296126e+02 -9.795396e+01 9.366232e-01
4.917865e+00 2.917442e+02 -1.055225e+02 8.571537e-01
3.789914e+01 2.302291e+03 -1.694192e+03 1.000000e+00
3.905460e+01 2.029445e+03 -9.298035e+02 1.000000e+00
3.883969e+01 2.113798e+03 -1.253064e+03 1.000000e+00
3.598333e+01 1.641461e+03 -3.944067e+02 1.000000e+00
3.120808e+01 1.534157e+03 -8.625354e+02 9.992651e-01
2.361500e+01 9.769397e+02 1.696462e+01 9.950333e-01
1.544997e+01 7.390916e+02 -6.947280e+02 9.787423e-01
7.975323e+00 2.231639e+02 -9.678383e+01 9.366232e-01
6.660106e+00 2.871528e+02 -1.059511e+02 8.571537e-01
4.380430e+01 2.298510e+03 -1.679579e+03 1.000000e+00
4.589893e+01 2.022339e+03 -9.233384e+02 1.000000e+00
4.523718e+01 2.104353e+03 -1.235340e+03 1.000000e+00
4.043062e+01 1.631628e+03 -3.930971e+02 1.000000e+00
3.405585e+01 1.523115e+03 -8.449200e+02 9.992651e-01
2.722334e+01 9.662817e+02 1.307558e+01 9.950333e-01
1.918141e+01 7.306786e+02 -6.781003e+02 9.787423e-01
1.039993e+01 2.171857e+02 -9.428709e+01 9.366232e-01
8.619100e+00 2.826086e+02 -1.030446e+02 8.571537e-01
4.478552e+01 2.292208e+03 -1.669999e+03 1.000000e+00
4.572759e+01 2.014197e+03 -9.115737e+02 1.000000e+00
4.431732e+01 2.093899e+03 -1.223497e+03 1.000000e+00
4.169047e+01 1.620306e+03 -3.825491e+02 1.000000e+00
3.593060e+01 1.509884e+03 -8.348271e+02 9.992651e-01
2.770716e+01 9.571912e+02 2.047645e+01 9.950333e-01
1.950205e+01 7.226923e+02 -6.685223e+02 9.787423e-01
1.098495e+01 2.136253e+02 -8.854231e+01 9.366232e-01
8.565783e+00 2.783980e+02 -9.852536e+01 8.571537e-01
4.679926e+01 2.283205e+03 -1.658467e+03 1.000000e+00
4.916297e+01 2.004740e+03 -9.012390e+02 1.000000e+00
4.766900e+01 2.079871e+03 -1.211957e+03 1.000000e+00
4.247141e+01 1.607576e+03 -3.730667e+02 1.000000e+00
3.518361e+01 1.496970e+03 -8.267579e+02 9.992651e-01
2.721329e+01 9.476948e+02 2.609231e+01 9.950333e-01
1.769003e+01 7.141293e+02 -6.641142e+02 9.787423e-01
9.270081e+00 2.107268e+02 -8.313080e+01 9.366232e-01
7.426934e+00 2.738343e+02 -9.554447e+01 8.571537e-01
4.663254e+01 2.278932e+03 -1.645145e+03 1.000000e+00
4.804837e+01 1.997999e+03 -8.928685e+02 1.000000e+00
4.613958e+01 2.072341e+03 -1.199565e+03 1.000000e+00
4.155894e+01 1.597278e+03 -3.679530e+02 1.000000e+00
3.497215e+01 1.489419e+03 -8.163440e+02 9.992651e-01
2.658767e+01 9.360201e+02 2.742657e+01 9.950333e-01
1.741487e+01 7.087653e+02 -6.593420e+02 9.787423e-01
8.274682e+00 2.034865e+02 -7.974129e+01 9.366232e-01
6.739333e+00 2.713288e+02 -9.373650e+01 8.571537e-01
0.000000e+00 1.925740e+03 -1.099094e+03 1.000000e+00
0.000000e+00 2.020741e+03 -1.194039e+03 1.000000e+00
0.000000e+00 1.699774e+03 -6.054993e+02 1.000000e+00
0.000000e+00 1.622934e+03 -7.884615e+02 1.000000e+00
0.000000e+00 1.162880e+03 -1.832573e+02 9.992651e-01
0.000000e+00 9.765037e+02 -4.934633e+02 9.950333e-01
0.000000e+00 4.940703e+02 1.321970e+02 9.787423e-01
0.000000e+00 2.680934e+02 -1.374332e+02 9.366232e-01
0.000000e+00 1.207310e+02 -6.333149e+01 8.571537e-01
1.443964e+01 1.910729e+03 -1.031496e+03 1.000000e+00
1.498409e+01 2.056138e+03 -1.262335e+03 1.000000e+00
1.429822e+01 1.687409e+03 -5.267103e+02 1.000000e+00
1.418275e+01 1.648088e+03 -8.655640e+02 1.000000e+00
1.297974e+01 1.152174e+03 -9.537559e+01 9.992651e-01
1.070446e+01 9.872823e+02 -5.793634e+02 9.950333e-01
1.149885e+01 4.920243e+02 2.472943e+02 9.787423e-01
2.715736e+00 2.686315e+02 -1.464781e+02 9.366232e-01
2.965432e+00 1.210940e+02 -6.063918e+01 8.571537e-01
2.368367e+01 1.899891e+03 -9.872534e+02 1.000000e+00
2.557634e+01 2.070554e+03 -1.297341e+03 1.000000e+00
2.518753e+01 1.678427e+03 -4.758886e+02 1.000000e+00
2.406935e+01 1.652574e+03 -9.054780e+02 1.000000e+00
1.970428e+01 1.145159e+03 -4.256939e+01 9.992651e-01
1.569198e+01 9.839348e+02 -6.257922e+02 9.950333e-01
7.876126e+00 4.914267e+02 3.112772e+02 9.787423e-01
3.151976e+00 2.599650e+02 -1.506998e+02 9.366232e-01
2.714770e+00 1.223115e+02 -5.917477e+01 8.571537e-01
3.543342e+01 1.905896e+03 -9.977384e+02 1.000000e+00
3.551082e+01 2.056419e+03 -1.269676e+03 1.000000e+00
3.417256e+01 1.678773e+03 -4.893907e+02 1.000000e+00
2.925456e+01 1.637410e+03 -8.780095e+02 1.000000e+00
2.446573e+01 1.143581e+03 -6.070321e+01 9.992651e-01
1.731455e+01 9.721557e+02 -6.001296e+02 9.950333e-01
1.070998e+01 4.871371e+02 2.805112e+02 9.787423e-01
3.619839e+00 2.515549e+02 -1.483487e+02 9.366232e-01
3.101416e+00 1.189560e+02 -6.090444e+01 8.571537e-01
3.897173e+01 1.900071e+03 -9.829186e+02 1.000000e+00
3.906156e+01 2.053915e+03 -1.267974e+03 1.000000e+00
3.647953e+01 1.668236e+03 -4.744064e+02 1.000000e+00
3.343343e+01 1.632584e+03 -8.787145e+02 1.000000e+00
2.724009e+01 1.130310e+03 -4.748242e+01 9.992651e-01
2.034350e+01 9.648680e+02 -6.060247e+02 9.950333e-01
1.340373e+01 4.792141e+02 2.964828e+02 9.787423e-01
6.200358e+00 2.480594e+02 -1.492956e+02 9.366232e-01
5.406595e+00 1.149567e+02 -6.057948e+01 8.571537e-01
4.478053e+01 1.892015e+03 -9.771537e+02 1.000000e+00
4.596314e+01 2.045030e+03 -1.252992e+03 1.000000e+00
4.453732e+01 1.656712e+03 -4.704312e+02 1.000000e+00
3.951309e+01 1.621814e+03 -8.638751e+02 1.000000e+00
3.246642e+01 1.119419e+03 -4.991545e+01 9.992651e-01
2.561116e+01 9.568005e+02 -5.905211e+02 9.950333e-01
1.727115e+01 4.735154e+02 2.898489e+02 9.787423e-01
8.907163e+00 2.444825e+02 -1.449051e+02 9.366232e-01
6.989254e+00 1.113609e+02 -5.799430e+01 8.571537e-01
4.581708e+01 1.884174e+03 -9.669701e+02 1.000000e+00
4.564835e+01 2.035579e+03 -1.242209e+03 1.000000e+00
4.218526e+01 1.645396e+03 -4.613238e+02 1.000000e+00
3.743299e+01 1.609040e+03 -8.543464e+02 1.000000e+00
3.189913e+01 1.109640e+03 -4.205738e+01 9.992651e-01
2.416604e+01 9.468578e+02 -5.816116e+02 9.950333e-01
1.618843e+01 4.655636e+02 2.938809e+02 9.787423e-01
9.679901e+00 2.400806e+02 -1.376659e+02 9.366232e-01
7.311769e+00 1.079259e+02 -5.397337e+01 8.571537e-01
4.833493e+01 1.879489e+03 -9.576851e+02 1.000000e+00
4.852895e+01 2.025822e+03 -1.232142e+03 1.000000e+00
4.657573e+01 1.637146e+03 -4.522915e+02 1.000000e+00
4.162404e+01 1.597557e+03 -8.447261e+02 1.000000e+00
3.389852e+01 1.100127e+03 -3.526935e+01 9.992651e-01
2.553036e+01 9.362099e+02 -5.756704e+02 9.950333e-01
1.663435e+01 4.587458e+02 2.999232e+02 9.787423e-01
6.679428e+00 2.335398e+02 -1.323675e+02 9.366232e-01
5.665991e+00 1.045086e+02 -5.089742e+01 8.571537e-01
4.766226e+01 1.869904e+03 -9.504797e+02 1.000000e+00
4.817740e+01 2.013303e+03 -1.219989e+03 1.000000e+00
4.522873e+01 1.623846e+03 -4.458681e+02 1.000000e+00
3.982051e+01 1.587045e+03 -8.343791e+02 1.000000e+00
3.246345e+01 1.087565e+03 -3.359619e+01 9.992651e-01
2.406539e+01 9.292019e+02 -5.676880e+02 9.950333e-01
1.506212e+01 4.506528e+02 2.993493e+02 9.787423e-01
6.132951e+00 2.288814e+02 -1.305293e+02 9.366232e-01
4.947879e+00 9.823602e+01 -4.971166e+01 8.571537e-01
0.000000e+00 1.894370e+03 -1.212499e+03 1.000000e+00
0.000000e+00 1.665515e+03 -6.768428e+02 1.000000e+00
0.000000e+00 1.645069e+03 -8.138428e+02 1.000000e+00
0.000000e+00 1.260418e+03 -2.605468e+02 1.000000e+00
0.000000e+00 1.125711e+03 -5.121182e+02 9.992651e-01
0.000000e+00 6.874793e+02 1.985314e+01 9.950333e-01
0.000000e+00 4.982905e+02 -4.008287e+02 9.787423e-01
0.000000e+00 1.020866e+02 -4.376848e+01 9.366232e-01
0.000000e+00 1.663445e+02 -5.367530e+01 8.571537e-01
1.389996e+01 1.928786e+03 -1.276823e+03 1.000000e+00
1.507797e+01 1.651005e+03 -6.010189e+02 1.000000e+00
1.463385e+01 1.674650e+03 -8.902322e+02 1.000000e+00
1.348807e+01 1.248615e+03 -1.744576e+02 1.000000e+00
1.164743e+01 1.145610e+03 -5.982503e+02 9.992651e-01
9.175871e+00 6.830252e+02 1.131307e+02 9.950333e-01
3.799843e+00 5.037735e+02 -5.127845e+02 9.787423e-01
4.851792e+00 1.024693e+02 -3.009683e+01 9.366232e-01
2.860481e+00 1.664115e+02 -5.302517e+01 8.571537e-01
2.531352e+01 1.946281e+03 -1.313940e+03 1.000000e+00
2.356581e+01 1.639583e+03 -5.506203e+02 1.000000e+00
2.330648e+01 1.683154e+03 -9.321219e+02 1.000000e+00
2.035822e+01 1.239363e+03 -1.195520e+02 1.000000e+00
1.793208e+01 1.147652e+03 -6.459968e+02 9.992651e-01
1.180732e+01 6.795320e+02 1.666927e+02 9.950333e-01
5.977415e+00 4.986401e+02 -5.808569e+02 9.787423e-01
1.844299e-01 1.038166e+02 -2.467663e+01 9.366232e-01
7.993370e-01 1.606581e+02 -5.371917e+01 8.571537e-01
3.312169e+01 1.935503e+03 -1.290089e+03 1.000000e+00
3.350361e+01 1.642857e+03 -5.638271e+02 1.000000e+00
3.072759e+01 1.668470e+03 -9.036329e+02 1.000000e+00
2.725544e+01 1.239962e+03 -1.370276e+02 1.000000e+00
2.053287e+01 1.133869e+03 -6.186241e+02 9.992651e-01
1.446544e+01 6.762519e+02 1.413102e+02 9.950333e-01
8.416689e+00 4.904730e+02 -5.520368e+02 9.787423e-01
1.922643e+00 1.013136e+02 -3.131674e+01 9.366232e-01
1.806348e+00 1.559529e+02 -5.581641e+01 8.571537e-01
4.187247e+01 1.931860e+03 -1.286119e+03 1.000000e+00
4.160540e+01 1.634841e+03 -5.504653e+02 1.000000e+00
3.834615e+01 1.664921e+03 -9.038196e+02 1.000000e+00
3.237376e+01 1.229439e+03 -1.242628e+02 1.000000e+00
2.616508e+01 1.129872e+03 -6.234768e+02 9.992651e-01
1.920714e+01 6.699003e+02 1.536633e+02 9.950333e-01
1.156531e+01 4.869456e+02 -5.630192e+02 9.787423e-01
5.406281e+00 9.827306e+01 -2.856301e+01 9.366232e-01
4.193593e+00 1.531951e+02 -5.576148e+01 8.571537e-01
4.159193e+01 1.925078e+03 -1.273942e+03 1.000000e+00
4.018594e+01 1.624251e+03 -5.462343e+02 1.000000e+00
3.796028e+01 1.654689e+03 -8.905927e+02 1.000000e+00
3.354921e+01 1.216574e+03 -1.240831e+02 1.000000e+00
2.727706e+01 1.120382e+03 -6.103259e+02 9.992651e-01
2.095343e+01 6.611055e+02 1.513541e+02 9.950333e-01
1.458624e+01 4.803925e+02 -5.500214e+02 9.787423e-01
7.419692e+00 9.576632e+01 -2.549757e+01 9.366232e-01
5.905182e+00 1.508474e+02 -5.307330e+01 8.571537e-01
4.973603e+01 1.917605e+03 -1.265273e+03 1.000000e+00
4.911271e+01 1.613640e+03 -5.378150e+02 1.000000e+00
4.453278e+01 1.643677e+03 -8.816718e+02 1.000000e+00
3.880844e+01 1.207725e+03 -1.171484e+02 1.000000e+00
3.181036e+01 1.110613e+03 -6.024910e+02 9.992651e-01
2.248193e+01 6.520559e+02 1.529985e+02 9.950333e-01
1.431053e+01 4.752833e+02 -5.389811e+02 9.787423e-01
6.948804e+00 9.118975e+01 -2.124301e+01 9.366232e-01
5.792289e+00 1.478957e+02 -4.873517e+01 8.571537e-01
4.649804e+01 1.908010e+03 -1.256047e+03 1.000000e+00
4.519759e+01 1.606181e+03 -5.297354e+02 1.000000e+00
4.235180e+01 1.632776e+03 -8.734182e+02 1.000000e+00
3.683423e+01 1.199386e+03 -1.110230e+02 1.000000e+00
2.926939e+01 1.100537e+03 -5.966367e+02 9.992651e-01
2.225830e+01 6.461261e+02 1.558266e+02 9.950333e-01
1.277775e+01 4.677915e+02 -5.382435e+02 9.787423e-01
3.644128e+00 8.545393e+01 -1.966928e+01 9.366232e-01
3.180347e+00 1.425212e+02 -4.714351e+01 8.571537e-01
4.741971e+01 1.897266e+03 -1.246076e+03 1.000000e+00
4.659010e+01 1.594466e+03 -5.236762e+02 1.000000e+00
4.305501e+01 1.620833e+03 -8.624674e+02 1.000000e+00
3.726305e+01 1.185056e+03 -1.089238e+02 1.000000e+00
2.976365e+01 1.090251e+03 -5.884005e+02 9.992651e-01
2.123045e+01 6.357649e+02 1.564679e+02 9.950333e-01
1.230457e+01 4.601773e+02 -5.380996e+02 9.787423e-01
3.741342e+00 7.886279e+01 -2.088580e+01 9.366232e-01
3.193974e+00 1.395916e+02 -4.804770e+01 8.571537e-01
0.000000e+00 1.573335e+03 -7.449250e+02 1.000000e+00
0.000000e+00 1.610806e+03 -8.463218e+02 1.000000e+00
0.000000e+00 1.305120e+03 -3.344873e+02 1.000000e+00
0.000000e+00 1.218079e+03 -5.341981e+02 1.000000e+00
0.000000e+00 8.309852e+02 -2.958599e+01 9.992651e-01
0.000000e+00 6.840865e+02 -3.332866e+02 9.950333e-01
0.000000e+00 3.117095e+02 1.894720e+02 9.787423e-01
0.000000e+00 1.438357e+02 -7.453034e+01 9.366232e-01
0.000000e+00 4.308663e+01 -2.639024e+01 8.571537e-01
1.194845e+01 1.556597e+03 -6.720219e+02 1.000000e+00
1.258534e+01 1.638361e+03 -9.198325e+02 1.000000e+00
1.198270e+01 1.287490e+03 -2.518687e+02 1.000000e+00
1.148720e+01 1.239003e+03 -6.163976e+02 1.000000e+00
1.101442e+01 8.191825e+02 6.369445e+01 9.992651e-01
9.469221e+00 6.930928e+02 -4.216993e+02 9.950333e-01
1.130561e+01 3.087186e+02 3.148571e+02 9.787423e-01
3.542576e+00 1.450504e+02 -8.094901e+01 9.366232e-01
3.340461e+00 4.353351e+01 -2.204463e+01 8.571537e-01
2.559402e+01 1.544011e+03 -6.218006e+02 1.000000e+00
2.474859e+01 1.650975e+03 -9.644465e+02 1.000000e+00
2.167691e+01 1.276283e+03 -1.964361e+02 1.000000e+00
1.998486e+01 1.245337e+03 -6.636693e+02 1.000000e+00
1.482178e+01 8.119977e+02 1.215713e+02 9.992651e-01
1.123468e+01 6.923966e+02 -4.720356e+02 9.950333e-01
4.353359e+00 3.101347e+02 3.892209e+02 9.787423e-01
-6.245587e-01 1.428454e+02 -8.613146e+01 9.366232e-01
-5.105145e-02 4.706891e+01 -2.045169e+01 8.571537e-01
3.222177e+01 1.550797e+03 -6.353325e+02 1.000000e+00
3.115075e+01 1.641895e+03 -9.380802e+02 1.000000e+00
2.993566e+01 1.282446e+03 -2.127552e+02 1.000000e+00
2.438304e+01 1.234336e+03 -6.365751e+02 1.000000e+00
1.904406e+01 8.139572e+02 9.798844e+01 9.992651e-01
1.209693e+01 6.856495e+02 -4.444109e+02 9.950333e-01
6.191613e+00 3.102539e+02 3.532094e+02 9.787423e-01
3.222849e-01 1.393960e+02 -8.713431e+01 9.366232e-01
3.915637e-01 4.690855e+01 -2.396816e+01 8.571537e-01
3.963381e+01 1.541234e+03 -6.236497e+02 1.000000e+00
3.852068e+01 1.632922e+03 -9.360092e+02 1.000000e+00
3.353207e+01 1.268594e+03 -2.023766e+02 1.000000e+00
2.829016e+01 1.225626e+03 -6.391471e+02 1.000000e+00
2.340060e+01 8.036647e+02 1.109956e+02 9.992651e-01
1.728636e+01 6.789700e+02 -4.518326e+02 9.950333e-01
1.057548e+01 3.044724e+02 3.689444e+02 9.787423e-01
4.007195e+00 1.357085e+02 -8.779137e+01 9.366232e-01
3.133123e+00 4.438507e+01 -2.367980e+01 8.571537e-01
4.378815e+01 1.534925e+03 -6.199058e+02 1.000000e+00
4.153957e+01 1.627498e+03 -9.255582e+02 1.000000e+00
3.876610e+01 1.260437e+03 -2.008544e+02 1.000000e+00
3.357817e+01 1.220838e+03 -6.289485e+02 1.000000e+00
2.546000e+01 7.967310e+02 1.093983e+02 9.992651e-01
1.829292e+01 6.735680e+02 -4.412540e+02 9.950333e-01
1.214081e+01 3.009063e+02 3.675812e+02 9.787423e-01
6.650537e+00 1.332113e+02 -8.259531e+01 9.366232e-01
4.978071e+00 4.223518e+01 -2.068717e+01 8.571537e-01
4.598431e+01 1.524797e+03 -6.130002e+02 1.000000e+00
4.398837e+01 1.617933e+03 -9.175425e+02 1.000000e+00
3.969449e+01 1.251148e+03 -1.944349e+02 1.000000e+00
3.398417e+01 1.210599e+03 -6.222356e+02 1.000000e+00
2.780179e+01 7.870851e+02 1.104062e+02 9.992651e-01
2.057529e+01 6.683131e+02 -4.327463e+02 9.950333e-01
1.245914e+01 2.949671e+02 3.672604e+02 9.787423e-01
4.540740e+00 1.311817e+02 -7.787374e+01 9.366232e-01
3.532153e+00 3.922704e+01 -1.845154e+01 8.571537e-01
4.776804e+01 1.514775e+03 -6.047994e+02 1.000000e+00
4.612856e+01 1.603856e+03 -9.100687e+02 1.000000e+00
4.157695e+01 1.239187e+03 -1.893991e+02 1.000000e+00
3.513840e+01 1.196851e+03 -6.162254e+02 1.000000e+00
2.769680e+01 7.785831e+02 1.141499e+02 9.992651e-01
1.898101e+01 6.590176e+02 -4.303032e+02 9.950333e-01
9.605890e+00 2.899363e+02 3.657788e+02 9.787423e-01
5.276960e-01 1.269905e+02 -7.948729e+01 9.366232e-01
1.300915e+00 3.710273e+01 -1.919177e+01 8.571537e-01
4.710088e+01 1.510157e+03 -5.994988e+02 1.000000e+00
4.500668e+01 1.598229e+03 -9.009557e+02 1.000000e+00
4.078305e+01 1.231685e+03 -1.868383e+02 1.000000e+00
3.481806e+01 1.192144e+03 -6.087462e+02 1.000000e+00
2.738873e+01 7.730627e+02 1.142359e+02 9.992651e-01
1.890782e+01 6.537844e+02 -4.270371e+02 9.950333e-01
1.014873e+01 2.852464e+02 3.608040e+02 9.787423e-01
1.792165e+00 1.244044e+02 -8.271086e+01 9.366232e-01
1.599994e+00 3.372218e+01 -2.074193e+01 8.571537e-01
0.000000e+00 1.512189e+03 -8.842755e+02 1.000000e+00
0.000000e+00 1.285073e+03 -4.094272e+02 1.000000e+00
0.000000e+00 1.245609e+03 -5.651099e+02 1.000000e+00
0.000000e+00 9.199343e+02 -9.644847e+01 1.000000e+00
0.000000e+00 8.129369e+02 -3.542581e+02 9.992651e-01
0.000000e+00 4.675932e+02 8.442188e+01 9.950333e-01
0.000000e+00 3.271646e+02 -3.116714e+02 9.787423e-01
0.000000e+00 3.502276e+01 -6.408451e+00 9.366232e-01
0.000000e+00 8.676991e+01 -2.399343e+01 8.571537e-01
1.393309e+01 1.547350e+03 -9.561194e+02 1.000000e+00
1.269758e+01 1.274050e+03 -3.301476e+02 1.000000e+00
1.160254e+01 1.275129e+03 -6.463221e+02 1.000000e+00
1.064933e+01 9.094772e+02 -6.633765e+00 1.000000e+00
8.619745e+00 8.298143e+02 -4.458357e+02 9.992651e-01
5.854193e+00 4.612874e+02 1.793510e+02 9.950333e-01
1.826560e+00 3.312820e+02 -4.286065e+02 9.787423e-01
6.168666e+00 3.420526e+01 9.148047e+00 9.366232e-01
3.409572e+00 8.669637e+01 -2.202410e+01 8.571537e-01
2.290237e+01 1.562903e+03 -1.001708e+03 1.000000e+00
2.101032e+01 1.261897e+03 -2.752163e+02 1.000000e+00
2.030434e+01 1.285941e+03 -6.955646e+02 1.000000e+00
1.639859e+01 8.998080e+02 5.231432e+01 1.000000e+00
1.429968e+01 8.337748e+02 -5.000536e+02 9.992651e-01
9.424021e+00 4.583928e+02 2.381720e+02 9.950333e-01
5.507956e+00 3.294559e+02 -4.999977e+02 9.787423e-01
7.378269e-01 3.795802e+01 1.923362e+01 9.366232e-01
5.595387e-01 8.405108e+01 -2.027689e+01 8.571537e-01
3.254922e+01 1.550542e+03 -9.775175e+02 1.000000e+00
3.169035e+01 1.263524e+03 -2.908079e+02 1.000000e+00
2.741969e+01 1.271071e+03 -6.687751e+02 1.000000e+00
2.263216e+01 8.998847e+02 3.027402e+01 1.000000e+00
1.675654e+01 8.240373e+02 -4.697253e+02 9.992651e-01
1.166052e+01 4.597109e+02 2.104672e+02 9.950333e-01
4.858698e+00 3.255684e+02 -4.680040e+02 9.787423e-01
-1.659850e+00 3.953219e+01 1.223722e+01 9.366232e-01
-7.854839e-01 8.232579e+01 -2.240846e+01 8.571537e-01
3.651458e+01 1.548498e+03 -9.756522e+02 1.000000e+00
3.405947e+01 1.258715e+03 -2.811903e+02 1.000000e+00
2.992443e+01 1.268649e+03 -6.701841e+02 1.000000e+00
2.535315e+01 8.954099e+02 4.092210e+01 1.000000e+00
1.908003e+01 8.192417e+02 -4.762903e+02 9.992651e-01
1.249305e+01 4.539860e+02 2.204007e+02 9.950333e-01
7.152228e+00 3.213734e+02 -4.792778e+02 9.787423e-01
2.403609e+00 3.617694e+01 1.152698e+01 9.366232e-01
1.662169e+00 7.954066e+01 -2.396054e+01 8.571537e-01
4.390245e+01 1.538919e+03 -9.663530e+02 1.000000e+00
4.148988e+01 1.246636e+03 -2.799250e+02 1.000000e+00
3.750968e+01 1.259539e+03 -6.606316e+02 1.000000e+00
3.165494e+01 8.849161e+02 4.102473e+01 1.000000e+00
2.493962e+01 8.118859e+02 -4.703407e+02 9.992651e-01
1.835600e+01 4.476558e+02 2.201373e+02 9.950333e-01
1.193511e+01 3.171394e+02 -4.691433e+02 9.787423e-01
5.311983e+00 3.288721e+01 1.453534e+01 9.366232e-01
3.826198e+00 7.690450e+01 -2.168068e+01 8.571537e-01
4.325290e+01 1.531545e+03 -9.592598e+02 1.000000e+00
4.082344e+01 1.238153e+03 -2.740553e+02 1.000000e+00
3.587249e+01 1.250161e+03 -6.548792e+02 1.000000e+00
2.909553e+01 8.750202e+02 4.246876e+01 1.000000e+00
2.345516e+01 8.066965e+02 -4.617932e+02 9.992651e-01
1.691790e+01 4.416557e+02 2.188001e+02 9.950333e-01
9.167066e+00 3.144711e+02 -4.614740e+02 9.787423e-01
3.633842e+00 3.028515e+01 1.783160e+01 9.366232e-01
2.990818e+00 7.636785e+01 -1.861845e+01 8.571537e-01
4.727781e+01 1.522651e+03 -9.527335e+02 1.000000e+00
4.423435e+01 1.230621e+03 -2.682545e+02 1.000000e+00
3.968883e+01 1.241340e+03 -6.495282e+02 1.000000e+00
3.435396e+01 8.694767e+02 4.593632e+01 1.000000e+00
2.583231e+01 7.981900e+02 -4.579647e+02 9.992651e-01
1.733106e+01 4.371501e+02 2.185282e+02 9.950333e-01
9.148077e+00 3.106801e+02 -4.611647e+02 9.787423e-01
-1.972647e-02 3.060563e+01 1.633522e+01 9.366232e-01
2.501154e-01 7.512627e+01 -1.921942e+01 8.571537e-01
4.625793e+01 1.510575e+03 -9.444921e+02 1.000000e+00
4.343993e+01 1.216853e+03 -2.662443e+02 1.000000e+00
3.852946e+01 1.229793e+03 -6.412800e+02 1.000000e+00
3.227367e+01 8.587318e+02 4.686288e+01 1.000000e+00
2.485750e+01 7.890023e+02 -4.553691e+02 9.992651e-01
1.691101e+01 4.314477e+02 2.165857e+02 9.950333e-01
8.683159e+00 3.091260e+02 -4.599639e+02 9.787423e-01
6.838753e-01 2.972450e+01 1.260891e+01 9.366232e-01
7.209314e-01 7.477288e+01 -2.154265e+01 8.571537e-01
0.000000e+00 1.223780e+03 -4.853471e+02 1.000000e+00
0.000000e+00 1.229942e+03 -6.045164e+02 1.000000e+00
0.000000e+00 9.642787e+02 -1.639298e+02 1.000000e+00
0.000000e+00 8.913226e+02 -3.740980e+02 1.000000e+00
0.000000e+00 5.818896e+02 5.148160e+01 9.992651e-01
0.000000e+00 4.738296e+02 -2.396921e+02 9.950333e-01
0.000000e+00 1.951848e+02 2.088901e+02 9.787423e-01
0.000000e+00 7.482281e+01 -4.282465e+01 9.366232e-01
0.000000e+00 6.838789e+00 -9.980087e+00 8.571537e-01
1.375375e+01 1.205068e+03 -4.080592e+02 1.000000e+00
1.358282e+01 1.254530e+03 -6.837934e+02 1.000000e+00
1.232885e+01 9.483110e+02 -7.764839e+01 1.000000e+00
1.017293e+01 9.098984e+02 -4.629186e+02 1.000000e+00
8.367340e+00 5.713116e+02 1.474238e+02 9.992651e-01
8.231627e+00 4.843101e+02 -3.277575e+02 9.950333e-01
1.077387e+01 1.931152e+02 3.389995e+02 9.787423e-01
3.201574e+00 7.418185e+01 -5.014342e+01 9.366232e-01
2.964568e+00 5.837945e+00 -6.243223e+00 8.571537e-01
1.995586e+01 1.191984e+03 -3.532456e+02 1.000000e+00
1.897653e+01 1.267766e+03 -7.351045e+02 1.000000e+00
1.560894e+01 9.364324e+02 -1.857205e+01 1.000000e+00
1.459186e+01 9.176354e+02 -5.171578e+02 1.000000e+00
1.149226e+01 5.642957e+02 2.108365e+02 9.992651e-01
9.375918e+00 4.858122e+02 -3.795207e+02 9.950333e-01
4.780821e+00 1.938574e+02 4.246563e+02 9.787423e-01
1.776080e+00 7.097853e+01 -5.217056e+01 9.366232e-01
1.369881e+00 8.103220e+00 -2.112876e+00 8.571537e-01
3.134506e+01 1.196882e+03 -3.696785e+02 1.000000e+00
2.832747e+01 1.256839e+03 -7.098564e+02 1.000000e+00
2.475669e+01 9.392963e+02 -3.882276e+01 1.000000e+00
1.940489e+01 9.083330e+02 -4.873822e+02 1.000000e+00
1.484731e+01 5.655597e+02 1.856629e+02 9.992651e-01
8.744946e+00 4.779154e+02 -3.505652e+02 9.950333e-01
3.336462e+00 1.946532e+02 3.883883e+02 9.787423e-01
-1.978094e+00 7.026298e+01 -5.044586e+01 9.366232e-01
-1.370835e+00 9.858628e+00 -3.614605e+00 8.571537e-01
3.621307e+01 1.189385e+03 -3.610119e+02 1.000000e+00
3.451263e+01 1.250837e+03 -7.097352e+02 1.000000e+00
3.103498e+01 9.332542e+02 -2.995658e+01 1.000000e+00
2.492403e+01 9.024847e+02 -4.922961e+02 1.000000e+00
1.803735e+01 5.616152e+02 1.941247e+02 9.992651e-01
1.186693e+01 4.757412e+02 -3.575526e+02 9.950333e-01
5.591393e+00 1.922760e+02 3.968855e+02 9.787423e-01
-7.507448e-01 6.761620e+01 -5.559554e+01 9.366232e-01
-5.550296e-01 8.119587e+00 -7.097434e+00 8.571537e-01
3.860648e+01 1.181179e+03 -3.594576e+02 1.000000e+00
3.436098e+01 1.244431e+03 -7.023284e+02 1.000000e+00
2.919678e+01 9.247048e+02 -2.905481e+01 1.000000e+00
2.441328e+01 8.954492e+02 -4.864078e+02 1.000000e+00
1.975672e+01 5.548704e+02 1.939556e+02 9.992651e-01
1.443685e+01 4.715081e+02 -3.517553e+02 9.950333e-01
9.315780e+00 1.875982e+02 3.960594e+02 9.787423e-01
3.847371e+00 6.396546e+01 -5.447635e+01 9.366232e-01
2.748680e+00 5.572221e+00 -7.157823e+00 8.571537e-01
4.562532e+01 1.172482e+03 -3.552092e+02 1.000000e+00
4.334512e+01 1.235284e+03 -6.967940e+02 1.000000e+00
3.770194e+01 9.152250e+02 -2.773921e+01 1.000000e+00
3.137531e+01 8.901006e+02 -4.797869e+02 1.000000e+00
2.402606e+01 5.468096e+02 1.936471e+02 9.992651e-01
1.611179e+01 4.663694e+02 -3.466555e+02 9.950333e-01
9.108558e+00 1.839764e+02 3.973358e+02 9.787423e-01
3.560282e+00 6.397875e+01 -5.001570e+01 9.366232e-01
2.598239e+00 3.801816e+00 -4.439548e+00 8.571537e-01
4.245938e+01 1.164763e+03 -3.493655e+02 1.000000e+00
3.865568e+01 1.226132e+03 -6.915439e+02 1.000000e+00
3.457898e+01 9.081436e+02 -2.422059e+01 1.000000e+00
2.857038e+01 8.817098e+02 -4.762081e+02 1.000000e+00
2.181956e+01 5.425962e+02 1.943610e+02 9.992651e-01
1.575989e+01 4.620539e+02 -3.428609e+02 9.950333e-01
8.275112e+00 1.831825e+02 3.960649e+02 9.787423e-01
5.948822e-01 6.394551e+01 -4.908393e+01 9.366232e-01
6.223466e-01 4.548093e+00 -3.718357e+00 8.571537e-01
4.405009e+01 1.154295e+03 -3.471667e+02 1.000000e+00
4.102721e+01 1.217042e+03 -6.845149e+02 1.000000e+00
3.577324e+01 8.984037e+02 -2.251949e+01 1.000000e+00
2.936722e+01 8.720320e+02 -4.713196e+02 1.000000e+00
2.239109e+01 5.356855e+02 1.937879e+02 9.992651e-01
1.535388e+01 4.581767e+02 -3.372136e+02 9.950333e-01
7.865346e+00 1.796686e+02 3.904887e+02 9.787423e-01
5.350617e-01 6.488944e+01 -5.040278e+01 9.366232e-01
4.362159e-01 4.598010e+00 -4.749506e+00 8.571537e-01
0.000000e+00 1.155889e+03 -6.488905e+02 1.000000e+00
0.000000e+00 9.570750e+02 -2.341964e+02 1.000000e+00
0.000000e+00 9.205757e+02 -4.051426e+02 1.000000e+00
0.000000e+00 6.570214e+02 -6.815129e+00 1.000000e+00
0.000000e+00 5.784448e+02 -2.661643e+02 9.992651e-01
0.000000e+00 3.175640e+02 1.078302e+02 9.950333e-01
0.000000e+00 2.192595e+02 -2.604417e+02 9.787423e-01
0.000000e+00 5.749200e+00 7.383914e+00 9.366232e-01
0.000000e+00 4.523289e+01 -1.150986e+01 8.571537e-01
9.428687e+00 1.181166e+03 -7.263851e+02 1.000000e+00
8.335340e+00 9.393297e+02 -1.502473e+02 1.000000e+00
7.279295e+00 9.392983e+02 -4.919169e+02 1.000000e+00
6.336449e+00 6.423888e+02 8.621583e+01 1.000000e+00
5.453045e+00 5.917573e+02 -3.594926e+02 9.992651e-01
3.220281e+00 3.088290e+02 2.006606e+02 9.950333e-01
-9.202666e-01 2.198954e+02 -3.853220e+02 9.787423e-01
3.788587e+00 3.699631e+00 1.928604e+01 9.366232e-01
1.869986e+00 4.489487e+01 -1.175124e+01 8.571537e-01
2.401705e+01 1.196497e+03 -7.786625e+02 1.000000e+00
2.054440e+01 9.265557e+02 -9.227578e+01 1.000000e+00
1.825265e+01 9.496515e+02 -5.487036e+02 1.000000e+00
1.413387e+01 6.319363e+02 1.492798e+02 1.000000e+00
1.132374e+01 5.966492e+02 -4.180859e+02 9.992651e-01
7.334852e+00 3.046309e+02 2.616992e+02 9.950333e-01
5.175216e+00 2.170827e+02 -4.642191e+02 9.787423e-01
2.527630e+00 5.113113e+00 2.922699e+01 9.366232e-01
1.813386e+00 4.199698e+01 -9.978100e+00 8.571537e-01
2.534077e+01 1.187360e+03 -7.548948e+02 1.000000e+00
2.361255e+01 9.316015e+02 -1.123125e+02 1.000000e+00
2.086623e+01 9.432026e+02 -5.204327e+02 1.000000e+00
1.761278e+01 6.362044e+02 1.239940e+02 1.000000e+00
1.164103e+01 5.902831e+02 -3.889192e+02 9.992651e-01
7.227472e+00 3.081009e+02 2.355400e+02 9.950333e-01
3.102671e+00 2.155003e+02 -4.240719e+02 9.787423e-01
-2.028845e+00 6.822882e+00 2.615897e+01 9.366232e-01
-1.363657e+00 4.038931e+01 -9.440928e+00 8.571537e-01
3.429362e+01 1.179320e+03 -7.547135e+02 1.000000e+00
3.167714e+01 9.226678e+02 -1.040438e+02 1.000000e+00
2.591048e+01 9.332780e+02 -5.239381e+02 1.000000e+00
2.001299e+01 6.293798e+02 1.312314e+02 1.000000e+00
1.563253e+01 5.846296e+02 -3.943240e+02 9.992651e-01
9.888386e+00 3.037384e+02 2.404300e+02 9.950333e-01
3.042971e+00 2.130194e+02 -4.345964e+02 9.787423e-01
-2.537321e+00 5.960476e+00 2.147144e+01 9.366232e-01
-1.523431e+00 3.985720e+01 -1.291685e+01 8.571537e-01
3.881934e+01 1.176190e+03 -7.486023e+02 1.000000e+00
3.474998e+01 9.179517e+02 -1.036411e+02 1.000000e+00
3.050582e+01 9.294214e+02 -5.197737e+02 1.000000e+00
2.537376e+01 6.254473e+02 1.312120e+02 1.000000e+00
1.818285e+01 5.817608e+02 -3.913558e+02 9.992651e-01
1.217314e+01 3.000738e+02 2.383027e+02 9.950333e-01
7.115805e+00 2.106013e+02 -4.336389e+02 9.787423e-01
2.659551e+00 4.707900e+00 1.982502e+01 9.366232e-01
1.810414e+00 3.921191e+01 -1.368303e+01 8.571537e-01
3.899803e+01 1.166576e+03 -7.431764e+02 1.000000e+00
3.588336e+01 9.086790e+02 -1.020328e+02 1.000000e+00
3.151721e+01 9.238032e+02 -5.131895e+02 1.000000e+00
2.531745e+01 6.172574e+02 1.304679e+02 1.000000e+00
1.921289e+01 5.767751e+02 -3.875926e+02 9.992651e-01
1.369418e+01 2.959003e+02 2.389523e+02 9.950333e-01
8.511082e+00 2.087580e+02 -4.262541e+02 9.787423e-01
3.313412e+00 2.246524e+00 2.340615e+01 9.366232e-01
2.326910e+00 3.867641e+01 -1.117953e+01 8.571537e-01
4.291101e+01 1.155671e+03 -7.384916e+02 1.000000e+00
3.931385e+01 8.987289e+02 -9.861697e+01 1.000000e+00
3.374231e+01 9.127190e+02 -5.100916e+02 1.000000e+00
2.745749e+01 6.090563e+02 1.318713e+02 1.000000e+00
2.116245e+01 5.691729e+02 -3.832749e+02 9.992651e-01
1.433894e+01 2.919290e+02 2.380724e+02 9.950333e-01
7.052186e+00 2.056161e+02 -4.221885e+02 9.787423e-01
1.210784e+00 2.247017e+00 2.469744e+01 9.366232e-01
9.372333e-01 3.757443e+01 -1.012973e+01 8.571537e-01
4.160975e+01 1.151811e+03 -7.321652e+02 1.000000e+00
3.822872e+01 8.942842e+02 -9.802394e+01 1.000000e+00
3.330536e+01 9.083118e+02 -5.057916e+02 1.000000e+00
2.697090e+01 6.062084e+02 1.311902e+02 1.000000e+00
2.040018e+01 5.671036e+02 -3.785073e+02 9.992651e-01
1.353579e+01 2.884865e+02 2.338577e+02 9.950333e-01
6.907665e+00 2.047068e+02 -4.187610e+02 9.787423e-01
1.044181e+00 2.556462e+00 2.400493e+01 9.366232e-01
8.115252e-01 3.806079e+01 -1.035042e+01 8.571537e-01
0.000000e+00 8.965232e+02 -3.060372e+02 1.000000e+00
0.000000e+00 8.930898e+02 -4.432125e+02 1.000000e+00
0.000000e+00 6.801857e+02 -6.214159e+01 1.000000e+00
0.000000e+00 6.296602e+02 -2.799323e+02 1.000000e+00
0.000000e+00 3.990170e+02 9.143396e+01 9.992651e-01
0.000000e+00 3.284913e+02 -1.827247e+02 9.950333e-01
0.000000e+00 1.263755e+02 2.091983e+02 9.787423e-01
0.000000e+00 4.256829e+01 -2.978976e+01 9.366232e-01
0.000000e+00 -3.815291e+00 -4.319429e+00 8.571537e-01
1.125321e+01 8.865411e+02 -2.251696e+02 1.000000e+00
1.034443e+01 9.218566e+02 -5.277813e+02 1.000000e+00
8.403571e+00 6.724700e+02 2.698231e+01 1.000000e+00
7.205486e+00 6.511983e+02 -3.707445e+02 1.000000e+00
5.838064e+00 3.906374e+02 1.883672e+02 9.992651e-01
4.749862e+00 3.374961e+02 -2.739420e+02 9.950333e-01
6.738031e+00 1.247115e+02 3.413064e+02 9.787423e-01
4.177460e-01 4.310648e+01 -3.998803e+01 9.366232e-01
1.151122e+00 -4.623506e+00 -2.754254e+00 8.571537e-01
1.772048e+01 8.716833e+02 -1.666029e+02 1.000000e+00
1.654829e+01 9.335756e+02 -5.861503e+02 1.000000e+00
1.258991e+01 6.604912e+02 8.893553e+01 1.000000e+00
1.121996e+01 6.597047e+02 -4.299893e+02 1.000000e+00
8.248830e+00 3.828927e+02 2.551166e+02 9.992651e-01
7.852804e+00 3.386617e+02 -3.292072e+02 9.950333e-01
5.356553e+00 1.249859e+02 4.337652e+02 9.787423e-01
2.676078e+00 4.093047e+01 -4.291502e+01 9.366232e-01
1.747875e+00 -3.120452e+00 3.216174e-01 8.571537e-01
2.620216e+01 8.728211e+02 -1.863137e+02 1.000000e+00
2.363308e+01 9.221604e+02 -5.598652e+02 1.000000e+00
2.158115e+01 6.591278e+02 6.514563e+01 1.000000e+00
1.633529e+01 6.489733e+02 -4.021395e+02 1.000000e+00
1.133899e+01 3.837646e+02 2.285473e+02 9.992651e-01
6.607843e+00 3.334875e+02 -2.968849e+02 9.950333e-01
1.436930e+00 1.251904e+02 3.955432e+02 9.787423e-01
-2.508657e+00 3.881994e+01 -3.949925e+01 9.366232e-01
-1.873115e+00 -1.952911e+00 -5.579634e-01 8.571537e-01
3.012329e+01 8.719935e+02 -1.799968e+02 1.000000e+00
2.696806e+01 9.209006e+02 -5.615355e+02 1.000000e+00
2.185932e+01 6.601496e+02 7.108355e+01 1.000000e+00
1.782768e+01 6.479731e+02 -4.057607e+02 1.000000e+00
1.299515e+01 3.830968e+02 2.341970e+02 9.992651e-01
7.585723e+00 3.325974e+02 -3.031967e+02 9.950333e-01
2.515043e+00 1.244492e+02 4.000133e+02 9.787423e-01
-2.235584e+00 3.927711e+01 -4.526692e+01 9.366232e-01
-1.604226e+00 -2.002219e+00 -4.499657e+00 8.571537e-01
3.657521e+01 8.613358e+02 -1.781534e+02 1.000000e+00
3.258954e+01 9.108616e+02 -5.589374e+02 1.000000e+00
2.852336e+01 6.513435e+02 7.214801e+01 1.000000e+00
2.347728e+01 6.413076e+02 -4.022149e+02 1.000000e+00
1.704818e+01 3.778134e+02 2.332042e+02 9.992651e-01
1.163415e+01 3.292097e+02 -3.015241e+02 9.950333e-01
7.175597e+00 1.238492e+02 4.026050e+02 9.787423e-01
1.867214e+00 4.019814e+01 -4.537777e+01 9.366232e-01
1.337995e+00 -2.220069e+00 -4.851383e+00 8.571537e-01
3.563056e+01 8.557666e+02 -1.778018e+02 1.000000e+00
3.280531e+01 9.059489e+02 -5.526364e+02 1.000000e+00
2.805568e+01 6.438505e+02 7.130756e+01 1.000000e+00
2.138120e+01 6.361866e+02 -3.992206e+02 1.000000e+00
1.647349e+01 3.730628e+02 2.333431e+02 9.992651e-01
1.237411e+01 3.269823e+02 -2.970148e+02 9.950333e-01
5.641930e+00 1.199347e+02 3.995324e+02 9.787423e-01
1.742480e+00 3.932224e+01 -4.301735e+01 9.366232e-01
1.241654e+00 -3.743412e+00 -3.623760e+00 8.571537e-01
4.005899e+01 8.498328e+02 -1.745093e+02 1.000000e+00
3.602489e+01 8.996502e+02 -5.492745e+02 1.000000e+00
3.080672e+01 6.397145e+02 7.230565e+01 1.000000e+00
2.606434e+01 6.318624e+02 -3.959761e+02 1.000000e+00
1.922746e+01 3.696612e+02 2.333409e+02 9.992651e-01
1.213935e+01 3.231350e+02 -2.932852e+02 9.950333e-01
7.350751e+00 1.181525e+02 3.980971e+02 9.787423e-01
1.072398e+00 3.702747e+01 -4.244927e+01 9.366232e-01
9.470558e-01 -4.138311e+00 -3.090015e+00 8.571537e-01
3.896848e+01 8.378773e+02 -1.729886e+02 1.000000e+00
3.518063e+01 8.876886e+02 -5.460026e+02 1.000000e+00
3.031047e+01 6.295187e+02 7.251479e+01 1.000000e+00
2.470002e+01 6.241423e+02 -3.907998e+02 1.000000e+00
1.860617e+01 3.625499e+02 2.291707e+02 9.992651e-01
1.259073e+01 3.193830e+02 -2.886336e+02 9.950333e-01
6.493237e+00 1.174794e+02 3.976360e+02 9.787423e-01
1.279855e+00 3.684388e+01 -4.211601e+01 9.366232e-01
8.881140e-01 -4.495321e+00 -2.504415e+00 8.571537e-01
