0 729 0.00000e+00
  1     729
2.095684e+01 -1.839348e+03 0.000000e+00 1.000000e+00
2.251534e+01 -1.811586e+03 3.773511e+02 1.000000e+00
2.381965e+01 -2.039523e+03 6.940580e+02 1.000000e+00
2.436652e+01 -2.050110e+03 9.979801e+02 1.000000e+00
2.381666e+01 -2.288502e+03 1.207602e+03 1.000000e+00
2.164936e+01 -2.291170e+03 1.450567e+03 1.000000e+00
1.816463e+01 -2.487693e+03 1.548071e+03 1.000000e+00
1.312993e+01 -2.414996e+03 1.737457e+03 1.000000e+00
6.816286e+00 -2.511517e+03 1.713318e+03 1.000000e+00
2.032448e+01 -1.846764e+03 0.000000e+00 1.000000e+00
2.216335e+01 -1.822361e+03 3.788054e+02 1.000000e+00
2.317756e+01 -2.047726e+03 6.957234e+02 1.000000e+00
2.403339e+01 -2.059573e+03 1.002172e+03 1.000000e+00
2.316751e+01 -2.298620e+03 1.210019e+03 1.000000e+00
2.072623e+01 -2.297838e+03 1.455410e+03 1.000000e+00
1.780697e+01 -2.497297e+03 1.551195e+03 1.000000e+00
1.241749e+01 -2.419299e+03 1.740170e+03 1.000000e+00
6.227704e+00 -2.515740e+03 1.715159e+03 1.000000e+00
1.972916e+01 -1.855531e+03 0.000000e+00 1.000000e+00
2.083360e+01 -1.832652e+03 3.800365e+02 1.000000e+00
2.200525e+01 -2.055244e+03 6.974501e+02 1.000000e+00
2.200712e+01 -2.069821e+03 1.005710e+03 1.000000e+00
2.165196e+01 -2.306987e+03 1.212927e+03 1.000000e+00
1.967903e+01 -2.306970e+03 1.459421e+03 1.000000e+00
1.578650e+01 -2.504899e+03 1.554365e+03 1.000000e+00
1.149684e+01 -2.424008e+03 1.742753e+03 1.000000e+00
5.990182e+00 -2.519881e+03 1.717051e+03 1.000000e+00
1.764510e+01 -1.867099e+03 0.000000e+00 1.000000e+00
1.845037e+01 -1.839468e+03 3.806318e+02 1.000000e+00
2.009391e+01 -2.065582e+03 7.000839e+02 1.000000e+00
2.044983e+01 -2.077911e+03 1.007513e+03 1.000000e+00
1.921653e+01 -2.315515e+03 1.216922e+03 1.000000e+00
1.775971e+01 -2.316850e+03 1.462210e+03 1.000000e+00
1.459034e+01 -2.511496e+03 1.557764e+03 1.000000e+00
1.069800e+01 -2.430392e+03 1.745257e+03 1.000000e+00
4.665391e+00 -2.522404e+03 1.718204e+03 1.000000e+00
1.518850e+01 -1.874906e+03 0.000000e+00 1.000000e+00
1.634072e+01 -1.847869e+03 3.812741e+02 1.000000e+00
1.692653e+01 -2.075062e+03 7.021012e+02 1.000000e+00
1.704536e+01 -2.086259e+03 1.009468e+03 1.000000e+00
1.687941e+01 -2.324749e+03 1.220126e+03 1.000000e+00
1.485618e+01 -2.325422e+03 1.464779e+03 1.000000e+00
1.217749e+01 -2.518442e+03 1.561092e+03 1.000000e+00
8.288507e+00 -2.438715e+03 1.746652e+03 1.000000e+00
4.206057e+00 -2.524319e+03 1.720394e+03 1.000000e+00
1.183219e+01 -1.880704e+03 0.000000e+00 1.000000e+00
1.305440e+01 -1.858947e+03 3.823434e+02 1.000000e+00
1.371521e+01 -2.081649e+03 7.028325e+02 1.000000e+00
1.354050e+01 -2.096891e+03 1.011941e+03 1.000000e+00
1.312877e+01 -2.333401e+03 1.222278e+03 1.000000e+00
1.164923e+01 -2.335003e+03 1.467201e+03 1.000000e+00
9.524268e+00 -2.525234e+03 1.563522e+03 1.000000e+00
7.161680e+00 -2.446090e+03 1.748352e+03 1.000000e+00
3.204032e+00 -2.529963e+03 1.722154e+03 1.000000e+00
9.076224e+00 -1.895173e+03 0.000000e+00 1.000000e+00
9.484219e+00 -1.863226e+03 3.830769e+02 1.000000e+00
9.412463e+00 -2.093818e+03 7.033235e+02 1.000000e+00
1.039913e+01 -2.102986e+03 1.014362e+03 1.000000e+00
8.985572e+00 -2.346810e+03 1.222468e+03 1.000000e+00
8.832163e+00 -2.339349e+03 1.471425e+03 1.000000e+00
6.639913e+00 -2.539548e+03 1.562142e+03 1.000000e+00
5.141143e+00 -2.449197e+03 1.753753e+03 1.000000e+00
2.158023e+00 -2.542841e+03 1.718419e+03 1.000000e+00
6.653636e+00 -1.890368e+03 0.000000e+00 1.000000e+00
4.882017e+00 -1.886440e+03 3.819492e+02 1.000000e+00
6.299100e+00 -2.087742e+03 7.064390e+02 1.000000e+00
4.639870e+00 -2.128052e+03 1.011639e+03 1.000000e+00
5.636103e+00 -2.342275e+03 1.228401e+03 1.000000e+00
3.158395e+00 -2.362943e+03 1.466055e+03 1.000000e+00
3.982962e+00 -2.535668e+03 1.571757e+03 1.000000e+00
2.047570e+00 -2.474040e+03 1.744088e+03 1.000000e+00
1.914625e+00 -2.535386e+03 1.732208e+03 1.000000e+00
0.000000e+00 -1.879913e+03 0.000000e+00 1.000000e+00
0.000000e+00 -1.914880e+03 3.806871e+02 1.000000e+00
0.000000e+00 -2.078224e+03 7.092751e+02 1.000000e+00
0.000000e+00 -2.157347e+03 1.007692e+03 1.000000e+00
0.000000e+00 -2.334644e+03 1.234847e+03 1.000000e+00
0.000000e+00 -2.392774e+03 1.457939e+03 1.000000e+00
0.000000e+00 -2.527837e+03 1.583294e+03 1.000000e+00
0.000000e+00 -2.504496e+03 1.730709e+03 1.000000e+00
0.000000e+00 -2.525819e+03 1.749192e+03 1.000000e+00
1.677932e+01 -1.830886e+03 0.000000e+00 1.000000e+00
1.793719e+01 -2.040265e+03 3.160095e+02 1.000000e+00
1.905899e+01 -2.022587e+03 6.036713e+02 1.000000e+00
1.876660e+01 -2.275227e+03 8.159769e+02 1.000000e+00
1.727657e+01 -2.271332e+03 1.035864e+03 1.000000e+00
1.473567e+01 -2.501856e+03 1.139427e+03 1.000000e+00
1.047962e+01 -2.448681e+03 1.300548e+03 1.000000e+00
5.407586e+00 -2.602724e+03 1.290816e+03 1.000000e+00
-4.693492e-01 -2.433096e+03 1.405379e+03 1.000000e+00
1.633046e+01 -1.840975e+03 0.000000e+00 1.000000e+00
1.742643e+01 -2.048545e+03 3.165608e+02 1.000000e+00
1.878830e+01 -2.032844e+03 6.056810e+02 1.000000e+00
1.818782e+01 -2.285240e+03 8.172518e+02 1.000000e+00
1.670490e+01 -2.280169e+03 1.038909e+03 1.000000e+00
1.405716e+01 -2.511867e+03 1.140786e+03 1.000000e+00
9.832916e+00 -2.454807e+03 1.302811e+03 1.000000e+00
5.325857e+00 -2.609217e+03 1.291358e+03 1.000000e+00
-1.343698e+00 -2.435274e+03 1.404965e+03 1.000000e+00
1.536420e+01 -1.849919e+03 0.000000e+00 1.000000e+00
1.690205e+01 -2.056542e+03 3.173125e+02 1.000000e+00
1.753710e+01 -2.043467e+03 6.070079e+02 1.000000e+00
1.722515e+01 -2.293634e+03 8.190436e+02 1.000000e+00
1.601250e+01 -2.290047e+03 1.041225e+03 1.000000e+00
1.339558e+01 -2.519130e+03 1.142461e+03 1.000000e+00
9.180145e+00 -2.462355e+03 1.304403e+03 1.000000e+00
4.112120e+00 -2.615750e+03 1.292144e+03 1.000000e+00
-1.012286e-01 -2.437272e+03 1.404869e+03 1.000000e+00
1.416564e+01 -1.855854e+03 0.000000e+00 1.000000e+00
1.498367e+01 -2.067009e+03 3.179955e+02 1.000000e+00
1.572558e+01 -2.051765e+03 6.078557e+02 1.000000e+00
1.562564e+01 -2.303726e+03 8.213491e+02 1.000000e+00
1.403041e+01 -2.299248e+03 1.042436e+03 1.000000e+00
1.133619e+01 -2.526610e+03 1.144771e+03 1.000000e+00
8.095291e+00 -2.470642e+03 1.305302e+03 1.000000e+00
4.247849e+00 -2.621599e+03 1.293361e+03 1.000000e+00
-1.281214e+00 -2.441195e+03 1.404557e+03 1.000000e+00
1.209927e+01 -1.864948e+03 0.000000e+00 1.000000e+00
1.314987e+01 -2.075933e+03 3.184564e+02 1.000000e+00
1.368345e+01 -2.060593e+03 6.087819e+02 1.000000e+00
1.316413e+01 -2.313786e+03 8.230073e+02 1.000000e+00
1.209513e+01 -2.308366e+03 1.043787e+03 1.000000e+00
1.028547e+01 -2.535415e+03 1.146743e+03 1.000000e+00
6.988655e+00 -2.479204e+03 1.306210e+03 1.000000e+00
2.773434e+00 -2.625934e+03 1.294161e+03 1.000000e+00
-1.185984e+00 -2.448191e+03 1.403987e+03 1.000000e+00
9.685143e+00 -1.875841e+03 0.000000e+00 1.000000e+00
1.037030e+01 -2.082658e+03 3.188742e+02 1.000000e+00
1.090133e+01 -2.072011e+03 6.096284e+02 1.000000e+00
1.086776e+01 -2.321019e+03 8.241375e+02 1.000000e+00
9.503433e+00 -2.318603e+03 1.045176e+03 1.000000e+00
7.474791e+00 -2.543355e+03 1.148072e+03 1.000000e+00
5.276840e+00 -2.488421e+03 1.307291e+03 1.000000e+00
3.141581e+00 -2.632223e+03 1.294496e+03 1.000000e+00
-5.294194e-01 -2.452960e+03 1.404123e+03 1.000000e+00
7.901926e+00 -1.877446e+03 0.000000e+00 1.000000e+00
7.495462e+00 -2.096785e+03 3.186486e+02 1.000000e+00
8.036947e+00 -2.077600e+03 6.110717e+02 1.000000e+00
7.100849e+00 -2.334727e+03 8.238162e+02 1.000000e+00
7.043875e+00 -2.323765e+03 1.047844e+03 1.000000e+00
5.383355e+00 -2.558850e+03 1.146877e+03 1.000000e+00
3.669847e+00 -2.491629e+03 1.310696e+03 1.000000e+00
8.616270e-01 -2.646140e+03 1.291770e+03 1.000000e+00
-9.716667e-01 -2.453155e+03 1.407579e+03 1.000000e+00
4.107234e+00 -1.901600e+03 0.000000e+00 1.000000e+00
5.540279e+00 -2.089760e+03 3.193827e+02 1.000000e+00
3.856191e+00 -2.104317e+03 6.096762e+02 1.000000e+00
5.385438e+00 -2.327904e+03 8.273850e+02 1.000000e+00
3.129620e+00 -2.350125e+03 1.043964e+03 1.000000e+00
2.973609e+00 -2.554044e+03 1.153330e+03 1.000000e+00
1.240614e+00 -2.517700e+03 1.303492e+03 1.000000e+00
1.959947e+00 -2.638486e+03 1.301831e+03 1.000000e+00
-2.367967e-01 -2.479908e+03 1.395359e+03 1.000000e+00
0.000000e+00 -1.932755e+03 0.000000e+00 1.000000e+00
0.000000e+00 -2.077822e+03 3.204475e+02 1.000000e+00
0.000000e+00 -2.136082e+03 6.073799e+02 1.000000e+00
0.000000e+00 -2.316709e+03 8.316515e+02 1.000000e+00
0.000000e+00 -2.381860e+03 1.038104e+03 1.000000e+00
0.000000e+00 -2.544426e+03 1.161244e+03 1.000000e+00
0.000000e+00 -2.550781e+03 1.293864e+03 1.000000e+00
0.000000e+00 -2.627693e+03 1.314592e+03 1.000000e+00
0.000000e+00 -2.513162e+03 1.379788e+03 1.000000e+00
1.268626e+01 -2.040491e+03 0.000000e+00 1.000000e+00
1.381270e+01 -1.989838e+03 2.711699e+02 1.000000e+00
1.435913e+01 -2.241803e+03 4.872791e+02 1.000000e+00
1.344133e+01 -2.220412e+03 6.903721e+02 1.000000e+00
1.137966e+01 -2.474558e+03 8.018561e+02 1.000000e+00
8.000032e+00 -2.431032e+03 9.402103e+02 1.000000e+00
3.588186e+00 -2.632561e+03 9.416811e+02 1.000000e+00
-1.702385e+00 -2.498073e+03 1.029176e+03 1.000000e+00
-7.035145e+00 -2.586656e+03 9.248206e+02 1.000000e+00
1.233685e+01 -2.049063e+03 0.000000e+00 1.000000e+00
1.354695e+01 -2.000175e+03 2.717479e+02 1.000000e+00
1.396290e+01 -2.251533e+03 4.875798e+02 1.000000e+00
1.343843e+01 -2.229402e+03 6.921290e+02 1.000000e+00
1.105241e+01 -2.484229e+03 8.018207e+02 1.000000e+00
7.361712e+00 -2.438554e+03 9.414837e+02 1.000000e+00
3.529160e+00 -2.640427e+03 9.412451e+02 1.000000e+00
-1.096937e+00 -2.502165e+03 1.028702e+03 1.000000e+00
-6.798946e+00 -2.588808e+03 9.226138e+02 1.000000e+00
1.194662e+01 -2.057815e+03 0.000000e+00 1.000000e+00
1.284479e+01 -2.010759e+03 2.720624e+02 1.000000e+00
1.341794e+01 -2.260240e+03 4.880293e+02 1.000000e+00
1.202596e+01 -2.239976e+03 6.932711e+02 1.000000e+00
1.025548e+01 -2.492934e+03 8.023605e+02 1.000000e+00
7.661776e+00 -2.448181e+03 9.422281e+02 1.000000e+00
2.711403e+00 -2.646989e+03 9.407950e+02 1.000000e+00
-2.995076e+00 -2.507119e+03 1.027679e+03 1.000000e+00
-7.445650e+00 -2.593144e+03 9.211482e+02 1.000000e+00
1.091378e+01 -2.069031e+03 0.000000e+00 1.000000e+00
1.143811e+01 -2.018990e+03 2.719185e+02 1.000000e+00
1.199717e+01 -2.270496e+03 4.890178e+02 1.000000e+00
1.138765e+01 -2.248911e+03 6.934490e+02 1.000000e+00
9.235472e+00 -2.502232e+03 8.037382e+02 1.000000e+00
5.893280e+00 -2.457330e+03 9.418885e+02 1.000000e+00
2.434149e+00 -2.653639e+03 9.411868e+02 1.000000e+00
-7.426749e-01 -2.512699e+03 1.026388e+03 1.000000e+00
-6.094744e+00 -2.596968e+03 9.195333e+02 1.000000e+00
8.962371e+00 -2.077530e+03 0.000000e+00 1.000000e+00
1.001294e+01 -2.028630e+03 2.718590e+02 1.000000e+00
1.063024e+01 -2.279987e+03 4.898905e+02 1.000000e+00
9.256132e+00 -2.257625e+03 6.934498e+02 1.000000e+00
7.625549e+00 -2.511715e+03 8.049193e+02 1.000000e+00
5.663983e+00 -2.465821e+03 9.416659e+02 1.000000e+00
1.926813e+00 -2.660594e+03 9.414762e+02 1.000000e+00
-2.354450e+00 -2.520103e+03 1.025462e+03 1.000000e+00
-5.743773e+00 -2.597569e+03 9.177691e+02 1.000000e+00
7.564114e+00 -2.084200e+03 0.000000e+00 1.000000e+00
8.214381e+00 -2.040165e+03 2.720617e+02 1.000000e+00
8.153291e+00 -2.287353e+03 4.899955e+02 1.000000e+00
7.795586e+00 -2.269695e+03 6.941782e+02 1.000000e+00
6.611091e+00 -2.520177e+03 8.052070e+02 1.000000e+00
3.668929e+00 -2.475978e+03 9.421358e+02 1.000000e+00
1.370766e+00 -2.668012e+03 9.409991e+02 1.000000e+00
-1.495767e+00 -2.528678e+03 1.024650e+03 1.000000e+00
-4.128708e+00 -2.603298e+03 9.170112e+02 1.000000e+00
5.699493e+00 -2.101014e+03 0.000000e+00 1.000000e+00
6.394268e+00 -2.043571e+03 2.722870e+02 1.000000e+00
5.887724e+00 -2.301746e+03 4.895082e+02 1.000000e+00
5.634060e+00 -2.274773e+03 6.957999e+02 1.000000e+00
3.799149e+00 -2.535355e+03 8.036937e+02 1.000000e+00
3.100932e+00 -2.479330e+03 9.446003e+02 1.000000e+00
7.046050e-01 -2.683177e+03 9.381639e+02 1.000000e+00
-6.033857e-01 -2.529984e+03 1.027460e+03 1.000000e+00
-3.530983e+00 -2.616479e+03 9.119045e+02 1.000000e+00
4.923885e+00 -2.093370e+03 0.000000e+00 1.000000e+00
3.158768e+00 -2.071356e+03 2.711078e+02 1.000000e+00
4.240489e+00 -2.293185e+03 4.916448e+02 1.000000e+00
2.839626e+00 -2.303726e+03 6.929786e+02 1.000000e+00
3.430500e+00 -2.528502e+03 8.079754e+02 1.000000e+00
5.058771e-01 -2.506884e+03 9.389369e+02 1.000000e+00
4.835370e-01 -2.675825e+03 9.454478e+02 1.000000e+00
-1.581212e+00 -2.558784e+03 1.017837e+03 1.000000e+00
-1.260949e+00 -2.605017e+03 9.225894e+02 1.000000e+00
0.000000e+00 -2.078654e+03 0.000000e+00 1.000000e+00
0.000000e+00 -2.105596e+03 2.698096e+02 1.000000e+00
0.000000e+00 -2.279996e+03 4.940779e+02 1.000000e+00
0.000000e+00 -2.339235e+03 6.893682e+02 1.000000e+00
0.000000e+00 -2.516907e+03 8.133183e+02 1.000000e+00
0.000000e+00 -2.542015e+03 9.312856e+02 1.000000e+00
0.000000e+00 -2.664312e+03 9.552769e+02 1.000000e+00
0.000000e+00 -2.596226e+03 1.005301e+03 1.000000e+00
0.000000e+00 -2.591901e+03 9.376458e+02 1.000000e+00
9.058136e+00 -1.965224e+03 0.000000e+00 1.000000e+00
9.785954e+00 -2.202789e+03 2.154872e+02 1.000000e+00
1.009785e+01 -2.155286e+03 4.054656e+02 1.000000e+00
8.604160e+00 -2.423090e+03 5.260691e+02 1.000000e+00
5.882900e+00 -2.376425e+03 6.488990e+02 1.000000e+00
2.098509e+00 -2.613025e+03 6.625836e+02 1.000000e+00
-2.651610e+00 -2.503251e+03 7.268708e+02 1.000000e+00
-7.752505e+00 -2.654341e+03 6.358353e+02 1.000000e+00
-1.283845e+01 -2.421906e+03 6.656639e+02 1.000000e+00
9.192331e+00 -1.974712e+03 0.000000e+00 1.000000e+00
9.628429e+00 -2.212212e+03 2.151488e+02 1.000000e+00
9.772818e+00 -2.165325e+03 4.059152e+02 1.000000e+00
8.376071e+00 -2.433934e+03 5.257477e+02 1.000000e+00
5.991248e+00 -2.385108e+03 6.491998e+02 1.000000e+00
1.870623e+00 -2.621692e+03 6.609265e+02 1.000000e+00
-3.210569e+00 -2.510351e+03 7.257498e+02 1.000000e+00
-7.623497e+00 -2.660650e+03 6.334662e+02 1.000000e+00
-1.222433e+01 -2.424304e+03 6.623491e+02 1.000000e+00
7.882953e+00 -1.984480e+03 0.000000e+00 1.000000e+00
9.190273e+00 -2.220918e+03 2.149598e+02 1.000000e+00
9.537815e+00 -2.175962e+03 4.060613e+02 1.000000e+00
7.566751e+00 -2.442656e+03 5.254375e+02 1.000000e+00
4.730910e+00 -2.395081e+03 6.491514e+02 1.000000e+00
1.705521e+00 -2.628809e+03 6.597115e+02 1.000000e+00
-2.259847e+00 -2.517850e+03 7.244554e+02 1.000000e+00
-7.847860e+00 -2.665535e+03 6.306574e+02 1.000000e+00
-1.316248e+01 -2.425392e+03 6.592595e+02 1.000000e+00
7.458427e+00 -1.992586e+03 0.000000e+00 1.000000e+00
8.426557e+00 -2.231265e+03 2.150520e+02 1.000000e+00
8.289751e+00 -2.184968e+03 4.055745e+02 1.000000e+00
7.194689e+00 -2.452616e+03 5.258744e+02 1.000000e+00
5.135058e+00 -2.404260e+03 6.480941e+02 1.000000e+00
1.195011e+00 -2.636705e+03 6.594034e+02 1.000000e+00
-3.124604e+00 -2.525163e+03 7.224396e+02 1.000000e+00
-7.018741e+00 -2.671443e+03 6.285048e+02 1.000000e+00
-1.022235e+01 -2.427378e+03 6.561843e+02 1.000000e+00
6.381778e+00 -2.002414e+03 0.000000e+00 1.000000e+00
7.270104e+00 -2.239934e+03 2.149503e+02 1.000000e+00
7.428908e+00 -2.194983e+03 4.051354e+02 1.000000e+00
5.928325e+00 -2.462732e+03 5.263578e+02 1.000000e+00
3.629289e+00 -2.412966e+03 6.469409e+02 1.000000e+00
1.032663e+00 -2.645650e+03 6.592598e+02 1.000000e+00
-2.104418e+00 -2.533317e+03 7.203600e+02 1.000000e+00
-6.116419e+00 -2.676811e+03 6.270269e+02 1.000000e+00
-9.730466e+00 -2.433811e+03 6.531367e+02 1.000000e+00
5.480386e+00 -2.013625e+03 0.000000e+00 1.000000e+00
6.006643e+00 -2.247176e+03 2.146656e+02 1.000000e+00
5.914098e+00 -2.206861e+03 4.051552e+02 1.000000e+00
4.598946e+00 -2.470153e+03 5.259006e+02 1.000000e+00
3.193065e+00 -2.424119e+03 6.469247e+02 1.000000e+00
7.615638e-01 -2.653574e+03 6.583912e+02 1.000000e+00
-2.341477e+00 -2.541866e+03 7.194021e+02 1.000000e+00
-5.257854e+00 -2.681485e+03 6.245793e+02 1.000000e+00
-8.217052e+00 -2.439213e+03 6.510421e+02 1.000000e+00
4.547771e+00 -2.014481e+03 0.000000e+00 1.000000e+00
4.069471e+00 -2.264062e+03 2.138570e+02 1.000000e+00
4.807661e+00 -2.211039e+03 4.061851e+02 1.000000e+00
3.566700e+00 -2.485799e+03 5.241633e+02 1.000000e+00
2.476533e+00 -2.428260e+03 6.486611e+02 1.000000e+00
1.158019e-01 -2.669937e+03 6.553562e+02 1.000000e+00
-1.579825e+00 -2.544573e+03 7.212401e+02 1.000000e+00
-3.412385e+00 -2.696973e+03 6.200731e+02 1.000000e+00
-4.454110e+00 -2.438545e+03 6.528786e+02 1.000000e+00
2.598315e+00 -2.042956e+03 0.000000e+00 1.000000e+00
4.239245e+00 -2.254134e+03 2.142930e+02 1.000000e+00
2.055383e+00 -2.241478e+03 4.044463e+02 1.000000e+00
2.424758e+00 -2.476597e+03 5.266899e+02 1.000000e+00
6.980217e-01 -2.458190e+03 6.445088e+02 1.000000e+00
5.115017e-01 -2.662059e+03 6.602034e+02 1.000000e+00
-1.714160e+00 -2.574234e+03 7.136350e+02 1.000000e+00
-2.156292e+00 -2.685622e+03 6.280629e+02 1.000000e+00
-3.889271e+00 -2.468364e+03 6.410162e+02 1.000000e+00
0.000000e+00 -2.079913e+03 0.000000e+00 1.000000e+00
0.000000e+00 -2.237516e+03 2.153288e+02 1.000000e+00
0.000000e+00 -2.278482e+03 4.018058e+02 1.000000e+00
0.000000e+00 -2.462006e+03 5.304818e+02 1.000000e+00
0.000000e+00 -2.495803e+03 6.390633e+02 1.000000e+00
0.000000e+00 -2.648256e+03 6.670820e+02 1.000000e+00
0.000000e+00 -2.611560e+03 7.042844e+02 1.000000e+00
0.000000e+00 -2.669224e+03 6.389218e+02 1.000000e+00
0.000000e+00 -2.506309e+03 6.268835e+02 1.000000e+00
5.628457e+00 -2.168090e+03 0.000000e+00 1.000000e+00
6.221514e+00 -2.092001e+03 1.754354e+02 1.000000e+00
5.965266e+00 -2.361482e+03 3.032942e+02 1.000000e+00
4.132663e+00 -2.300248e+03 4.161286e+02 1.000000e+00
9.074550e-01 -2.562074e+03 4.440569e+02 1.000000e+00
-3.570121e+00 -2.466225e+03 4.930292e+02 1.000000e+00
-8.130641e+00 -2.666719e+03 4.158353e+02 1.000000e+00
-1.342448e+01 -2.472228e+03 4.192521e+02 1.000000e+00
-1.797338e+01 -2.557644e+03 2.511825e+02 1.000000e+00
5.391327e+00 -2.178424e+03 0.000000e+00 1.000000e+00
6.394855e+00 -2.101824e+03 1.753451e+02 1.000000e+00
5.867280e+00 -2.371660e+03 3.022443e+02 1.000000e+00
3.527648e+00 -2.309574e+03 4.158192e+02 1.000000e+00
6.917205e-01 -2.572256e+03 4.423837e+02 1.000000e+00
-3.211610e+00 -2.474118e+03 4.911697e+02 1.000000e+00
-8.419716e+00 -2.672772e+03 4.124188e+02 1.000000e+00
-1.409460e+01 -2.476939e+03 4.156374e+02 1.000000e+00
-1.727415e+01 -2.559650e+03 2.472828e+02 1.000000e+00
4.964595e+00 -2.187776e+03 0.000000e+00 1.000000e+00
5.610998e+00 -2.112326e+03 1.750732e+02 1.000000e+00
5.708664e+00 -2.380756e+03 3.013514e+02 1.000000e+00
4.179400e+00 -2.319787e+03 4.154111e+02 1.000000e+00
6.024644e-01 -2.580229e+03 4.403714e+02 1.000000e+00
-3.623646e+00 -2.483546e+03 4.895223e+02 1.000000e+00
-7.074859e+00 -2.678435e+03 4.093292e+02 1.000000e+00
-1.190874e+01 -2.481943e+03 4.118101e+02 1.000000e+00
-1.732675e+01 -2.562771e+03 2.428532e+02 1.000000e+00
4.797232e+00 -2.197700e+03 0.000000e+00 1.000000e+00
5.349469e+00 -2.121455e+03 1.744343e+02 1.000000e+00
5.234944e+00 -2.390828e+03 3.010836e+02 1.000000e+00
2.619688e+00 -2.329056e+03 4.140454e+02 1.000000e+00
2.852896e-01 -2.589353e+03 4.394626e+02 1.000000e+00
-2.538513e+00 -2.491648e+03 4.871597e+02 1.000000e+00
-8.089713e+00 -2.685531e+03 4.065299e+02 1.000000e+00
-1.242507e+01 -2.486195e+03 4.084562e+02 1.000000e+00
-1.489673e+01 -2.566656e+03 2.382172e+02 1.000000e+00
4.237140e+00 -2.205730e+03 0.000000e+00 1.000000e+00
4.533815e+00 -2.132116e+03 1.736854e+02 1.000000e+00
4.397986e+00 -2.399878e+03 3.008965e+02 1.000000e+00
3.098047e+00 -2.338707e+03 4.126148e+02 1.000000e+00
4.059173e-01 -2.599413e+03 4.389869e+02 1.000000e+00
-3.252233e+00 -2.499366e+03 4.845309e+02 1.000000e+00
-5.879394e+00 -2.692655e+03 4.044666e+02 1.000000e+00
-9.440506e+00 -2.492716e+03 4.048419e+02 1.000000e+00
-1.363688e+01 -2.568630e+03 2.347202e+02 1.000000e+00
3.282406e+00 -2.213245e+03 0.000000e+00 1.000000e+00
3.996235e+00 -2.144089e+03 1.732781e+02 1.000000e+00
3.798346e+00 -2.407435e+03 3.002200e+02 1.000000e+00
1.966652e+00 -2.350530e+03 4.121590e+02 1.000000e+00
3.118891e-01 -2.606870e+03 4.376461e+02 1.000000e+00
-2.081170e+00 -2.509731e+03 4.830842e+02 1.000000e+00
-5.269064e+00 -2.699950e+03 4.025717e+02 1.000000e+00
-8.386096e+00 -2.500703e+03 4.016307e+02 1.000000e+00
-1.005397e+01 -2.572053e+03 2.315337e+02 1.000000e+00
3.114542e+00 -2.232226e+03 0.000000e+00 1.000000e+00
3.267850e+00 -2.145562e+03 1.731111e+02 1.000000e+00
2.231181e+00 -2.424394e+03 2.990218e+02 1.000000e+00
2.102674e+00 -2.354791e+03 4.128561e+02 1.000000e+00
-9.943122e-02 -2.623642e+03 4.351263e+02 1.000000e+00
-1.768659e+00 -2.512063e+03 4.841368e+02 1.000000e+00
-4.253019e+00 -2.715717e+03 3.978632e+02 1.000000e+00
-5.826291e+00 -2.501107e+03 4.030227e+02 1.000000e+00
-8.132787e+00 -2.586281e+03 2.252723e+02 1.000000e+00
3.350438e+00 -2.221199e+03 0.000000e+00 1.000000e+00
1.995464e+00 -2.177167e+03 1.718639e+02 1.000000e+00
2.742770e+00 -2.413481e+03 3.002153e+02 1.000000e+00
6.225185e-01 -2.386774e+03 4.101508e+02 1.000000e+00
8.117260e-01 -2.613799e+03 4.378443e+02 1.000000e+00
-1.738575e+00 -2.543184e+03 4.784884e+02 1.000000e+00
-1.793855e+00 -2.704926e+03 4.031335e+02 1.000000e+00
-3.503761e+00 -2.532948e+03 3.937628e+02 1.000000e+00
-3.596903e+00 -2.572149e+03 2.333725e+02 1.000000e+00
0.000000e+00 -2.202111e+03 0.000000e+00 1.000000e+00
0.000000e+00 -2.217398e+03 1.707831e+02 1.000000e+00
0.000000e+00 -2.395846e+03 3.020095e+02 1.000000e+00
0.000000e+00 -2.426149e+03 4.067005e+02 1.000000e+00
0.000000e+00 -2.597473e+03 4.424250e+02 1.000000e+00
0.000000e+00 -2.583223e+03 4.714376e+02 1.000000e+00
0.000000e+00 -2.689102e+03 4.114843e+02 1.000000e+00
0.000000e+00 -2.573756e+03 3.824504e+02 1.000000e+00
0.000000e+00 -2.552856e+03 2.460920e+02 1.000000e+00
2.712827e+00 -2.038182e+03 0.000000e+00 1.000000e+00
2.855767e+00 -2.298625e+03 1.271924e+02 1.000000e+00
2.279683e+00 -2.217652e+03 2.331597e+02 1.000000e+00
1.135871e-01 -2.496067e+03 2.741389e+02 1.000000e+00
-3.728124e+00 -2.399388e+03 3.160490e+02 1.000000e+00
-8.304305e+00 -2.637443e+03 2.547109e+02 1.000000e+00
-1.317803e+01 -2.470262e+03 2.411344e+02 1.000000e+00
-1.832010e+01 -2.618637e+03 8.371968e+01 1.000000e+00
-2.260799e+01 -2.329187e+03 4.670893e+01 1.000000e+00
2.034657e+00 -2.047361e+03 0.000000e+00 1.000000e+00
2.831338e+00 -2.309269e+03 1.266148e+02 1.000000e+00
2.774272e+00 -2.226920e+03 2.322618e+02 1.000000e+00
-2.838152e-01 -2.505854e+03 2.721108e+02 1.000000e+00
-3.929175e+00 -2.407707e+03 3.141915e+02 1.000000e+00
-7.506583e+00 -2.644885e+03 2.513807e+02 1.000000e+00
-1.307823e+01 -2.477041e+03 2.364622e+02 1.000000e+00
-1.795105e+01 -2.621860e+03 7.961486e+01 1.000000e+00
-2.127509e+01 -2.330699e+03 4.040026e+01 1.000000e+00
2.721687e+00 -2.056571e+03 0.000000e+00 1.000000e+00
2.705996e+00 -2.318530e+03 1.257968e+02 1.000000e+00
1.856540e+00 -2.237478e+03 2.313513e+02 1.000000e+00
-8.277072e-03 -2.514852e+03 2.703062e+02 1.000000e+00
-3.556138e+00 -2.417803e+03 3.119903e+02 1.000000e+00
-8.491877e+00 -2.651370e+03 2.478467e+02 1.000000e+00
-1.202935e+01 -2.484810e+03 2.328463e+02 1.000000e+00
-1.726952e+01 -2.626146e+03 7.434415e+01 1.000000e+00
-2.247525e+01 -2.332691e+03 3.472872e+01 1.000000e+00
1.441649e+00 -2.065680e+03 0.000000e+00 1.000000e+00
2.769999e+00 -2.328189e+03 1.252163e+02 1.000000e+00
2.542109e+00 -2.247061e+03 2.299586e+02 1.000000e+00
-7.063058e-01 -2.524759e+03 2.690101e+02 1.000000e+00
-3.362267e+00 -2.426298e+03 3.096100e+02 1.000000e+00
-6.322035e+00 -2.659783e+03 2.447162e+02 1.000000e+00
-1.140355e+01 -2.490839e+03 2.291473e+02 1.000000e+00
-1.562210e+01 -2.632246e+03 6.933733e+01 1.000000e+00
-1.782574e+01 -2.334297e+03 2.983884e+01 1.000000e+00
2.380269e+00 -2.077035e+03 0.000000e+00 1.000000e+00
2.120849e+00 -2.336503e+03 1.245469e+02 1.000000e+00
1.518581e+00 -2.257435e+03 2.287489e+02 1.000000e+00
1.249338e-01 -2.533875e+03 2.678787e+02 1.000000e+00
-3.116123e+00 -2.434617e+03 3.070844e+02 1.000000e+00
-6.696728e+00 -2.668548e+03 2.427143e+02 1.000000e+00
-9.511009e+00 -2.497378e+03 2.247239e+02 1.000000e+00
-1.339283e+01 -2.636910e+03 6.584284e+01 1.000000e+00
-1.709068e+01 -2.338449e+03 2.479474e+01 1.000000e+00
1.655641e+00 -2.087752e+03 0.000000e+00 1.000000e+00
2.081299e+00 -2.344061e+03 1.235498e+02 1.000000e+00
1.678203e+00 -2.270001e+03 2.281046e+02 1.000000e+00
-4.931394e-01 -2.541475e+03 2.666801e+02 1.000000e+00
-2.357133e+00 -2.446649e+03 3.051682e+02 1.000000e+00
-4.631048e+00 -2.675706e+03 2.406111e+02 1.000000e+00
-8.407922e+00 -2.506456e+03 2.215633e+02 1.000000e+00
-1.101852e+01 -2.642765e+03 6.216618e+01 1.000000e+00
-1.321691e+01 -2.345181e+03 2.052050e+01 1.000000e+00
2.225366e+00 -2.087159e+03 0.000000e+00 1.000000e+00
1.594163e+00 -2.363170e+03 1.225768e+02 1.000000e+00
1.568710e+00 -2.272134e+03 2.280403e+02 1.000000e+00
-2.878971e-01 -2.558568e+03 2.645629e+02 1.000000e+00
-1.448596e+00 -2.449398e+03 3.056111e+02 1.000000e+00
-3.946003e+00 -2.692795e+03 2.367236e+02 1.000000e+00
-5.195776e+00 -2.507400e+03 2.216569e+02 1.000000e+00
-7.414718e+00 -2.657689e+03 5.644777e+01 1.000000e+00
-9.197360e+00 -2.342855e+03 2.088874e+01 1.000000e+00
1.567393e+00 -2.119510e+03 0.000000e+00 1.000000e+00
2.388200e+00 -2.350673e+03 1.224801e+02 1.000000e+00
3.902065e-01 -2.305796e+03 2.261841e+02 1.000000e+00
8.761129e-01 -2.546839e+03 2.663518e+02 1.000000e+00
-1.183513e+00 -2.482349e+03 3.012060e+02 1.000000e+00
-1.810018e+00 -2.681267e+03 2.399546e+02 1.000000e+00
-4.247553e+00 -2.539821e+03 2.145360e+02 1.000000e+00
-4.521302e+00 -2.643365e+03 6.172557e+01 1.000000e+00
-5.826019e+00 -2.375131e+03 1.009032e+01 1.000000e+00
0.000000e+00 -2.161395e+03 0.000000e+00 1.000000e+00
0.000000e+00 -2.329892e+03 1.230451e+02 1.000000e+00
0.000000e+00 -2.348582e+03 2.240090e+02 1.000000e+00
0.000000e+00 -2.528343e+03 2.694355e+02 1.000000e+00
0.000000e+00 -2.524543e+03 2.961417e+02 1.000000e+00
0.000000e+00 -2.663106e+03 2.456045e+02 1.000000e+00
0.000000e+00 -2.582027e+03 2.059028e+02 1.000000e+00
0.000000e+00 -2.624411e+03 7.115534e+01 1.000000e+00
0.000000e+00 -2.418587e+03 -2.746106e+00 1.000000e+00
-4.050211e-03 -2.242762e+03 0.000000e+00 1.000000e+00
-1.129639e-01 -2.138065e+03 9.399712e+01 1.000000e+00
-1.012308e+00 -2.421493e+03 1.450023e+02 1.000000e+00
-3.585239e+00 -2.317127e+03 1.836424e+02 1.000000e+00
-7.829185e+00 -2.583057e+03 1.413583e+02 1.000000e+00
-1.246384e+01 -2.431303e+03 1.186670e+02 1.000000e+00
-1.740599e+01 -2.629081e+03 -2.232637e+01 1.000000e+00
-2.264499e+01 -2.376766e+03 -8.491882e+01 1.000000e+00
-2.656826e+01 -2.463639e+03 -3.038140e+02 1.000000e+00
-8.158200e-01 -2.253187e+03 0.000000e+00 1.000000e+00
-2.637534e-02 -2.147147e+03 9.339777e+01 1.000000e+00
-7.083015e-01 -2.432541e+03 1.432159e+02 1.000000e+00
-3.974557e+00 -2.326606e+03 1.814988e+02 1.000000e+00
-7.535210e+00 -2.591975e+03 1.382418e+02 1.000000e+00
-1.220048e+01 -2.440027e+03 1.142384e+02 1.000000e+00
-1.745774e+01 -2.634395e+03 -2.740423e+01 1.000000e+00
-2.238512e+01 -2.382774e+03 -9.127819e+01 1.000000e+00
-2.594103e+01 -2.466485e+03 -3.098012e+02 1.000000e+00
4.880072e-01 -2.262877e+03 0.000000e+00 1.000000e+00
3.300756e-02 -2.157153e+03 9.244028e+01 1.000000e+00
-1.036835e+00 -2.441623e+03 1.415854e+02 1.000000e+00
-3.413161e+00 -2.336405e+03 1.794991e+02 1.000000e+00
-7.954653e+00 -2.599599e+03 1.345403e+02 1.000000e+00
-1.169345e+01 -2.448736e+03 1.105992e+02 1.000000e+00
-1.549231e+01 -2.638496e+03 -3.276123e+01 1.000000e+00
-2.098530e+01 -2.387702e+03 -9.723753e+01 1.000000e+00
-2.498480e+01 -2.467656e+03 -3.160203e+02 1.000000e+00
-7.042677e-01 -2.272052e+03 0.000000e+00 1.000000e+00
5.381224e-03 -2.167105e+03 9.134369e+01 1.000000e+00
-3.694580e-01 -2.451264e+03 1.402330e+02 1.000000e+00
-3.846576e+00 -2.345051e+03 1.771205e+02 1.000000e+00
-6.484259e+00 -2.609129e+03 1.317180e+02 1.000000e+00
-1.026670e+01 -2.455513e+03 1.065638e+02 1.000000e+00
-1.541457e+01 -2.645500e+03 -3.770316e+01 1.000000e+00
-1.910952e+01 -2.391021e+03 -1.026062e+02 1.000000e+00
-2.244137e+01 -2.471250e+03 -3.225279e+02 1.000000e+00
5.053667e-01 -2.279235e+03 0.000000e+00 1.000000e+00
4.192264e-02 -2.178456e+03 9.023293e+01 1.000000e+00
-6.375068e-01 -2.460093e+03 1.391783e+02 1.000000e+00
-2.816914e+00 -2.355165e+03 1.745852e+02 1.000000e+00
-6.328508e+00 -2.618622e+03 1.297414e+02 1.000000e+00
-9.362947e+00 -2.462975e+03 1.022542e+02 1.000000e+00
-1.238168e+01 -2.653409e+03 -4.152020e+01 1.000000e+00
-1.635053e+01 -2.397191e+03 -1.081189e+02 1.000000e+00
-1.928533e+01 -2.474797e+03 -3.276592e+02 1.000000e+00
1.145868e-01 -2.287532e+03 0.000000e+00 1.000000e+00
5.781946e-01 -2.190074e+03 8.926819e+01 1.000000e+00
-4.029708e-01 -2.467126e+03 1.377785e+02 1.000000e+00
-2.829831e+00 -2.367523e+03 1.733002e+02 1.000000e+00
-4.322578e+00 -2.624992e+03 1.271296e+02 1.000000e+00
-7.498784e+00 -2.473196e+03 9.932513e+01 1.000000e+00
-1.026506e+01 -2.658854e+03 -4.480412e+01 1.000000e+00
-1.323773e+01 -2.403667e+03 -1.133181e+02 1.000000e+00
-1.592148e+01 -2.476780e+03 -3.318259e+02 1.000000e+00
8.184212e-01 -2.308274e+03 0.000000e+00 1.000000e+00
4.915546e-01 -2.190381e+03 8.863506e+01 1.000000e+00
-2.578946e-01 -2.486377e+03 1.362849e+02 1.000000e+00
-1.194093e+00 -2.369911e+03 1.729134e+02 1.000000e+00
-4.009429e+00 -2.643009e+03 1.241383e+02 1.000000e+00
-4.965360e+00 -2.474544e+03 9.881522e+01 1.000000e+00
-7.980197e+00 -2.676127e+03 -5.029613e+01 1.000000e+00
-9.141164e+00 -2.403531e+03 -1.133847e+02 1.000000e+00
-1.050197e+01 -2.491497e+03 -3.392500e+02 1.000000e+00
2.563456e+00 -2.293799e+03 0.000000e+00 1.000000e+00
7.689700e-01 -2.225370e+03 8.686709e+01 1.000000e+00
6.166784e-01 -2.472901e+03 1.373293e+02 1.000000e+00
-1.226330e+00 -2.404722e+03 1.698116e+02 1.000000e+00
-1.079988e+00 -2.630917e+03 1.258615e+02 1.000000e+00
-3.506949e+00 -2.507921e+03 9.352423e+01 1.000000e+00
-3.393769e+00 -2.661954e+03 -4.719131e+01 1.000000e+00
-5.894723e+00 -2.437886e+03 -1.222285e+02 1.000000e+00
-6.756269e+00 -2.473962e+03 -3.333398e+02 1.000000e+00
0.000000e+00 -2.270080e+03 0.000000e+00 1.000000e+00
0.000000e+00 -2.269947e+03 8.559966e+01 1.000000e+00
0.000000e+00 -2.450765e+03 1.387135e+02 1.000000e+00
0.000000e+00 -2.448950e+03 1.669173e+02 1.000000e+00
0.000000e+00 -2.610382e+03 1.293527e+02 1.000000e+00
0.000000e+00 -2.551714e+03 8.731725e+01 1.000000e+00
0.000000e+00 -2.639875e+03 -4.011859e+01 1.000000e+00
0.000000e+00 -2.481018e+03 -1.332420e+02 1.000000e+00
0.000000e+00 -2.450375e+03 -3.222094e+02 1.000000e+00
-2.443149e+00 -2.066039e+03 0.000000e+00 1.000000e+00
-2.788093e+00 -2.348747e+03 5.300277e+01 1.000000e+00
-4.001663e+00 -2.230365e+03 8.797057e+01 1.000000e+00
-6.969599e+00 -2.516062e+03 6.390213e+01 1.000000e+00
-1.145073e+01 -2.368460e+03 3.885940e+01 1.000000e+00
-1.616131e+01 -2.606746e+03 -8.013188e+01 1.000000e+00
-2.133099e+01 -2.381515e+03 -1.577781e+02 1.000000e+00
-2.634513e+01 -2.529037e+03 -3.645698e+02 1.000000e+00
-2.999464e+01 -2.187327e+03 -4.562933e+02 1.000000e+00
-2.540952e+00 -2.074105e+03 0.000000e+00 1.000000e+00
-2.587954e+00 -2.359477e+03 5.194375e+01 1.000000e+00
-3.886414e+00 -2.239406e+03 8.599204e+01 1.000000e+00
-7.322425e+00 -2.525505e+03 6.105038e+01 1.000000e+00
-1.138563e+01 -2.377579e+03 3.486954e+01 1.000000e+00
-1.573581e+01 -2.612523e+03 -8.494627e+01 1.000000e+00
-2.117130e+01 -2.387895e+03 -1.644919e+02 1.000000e+00
-2.569889e+01 -2.530872e+03 -3.706646e+02 1.000000e+00
-3.004178e+01 -2.188607e+03 -4.650510e+02 1.000000e+00
-2.435847e+00 -2.083759e+03 0.000000e+00 1.000000e+00
-2.605248e+00 -2.369081e+03 5.083289e+01 1.000000e+00
-3.322203e+00 -2.249263e+03 8.416434e+01 1.000000e+00
-6.654325e+00 -2.534380e+03 5.792955e+01 1.000000e+00
-1.080870e+01 -2.386975e+03 3.130626e+01 1.000000e+00
-1.502167e+01 -2.618111e+03 -9.026304e+01 1.000000e+00
-1.930191e+01 -2.396061e+03 -1.702224e+02 1.000000e+00
-2.421972e+01 -2.534017e+03 -3.776449e+02 1.000000e+00
-2.746490e+01 -2.191115e+03 -4.721046e+02 1.000000e+00
-2.175826e+00 -2.093947e+03 0.000000e+00 1.000000e+00
-1.906243e+00 -2.378152e+03 4.979797e+01 1.000000e+00
-3.404775e+00 -2.258790e+03 8.210896e+01 1.000000e+00
-6.769207e+00 -2.544355e+03 5.531462e+01 1.000000e+00
-9.778880e+00 -2.394373e+03 2.776981e+01 1.000000e+00
-1.384402e+01 -2.626828e+03 -9.547121e+01 1.000000e+00
-1.812105e+01 -2.401243e+03 -1.751291e+02 1.000000e+00
-2.182233e+01 -2.539622e+03 -3.846800e+02 1.000000e+00
-2.634572e+01 -2.192613e+03 -4.787045e+02 1.000000e+00
-1.350556e+00 -2.105265e+03 0.000000e+00 1.000000e+00
-1.960187e+00 -2.385718e+03 4.859423e+01 1.000000e+00
-2.627288e+00 -2.269761e+03 8.033077e+01 1.000000e+00
-5.205210e+00 -2.552816e+03 5.308768e+01 1.000000e+00
-9.002877e+00 -2.403031e+03 2.403405e+01 1.000000e+00
-1.140988e+01 -2.634637e+03 -9.890607e+01 1.000000e+00
-1.534030e+01 -2.406419e+03 -1.814370e+02 1.000000e+00
-1.945514e+01 -2.544510e+03 -3.892082e+02 1.000000e+00
-2.073481e+01 -2.195425e+03 -4.859193e+02 1.000000e+00
-8.293363e-01 -2.115751e+03 0.000000e+00 1.000000e+00
-9.731985e-01 -2.393879e+03 4.727153e+01 1.000000e+00
-2.374390e+00 -2.282423e+03 7.904132e+01 1.000000e+00
-4.678643e+00 -2.559294e+03 5.101194e+01 1.000000e+00
-6.625935e+00 -2.415584e+03 2.109852e+01 1.000000e+00
-9.974050e+00 -2.640653e+03 -1.022005e+02 1.000000e+00
-1.241102e+01 -2.416184e+03 -1.860681e+02 1.000000e+00
-1.445792e+01 -2.550117e+03 -3.939615e+02 1.000000e+00
-1.856264e+01 -2.201588e+03 -4.916858e+02 1.000000e+00
-2.103346e-02 -2.113652e+03 0.000000e+00 1.000000e+00
-8.381598e-01 -2.414323e+03 4.599737e+01 1.000000e+00
-1.137385e+00 -2.283121e+03 7.833015e+01 1.000000e+00
-3.564867e+00 -2.578430e+03 4.856184e+01 1.000000e+00
-4.780004e+00 -2.416444e+03 2.056746e+01 1.000000e+00
-6.896826e+00 -2.658908e+03 -1.073111e+02 1.000000e+00
-9.043079e+00 -2.415025e+03 -1.865426e+02 1.000000e+00
-1.140801e+01 -2.565173e+03 -4.010286e+02 1.000000e+00
-1.174875e+01 -2.199185e+03 -4.927020e+02 1.000000e+00
1.121158e+00 -2.150042e+03 0.000000e+00 1.000000e+00
1.108952e+00 -2.398859e+03 4.537309e+01 1.000000e+00
-1.151423e+00 -2.319586e+03 7.666264e+01 1.000000e+00
-9.315516e-01 -2.564630e+03 4.917667e+01 1.000000e+00
-3.207189e+00 -2.451491e+03 1.654021e+01 1.000000e+00
-3.382008e+00 -2.644751e+03 -1.052289e+02 1.000000e+00
-4.768233e+00 -2.449720e+03 -1.937529e+02 1.000000e+00
-5.556662e+00 -2.547533e+03 -3.978090e+02 1.000000e+00
-7.703249e+00 -2.233348e+03 -5.023606e+02 1.000000e+00
0.000000e+00 -2.196892e+03 0.000000e+00 1.000000e+00
0.000000e+00 -2.374348e+03 4.548704e+01 1.000000e+00
0.000000e+00 -2.366659e+03 7.487724e+01 1.000000e+00
0.000000e+00 -2.541549e+03 5.147974e+01 1.000000e+00
0.000000e+00 -2.498340e+03 1.192552e+01 1.000000e+00
0.000000e+00 -2.622366e+03 -1.002722e+02 1.000000e+00
0.000000e+00 -2.496480e+03 -2.014235e+02 1.000000e+00
0.000000e+00 -2.523940e+03 -3.904655e+02 1.000000e+00
0.000000e+00 -2.278535e+03 -5.140579e+02 1.000000e+00
-4.578283e+00 -2.280355e+03 0.000000e+00 1.000000e+00
-5.109689e+00 -2.144838e+03 2.601216e+01 1.000000e+00
-6.673553e+00 -2.442012e+03 1.442685e+01 1.000000e+00
-1.010054e+01 -2.293146e+03 -8.399276e+00 1.000000e+00
-1.454703e+01 -2.561264e+03 -1.055956e+02 1.000000e+00
-1.944604e+01 -2.354525e+03 -1.858904e+02 1.000000e+00
-2.472042e+01 -2.550537e+03 -3.742198e+02 1.000000e+00
-2.958040e+01 -2.243522e+03 -4.906628e+02 1.000000e+00
-3.304217e+01 -2.334315e+03 -7.451539e+02 1.000000e+00
-4.092237e+00 -2.290772e+03 0.000000e+00 1.000000e+00
-4.995498e+00 -2.153850e+03 2.457829e+01 1.000000e+00
-6.432156e+00 -2.452426e+03 1.244368e+01 1.000000e+00
-9.982438e+00 -2.301913e+03 -1.216216e+01 1.000000e+00
-1.441057e+01 -2.568908e+03 -1.098406e+02 1.000000e+00
-1.907251e+01 -2.363132e+03 -1.920022e+02 1.000000e+00
-2.394812e+01 -2.554471e+03 -3.808038e+02 1.000000e+00
-2.795183e+01 -2.248210e+03 -4.985841e+02 1.000000e+00
-3.226225e+01 -2.335354e+03 -7.536321e+02 1.000000e+00
-4.808648e+00 -2.300158e+03 0.000000e+00 1.000000e+00
-4.581233e+00 -2.163374e+03 2.343216e+01 1.000000e+00
-6.072830e+00 -2.461859e+03 9.987352e+00 1.000000e+00
-9.973473e+00 -2.311425e+03 -1.537883e+01 1.000000e+00
-1.387835e+01 -2.576276e+03 -1.144219e+02 1.000000e+00
-1.789015e+01 -2.371548e+03 -1.976015e+02 1.000000e+00
-2.302615e+01 -2.557703e+03 -3.877746e+02 1.000000e+00
-2.823952e+01 -2.253768e+03 -5.059268e+02 1.000000e+00
-3.114374e+01 -2.336825e+03 -7.616943e+02 1.000000e+00
-2.902057e+00 -2.308206e+03 0.000000e+00 1.000000e+00
-4.104428e+00 -2.173405e+03 2.215208e+01 1.000000e+00
-5.635932e+00 -2.471564e+03 7.576591e+00 1.000000e+00
-8.652679e+00 -2.319203e+03 -1.811447e+01 1.000000e+00
-1.268014e+01 -2.586134e+03 -1.191757e+02 1.000000e+00
-1.654352e+01 -2.376996e+03 -2.025438e+02 1.000000e+00
-2.029833e+01 -2.564378e+03 -3.944706e+02 1.000000e+00
-2.340973e+01 -2.257409e+03 -5.125869e+02 1.000000e+00
-2.740800e+01 -2.339342e+03 -7.695748e+02 1.000000e+00
-3.610355e+00 -2.315553e+03 0.000000e+00 1.000000e+00
-3.333136e+00 -2.184858e+03 2.090994e+01 1.000000e+00
-4.552907e+00 -2.479559e+03 5.458229e+00 1.000000e+00
-8.271796e+00 -2.329467e+03 -2.092683e+01 1.000000e+00
-1.082888e+01 -2.594085e+03 -1.227797e+02 1.000000e+00
-1.395459e+01 -2.384626e+03 -2.078408e+02 1.000000e+00
-1.805971e+01 -2.571465e+03 -3.995835e+02 1.000000e+00
-2.164413e+01 -2.261274e+03 -5.194013e+02 1.000000e+00
-2.450307e+01 -2.343276e+03 -7.763582e+02 1.000000e+00
-9.423375e-01 -2.323986e+03 0.000000e+00 1.000000e+00
-2.794667e+00 -2.196418e+03 1.943638e+01 1.000000e+00
-4.158647e+00 -2.486557e+03 3.931052e+00 1.000000e+00
-5.963238e+00 -2.342592e+03 -2.340042e+01 1.000000e+00
-9.073786e+00 -2.599582e+03 -1.259224e+02 1.000000e+00
-1.188541e+01 -2.395261e+03 -2.121328e+02 1.000000e+00
-1.407615e+01 -2.576001e+03 -4.039717e+02 1.000000e+00
-1.692642e+01 -2.268692e+03 -5.260075e+02 1.000000e+00
-1.908051e+01 -2.346275e+03 -7.809099e+02 1.000000e+00
-1.408192e+00 -2.345273e+03 0.000000e+00 1.000000e+00
-1.192120e+00 -2.195695e+03 1.815273e+01 1.000000e+00
-2.686287e+00 -2.507250e+03 2.473443e+00 1.000000e+00
-4.727807e+00 -2.342501e+03 -2.476429e+01 1.000000e+00
-6.381526e+00 -2.619520e+03 -1.292711e+02 1.000000e+00
-7.691533e+00 -2.394244e+03 -2.139010e+02 1.000000e+00
-1.085742e+01 -2.593975e+03 -4.097857e+02 1.000000e+00
-1.130219e+01 -2.266918e+03 -5.274657e+02 1.000000e+00
-1.376003e+01 -2.359583e+03 -7.892126e+02 1.000000e+00
1.428202e+00 -2.328648e+03 0.000000e+00 1.000000e+00
-5.705361e-01 -2.233447e+03 1.678562e+01 1.000000e+00
-1.123902e+00 -2.491462e+03 2.313359e+00 1.000000e+00
-2.750836e+00 -2.380019e+03 -2.742429e+01 1.000000e+00
-3.436821e+00 -2.604786e+03 -1.286812e+02 1.000000e+00
-5.176573e+00 -2.430244e+03 -2.187484e+02 1.000000e+00
-4.730775e+00 -2.577217e+03 -4.084936e+02 1.000000e+00
-7.448934e+00 -2.302700e+03 -5.354527e+02 1.000000e+00
-7.714607e+00 -2.339763e+03 -7.860626e+02 1.000000e+00
0.000000e+00 -2.301514e+03 0.000000e+00 1.000000e+00
0.000000e+00 -2.282360e+03 1.551298e+01 1.000000e+00
0.000000e+00 -2.465592e+03 3.375704e+00 1.000000e+00
0.000000e+00 -2.428776e+03 -2.991771e+01 1.000000e+00
0.000000e+00 -2.579964e+03 -1.264744e+02 1.000000e+00
0.000000e+00 -2.478237e+03 -2.234164e+02 1.000000e+00
0.000000e+00 -2.551068e+03 -4.034262e+02 1.000000e+00
0.000000e+00 -2.350439e+03 -5.449780e+02 1.000000e+00
0.000000e+00 -2.312288e+03 -7.766481e+02 1.000000e+00
