0 729 0.00000e+00
  1     729
8.436582e+00 2.385346e+02 -1.136853e+02 8.571537e-01
7.137080e+00 3.201373e+02 -8.881973e+01 7.399081e-01
5.764287e+00 1.429455e+02 -3.231330e+01 5.967547e-01
4.371461e+00 2.143803e+02 -4.788780e+01 4.469133e-01
2.999563e+00 5.005314e+01 1.531852e+00 3.077485e-01
1.878946e+00 1.137297e+02 -5.302506e+01 1.891254e-01
9.511167e-01 -8.930076e+00 5.982780e-01 9.748217e-02
3.482661e-01 3.468187e+01 -7.587475e+01 3.527858e-02
0.000000e+00 0.000000e+00 0.000000e+00 0.000000e+00
7.657170e+00 2.356741e+02 -1.115104e+02 8.571537e-01
6.618447e+00 3.126097e+02 -8.703744e+01 7.399081e-01
5.419775e+00 1.411895e+02 -3.142327e+01 5.967547e-01
4.089131e+00 2.096462e+02 -4.749336e+01 4.469133e-01
2.960332e+00 4.906431e+01 2.978049e+00 3.077485e-01
2.023206e+00 1.128340e+02 -5.201240e+01 1.891254e-01
1.137099e+00 -9.842297e+00 2.503276e+00 9.748217e-02
5.250891e-01 3.732695e+01 -7.345417e+01 3.527858e-02
0.000000e+00 0.000000e+00 0.000000e+00 0.000000e+00
7.037868e+00 2.284377e+02 -1.097622e+02 8.571537e-01
6.140277e+00 3.084666e+02 -8.548919e+01 7.399081e-01
5.038701e+00 1.363007e+02 -3.094907e+01 5.967547e-01
3.860728e+00 2.072466e+02 -4.692946e+01 4.469133e-01
2.616932e+00 4.636468e+01 4.261741e+00 3.077485e-01
1.602632e+00 1.116339e+02 -5.066655e+01 1.891254e-01
7.713329e-01 -1.083184e+01 4.457274e+00 9.748217e-02
2.841797e-01 3.720816e+01 -7.041762e+01 3.527858e-02
0.000000e+00 0.000000e+00 0.000000e+00 0.000000e+00
6.774445e+00 2.221335e+02 -1.084250e+02 8.571537e-01
5.645682e+00 3.040960e+02 -8.503545e+01 7.399081e-01
4.468482e+00 1.326131e+02 -3.125982e+01 5.967547e-01
3.349327e+00 2.044150e+02 -4.669269e+01 4.469133e-01
2.268827e+00 4.520332e+01 3.196893e+00 3.077485e-01
1.437845e+00 1.086847e+02 -5.077128e+01 1.891254e-01
7.456548e-01 -9.675930e+00 2.886298e+00 9.748217e-02
2.071246e-01 3.248874e+01 -7.280122e+01 3.527858e-02
0.000000e+00 0.000000e+00 0.000000e+00 0.000000e+00
7.488092e+00 2.184743e+02 -1.062627e+02 8.571537e-01
6.206534e+00 2.994447e+02 -8.395640e+01 7.399081e-01
5.007181e+00 1.297486e+02 -3.053524e+01 5.967547e-01
3.838723e+00 2.027337e+02 -4.617548e+01 4.469133e-01
2.765791e+00 4.280102e+01 3.299009e+00 3.077485e-01
1.766070e+00 1.109646e+02 -5.081607e+01 1.891254e-01
9.512041e-01 -1.236018e+01 3.050968e+00 9.748217e-02
4.412568e-01 3.805651e+01 -7.395765e+01 3.527858e-02
0.000000e+00 0.000000e+00 0.000000e+00 0.000000e+00
7.437536e+00 2.157764e+02 -1.026393e+02 8.571537e-01
6.078311e+00 2.948350e+02 -8.092542e+01 7.399081e-01
4.721385e+00 1.283116e+02 -2.930869e+01 5.967547e-01
3.453521e+00 1.990954e+02 -4.504697e+01 4.469133e-01
2.118612e+00 4.309964e+01 3.067485e+00 3.077485e-01
1.229474e+00 1.083324e+02 -4.995087e+01 1.891254e-01
5.181286e-01 -1.176992e+01 3.047421e+00 9.748217e-02
1.602115e-01 3.783272e+01 -7.132644e+01 3.527858e-02
0.000000e+00 0.000000e+00 0.000000e+00 0.000000e+00
4.069164e+00 2.094050e+02 -1.002312e+02 8.571537e-01
3.553599e+00 2.939766e+02 -7.993881e+01 7.399081e-01
2.863425e+00 1.243988e+02 -2.883843e+01 5.967547e-01
2.053609e+00 1.980684e+02 -4.601520e+01 4.469133e-01
1.285238e+00 4.286927e+01 1.480445e+00 3.077485e-01
7.119921e-01 1.046483e+02 -5.199529e+01 1.891254e-01
4.131315e-01 -8.436481e+00 4.236491e-01 9.748217e-02
4.322969e-02 2.988008e+01 -7.681380e+01 3.527858e-02
0.000000e+00 0.000000e+00 0.000000e+00 0.000000e+00
2.510063e+00 2.007488e+02 -1.010761e+02 8.571537e-01
2.130230e+00 2.954402e+02 -7.976411e+01 7.399081e-01
1.751833e+00 1.172083e+02 -2.906964e+01 5.967547e-01
1.363474e+00 2.018566e+02 -4.649089e+01 4.469133e-01
9.951574e-01 3.719663e+01 1.286369e+00 3.077485e-01
6.709501e-01 1.102266e+02 -5.360508e+01 1.891254e-01
3.038499e-01 -1.232520e+01 1.844987e-01 9.748217e-02
1.983725e-01 3.457903e+01 -8.111628e+01 3.527858e-02
0.000000e+00 0.000000e+00 0.000000e+00 0.000000e+00
0.000000e+00 2.004478e+02 -1.020611e+02 8.571537e-01
0.000000e+00 2.929585e+02 -7.858497e+01 7.399081e-01
0.000000e+00 1.169377e+02 -2.945633e+01 5.967547e-01
0.000000e+00 2.013191e+02 -4.542942e+01 4.469133e-01
0.000000e+00 3.624738e+01 1.525054e+00 3.077485e-01
0.000000e+00 1.125623e+02 -5.257479e+01 1.891254e-01
0.000000e+00 -1.450209e+01 1.027716e+00 9.748217e-02
0.000000e+00 3.943398e+01 -7.881631e+01 3.527858e-02
0.000000e+00 0.000000e+00 0.000000e+00 0.000000e+00
6.739333e+00 2.713288e+02 -9.373650e+01 8.571537e-01
5.601296e+00 1.246216e+02 -4.239811e+01 7.399081e-01
4.571130e+00 1.999966e+02 -4.395007e+01 5.967547e-01
3.419072e+00 5.710876e+01 6.457993e+00 4.469133e-01
2.402395e+00 1.241917e+02 -2.077129e+01 3.077485e-01
1.484244e+00 5.427032e+00 4.086537e+01 1.891254e-01
7.923845e-01 6.207820e+01 -7.023901e+00 9.748217e-02
2.917866e-01 -1.066634e+01 6.843061e+01 3.527858e-02
0.000000e+00 0.000000e+00 0.000000e+00 0.000000e+00
6.063412e+00 2.648847e+02 -9.106061e+01 8.571537e-01
4.984226e+00 1.232541e+02 -4.101957e+01 7.399081e-01
4.070859e+00 1.947929e+02 -4.250981e+01 5.967547e-01
3.031720e+00 5.623354e+01 6.360513e+00 4.469133e-01
2.100802e+00 1.212072e+02 -2.008028e+01 3.077485e-01
1.369828e+00 3.647608e+00 4.073166e+01 1.891254e-01
7.673771e-01 6.142773e+01 -6.932088e+00 9.748217e-02
2.904425e-01 -1.374043e+01 6.794408e+01 3.527858e-02
0.000000e+00 0.000000e+00 0.000000e+00 0.000000e+00
4.651171e+00 2.615685e+02 -8.991111e+01 8.571537e-01
4.272082e+00 1.185272e+02 -4.039083e+01 7.399081e-01
3.586401e+00 1.923700e+02 -4.198548e+01 5.967547e-01
2.695412e+00 5.331536e+01 5.953546e+00 4.469133e-01
1.809513e+00 1.199111e+02 -2.061729e+01 3.077485e-01
9.769510e-01 2.184104e+00 3.947062e+01 1.891254e-01
4.455523e-01 6.087038e+01 -8.622667e+00 9.748217e-02
5.220864e-02 -1.459523e+01 6.483422e+01 3.527858e-02
0.000000e+00 0.000000e+00 0.000000e+00 0.000000e+00
4.880887e+00 2.569519e+02 -9.034715e+01 8.571537e-01
4.089046e+00 1.142323e+02 -4.074395e+01 7.399081e-01
3.332046e+00 1.893086e+02 -4.250805e+01 5.967547e-01
2.571861e+00 5.113714e+01 6.345080e+00 4.469133e-01
1.930961e+00 1.180075e+02 -2.032199e+01 3.077485e-01
1.245705e+00 2.993857e+00 3.987058e+01 1.891254e-01
7.128947e-01 5.888321e+01 -7.604846e+00 9.748217e-02
3.762229e-01 -1.047582e+01 6.607397e+01 3.527858e-02
0.000000e+00 0.000000e+00 0.000000e+00 0.000000e+00
6.304140e+00 2.521219e+02 -8.846750e+01 8.571537e-01
5.000994e+00 1.113702e+02 -4.003823e+01 7.399081e-01
4.090116e+00 1.862897e+02 -4.117435e+01 5.967547e-01
3.165582e+00 4.853490e+01 7.492915e+00 4.469133e-01
2.235631e+00 1.173179e+02 -1.829688e+01 3.077485e-01
1.528873e+00 -5.885206e-01 4.261973e+01 1.891254e-01
8.684815e-01 6.047435e+01 -4.543437e+00 9.748217e-02
3.528106e-01 -1.545871e+01 7.100134e+01 3.527858e-02
0.000000e+00 0.000000e+00 0.000000e+00 0.000000e+00
6.030766e+00 2.474581e+02 -8.420922e+01 8.571537e-01
4.889761e+00 1.093831e+02 -3.806024e+01 7.399081e-01
3.997737e+00 1.828441e+02 -3.847706e+01 5.967547e-01
2.971574e+00 4.844667e+01 7.708037e+00 4.469133e-01
2.062356e+00 1.148906e+02 -1.769330e+01 3.077485e-01
1.153788e+00 5.777414e-01 4.138300e+01 1.891254e-01
6.109770e-01 5.959447e+01 -5.152591e+00 9.748217e-02
9.563376e-02 -1.557609e+01 6.717092e+01 3.527858e-02
0.000000e+00 0.000000e+00 0.000000e+00 0.000000e+00
3.138894e+00 2.469479e+02 -8.277257e+01 8.571537e-01
2.964168e+00 1.051879e+02 -3.576837e+01 7.399081e-01
2.565526e+00 1.827099e+02 -3.726333e+01 5.967547e-01
2.006549e+00 4.698090e+01 9.244525e+00 4.469133e-01
1.538102e+00 1.140343e+02 -1.703871e+01 3.077485e-01
1.082769e+00 3.335732e+00 4.242396e+01 1.891254e-01
5.867949e-01 5.639440e+01 -4.164269e+00 9.748217e-02
3.871305e-01 -8.199495e+00 6.977308e+01 3.527858e-02
0.000000e+00 0.000000e+00 0.000000e+00 0.000000e+00
1.309869e+00 2.485262e+02 -8.318096e+01 8.571537e-01
1.079106e+00 9.923948e+01 -3.616714e+01 7.399081e-01
9.276983e-01 1.853609e+02 -3.667825e+01 5.967547e-01
7.853011e-01 4.117960e+01 1.095000e+01 4.469133e-01
6.887072e-01 1.174717e+02 -1.508913e+01 3.077485e-01
4.505930e-01 -2.358615e+00 4.659997e+01 1.891254e-01
3.349668e-01 5.931935e+01 -8.303974e-01 9.748217e-02
1.241304e-01 -1.222140e+01 7.771188e+01 3.527858e-02
0.000000e+00 0.000000e+00 0.000000e+00 0.000000e+00
0.000000e+00 2.457715e+02 -8.252270e+01 8.571537e-01
0.000000e+00 9.945322e+01 -3.769140e+01 7.399081e-01
0.000000e+00 1.837401e+02 -3.590628e+01 5.967547e-01
0.000000e+00 4.051628e+01 1.080089e+01 4.469133e-01
0.000000e+00 1.173133e+02 -1.395044e+01 3.077485e-01
0.000000e+00 -4.890039e+00 4.719204e+01 1.891254e-01
0.000000e+00 6.103691e+01 3.920762e-01 9.748217e-02
0.000000e+00 -1.662077e+01 7.793453e+01 3.527858e-02
0.000000e+00 0.000000e+00 0.000000e+00 0.000000e+00
4.947879e+00 9.823602e+01 -4.971166e+01 8.571537e-01
4.161496e+00 1.707630e+02 -4.762528e+01 7.399081e-01
3.319648e+00 5.314725e+01 -1.247481e+01 5.967547e-01
2.503247e+00 1.201194e+02 -3.647332e+01 4.469133e-01
1.699467e+00 1.041050e+01 5.770585e+00 3.077485e-01
1.064985e+00 6.868089e+01 -4.508878e+01 1.891254e-01
5.389774e-01 -1.537128e+01 4.602911e+00 9.748217e-02
1.926127e-01 2.409523e+01 -6.594499e+01 3.527858e-02
0.000000e+00 0.000000e+00 0.000000e+00 0.000000e+00
4.840346e+00 9.698689e+01 -4.764465e+01 8.571537e-01
4.096042e+00 1.661797e+02 -4.577486e+01 7.399081e-01
3.169026e+00 5.286325e+01 -1.242115e+01 5.967547e-01
2.364660e+00 1.171784e+02 -3.569242e+01 4.469133e-01
1.586983e+00 1.051626e+01 4.570285e+00 3.077485e-01
9.233905e-01 6.847717e+01 -4.535283e+01 1.891254e-01
4.010511e-01 -1.581112e+01 2.949913e+00 9.748217e-02
7.411528e-02 2.631251e+01 -6.724290e+01 3.527858e-02
0.000000e+00 0.000000e+00 0.000000e+00 0.000000e+00
3.092489e+00 9.342612e+01 -4.691506e+01 8.571537e-01
2.780366e+00 1.646808e+02 -4.509693e+01 7.399081e-01
2.431300e+00 5.022006e+01 -1.188589e+01 5.967547e-01
1.929724e+00 1.161344e+02 -3.512289e+01 4.469133e-01
1.362509e+00 9.172140e+00 5.070053e+00 3.077485e-01
9.125278e-01 6.819905e+01 -4.423222e+01 1.891254e-01
5.293956e-01 -1.611226e+01 4.585045e+00 9.748217e-02
3.621781e-01 2.715466e+01 -6.458709e+01 3.527858e-02
0.000000e+00 0.000000e+00 0.000000e+00 0.000000e+00
3.219759e+00 9.041526e+01 -4.811635e+01 8.571537e-01
2.763740e+00 1.621808e+02 -4.659783e+01 7.399081e-01
2.170582e+00 4.784998e+01 -1.212354e+01 5.967547e-01
1.658998e+00 1.141594e+02 -3.588095e+01 4.469133e-01
1.083697e+00 7.923261e+00 5.118333e+00 3.077485e-01
6.610070e-01 6.572471e+01 -4.423201e+01 1.891254e-01
2.718662e-01 -1.526760e+01 4.970891e+00 9.748217e-02
-2.516748e-03 2.312185e+01 -6.389772e+01 3.527858e-02
0.000000e+00 0.000000e+00 0.000000e+00 0.000000e+00
4.571843e+00 8.772767e+01 -4.748925e+01 8.571537e-01
3.791330e+00 1.592001e+02 -4.654799e+01 7.399081e-01
2.972943e+00 4.590679e+01 -1.299070e+01 5.967547e-01
2.232988e+00 1.128363e+02 -3.656741e+01 4.469133e-01
1.524165e+00 5.849060e+00 2.634340e+00 3.077485e-01
8.264427e-01 6.681672e+01 -4.773885e+01 1.891254e-01
3.804674e-01 -1.805150e+01 6.121487e-01 9.748217e-02
3.713818e-02 2.647623e+01 -7.020580e+01 3.527858e-02
0.000000e+00 0.000000e+00 0.000000e+00 0.000000e+00
4.502255e+00 8.512005e+01 -4.561939e+01 8.571537e-01
3.825352e+00 1.560063e+02 -4.399456e+01 7.399081e-01
3.117717e+00 4.490178e+01 -1.175094e+01 5.967547e-01
2.495559e+00 1.099474e+02 -3.396422e+01 4.469133e-01
1.818904e+00 6.175366e+00 3.664389e+00 3.077485e-01
1.304874e+00 6.465722e+01 -4.519691e+01 1.891254e-01
7.266932e-01 -1.793706e+01 2.279618e+00 9.748217e-02
5.011280e-01 2.661749e+01 -6.545268e+01 3.527858e-02
0.000000e+00 0.000000e+00 0.000000e+00 0.000000e+00
3.170065e+00 8.179642e+01 -4.321273e+01 8.571537e-01
2.744638e+00 1.564295e+02 -4.222285e+01 7.399081e-01
2.307276e+00 4.230991e+01 -9.399056e+00 5.967547e-01
1.778340e+00 1.095195e+02 -3.251575e+01 4.469133e-01
1.222464e+00 5.815377e+00 5.084971e+00 3.077485e-01
6.167706e-01 6.169402e+01 -4.441500e+01 1.891254e-01
2.836630e-01 -1.525208e+01 3.402341e+00 9.748217e-02
-6.871620e-02 1.992429e+01 -6.534728e+01 3.527858e-02
0.000000e+00 0.000000e+00 0.000000e+00 0.000000e+00
2.366851e-01 7.795446e+01 -4.436194e+01 8.571537e-01
2.450410e-01 1.591153e+02 -4.250022e+01 7.399081e-01
6.916699e-02 3.787107e+01 -1.023250e+01 5.967547e-01
-1.108221e-01 1.128455e+02 -3.400571e+01 4.469133e-01
-2.471173e-01 1.333969e+00 2.845387e+00 3.077485e-01
-2.567956e-01 6.538918e+01 -4.916944e+01 1.891254e-01
-2.323554e-01 -1.863157e+01 -4.125991e-01 9.748217e-02
-9.543340e-02 2.259995e+01 -7.458833e+01 3.527858e-02
0.000000e+00 0.000000e+00 0.000000e+00 0.000000e+00
0.000000e+00 7.899920e+01 -4.698369e+01 8.571537e-01
0.000000e+00 1.575767e+02 -4.278308e+01 7.399081e-01
0.000000e+00 3.840171e+01 -1.208260e+01 5.967547e-01
0.000000e+00 1.123191e+02 -3.442417e+01 4.469133e-01
0.000000e+00 6.679419e-01 1.193395e+00 3.077485e-01
0.000000e+00 6.679487e+01 -5.022081e+01 1.891254e-01
0.000000e+00 -2.069971e+01 -2.032620e+00 9.748217e-02
0.000000e+00 2.611528e+01 -7.596787e+01 3.527858e-02
0.000000e+00 0.000000e+00 0.000000e+00 0.000000e+00
3.193974e+00 1.395916e+02 -4.804770e+01 8.571537e-01
2.661278e+00 4.234363e+01 -1.419093e+01 7.399081e-01
2.200371e+00 1.070782e+02 -2.439046e+01 5.967547e-01
1.622288e+00 1.213326e+01 1.540659e+01 4.469133e-01
1.160368e+00 7.137563e+01 -1.274112e+01 3.077485e-01
7.077101e-01 -9.387962e+00 4.293573e+01 1.891254e-01
3.890840e-01 3.937708e+01 -4.527843e+00 9.748217e-02
1.524940e-01 -1.223046e+01 6.400954e+01 3.527858e-02
0.000000e+00 0.000000e+00 0.000000e+00 0.000000e+00
4.155188e+00 1.353686e+02 -4.557845e+01 8.571537e-01
3.093051e+00 4.148366e+01 -1.345724e+01 7.399081e-01
2.525646e+00 1.036705e+02 -2.244838e+01 5.967547e-01
1.925547e+00 1.209781e+01 1.547663e+01 4.469133e-01
1.457108e+00 6.958255e+01 -1.064137e+01 3.077485e-01
9.871960e-01 -1.008852e+01 4.348547e+01 1.891254e-01
6.404893e-01 3.943970e+01 -1.505944e+00 9.748217e-02
3.825462e-01 -1.396839e+01 6.632141e+01 3.527858e-02
0.000000e+00 0.000000e+00 0.000000e+00 0.000000e+00
2.381247e+00 1.350149e+02 -4.409243e+01 8.571537e-01
2.186608e+00 3.930997e+01 -1.273310e+01 7.399081e-01
1.697285e+00 1.030731e+02 -2.192273e+01 5.967547e-01
1.186865e+00 1.073088e+01 1.529497e+01 4.469133e-01
6.543769e-01 6.912581e+01 -1.134484e+01 3.077485e-01
2.055904e-01 -1.095519e+01 4.246264e+01 1.891254e-01
-4.104972e-02 3.906692e+01 -2.788610e+00 9.748217e-02
-2.090871e-01 -1.526332e+01 6.435429e+01 3.527858e-02
0.000000e+00 0.000000e+00 0.000000e+00 0.000000e+00
2.121596e+00 1.333939e+02 -4.528173e+01 8.571537e-01
1.884190e+00 3.802826e+01 -1.300548e+01 7.399081e-01
1.636134e+00 1.019943e+02 -2.313124e+01 5.967547e-01
1.281116e+00 9.960138e+00 1.511165e+01 4.469133e-01
1.030377e+00 6.844248e+01 -1.309258e+01 3.077485e-01
6.467471e-01 -1.007290e+01 4.113384e+01 1.891254e-01
3.948864e-01 3.750822e+01 -5.429236e+00 9.748217e-02
1.948444e-01 -1.219860e+01 6.164539e+01 3.527858e-02
0.000000e+00 0.000000e+00 0.000000e+00 0.000000e+00
3.505122e+00 1.308904e+02 -4.449047e+01 8.571537e-01
2.714108e+00 3.648752e+01 -1.303055e+01 7.399081e-01
2.133888e+00 1.004622e+02 -2.213970e+01 5.967547e-01
1.623484e+00 8.793063e+00 1.617419e+01 4.469133e-01
1.195422e+00 6.876539e+01 -1.092608e+01 3.077485e-01
8.548198e-01 -1.168718e+01 4.368953e+01 1.891254e-01
5.297908e-01 3.987212e+01 -1.750277e+00 9.748217e-02
3.499123e-01 -1.459761e+01 6.732143e+01 3.527858e-02
0.000000e+00 0.000000e+00 0.000000e+00 0.000000e+00
3.618364e+00 1.290918e+02 -4.258471e+01 8.571537e-01
3.044667e+00 3.564907e+01 -1.263108e+01 7.399081e-01
2.475282e+00 9.843346e+01 -2.082349e+01 5.967547e-01
1.741673e+00 9.027802e+00 1.566216e+01 4.469133e-01
1.157228e+00 6.668919e+01 -1.082624e+01 3.077485e-01
5.169029e-01 -1.093865e+01 4.147790e+01 1.891254e-01
2.043972e-01 3.916673e+01 -3.029407e+00 9.748217e-02
-1.910607e-01 -1.526979e+01 6.279948e+01 3.527858e-02
0.000000e+00 0.000000e+00 0.000000e+00 0.000000e+00
3.376233e+00 1.302239e+02 -4.050758e+01 8.571537e-01
2.866679e+00 3.338003e+01 -1.039390e+01 7.399081e-01
2.351317e+00 9.898616e+01 -1.998756e+01 5.967547e-01
1.844209e+00 7.690253e+00 1.612593e+01 4.469133e-01
1.344530e+00 6.565970e+01 -1.136345e+01 3.077485e-01
9.278610e-01 -9.347177e+00 4.034703e+01 1.891254e-01
4.505510e-01 3.603830e+01 -5.170087e+00 9.748217e-02
3.048232e-01 -9.765924e+00 6.116504e+01 3.527858e-02
0.000000e+00 0.000000e+00 0.000000e+00 0.000000e+00
-8.161445e-02 1.321891e+02 -3.938338e+01 8.571537e-01
-6.437370e-02 2.978659e+01 -1.047505e+01 7.399081e-01
-1.093088e-02 1.017138e+02 -1.924772e+01 5.967547e-01
2.768045e-02 3.888835e+00 1.736113e+01 4.469133e-01
9.082795e-02 6.898857e+01 -9.578965e+00 3.077485e-01
1.127260e-01 -1.272550e+01 4.451982e+01 1.891254e-01
1.666135e-01 3.901755e+01 -1.601745e+00 9.748217e-02
9.367999e-02 -1.152469e+01 7.042682e+01 3.527858e-02
0.000000e+00 0.000000e+00 0.000000e+00 0.000000e+00
0.000000e+00 1.301657e+02 -3.945978e+01 8.571537e-01
0.000000e+00 3.065932e+01 -1.254227e+01 7.399081e-01
0.000000e+00 1.007288e+02 -1.894835e+01 5.967547e-01
0.000000e+00 4.280371e+00 1.675783e+01 4.469133e-01
0.000000e+00 6.945895e+01 -8.583777e+00 3.077485e-01
0.000000e+00 -1.382036e+01 4.534609e+01 1.891254e-01
0.000000e+00 4.101268e+01 4.445356e-01 9.748217e-02
0.000000e+00 -1.433726e+01 7.243604e+01 3.527858e-02
0.000000e+00 0.000000e+00 0.000000e+00 0.000000e+00
1.599994e+00 3.372218e+01 -2.074193e+01 8.571537e-01
1.483209e+00 9.056517e+01 -2.735949e+01 7.399081e-01
1.209115e+00 1.102792e+01 -1.253132e+00 5.967547e-01
9.601850e-01 6.696223e+01 -2.751282e+01 4.469133e-01
6.298479e-01 -7.667159e+00 5.935329e+00 3.077485e-01
3.901211e-01 4.116205e+01 -4.247597e+01 1.891254e-01
1.777160e-01 -1.696694e+01 4.923808e+00 9.748217e-02
5.726445e-02 1.770086e+01 -6.061635e+01 3.527858e-02
0.000000e+00 0.000000e+00 0.000000e+00 0.000000e+00
2.824346e+00 3.228842e+01 -2.029236e+01 8.571537e-01
2.236854e+00 8.755659e+01 -2.657838e+01 7.399081e-01
1.591337e+00 1.077624e+01 -2.029158e+00 5.967547e-01
1.175617e+00 6.464697e+01 -2.664519e+01 4.469133e-01
7.501771e-01 -7.712276e+00 3.999010e+00 3.077485e-01
4.747811e-01 4.069822e+01 -4.268991e+01 1.891254e-01
1.749849e-01 -1.769823e+01 1.764292e+00 9.748217e-02
-5.977876e-02 1.853365e+01 -6.332692e+01 3.527858e-02
0.000000e+00 0.000000e+00 0.000000e+00 0.000000e+00
2.363249e+00 2.956061e+01 -1.848950e+01 8.571537e-01
1.810962e+00 8.684114e+01 -2.555330e+01 7.399081e-01
1.585100e+00 9.116114e+00 -1.254573e+00 5.967547e-01
1.242899e+00 6.429385e+01 -2.622984e+01 4.469133e-01
9.015533e-01 -8.236537e+00 4.316822e+00 3.077485e-01
5.819670e-01 4.102046e+01 -4.265351e+01 1.891254e-01
3.334834e-01 -1.756435e+01 2.268385e+00 9.748217e-02
2.584840e-01 1.980583e+01 -6.288599e+01 3.527858e-02
0.000000e+00 0.000000e+00 0.000000e+00 0.000000e+00
1.278018e+00 2.880116e+01 -1.807310e+01 8.571537e-01
1.229008e+00 8.546411e+01 -2.585818e+01 7.399081e-01
9.867827e-01 8.139967e+00 -3.638102e-01 5.967547e-01
8.368805e-01 6.353274e+01 -2.650894e+01 4.469133e-01
5.640554e-01 -8.580469e+00 5.786856e+00 3.077485e-01
4.662044e-01 3.987578e+01 -4.169838e+01 1.891254e-01
2.367539e-01 -1.618569e+01 4.980920e+00 9.748217e-02
8.706591e-02 1.745281e+01 -5.963352e+01 3.527858e-02
0.000000e+00 0.000000e+00 0.000000e+00 0.000000e+00
2.409971e+00 2.735811e+01 -1.865797e+01 8.571537e-01
2.068800e+00 8.417818e+01 -2.625176e+01 7.399081e-01
1.602459e+00 7.360174e+00 -1.188848e+00 5.967547e-01
1.096114e+00 6.283219e+01 -2.707846e+01 4.469133e-01
7.478888e-01 -1.017662e+01 4.688116e+00 3.077485e-01
4.458692e-01 4.047569e+01 -4.298790e+01 1.891254e-01
2.129788e-01 -1.877092e+01 2.360020e+00 9.748217e-02
-6.187674e-02 1.890261e+01 -6.411369e+01 3.527858e-02
0.000000e+00 0.000000e+00 0.000000e+00 0.000000e+00
3.765690e+00 2.678197e+01 -1.762820e+01 8.571537e-01
3.093211e+00 8.338767e+01 -2.463611e+01 7.399081e-01
2.372699e+00 7.749721e+00 -9.486466e-01 5.967547e-01
1.823272e+00 6.143158e+01 -2.563483e+01 4.469133e-01
1.225211e+00 -9.201750e+00 5.242799e+00 3.077485e-01
8.232952e-01 3.928839e+01 -4.095557e+01 1.891254e-01
3.920732e-01 -1.845809e+01 3.554670e+00 9.748217e-02
3.856606e-01 1.966408e+01 -6.005376e+01 3.527858e-02
0.000000e+00 0.000000e+00 0.000000e+00 0.000000e+00
3.304355e+00 2.504785e+01 -1.371982e+01 8.571537e-01
2.626208e+00 8.447655e+01 -2.215901e+01 7.399081e-01
2.077525e+00 6.146681e+00 8.723858e-01 5.967547e-01
1.525538e+00 6.172425e+01 -2.445239e+01 4.469133e-01
1.049608e+00 -8.995193e+00 6.591939e+00 3.077485e-01
5.945135e-01 3.745724e+01 -4.005274e+01 1.891254e-01
3.494880e-01 -1.574863e+01 5.382854e+00 9.748217e-02
-2.258982e-02 1.497571e+01 -5.814156e+01 3.527858e-02
0.000000e+00 0.000000e+00 0.000000e+00 0.000000e+00
-1.087532e+00 2.142402e+01 -1.460150e+01 8.571537e-01
-7.210453e-01 8.601633e+01 -2.211987e+01 7.399081e-01
-6.150384e-01 2.571567e+00 -1.603106e-01 5.967547e-01
-5.254361e-01 6.408130e+01 -2.615347e+01 4.469133e-01
-4.407828e-01 -1.246317e+01 4.984402e+00 3.077485e-01
-2.804561e-01 4.006607e+01 -4.428379e+01 1.891254e-01
-1.982005e-01 -1.852794e+01 1.997210e+00 9.748217e-02
-1.185280e-01 1.591189e+01 -6.734643e+01 3.527858e-02
0.000000e+00 0.000000e+00 0.000000e+00 0.000000e+00
0.000000e+00 2.215802e+01 -1.823712e+01 8.571537e-01
0.000000e+00 8.433891e+01 -2.283378e+01 7.399081e-01
0.000000e+00 3.052891e+00 -2.223979e+00 5.967547e-01
0.000000e+00 6.329010e+01 -2.692075e+01 4.469133e-01
0.000000e+00 -1.293901e+01 3.396337e+00 3.077485e-01
0.000000e+00 4.097315e+01 -4.540287e+01 1.891254e-01
0.000000e+00 -2.037481e+01 1.978813e-02 9.748217e-02
0.000000e+00 1.811625e+01 -6.961733e+01 3.527858e-02
0.000000e+00 0.000000e+00 0.000000e+00 0.000000e+00
7.209314e-01 7.477288e+01 -2.154265e+01 8.571537e-01
7.126281e-01 8.651691e+00 2.211868e-01 7.399081e-01
6.964496e-01 5.885641e+01 -1.229241e+01 5.967547e-01
5.245003e-01 -5.778715e+00 2.025777e+01 4.469133e-01
4.330069e-01 4.217189e+01 -9.888704e+00 3.077485e-01
2.672039e-01 -1.326526e+01 3.981548e+01 1.891254e-01
1.593628e-01 2.611761e+01 -5.794510e+00 9.748217e-02
6.159540e-02 -1.204786e+01 5.900697e+01 3.527858e-02
0.000000e+00 0.000000e+00 0.000000e+00 0.000000e+00
1.920337e+00 7.260474e+01 -2.107295e+01 8.571537e-01
1.311737e+00 8.138189e+00 -3.437712e-01 7.399081e-01
1.045218e+00 5.682089e+01 -1.149996e+01 5.967547e-01
6.764266e-01 -5.683992e+00 1.947792e+01 4.469133e-01
5.563256e-01 4.083187e+01 -7.626648e+00 3.077485e-01
3.771138e-01 -1.368875e+01 4.004757e+01 1.891254e-01
2.598647e-01 2.635222e+01 -2.345598e+00 9.748217e-02
2.260365e-01 -1.246270e+01 6.188247e+01 3.527858e-02
0.000000e+00 0.000000e+00 0.000000e+00 0.000000e+00
9.970547e-01 7.119495e+01 -2.072158e+01 8.571537e-01
1.069991e+00 5.803705e+00 1.427972e-02 7.399081e-01
9.852895e-01 5.605672e+01 -1.112290e+01 5.967547e-01
8.924316e-01 -7.061501e+00 1.989081e+01 4.469133e-01
5.934399e-01 4.003538e+01 -7.188337e+00 3.077485e-01
4.129782e-01 -1.463713e+01 4.130553e+01 1.891254e-01
2.232348e-01 2.597188e+01 -1.745250e+00 9.748217e-02
-2.901586e-02 -1.371747e+01 6.298810e+01 3.527858e-02
0.000000e+00 0.000000e+00 0.000000e+00 0.000000e+00
8.906261e-01 6.877096e+01 -2.179149e+01 8.571537e-01
7.308640e-01 4.920947e+00 -1.649201e-01 7.399081e-01
6.022704e-01 5.505130e+01 -1.209134e+01 5.967547e-01
2.935279e-01 -7.844256e+00 1.978727e+01 4.469133e-01
2.153732e-01 3.924699e+01 -8.778029e+00 3.077485e-01
1.605406e-02 -1.438321e+01 4.053047e+01 1.891254e-01
6.387449e-03 2.428363e+01 -4.314037e+00 9.748217e-02
-4.055357e-02 -1.215955e+01 5.986677e+01 3.527858e-02
0.000000e+00 0.000000e+00 0.000000e+00 0.000000e+00
2.169657e+00 6.834834e+01 -2.216478e+01 8.571537e-01
1.867309e+00 4.608628e+00 -4.350598e-01 7.399081e-01
1.476564e+00 5.457051e+01 -1.216855e+01 5.967547e-01
1.159079e+00 -8.265424e+00 1.970255e+01 4.469133e-01
8.079811e-01 3.983373e+01 -7.977075e+00 3.077485e-01
5.147367e-01 -1.572674e+01 4.109650e+01 1.891254e-01
2.791560e-01 2.599961e+01 -2.316404e+00 9.748217e-02
2.555447e-01 -1.333000e+01 6.338956e+01 3.527858e-02
0.000000e+00 0.000000e+00 0.000000e+00 0.000000e+00
4.352017e+00 6.890062e+01 -1.908768e+01 8.571537e-01
3.199311e+00 4.845744e+00 1.316024e+00 7.399081e-01
2.487449e+00 5.399555e+01 -1.054205e+01 5.967547e-01
1.703437e+00 -7.107765e+00 1.961003e+01 4.469133e-01
1.179555e+00 3.899711e+01 -7.773113e+00 3.077485e-01
6.510229e-01 -1.460328e+01 3.953463e+01 1.891254e-01
3.705277e-01 2.583649e+01 -3.638330e+00 9.748217e-02
-1.181525e-01 -1.424216e+01 5.913736e+01 3.527858e-02
0.000000e+00 0.000000e+00 0.000000e+00 0.000000e+00
2.255779e+00 6.924532e+01 -1.522348e+01 8.571537e-01
1.857875e+00 2.536659e+00 4.429345e+00 7.399081e-01
1.513290e+00 5.448608e+01 -8.745937e+00 5.967547e-01
1.181263e+00 -8.086620e+00 2.065345e+01 4.469133e-01
8.192305e-01 3.842627e+01 -7.368540e+00 3.077485e-01
5.709142e-01 -1.305441e+01 3.950267e+01 1.891254e-01
2.609014e-01 2.340082e+01 -5.198945e+00 9.748217e-02
2.244063e-01 -1.029900e+01 5.666861e+01 3.527858e-02
0.000000e+00 0.000000e+00 0.000000e+00 0.000000e+00
-1.420216e+00 6.963760e+01 -1.546171e+01 8.571537e-01
-9.609070e-01 -8.210830e-01 3.507867e+00 7.399081e-01
-7.578858e-01 5.587722e+01 -8.566270e+00 5.967547e-01
-5.279647e-01 -1.141239e+01 2.182721e+01 4.469133e-01
-2.902815e-01 4.040398e+01 -5.661168e+00 3.077485e-01
-1.214614e-01 -1.601799e+01 4.381380e+01 1.891254e-01
2.995493e-02 2.542510e+01 -1.472488e+00 9.748217e-02
5.883564e-02 -1.072730e+01 6.579884e+01 3.527858e-02
0.000000e+00 0.000000e+00 0.000000e+00 0.000000e+00
0.000000e+00 6.810812e+01 -1.652888e+01 8.571537e-01
0.000000e+00 2.040664e-01 9.297730e-01 7.399081e-01
0.000000e+00 5.478821e+01 -8.858488e+00 5.967547e-01
0.000000e+00 -1.108794e+01 2.108444e+01 4.469133e-01
0.000000e+00 4.033478e+01 -4.848361e+00 3.077485e-01
0.000000e+00 -1.712574e+01 4.457596e+01 1.891254e-01
0.000000e+00 2.689923e+01 6.417355e-01 9.748217e-02
0.000000e+00 -1.246753e+01 6.822076e+01 3.527858e-02
0.000000e+00 0.000000e+00 0.000000e+00 0.000000e+00
4.362159e-01 4.598010e+00 -4.749506e+00 8.571537e-01
5.083397e-01 4.792076e+01 -1.640051e+01 7.399081e-01
3.961638e-01 -5.224648e+00 2.687567e+00 5.967547e-01
3.469497e-01 3.805915e+01 -2.380923e+01 4.469133e-01
2.112871e-01 -1.269937e+01 5.695083e+00 3.077485e-01
1.498035e-01 2.588133e+01 -4.147003e+01 1.891254e-01
8.262429e-02 -1.475259e+01 3.702805e+00 9.748217e-02
3.736778e-02 1.406142e+01 -5.857095e+01 3.527858e-02
0.000000e+00 0.000000e+00 0.000000e+00 0.000000e+00
9.804745e-01 4.647153e+00 -5.355705e+00 8.571537e-01
8.510124e-01 4.725209e+01 -1.676270e+01 7.399081e-01
4.400321e-01 -4.704330e+00 1.005842e+00 5.967547e-01
2.707417e-01 3.723397e+01 -2.371728e+01 4.469133e-01
-1.489943e-02 -1.223435e+01 2.763559e+00 3.077485e-01
-6.464446e-02 2.575583e+01 -4.193760e+01 1.891254e-01
-1.142998e-01 -1.528307e+01 4.066822e-02 9.748217e-02
-1.676932e-01 1.382888e+01 -6.162672e+01 3.527858e-02
0.000000e+00 0.000000e+00 0.000000e+00 0.000000e+00
3.576595e-01 3.536176e+00 -6.027620e+00 8.571537e-01
3.580088e-01 4.745515e+01 -1.735003e+01 7.399081e-01
4.975553e-01 -5.619091e+00 3.726988e-01 5.967547e-01
3.545840e-01 3.711654e+01 -2.478041e+01 4.469133e-01
2.970865e-01 -1.256452e+01 1.809971e+00 3.077485e-01
1.365468e-01 2.569604e+01 -4.380177e+01 1.891254e-01
4.100839e-02 -1.561475e+01 -9.604964e-01 9.748217e-02
1.292440e-01 1.462608e+01 -6.360513e+01 3.527858e-02
0.000000e+00 0.000000e+00 0.000000e+00 0.000000e+00
2.189597e-01 3.718609e+00 -7.719513e+00 8.571537e-01
4.504091e-01 4.647825e+01 -1.822766e+01 7.399081e-01
3.329783e-01 -5.844724e+00 5.768638e-01 5.967547e-01
3.951461e-01 3.690646e+01 -2.536255e+01 4.469133e-01
2.063034e-01 -1.243879e+01 3.070795e+00 3.077485e-01
2.282466e-01 2.511940e+01 -4.329946e+01 1.891254e-01
1.074557e-01 -1.428755e+01 1.237568e+00 9.748217e-02
7.204425e-02 1.350408e+01 -6.075536e+01 3.527858e-02
0.000000e+00 0.000000e+00 0.000000e+00 0.000000e+00
2.915419e+00 4.039458e+00 -7.323828e+00 8.571537e-01
2.219767e+00 4.656268e+01 -1.799249e+01 7.399081e-01
1.701883e+00 -5.528721e+00 7.886239e-01 5.967547e-01
1.234913e+00 3.746907e+01 -2.530843e+01 4.469133e-01
8.489015e-01 -1.274132e+01 2.260826e+00 3.077485e-01
4.707876e-01 2.673222e+01 -4.376229e+01 1.891254e-01
2.688197e-01 -1.542038e+01 -7.683833e-01 9.748217e-02
-7.036985e-02 1.440532e+01 -6.442496e+01 3.527858e-02
0.000000e+00 0.000000e+00 0.000000e+00 0.000000e+00
3.784886e+00 3.538506e+00 -3.265920e+00 8.571537e-01
3.001979e+00 4.614460e+01 -1.470561e+01 7.399081e-01
2.248933e+00 -5.384256e+00 2.880552e+00 5.967547e-01
1.782065e+00 3.617376e+01 -2.283624e+01 4.469133e-01
1.244674e+00 -1.218833e+01 4.007812e+00 3.077485e-01
8.772763e-01 2.559630e+01 -4.094352e+01 1.891254e-01
4.570628e-01 -1.537100e+01 1.898969e+00 9.748217e-02
4.416028e-01 1.551167e+01 -5.962211e+01 3.527858e-02
0.000000e+00 0.000000e+00 0.000000e+00 0.000000e+00
4.392237e-01 -2.364779e-01 -8.067650e-01 8.571537e-01
3.422200e-01 4.569106e+01 -1.304297e+01 7.399081e-01
2.617586e-01 -7.882680e+00 4.218825e+00 5.967547e-01
1.216965e-01 3.546029e+01 -2.172548e+01 4.469133e-01
3.653368e-02 -1.286320e+01 5.751385e+00 3.077485e-01
-4.566229e-02 2.337551e+01 -3.930927e+01 1.891254e-01
-1.955181e-02 -1.367813e+01 4.742084e+00 9.748217e-02
-1.419340e-01 1.211516e+01 -5.575233e+01 3.527858e-02
0.000000e+00 0.000000e+00 0.000000e+00 0.000000e+00
-1.844430e+00 -3.151687e+00 -4.177907e+00 8.571537e-01
-1.329725e+00 4.646456e+01 -1.498141e+01 7.399081e-01
-1.054331e+00 -1.055329e+01 1.705972e+00 5.967547e-01
-9.145605e-01 3.711349e+01 -2.501873e+01 4.469133e-01
-7.993708e-01 -1.547814e+01 3.133757e+00 3.077485e-01
-5.493096e-01 2.538184e+01 -4.431918e+01 1.891254e-01
-4.046464e-01 -1.581485e+01 6.576583e-01 9.748217e-02
-2.006329e-01 1.181047e+01 -6.482539e+01 3.527858e-02
0.000000e+00 0.000000e+00 0.000000e+00 0.000000e+00
0.000000e+00 -1.716012e+00 -7.423566e+00 8.571537e-01
0.000000e+00 4.533521e+01 -1.587196e+01 7.399081e-01
0.000000e+00 -9.473165e+00 -6.459982e-01 5.967547e-01
0.000000e+00 3.671698e+01 -2.645258e+01 4.469133e-01
0.000000e+00 -1.544621e+01 1.003373e+00 3.077485e-01
0.000000e+00 2.627512e+01 -4.593839e+01 1.891254e-01
0.000000e+00 -1.722712e+01 -1.911639e+00 9.748217e-02
0.000000e+00 1.302498e+01 -6.754903e+01 3.527858e-02
0.000000e+00 0.000000e+00 0.000000e+00 0.000000e+00
8.115252e-01 3.806079e+01 -1.035042e+01 8.571537e-01
6.027294e-01 -5.612098e+00 5.992479e+00 7.399081e-01
4.970060e-01 3.183371e+01 -6.975328e+00 5.967547e-01
3.103525e-01 -1.136513e+01 2.172867e+01 4.469133e-01
2.184670e-01 2.474754e+01 -5.970971e+00 3.077485e-01
1.109682e-01 -1.324042e+01 4.114460e+01 1.891254e-01
6.045084e-02 1.718272e+01 -3.347150e+00 9.748217e-02
1.394898e-02 -1.107153e+01 5.834396e+01 3.527858e-02
0.000000e+00 0.000000e+00 0.000000e+00 0.000000e+00
1.354774e+00 3.827658e+01 -9.413602e+00 8.571537e-01
9.682048e-01 -5.164022e+00 6.533586e+00 7.399081e-01
9.313145e-01 3.170254e+01 -5.399968e+00 5.967547e-01
7.059084e-01 -1.054490e+01 2.166551e+01 4.469133e-01
7.150323e-01 2.470749e+01 -2.977730e+00 3.077485e-01
5.310949e-01 -1.277979e+01 4.171756e+01 1.891254e-01
3.780012e-01 1.793775e+01 4.338717e-01 9.748217e-02
2.748265e-01 -1.030513e+01 6.119351e+01 3.527858e-02
0.000000e+00 0.000000e+00 0.000000e+00 0.000000e+00
5.630158e-01 3.949406e+01 -8.866949e+00 8.571537e-01
6.215957e-01 -5.244117e+00 7.112998e+00 7.399081e-01
3.869497e-01 3.261455e+01 -4.899891e+00 5.967547e-01
3.353333e-01 -1.020939e+01 2.254540e+01 4.469133e-01
1.011667e-01 2.530210e+01 -2.442021e+00 3.077485e-01
3.600887e-02 -1.230068e+01 4.330358e+01 1.891254e-01
-2.083112e-02 1.862470e+01 1.184124e+00 9.748217e-02
-1.205095e-01 -1.079924e+01 6.280377e+01 3.527858e-02
0.000000e+00 0.000000e+00 0.000000e+00 0.000000e+00
5.306728e-01 3.957742e+01 -9.942402e+00 8.571537e-01
4.902122e-01 -4.140098e+00 6.598547e+00 7.399081e-01
6.340532e-01 3.274305e+01 -5.444649e+00 5.967547e-01
4.539339e-01 -9.967972e+00 2.263489e+01 4.469133e-01
4.725508e-01 2.519984e+01 -3.774808e+00 3.077485e-01
2.451396e-01 -1.178129e+01 4.274151e+01 1.891254e-01
1.710570e-01 1.747278e+01 -9.252887e-01 9.748217e-02
4.767661e-02 -1.007525e+01 5.995187e+01 3.527858e-02
0.000000e+00 0.000000e+00 0.000000e+00 0.000000e+00
3.165072e+00 3.956940e+01 -8.547683e+00 8.571537e-01
2.438771e+00 -4.116267e+00 8.165664e+00 7.399081e-01
1.786362e+00 3.256760e+01 -3.992269e+00 5.967547e-01
1.307365e+00 -1.059671e+01 2.391966e+01 4.469133e-01
8.854057e-01 2.544814e+01 -1.288132e+00 3.077485e-01
6.234736e-01 -1.332037e+01 4.490478e+01 1.891254e-01
3.597836e-01 1.836316e+01 2.367824e+00 9.748217e-02
3.079616e-01 -1.057463e+01 6.495341e+01 3.527858e-02
0.000000e+00 0.000000e+00 0.000000e+00 0.000000e+00
2.558538e+00 3.883344e+01 -4.852918e+00 8.571537e-01
1.816368e+00 -4.862409e+00 1.040189e+01 7.399081e-01
1.370887e+00 3.151239e+01 -2.934778e+00 5.967547e-01
8.333985e-01 -1.031091e+01 2.347339e+01 4.469133e-01
4.404355e-01 2.418867e+01 -2.271035e+00 3.077485e-01
1.777741e-02 -1.290942e+01 4.246125e+01 1.891254e-01
-6.026439e-02 1.787687e+01 -2.550901e-01 9.748217e-02
-3.453512e-01 -1.209891e+01 6.039560e+01 3.527858e-02
0.000000e+00 0.000000e+00 0.000000e+00 0.000000e+00
-1.350609e+00 3.844765e+01 -5.616080e+00 8.571537e-01
-9.620356e-01 -7.461117e+00 9.809159e+00 7.399081e-01
-8.018654e-01 3.144365e+01 -4.092860e+00 5.967547e-01
-5.940939e-01 -1.138706e+01 2.221836e+01 4.469133e-01
-4.284549e-01 2.352916e+01 -4.793158e+00 3.077485e-01
-2.101443e-01 -1.183040e+01 3.948639e+01 1.891254e-01
-1.355152e-01 1.582494e+01 -4.231933e+00 9.748217e-02
8.249747e-02 -9.653727e+00 5.503938e+01 3.527858e-02
0.000000e+00 0.000000e+00 0.000000e+00 0.000000e+00
-1.767263e+00 3.843151e+01 -7.905318e+00 8.571537e-01
-1.094539e+00 -9.885365e+00 7.516857e+00 7.399081e-01
-6.294950e-01 3.230030e+01 -4.816183e+00 5.967547e-01
-2.823341e-01 -1.355744e+01 2.338740e+01 4.469133e-01
5.355833e-02 2.548305e+01 -3.225552e+00 3.077485e-01
1.801142e-01 -1.365008e+01 4.388555e+01 1.891254e-01
2.396107e-01 1.782855e+01 -6.321232e-01 9.748217e-02
1.646351e-01 -8.796477e+00 6.350040e+01 3.527858e-02
0.000000e+00 0.000000e+00 0.000000e+00 0.000000e+00
0.000000e+00 3.696175e+01 -7.836728e+00 8.571537e-01
0.000000e+00 -8.800933e+00 6.050966e+00 7.399081e-01
0.000000e+00 3.126444e+01 -4.322839e+00 5.967547e-01
0.000000e+00 -1.291277e+01 2.351677e+01 4.469133e-01
0.000000e+00 2.574525e+01 -1.610002e+00 3.077485e-01
0.000000e+00 -1.408843e+01 4.536649e+01 1.891254e-01
0.000000e+00 1.939185e+01 1.956750e+00 9.748217e-02
0.000000e+00 -9.462830e+00 6.627196e+01 3.527858e-02
0.000000e+00 0.000000e+00 0.000000e+00 0.000000e+00
8.881140e-01 -4.495321e+00 -2.504415e+00 8.571537e-01
7.378502e-01 2.660092e+01 -1.423594e+01 7.399081e-01
5.315050e-01 -8.695409e+00 1.422961e+00 5.967547e-01
4.129241e-01 2.240260e+01 -2.480018e+01 4.469133e-01
2.519578e-01 -1.183545e+01 2.708710e+00 3.077485e-01
1.678203e-01 1.646888e+01 -4.194310e+01 1.891254e-01
8.152951e-02 -1.192706e+01 2.420964e+00 9.748217e-02
4.175647e-02 1.092418e+01 -5.861621e+01 3.527858e-02
0.000000e+00 0.000000e+00 0.000000e+00 0.000000e+00
1.434355e+00 -4.513583e+00 -1.966435e+00 8.571537e-01
1.093408e+00 2.648942e+01 -1.377478e+01 7.399081e-01
5.815838e-01 -8.835012e+00 3.560791e-01 5.967547e-01
4.198416e-01 2.159844e+01 -2.426307e+01 4.469133e-01
1.096681e-01 -1.213455e+01 4.276369e-01 3.077485e-01
-4.859061e-03 1.570623e+01 -4.197117e+01 1.891254e-01
-9.549449e-02 -1.288570e+01 -5.189062e-01 9.748217e-02
-1.541103e-01 9.750804e+00 -6.064331e+01 3.527858e-02
0.000000e+00 0.000000e+00 0.000000e+00 0.000000e+00
1.225584e+00 -4.752188e+00 -6.269931e-01 8.571537e-01
9.630995e-01 2.706134e+01 -1.295692e+01 7.399081e-01
1.002525e+00 -9.246587e+00 9.904116e-01 5.967547e-01
7.738408e-01 2.148296e+01 -2.427514e+01 4.469133e-01
7.107462e-01 -1.251658e+01 1.059074e+00 3.077485e-01
5.175275e-01 1.531168e+01 -4.223603e+01 1.891254e-01
3.655868e-01 -1.352218e+01 -1.255910e-01 9.748217e-02
2.669854e-01 1.018817e+01 -6.097585e+01 3.527858e-02
0.000000e+00 0.000000e+00 0.000000e+00 0.000000e+00
7.825229e-01 -3.770430e+00 -9.307770e-02 8.571537e-01
7.439198e-01 2.658148e+01 -1.235582e+01 7.399081e-01
3.869770e-01 -8.862584e+00 1.889137e+00 5.967547e-01
3.410695e-01 2.148693e+01 -2.401825e+01 4.469133e-01
1.376924e-01 -1.217712e+01 2.793783e+00 3.077485e-01
1.408459e-01 1.511494e+01 -4.116652e+01 1.891254e-01
1.397137e-02 -1.234295e+01 1.992080e+00 9.748217e-02
1.004552e-02 9.863990e+00 -5.784067e+01 3.527858e-02
0.000000e+00 0.000000e+00 0.000000e+00 0.000000e+00
2.380518e+00 -4.364835e+00 6.446215e-01 8.571537e-01
1.699142e+00 2.595783e+01 -1.215602e+01 7.399081e-01
1.268965e+00 -9.466545e+00 1.214581e+00 5.967547e-01
8.034260e-01 2.150628e+01 -2.488565e+01 4.469133e-01
4.447773e-01 -1.300585e+01 2.370238e-01 3.077485e-01
8.857465e-02 1.591223e+01 -4.418095e+01 1.891254e-01
-1.461359e-02 -1.351416e+01 -1.759899e+00 9.748217e-02
-2.005228e-01 9.733923e+00 -6.382590e+01 3.527858e-02
0.000000e+00 0.000000e+00 0.000000e+00 0.000000e+00
2.116482e+00 -5.354099e+00 3.882035e+00 8.571537e-01
1.750857e+00 2.540602e+01 -9.700005e+00 7.399081e-01
1.395358e+00 -9.432103e+00 3.063543e+00 5.967547e-01
1.240927e+00 2.083190e+01 -2.303946e+01 4.469133e-01
9.624798e-01 -1.203174e+01 1.695625e+00 3.077485e-01
8.610572e-01 1.558651e+01 -4.205140e+01 1.891254e-01
4.949025e-01 -1.291853e+01 1.641124e-01 9.748217e-02
4.677040e-01 1.147633e+01 -6.035695e+01 3.527858e-02
0.000000e+00 0.000000e+00 0.000000e+00 0.000000e+00
-2.409637e+00 -7.065882e+00 3.547306e+00 8.571537e-01
-1.829491e+00 2.633911e+01 -9.852072e+00 7.399081e-01
-1.378861e+00 -1.033931e+01 4.303697e+00 5.967547e-01
-1.079554e+00 2.130247e+01 -2.165683e+01 4.469133e-01
-6.857184e-01 -1.154141e+01 4.693088e+00 3.077485e-01
-4.605281e-01 1.493143e+01 -3.879602e+01 1.891254e-01
-2.153795e-01 -1.076187e+01 3.906606e+00 9.748217e-02
-1.844471e-01 9.847401e+00 -5.467550e+01 3.527858e-02
0.000000e+00 0.000000e+00 0.000000e+00 0.000000e+00
-2.029218e+00 -8.227654e+00 -1.497872e+00 8.571537e-01
-1.490000e+00 2.725830e+01 -1.288032e+01 7.399081e-01
-1.154787e+00 -1.187681e+01 1.617785e+00 5.967547e-01
-9.115323e-01 2.234583e+01 -2.463675e+01 4.469133e-01
-7.860176e-01 -1.392152e+01 2.602534e+00 3.077485e-01
-6.066797e-01 1.590775e+01 -4.322385e+01 1.891254e-01
-4.397451e-01 -1.296770e+01 1.310481e+00 9.748217e-02
-2.091064e-01 8.478113e+00 -6.184123e+01 3.527858e-02
0.000000e+00 0.000000e+00 0.000000e+00 0.000000e+00
0.000000e+00 -6.760296e+00 -4.057143e+00 8.571537e-01
0.000000e+00 2.603142e+01 -1.347175e+01 7.399081e-01
0.000000e+00 -1.106862e+01 -5.131191e-01 5.967547e-01
0.000000e+00 2.140620e+01 -2.568041e+01 4.469133e-01
0.000000e+00 -1.449746e+01 4.553343e-01 3.077485e-01
0.000000e+00 1.581941e+01 -4.469468e+01 1.891254e-01
0.000000e+00 -1.470789e+01 -6.358745e-01 9.748217e-02
0.000000e+00 8.691974e+00 -6.393089e+01 3.527858e-02
0.000000e+00 0.000000e+00 0.000000e+00 0.000000e+00
