0 729 0.00000e+00
  1     729
4.822508e+01 0.000000e+00 0.000000e+00 1.000000e+00
4.988862e+01 0.000000e+00 7.054957e+02 1.000000e+00
5.388703e+01 0.000000e+00 1.328305e+03 1.000000e+00
5.972618e+01 0.000000e+00 1.958053e+03 1.000000e+00
6.524726e+01 0.000000e+00 2.488241e+03 1.000000e+00
7.027331e+01 0.000000e+00 3.095991e+03 1.000000e+00
7.246957e+01 0.000000e+00 3.547975e+03 1.000000e+00
7.332211e+01 0.000000e+00 4.140890e+03 1.000000e+00
7.063430e+01 0.000000e+00 4.512515e+03 1.000000e+00
4.813117e+01 0.000000e+00 0.000000e+00 1.000000e+00
4.850212e+01 0.000000e+00 7.076902e+02 1.000000e+00
5.269191e+01 0.000000e+00 1.337602e+03 1.000000e+00
5.887539e+01 0.000000e+00 1.966710e+03 1.000000e+00
6.410662e+01 0.000000e+00 2.503995e+03 1.000000e+00
6.904766e+01 0.000000e+00 3.111006e+03 1.000000e+00
6.997977e+01 0.000000e+00 3.566466e+03 1.000000e+00
7.163391e+01 0.000000e+00 4.162616e+03 1.000000e+00
6.843148e+01 0.000000e+00 4.532161e+03 1.000000e+00
4.403189e+01 0.000000e+00 0.000000e+00 1.000000e+00
4.649254e+01 0.000000e+00 7.102783e+02 1.000000e+00
4.941540e+01 0.000000e+00 1.345587e+03 1.000000e+00
5.467940e+01 0.000000e+00 1.976113e+03 1.000000e+00
6.019928e+01 0.000000e+00 2.518345e+03 1.000000e+00
6.389997e+01 0.000000e+00 3.125431e+03 1.000000e+00
6.583201e+01 0.000000e+00 3.584195e+03 1.000000e+00
6.549693e+01 0.000000e+00 4.182371e+03 1.000000e+00
6.341967e+01 0.000000e+00 4.552208e+03 1.000000e+00
3.831631e+01 0.000000e+00 0.000000e+00 1.000000e+00
4.210582e+01 0.000000e+00 7.147458e+02 1.000000e+00
4.497943e+01 0.000000e+00 1.350067e+03 1.000000e+00
4.928829e+01 0.000000e+00 1.987688e+03 1.000000e+00
5.391877e+01 0.000000e+00 2.528854e+03 1.000000e+00
5.734040e+01 0.000000e+00 3.141069e+03 1.000000e+00
5.956316e+01 0.000000e+00 3.599234e+03 1.000000e+00
5.962265e+01 0.000000e+00 4.201053e+03 1.000000e+00
5.745766e+01 0.000000e+00 4.570635e+03 1.000000e+00
3.302288e+01 0.000000e+00 0.000000e+00 1.000000e+00
3.452714e+01 0.000000e+00 7.184690e+02 1.000000e+00
3.883171e+01 0.000000e+00 1.355360e+03 1.000000e+00
4.272222e+01 0.000000e+00 1.996413e+03 1.000000e+00
4.560830e+01 0.000000e+00 2.539242e+03 1.000000e+00
4.883766e+01 0.000000e+00 3.154072e+03 1.000000e+00
5.108959e+01 0.000000e+00 3.613849e+03 1.000000e+00
5.159586e+01 0.000000e+00 4.217029e+03 1.000000e+00
4.969549e+01 0.000000e+00 4.587529e+03 1.000000e+00
2.629730e+01 0.000000e+00 0.000000e+00 1.000000e+00
2.699820e+01 0.000000e+00 7.203116e+02 1.000000e+00
2.991823e+01 0.000000e+00 1.361849e+03 1.000000e+00
3.395674e+01 0.000000e+00 2.002176e+03 1.000000e+00
3.583000e+01 0.000000e+00 2.548859e+03 1.000000e+00
3.808970e+01 0.000000e+00 3.163980e+03 1.000000e+00
4.005560e+01 0.000000e+00 3.627455e+03 1.000000e+00
3.970945e+01 0.000000e+00 4.229087e+03 1.000000e+00
3.842928e+01 0.000000e+00 4.603851e+03 1.000000e+00
1.707564e+01 0.000000e+00 0.000000e+00 1.000000e+00
1.963880e+01 0.000000e+00 7.225485e+02 1.000000e+00
2.099490e+01 0.000000e+00 1.365147e+03 1.000000e+00
2.396654e+01 0.000000e+00 2.009039e+03 1.000000e+00
2.576917e+01 0.000000e+00 2.553659e+03 1.000000e+00
2.712431e+01 0.000000e+00 3.173926e+03 1.000000e+00
2.807595e+01 0.000000e+00 3.635380e+03 1.000000e+00
2.931408e+01 0.000000e+00 4.241757e+03 1.000000e+00
2.705784e+01 0.000000e+00 4.612182e+03 1.000000e+00
8.083142e+00 0.000000e+00 0.000000e+00 1.000000e+00
8.574076e+00 0.000000e+00 7.240252e+02 1.000000e+00
1.333845e+01 0.000000e+00 1.369348e+03 1.000000e+00
1.182599e+01 0.000000e+00 2.008825e+03 1.000000e+00
1.459526e+01 0.000000e+00 2.563876e+03 1.000000e+00
1.368923e+01 0.000000e+00 3.170567e+03 1.000000e+00
1.703866e+01 0.000000e+00 3.653425e+03 1.000000e+00
1.645274e+01 0.000000e+00 4.235222e+03 1.000000e+00
1.623508e+01 0.000000e+00 4.634018e+03 1.000000e+00
0.000000e+00 0.000000e+00 0.000000e+00 1.000000e+00
0.000000e+00 0.000000e+00 7.239824e+02 1.000000e+00
0.000000e+00 0.000000e+00 1.373064e+03 1.000000e+00
0.000000e+00 0.000000e+00 2.004771e+03 1.000000e+00
0.000000e+00 0.000000e+00 2.572955e+03 1.000000e+00
0.000000e+00 0.000000e+00 3.162306e+03 1.000000e+00
0.000000e+00 0.000000e+00 3.669074e+03 1.000000e+00
0.000000e+00 0.000000e+00 4.221894e+03 1.000000e+00
0.000000e+00 0.000000e+00 4.654624e+03 1.000000e+00
4.680932e+01 -3.096532e+02 0.000000e+00 1.000000e+00
4.936564e+01 -3.425418e+02 6.852292e+02 1.000000e+00
5.299101e+01 -3.533596e+02 1.335418e+03 1.000000e+00
5.874990e+01 -3.959916e+02 1.896905e+03 1.000000e+00
6.428484e+01 -4.155166e+02 2.504424e+03 1.000000e+00
6.846772e+01 -4.638953e+02 2.985733e+03 1.000000e+00
7.117527e+01 -4.846215e+02 3.573875e+03 1.000000e+00
7.120331e+01 -5.259886e+02 3.975988e+03 1.000000e+00
6.801463e+01 -5.360529e+02 4.545188e+03 1.000000e+00
4.575969e+01 -3.135564e+02 0.000000e+00 1.000000e+00
4.866985e+01 -3.432363e+02 6.893503e+02 1.000000e+00
5.155113e+01 -3.556722e+02 1.341301e+03 1.000000e+00
5.745696e+01 -3.983533e+02 1.909071e+03 1.000000e+00
6.299122e+01 -4.172052e+02 2.516436e+03 1.000000e+00
6.653725e+01 -4.675040e+02 3.002539e+03 1.000000e+00
6.916367e+01 -4.854519e+02 3.591859e+03 1.000000e+00
6.852789e+01 -5.293351e+02 3.995040e+03 1.000000e+00
6.556782e+01 -5.388938e+02 4.566585e+03 1.000000e+00
4.341597e+01 -3.167136e+02 0.000000e+00 1.000000e+00
4.538339e+01 -3.445027e+02 6.930713e+02 1.000000e+00
4.903925e+01 -3.574678e+02 1.347488e+03 1.000000e+00
5.422504e+01 -4.002642e+02 1.920107e+03 1.000000e+00
5.873728e+01 -4.193949e+02 2.528396e+03 1.000000e+00
6.298595e+01 -4.702638e+02 3.018393e+03 1.000000e+00
6.452381e+01 -4.864038e+02 3.608670e+03 1.000000e+00
6.517351e+01 -5.311838e+02 4.013958e+03 1.000000e+00
6.158283e+01 -5.410779e+02 4.585525e+03 1.000000e+00
3.906579e+01 -3.170219e+02 0.000000e+00 1.000000e+00
4.054465e+01 -3.475114e+02 6.957684e+02 1.000000e+00
4.442105e+01 -3.586552e+02 1.355021e+03 1.000000e+00
4.870364e+01 -4.015992e+02 1.927852e+03 1.000000e+00
5.264410e+01 -4.218656e+02 2.541872e+03 1.000000e+00
5.645734e+01 -4.716142e+02 3.031093e+03 1.000000e+00
5.818068e+01 -4.881210e+02 3.625660e+03 1.000000e+00
5.807264e+01 -5.318212e+02 4.030497e+03 1.000000e+00
5.543404e+01 -5.427455e+02 4.603721e+03 1.000000e+00
3.206340e+01 -3.178010e+02 0.000000e+00 1.000000e+00
3.477381e+01 -3.493686e+02 6.987786e+02 1.000000e+00
3.760836e+01 -3.607518e+02 1.360895e+03 1.000000e+00
4.177765e+01 -4.035008e+02 1.935841e+03 1.000000e+00
4.494732e+01 -4.238417e+02 2.552605e+03 1.000000e+00
4.766347e+01 -4.734386e+02 3.043334e+03 1.000000e+00
4.955238e+01 -4.903940e+02 3.640050e+03 1.000000e+00
4.951454e+01 -5.343864e+02 4.045758e+03 1.000000e+00
4.749422e+01 -5.451946e+02 4.620239e+03 1.000000e+00
2.516058e+01 -3.204738e+02 0.000000e+00 1.000000e+00
2.715009e+01 -3.497920e+02 7.019582e+02 1.000000e+00
3.002176e+01 -3.624958e+02 1.364943e+03 1.000000e+00
3.317744e+01 -4.057496e+02 1.943795e+03 1.000000e+00
3.566705e+01 -4.250833e+02 2.560177e+03 1.000000e+00
3.791653e+01 -4.750070e+02 3.054821e+03 1.000000e+00
3.938225e+01 -4.923792e+02 3.651045e+03 1.000000e+00
4.003453e+01 -5.358263e+02 4.060337e+03 1.000000e+00
3.808939e+01 -5.465522e+02 4.632801e+03 1.000000e+00
1.795326e+01 -3.217270e+02 0.000000e+00 1.000000e+00
1.830829e+01 -3.518234e+02 7.037441e+02 1.000000e+00
2.121205e+01 -3.632279e+02 1.369490e+03 1.000000e+00
2.315897e+01 -4.080545e+02 1.948050e+03 1.000000e+00
2.498471e+01 -4.269260e+02 2.568032e+03 1.000000e+00
2.622841e+01 -4.765901e+02 3.061293e+03 1.000000e+00
2.799748e+01 -4.936981e+02 3.662458e+03 1.000000e+00
2.760368e+01 -5.373394e+02 4.068230e+03 1.000000e+00
2.709107e+01 -5.467784e+02 4.646933e+03 1.000000e+00
7.302858e+00 -3.231426e+02 0.000000e+00 1.000000e+00
1.110226e+01 -3.517351e+02 7.065980e+02 1.000000e+00
1.072716e+01 -3.670166e+02 1.369376e+03 1.000000e+00
1.358013e+01 -4.079560e+02 1.955568e+03 1.000000e+00
1.258309e+01 -4.314435e+02 2.566047e+03 1.000000e+00
1.535556e+01 -4.763142e+02 3.074964e+03 1.000000e+00
1.433445e+01 -4.982632e+02 3.657925e+03 1.000000e+00
1.560778e+01 -5.396738e+02 4.087528e+03 1.000000e+00
1.353646e+01 -5.511075e+02 4.639195e+03 1.000000e+00
0.000000e+00 -3.255529e+02 0.000000e+00 1.000000e+00
0.000000e+00 -3.507654e+02 7.089924e+02 1.000000e+00
0.000000e+00 -3.712794e+02 1.366800e+03 1.000000e+00
0.000000e+00 -4.076410e+02 1.962001e+03 1.000000e+00
0.000000e+00 -4.356046e+02 2.560036e+03 1.000000e+00
0.000000e+00 -4.760385e+02 3.086831e+03 1.000000e+00
0.000000e+00 -5.033481e+02 3.647448e+03 1.000000e+00
0.000000e+00 -5.415339e+02 4.105112e+03 1.000000e+00
0.000000e+00 -5.563998e+02 4.623443e+03 1.000000e+00
4.459642e+01 -6.274186e+02 0.000000e+00 1.000000e+00
4.695400e+01 -6.280232e+02 6.723564e+02 1.000000e+00
5.100997e+01 -7.057596e+02 1.266189e+03 1.000000e+00
5.618308e+01 -7.363513e+02 1.864055e+03 1.000000e+00
6.096187e+01 -8.256109e+02 2.360386e+03 1.000000e+00
6.483111e+01 -8.615897e+02 2.928719e+03 1.000000e+00
6.650854e+01 -9.471512e+02 3.342148e+03 1.000000e+00
6.590594e+01 -9.730222e+02 3.887399e+03 1.000000e+00
6.232184e+01 -1.045526e+03 4.203688e+03 1.000000e+00
4.389764e+01 -6.285439e+02 0.000000e+00 1.000000e+00
4.586145e+01 -6.337582e+02 6.755509e+02 1.000000e+00
4.997623e+01 -7.079614e+02 1.273811e+03 1.000000e+00
5.491631e+01 -7.394059e+02 1.872844e+03 1.000000e+00
5.936831e+01 -8.304409e+02 2.374053e+03 1.000000e+00
6.324877e+01 -8.630007e+02 2.942971e+03 1.000000e+00
6.455661e+01 -9.527714e+02 3.359268e+03 1.000000e+00
6.407287e+01 -9.744636e+02 3.905445e+03 1.000000e+00
6.033909e+01 -1.047232e+03 4.222160e+03 1.000000e+00
4.069168e+01 -6.309269e+02 0.000000e+00 1.000000e+00
4.332212e+01 -6.385002e+02 6.788838e+02 1.000000e+00
4.692421e+01 -7.108708e+02 1.280752e+03 1.000000e+00
5.169390e+01 -7.429372e+02 1.881725e+03 1.000000e+00
5.602156e+01 -8.342322e+02 2.386763e+03 1.000000e+00
5.884808e+01 -8.658737e+02 2.956495e+03 1.000000e+00
6.049436e+01 -9.578347e+02 3.375912e+03 1.000000e+00
5.985005e+01 -9.779846e+02 3.922158e+03 1.000000e+00
5.643795e+01 -1.049319e+03 4.240238e+03 1.000000e+00
3.685038e+01 -6.368837e+02 0.000000e+00 1.000000e+00
3.921967e+01 -6.400579e+02 6.825136e+02 1.000000e+00
4.206067e+01 -7.153969e+02 1.286069e+03 1.000000e+00
4.677133e+01 -7.466912e+02 1.891619e+03 1.000000e+00
5.021498e+01 -8.369175e+02 2.396601e+03 1.000000e+00
5.317706e+01 -8.706794e+02 2.970850e+03 1.000000e+00
5.455736e+01 -9.615941e+02 3.389533e+03 1.000000e+00
5.353326e+01 -9.836583e+02 3.938941e+03 1.000000e+00
5.061907e+01 -1.052144e+03 4.255949e+03 1.000000e+00
3.159777e+01 -6.405328e+02 0.000000e+00 1.000000e+00
3.297029e+01 -6.429600e+02 6.853276e+02 1.000000e+00
3.624966e+01 -7.185245e+02 1.291475e+03 1.000000e+00
3.984006e+01 -7.497291e+02 1.899663e+03 1.000000e+00
4.289530e+01 -8.400690e+02 2.406104e+03 1.000000e+00
4.511236e+01 -8.742604e+02 2.982810e+03 1.000000e+00
4.664262e+01 -9.644603e+02 3.402525e+03 1.000000e+00
4.643189e+01 -9.861771e+02 3.953096e+03 1.000000e+00
4.340532e+01 -1.054321e+03 4.270849e+03 1.000000e+00
2.474471e+01 -6.408701e+02 0.000000e+00 1.000000e+00
2.616540e+01 -6.475873e+02 6.874404e+02 1.000000e+00
2.880859e+01 -7.214228e+02 1.296698e+03 1.000000e+00
3.155670e+01 -7.527498e+02 1.905357e+03 1.000000e+00
3.384413e+01 -8.441966e+02 2.415326e+03 1.000000e+00
3.614613e+01 -8.776630e+02 2.991603e+03 1.000000e+00
3.713142e+01 -9.675552e+02 3.414755e+03 1.000000e+00
3.624122e+01 -9.903792e+02 3.963832e+03 1.000000e+00
3.409042e+01 -1.058726e+03 4.284785e+03 1.000000e+00
1.686398e+01 -6.438125e+02 0.000000e+00 1.000000e+00
1.848346e+01 -6.492797e+02 6.894895e+02 1.000000e+00
1.989445e+01 -7.259687e+02 1.299914e+03 1.000000e+00
2.260294e+01 -7.553804e+02 1.910987e+03 1.000000e+00
2.338436e+01 -8.480482e+02 2.420471e+03 1.000000e+00
2.543438e+01 -8.808546e+02 3.001002e+03 1.000000e+00
2.560080e+01 -9.722681e+02 3.420807e+03 1.000000e+00
2.595069e+01 -9.949728e+02 3.976100e+03 1.000000e+00
2.411340e+01 -1.065248e+03 4.291293e+03 1.000000e+00
1.013200e+01 -6.441353e+02 0.000000e+00 1.000000e+00
9.229865e+00 -6.549638e+02 6.897836e+02 1.000000e+00
1.207977e+01 -7.253943e+02 1.304455e+03 1.000000e+00
1.077207e+01 -7.630635e+02 1.910103e+03 1.000000e+00
1.400725e+01 -8.468006e+02 2.430667e+03 1.000000e+00
1.263246e+01 -8.890355e+02 2.997426e+03 1.000000e+00
1.456323e+01 -9.722828e+02 3.436860e+03 1.000000e+00
1.314611e+01 -1.000597e+03 3.969624e+03 1.000000e+00
1.332258e+01 -1.065352e+03 4.312503e+03 1.000000e+00
0.000000e+00 -6.431998e+02 0.000000e+00 1.000000e+00
0.000000e+00 -6.625140e+02 6.890843e+02 1.000000e+00
0.000000e+00 -7.241412e+02 1.307947e+03 1.000000e+00
0.000000e+00 -7.715101e+02 1.906331e+03 1.000000e+00
0.000000e+00 -8.460529e+02 2.439554e+03 1.000000e+00
0.000000e+00 -8.981127e+02 2.988928e+03 1.000000e+00
0.000000e+00 -9.718657e+02 3.451653e+03 1.000000e+00
0.000000e+00 -1.007715e+03 3.956285e+03 1.000000e+00
0.000000e+00 -1.064929e+03 4.332981e+03 1.000000e+00
4.155870e+01 -8.594537e+02 0.000000e+00 1.000000e+00
4.411368e+01 -9.496171e+02 6.274130e+02 1.000000e+00
4.763495e+01 -9.696381e+02 1.218958e+03 1.000000e+00
5.223392e+01 -1.090920e+03 1.725099e+03 1.000000e+00
5.635513e+01 -1.137636e+03 2.267667e+03 1.000000e+00
5.911140e+01 -1.265235e+03 2.683823e+03 1.000000e+00
6.008128e+01 -1.306679e+03 3.195962e+03 1.000000e+00
5.831795e+01 -1.414343e+03 3.515978e+03 1.000000e+00
5.376510e+01 -1.417519e+03 3.988896e+03 1.000000e+00
4.073582e+01 -8.667748e+02 0.000000e+00 1.000000e+00
4.332046e+01 -9.514371e+02 6.309911e+02 1.000000e+00
4.638145e+01 -9.764468e+02 1.224638e+03 1.000000e+00
5.112840e+01 -1.096652e+03 1.734924e+03 1.000000e+00
5.507512e+01 -1.141397e+03 2.278321e+03 1.000000e+00
5.744860e+01 -1.273507e+03 2.697823e+03 1.000000e+00
5.850347e+01 -1.309399e+03 3.210642e+03 1.000000e+00
5.604015e+01 -1.422252e+03 3.531273e+03 1.000000e+00
5.207653e+01 -1.423734e+03 4.005441e+03 1.000000e+00
3.842537e+01 -8.720342e+02 0.000000e+00 1.000000e+00
4.052617e+01 -9.542618e+02 6.342802e+02 1.000000e+00
4.386340e+01 -9.822347e+02 1.230364e+03 1.000000e+00
4.802813e+01 -1.101647e+03 1.744046e+03 1.000000e+00
5.134011e+01 -1.146421e+03 2.288675e+03 1.000000e+00
5.400143e+01 -1.279587e+03 2.711181e+03 1.000000e+00
5.438507e+01 -1.312750e+03 3.224278e+03 1.000000e+00
5.366154e+01 -1.427134e+03 3.546865e+03 1.000000e+00
4.851641e+01 -1.429439e+03 4.019481e+03 1.000000e+00
3.512523e+01 -8.724044e+02 0.000000e+00 1.000000e+00
3.647648e+01 -9.608580e+02 6.367783e+02 1.000000e+00
3.967029e+01 -9.853674e+02 1.236716e+03 1.000000e+00
4.314772e+01 -1.106671e+03 1.750955e+03 1.000000e+00
4.622946e+01 -1.152749e+03 2.299954e+03 1.000000e+00
4.876396e+01 -1.282943e+03 2.722112e+03 1.000000e+00
4.935092e+01 -1.317502e+03 3.238011e+03 1.000000e+00
4.718248e+01 -1.429095e+03 3.560119e+03 1.000000e+00
4.313770e+01 -1.434696e+03 4.033368e+03 1.000000e+00
2.902428e+01 -8.758858e+02 0.000000e+00 1.000000e+00
3.129046e+01 -9.654108e+02 6.393196e+02 1.000000e+00
3.372642e+01 -9.899762e+02 1.241799e+03 1.000000e+00
3.718005e+01 -1.112133e+03 1.757876e+03 1.000000e+00
3.971928e+01 -1.158000e+03 2.309210e+03 1.000000e+00
4.121847e+01 -1.287717e+03 2.732294e+03 1.000000e+00
4.183773e+01 -1.323165e+03 3.249908e+03 1.000000e+00
4.113824e+01 -1.434947e+03 3.572047e+03 1.000000e+00
3.743618e+01 -1.440534e+03 4.046042e+03 1.000000e+00
2.324813e+01 -8.832190e+02 0.000000e+00 1.000000e+00
2.474775e+01 -9.675639e+02 6.418930e+02 1.000000e+00
2.677038e+01 -9.952742e+02 1.245335e+03 1.000000e+00
2.934501e+01 -1.117213e+03 1.764703e+03 1.000000e+00
3.114511e+01 -1.162203e+03 2.315798e+03 1.000000e+00
3.284810e+01 -1.293133e+03 2.741945e+03 1.000000e+00
3.342585e+01 -1.328802e+03 3.258833e+03 1.000000e+00
3.244812e+01 -1.438868e+03 3.583788e+03 1.000000e+00
2.915567e+01 -1.443763e+03 4.055008e+03 1.000000e+00
1.728554e+01 -8.858940e+02 0.000000e+00 1.000000e+00
1.698921e+01 -9.734615e+02 6.430056e+02 1.000000e+00
1.914220e+01 -9.982197e+02 1.249363e+03 1.000000e+00
2.088839e+01 -1.123001e+03 1.768369e+03 1.000000e+00
2.237618e+01 -1.166311e+03 2.322575e+03 1.000000e+00
2.288585e+01 -1.299270e+03 2.747316e+03 1.000000e+00
2.369473e+01 -1.332435e+03 3.268259e+03 1.000000e+00
2.218619e+01 -1.443472e+03 3.589252e+03 1.000000e+00
2.145726e+01 -1.444724e+03 4.067106e+03 1.000000e+00
7.790506e+00 -8.933839e+02 0.000000e+00 1.000000e+00
1.065620e+01 -9.733766e+02 6.450898e+02 1.000000e+00
9.311511e+00 -1.008758e+03 1.248950e+03 1.000000e+00
1.188335e+01 -1.121510e+03 1.775461e+03 1.000000e+00
1.119905e+01 -1.178302e+03 2.320304e+03 1.000000e+00
1.310403e+01 -1.298329e+03 2.759330e+03 1.000000e+00
1.186874e+01 -1.343603e+03 3.263387e+03 1.000000e+00
1.311250e+01 -1.445850e+03 3.606583e+03 1.000000e+00
1.008863e+01 -1.455787e+03 4.058159e+03 1.000000e+00
0.000000e+00 -9.037678e+02 0.000000e+00 1.000000e+00
0.000000e+00 -9.712562e+02 6.471102e+02 1.000000e+00
0.000000e+00 -1.020740e+03 1.246252e+03 1.000000e+00
0.000000e+00 -1.119519e+03 1.781687e+03 1.000000e+00
0.000000e+00 -1.190958e+03 2.314481e+03 1.000000e+00
0.000000e+00 -1.296974e+03 2.770116e+03 1.000000e+00
0.000000e+00 -1.356729e+03 3.253327e+03 1.000000e+00
0.000000e+00 -1.447301e+03 3.623256e+03 1.000000e+00
0.000000e+00 -1.469666e+03 4.041790e+03 1.000000e+00
3.807043e+01 -1.144952e+03 0.000000e+00 1.000000e+00
4.030834e+01 -1.143377e+03 5.924931e+02 1.000000e+00
4.357372e+01 -1.287280e+03 1.112246e+03 1.000000e+00
4.735685e+01 -1.328451e+03 1.628495e+03 1.000000e+00
5.051206e+01 -1.487571e+03 2.045096e+03 1.000000e+00
5.227120e+01 -1.536297e+03 2.520785e+03 1.000000e+00
5.212164e+01 -1.683817e+03 2.839104e+03 1.000000e+00
4.945539e+01 -1.704346e+03 3.275528e+03 1.000000e+00
4.402747e+01 -1.811034e+03 3.475497e+03 1.000000e+00
3.718567e+01 -1.147876e+03 0.000000e+00 1.000000e+00
3.956868e+01 -1.152644e+03 5.955176e+02 1.000000e+00
4.249482e+01 -1.291448e+03 1.117713e+03 1.000000e+00
4.612881e+01 -1.334605e+03 1.636502e+03 1.000000e+00
4.918642e+01 -1.496100e+03 2.055100e+03 1.000000e+00
5.072442e+01 -1.539696e+03 2.532309e+03 1.000000e+00
5.079525e+01 -1.692638e+03 2.852112e+03 1.000000e+00
4.747089e+01 -1.706654e+03 3.287701e+03 1.000000e+00
4.217546e+01 -1.814243e+03 3.489006e+03 1.000000e+00
3.493626e+01 -1.152914e+03 0.000000e+00 1.000000e+00
3.711748e+01 -1.160443e+03 5.985434e+02 1.000000e+00
4.018843e+01 -1.296334e+03 1.122851e+03 1.000000e+00
4.351628e+01 -1.341216e+03 1.644221e+03 1.000000e+00
4.647351e+01 -1.502481e+03 2.064795e+03 1.000000e+00
4.747356e+01 -1.545356e+03 2.542833e+03 1.000000e+00
4.715858e+01 -1.700432e+03 2.864955e+03 1.000000e+00
4.567802e+01 -1.711749e+03 3.299436e+03 1.000000e+00
4.005481e+01 -1.817464e+03 3.501385e+03 1.000000e+00
3.196802e+01 -1.162923e+03 0.000000e+00 1.000000e+00
3.362096e+01 -1.163715e+03 6.012025e+02 1.000000e+00
3.601171e+01 -1.304113e+03 1.127668e+03 1.000000e+00
3.931929e+01 -1.347084e+03 1.651525e+03 1.000000e+00
4.119920e+01 -1.507302e+03 2.073223e+03 1.000000e+00
4.304554e+01 -1.553636e+03 2.553618e+03 1.000000e+00
4.294258e+01 -1.706486e+03 2.875431e+03 1.000000e+00
3.999761e+01 -1.719750e+03 3.311772e+03 1.000000e+00
3.529575e+01 -1.820454e+03 3.511316e+03 1.000000e+00
2.709829e+01 -1.168787e+03 0.000000e+00 1.000000e+00
2.849083e+01 -1.169118e+03 6.033745e+02 1.000000e+00
3.088815e+01 -1.310126e+03 1.132151e+03 1.000000e+00
3.350158e+01 -1.352564e+03 1.657798e+03 1.000000e+00
3.563431e+01 -1.513579e+03 2.080925e+03 1.000000e+00
3.623256e+01 -1.560259e+03 2.562901e+03 1.000000e+00
3.634994e+01 -1.711511e+03 2.885249e+03 1.000000e+00
3.453728e+01 -1.724318e+03 3.321604e+03 1.000000e+00
3.076070e+01 -1.823140e+03 3.522213e+03 1.000000e+00
2.114017e+01 -1.170443e+03 0.000000e+00 1.000000e+00
2.272578e+01 -1.177092e+03 6.054252e+02 1.000000e+00
2.477506e+01 -1.314776e+03 1.135819e+03 1.000000e+00
2.669984e+01 -1.358522e+03 1.662854e+03 1.000000e+00
2.820446e+01 -1.520415e+03 2.087930e+03 1.000000e+00
2.912832e+01 -1.566128e+03 2.569743e+03 1.000000e+00
2.931024e+01 -1.716640e+03 2.894654e+03 1.000000e+00
2.776203e+01 -1.730979e+03 3.329229e+03 1.000000e+00
2.401015e+01 -1.828966e+03 3.531816e+03 1.000000e+00
1.529309e+01 -1.178068e+03 0.000000e+00 1.000000e+00
1.615036e+01 -1.180471e+03 6.070668e+02 1.000000e+00
1.693682e+01 -1.322526e+03 1.138280e+03 1.000000e+00
1.924138e+01 -1.363450e+03 1.667588e+03 1.000000e+00
1.926607e+01 -1.528271e+03 2.091656e+03 1.000000e+00
2.079949e+01 -1.571014e+03 2.577575e+03 1.000000e+00
1.977919e+01 -1.725093e+03 2.898377e+03 1.000000e+00
1.941826e+01 -1.736754e+03 3.339436e+03 1.000000e+00
1.658861e+01 -1.839070e+03 3.534178e+03 1.000000e+00
9.104141e+00 -1.178537e+03 0.000000e+00 1.000000e+00
8.052447e+00 -1.192296e+03 6.068016e+02 1.000000e+00
1.064527e+01 -1.320502e+03 1.142656e+03 1.000000e+00
9.176965e+00 -1.378372e+03 1.665882e+03 1.000000e+00
1.195164e+01 -1.526350e+03 2.101035e+03 1.000000e+00
1.057117e+01 -1.585735e+03 2.573278e+03 1.000000e+00
1.190662e+01 -1.724557e+03 2.912356e+03 1.000000e+00
9.834730e+00 -1.748727e+03 3.331740e+03 1.000000e+00
9.512743e+00 -1.838056e+03 3.553215e+03 1.000000e+00
0.000000e+00 -1.175661e+03 0.000000e+00 1.000000e+00
0.000000e+00 -1.207069e+03 6.059561e+02 1.000000e+00
0.000000e+00 -1.316882e+03 1.146021e+03 1.000000e+00
0.000000e+00 -1.394506e+03 1.661902e+03 1.000000e+00
0.000000e+00 -1.523735e+03 2.109508e+03 1.000000e+00
0.000000e+00 -1.602365e+03 2.564724e+03 1.000000e+00
0.000000e+00 -1.722775e+03 2.926261e+03 1.000000e+00
0.000000e+00 -1.764008e+03 3.317915e+03 1.000000e+00
0.000000e+00 -1.835743e+03 3.573129e+03 1.000000e+00
3.405104e+01 -1.294851e+03 0.000000e+00 1.000000e+00
3.611562e+01 -1.432303e+03 5.337183e+02 1.000000e+00
3.891596e+01 -1.450315e+03 1.033307e+03 1.000000e+00
4.190638e+01 -1.633416e+03 1.449662e+03 1.000000e+00
4.401396e+01 -1.682628e+03 1.891581e+03 1.000000e+00
4.477407e+01 -1.866008e+03 2.207263e+03 1.000000e+00
4.348028e+01 -1.896118e+03 2.604831e+03 1.000000e+00
4.002371e+01 -2.037160e+03 2.808764e+03 1.000000e+00
3.401746e+01 -1.998369e+03 3.150146e+03 1.000000e+00
3.348318e+01 -1.304217e+03 0.000000e+00 1.000000e+00
3.530148e+01 -1.436154e+03 5.361262e+02 1.000000e+00
3.805039e+01 -1.459660e+03 1.038338e+03 1.000000e+00
4.104803e+01 -1.640993e+03 1.456207e+03 1.000000e+00
4.286288e+01 -1.688253e+03 1.900097e+03 1.000000e+00
4.362042e+01 -1.876252e+03 2.217044e+03 1.000000e+00
4.248602e+01 -1.900285e+03 2.615023e+03 1.000000e+00
3.862992e+01 -2.046305e+03 2.818664e+03 1.000000e+00
3.273027e+01 -2.003710e+03 3.160364e+03 1.000000e+00
3.147532e+01 -1.310837e+03 0.000000e+00 1.000000e+00
3.333962e+01 -1.441068e+03 5.384376e+02 1.000000e+00
3.557427e+01 -1.468231e+03 1.042985e+03 1.000000e+00
3.843776e+01 -1.647799e+03 1.462813e+03 1.000000e+00
4.029968e+01 -1.696016e+03 1.907874e+03 1.000000e+00
4.062519e+01 -1.883812e+03 2.226614e+03 1.000000e+00
3.886967e+01 -1.905591e+03 2.624098e+03 1.000000e+00
3.661235e+01 -2.052791e+03 2.829408e+03 1.000000e+00
3.060730e+01 -2.009307e+03 3.168564e+03 1.000000e+00
2.858134e+01 -1.312392e+03 0.000000e+00 1.000000e+00
2.996386e+01 -1.450343e+03 5.404941e+02 1.000000e+00
3.245573e+01 -1.473306e+03 1.047465e+03 1.000000e+00
3.460526e+01 -1.655571e+03 1.468496e+03 1.000000e+00
3.609514e+01 -1.704849e+03 1.915626e+03 1.000000e+00
3.679863e+01 -1.888811e+03 2.234921e+03 1.000000e+00
3.597936e+01 -1.912462e+03 2.633082e+03 1.000000e+00
3.211037e+01 -2.056610e+03 2.838467e+03 1.000000e+00
2.676584e+01 -2.016092e+03 3.176911e+03 1.000000e+00
2.414703e+01 -1.318362e+03 0.000000e+00 1.000000e+00
2.577416e+01 -1.457035e+03 5.424482e+02 1.000000e+00
2.748966e+01 -1.479793e+03 1.051255e+03 1.000000e+00
2.970790e+01 -1.663396e+03 1.473640e+03 1.000000e+00
3.119914e+01 -1.711659e+03 1.922546e+03 1.000000e+00
3.108643e+01 -1.895404e+03 2.242086e+03 1.000000e+00
3.012133e+01 -1.920188e+03 2.641500e+03 1.000000e+00
2.838241e+01 -2.063104e+03 2.846119e+03 1.000000e+00
2.388608e+01 -2.023344e+03 3.184698e+03 1.000000e+00
1.931279e+01 -1.328090e+03 0.000000e+00 1.000000e+00
2.045350e+01 -1.460731e+03 5.442560e+02 1.000000e+00
2.187985e+01 -1.488162e+03 1.054038e+03 1.000000e+00
2.362313e+01 -1.670524e+03 1.478538e+03 1.000000e+00
2.423066e+01 -1.718595e+03 1.927614e+03 1.000000e+00
2.496357e+01 -1.902906e+03 2.248873e+03 1.000000e+00
2.437267e+01 -1.928234e+03 2.647738e+03 1.000000e+00
2.181679e+01 -2.068708e+03 2.853822e+03 1.000000e+00
1.776945e+01 -2.028314e+03 3.189841e+03 1.000000e+00
1.449614e+01 -1.330874e+03 0.000000e+00 1.000000e+00
1.411426e+01 -1.469839e+03 5.449925e+02 1.000000e+00
1.563987e+01 -1.492815e+03 1.057175e+03 1.000000e+00
1.674108e+01 -1.679274e+03 1.481108e+03 1.000000e+00
1.759001e+01 -1.724117e+03 1.932715e+03 1.000000e+00
1.718896e+01 -1.912632e+03 2.252591e+03 1.000000e+00
1.728773e+01 -1.932571e+03 2.654715e+03 1.000000e+00
1.529185e+01 -2.077102e+03 2.856259e+03 1.000000e+00
1.371846e+01 -2.029338e+03 3.198820e+03 1.000000e+00
6.368750e+00 -1.343768e+03 0.000000e+00 1.000000e+00
9.231806e+00 -1.468225e+03 5.469722e+02 1.000000e+00
7.782941e+00 -1.509822e+03 1.056045e+03 1.000000e+00
9.658311e+00 -1.676118e+03 1.487392e+03 1.000000e+00
9.021788e+00 -1.742032e+03 1.929887e+03 1.000000e+00
1.021494e+01 -1.911325e+03 2.262672e+03 1.000000e+00
8.740569e+00 -1.949482e+03 2.649288e+03 1.000000e+00
9.766164e+00 -2.077214e+03 2.870830e+03 1.000000e+00
5.870431e+00 -2.046027e+03 3.188463e+03 1.000000e+00
0.000000e+00 -1.361162e+03 0.000000e+00 1.000000e+00
0.000000e+00 -1.463573e+03 5.489475e+02 1.000000e+00
0.000000e+00 -1.529461e+03 1.053156e+03 1.000000e+00
0.000000e+00 -1.672107e+03 1.493120e+03 1.000000e+00
0.000000e+00 -1.762357e+03 1.924258e+03 1.000000e+00
0.000000e+00 -1.908782e+03 2.272248e+03 1.000000e+00
0.000000e+00 -1.970323e+03 2.639658e+03 1.000000e+00
0.000000e+00 -2.076003e+03 2.885891e+03 1.000000e+00
0.000000e+00 -2.068056e+03 3.172023e+03 1.000000e+00
2.978526e+01 -1.546775e+03 0.000000e+00 1.000000e+00
3.170276e+01 -1.535678e+03 4.882849e+02 1.000000e+00
3.389627e+01 -1.728732e+03 9.097391e+02 1.000000e+00
3.608265e+01 -1.761787e+03 1.322427e+03 1.000000e+00
3.736660e+01 -1.970169e+03 1.636180e+03 1.000000e+00
3.688506e+01 -2.005629e+03 1.996799e+03 1.000000e+00
3.481066e+01 -2.187530e+03 2.202431e+03 1.000000e+00
3.066082e+01 -2.171174e+03 2.511260e+03 1.000000e+00
2.416085e+01 -2.277918e+03 2.589601e+03 1.000000e+00
2.868661e+01 -1.552234e+03 0.000000e+00 1.000000e+00
3.115522e+01 -1.546410e+03 4.907273e+02 1.000000e+00
3.314071e+01 -1.734915e+03 9.130825e+02 1.000000e+00
3.512870e+01 -1.770408e+03 1.328715e+03 1.000000e+00
3.624206e+01 -1.980379e+03 1.642289e+03 1.000000e+00
3.576508e+01 -2.011019e+03 2.005021e+03 1.000000e+00
3.412247e+01 -2.197316e+03 2.210256e+03 1.000000e+00
2.880356e+01 -2.174583e+03 2.517899e+03 1.000000e+00
2.234239e+01 -2.282355e+03 2.597223e+03 1.000000e+00
2.786078e+01 -1.559731e+03 0.000000e+00 1.000000e+00
2.917209e+01 -1.555795e+03 4.929175e+02 1.000000e+00
3.120953e+01 -1.741270e+03 9.164816e+02 1.000000e+00
3.308301e+01 -1.779455e+03 1.334397e+03 1.000000e+00
3.442114e+01 -1.987806e+03 1.648642e+03 1.000000e+00
3.336806e+01 -2.018859e+03 2.011991e+03 1.000000e+00
3.099573e+01 -2.205647e+03 2.218357e+03 1.000000e+00
2.896748e+01 -2.179586e+03 2.524651e+03 1.000000e+00
2.219176e+01 -2.285841e+03 2.603652e+03 1.000000e+00
2.521927e+01 -1.571248e+03 0.000000e+00 1.000000e+00
2.620680e+01 -1.560720e+03 4.943224e+02 1.000000e+00
2.824980e+01 -1.750959e+03 9.205112e+02 1.000000e+00
2.999190e+01 -1.786721e+03 1.338709e+03 1.000000e+00
2.996231e+01 -1.994505e+03 1.654989e+03 1.000000e+00
3.055224e+01 -2.028678e+03 2.018670e+03 1.000000e+00
2.875949e+01 -2.212423e+03 2.225143e+03 1.000000e+00
2.411419e+01 -2.186972e+03 2.531929e+03 1.000000e+00
1.825637e+01 -2.288026e+03 2.608295e+03 1.000000e+00
2.113981e+01 -1.578351e+03 0.000000e+00 1.000000e+00
2.271317e+01 -1.567935e+03 4.958544e+02 1.000000e+00
2.405996e+01 -1.759151e+03 9.236057e+02 1.000000e+00
2.529945e+01 -1.794039e+03 1.342898e+03 1.000000e+00
2.667294e+01 -2.003268e+03 1.660486e+03 1.000000e+00
2.551713e+01 -2.036842e+03 2.024614e+03 1.000000e+00
2.381219e+01 -2.218717e+03 2.231363e+03 1.000000e+00
2.075296e+01 -2.194004e+03 2.537103e+03 1.000000e+00
1.703978e+01 -2.290902e+03 2.614949e+03 1.000000e+00
1.660398e+01 -1.582096e+03 0.000000e+00 1.000000e+00
1.796637e+01 -1.578056e+03 4.976798e+02 1.000000e+00
1.937263e+01 -1.764965e+03 9.255121e+02 1.000000e+00
2.030442e+01 -1.802317e+03 1.346910e+03 1.000000e+00
2.060362e+01 -2.011325e+03 1.664998e+03 1.000000e+00
2.018877e+01 -2.044914e+03 2.029007e+03 1.000000e+00
1.967645e+01 -2.224993e+03 2.237518e+03 1.000000e+00
1.757652e+01 -2.201152e+03 2.541521e+03 1.000000e+00
1.260611e+01 -2.296709e+03 2.619895e+03 1.000000e+00
1.252329e+01 -1.593381e+03 0.000000e+00 1.000000e+00
1.292861e+01 -1.582240e+03 4.987793e+02 1.000000e+00
1.331238e+01 -1.775176e+03 9.271746e+02 1.000000e+00
1.486000e+01 -1.808447e+03 1.350225e+03 1.000000e+00
1.421932e+01 -2.022187e+03 1.667169e+03 1.000000e+00
1.523026e+01 -2.050193e+03 2.035013e+03 1.000000e+00
1.281848e+01 -2.236847e+03 2.238405e+03 1.000000e+00
1.158653e+01 -2.205732e+03 2.549481e+03 1.000000e+00
9.135016e+00 -2.309036e+03 2.618418e+03 1.000000e+00
8.059700e+00 -1.591316e+03 0.000000e+00 1.000000e+00
6.504582e+00 -1.599886e+03 4.979064e+02 1.000000e+00
8.362679e+00 -1.771327e+03 9.311298e+02 1.000000e+00
6.826972e+00 -1.829367e+03 1.347730e+03 1.000000e+00
8.763933e+00 -2.019574e+03 1.675160e+03 1.000000e+00
6.950867e+00 -2.069775e+03 2.030119e+03 1.000000e+00
8.480497e+00 -2.235146e+03 2.249986e+03 1.000000e+00
6.318494e+00 -2.224511e+03 2.540693e+03 1.000000e+00
5.567652e+00 -2.305181e+03 2.635143e+03 1.000000e+00
0.000000e+00 -1.584785e+03 0.000000e+00 1.000000e+00
0.000000e+00 -1.621674e+03 4.968237e+02 1.000000e+00
0.000000e+00 -1.764958e+03 9.342487e+02 1.000000e+00
0.000000e+00 -1.852377e+03 1.343746e+03 1.000000e+00
0.000000e+00 -2.014903e+03 1.682677e+03 1.000000e+00
0.000000e+00 -2.093259e+03 2.021764e+03 1.000000e+00
0.000000e+00 -2.230629e+03 2.262954e+03 1.000000e+00
0.000000e+00 -2.247504e+03 2.526654e+03 1.000000e+00
0.000000e+00 -2.298808e+03 2.653938e+03 1.000000e+00
2.544896e+01 -1.614087e+03 0.000000e+00 1.000000e+00
2.698930e+01 -1.790631e+03 4.251151e+02 1.000000e+00
2.889665e+01 -1.795337e+03 8.185355e+02 1.000000e+00
3.015818e+01 -2.021941e+03 1.132499e+03 1.000000e+00
3.037571e+01 -2.051545e+03 1.461218e+03 1.000000e+00
2.925105e+01 -2.266605e+03 1.668180e+03 1.000000e+00
2.606814e+01 -2.262547e+03 1.942000e+03 1.000000e+00
2.162135e+01 -2.415357e+03 2.032408e+03 1.000000e+00
1.518061e+01 -2.314187e+03 2.249399e+03 1.000000e+00
2.475535e+01 -1.623831e+03 0.000000e+00 1.000000e+00
2.624260e+01 -1.796842e+03 4.265464e+02 1.000000e+00
2.849712e+01 -1.805779e+03 8.222712e+02 1.000000e+00
2.949191e+01 -2.030522e+03 1.135982e+03 1.000000e+00
2.927861e+01 -2.058941e+03 1.467102e+03 1.000000e+00
2.836377e+01 -2.277338e+03 1.673477e+03 1.000000e+00
2.580898e+01 -2.267656e+03 1.948116e+03 1.000000e+00
2.088927e+01 -2.423061e+03 2.036786e+03 1.000000e+00
1.393819e+01 -2.317031e+03 2.253989e+03 1.000000e+00
2.357900e+01 -1.631434e+03 0.000000e+00 1.000000e+00
2.528007e+01 -1.803537e+03 4.280839e+02 1.000000e+00
2.627262e+01 -1.816022e+03 8.251279e+02 1.000000e+00
2.762700e+01 -2.038275e+03 1.140229e+03 1.000000e+00
2.836830e+01 -2.068482e+03 1.472065e+03 1.000000e+00
2.645077e+01 -2.285166e+03 1.678737e+03 1.000000e+00
2.271005e+01 -2.274382e+03 1.953308e+03 1.000000e+00
1.942436e+01 -2.430435e+03 2.042121e+03 1.000000e+00
1.414055e+01 -2.320747e+03 2.257563e+03 1.000000e+00
2.110254e+01 -1.635544e+03 0.000000e+00 1.000000e+00
2.238544e+01 -1.813992e+03 4.295511e+02 1.000000e+00
2.425061e+01 -1.822698e+03 8.275573e+02 1.000000e+00
2.497923e+01 -2.047840e+03 1.144366e+03 1.000000e+00
2.457183e+01 -2.078012e+03 1.476315e+03 1.000000e+00
2.371312e+01 -2.291498e+03 1.683922e+03 1.000000e+00
2.172490e+01 -2.282593e+03 1.957970e+03 1.000000e+00
1.733236e+01 -2.435859e+03 2.047131e+03 1.000000e+00
1.101640e+01 -2.326594e+03 2.260727e+03 1.000000e+00
1.827601e+01 -1.643416e+03 0.000000e+00 1.000000e+00
1.943456e+01 -1.822298e+03 4.307939e+02 1.000000e+00
2.050718e+01 -1.830408e+03 8.300129e+02 1.000000e+00
2.130796e+01 -2.056924e+03 1.147495e+03 1.000000e+00
2.144525e+01 -2.086089e+03 1.480379e+03 1.000000e+00
2.031124e+01 -2.299511e+03 1.688524e+03 1.000000e+00
1.769664e+01 -2.291048e+03 1.962356e+03 1.000000e+00
1.467628e+01 -2.440449e+03 2.051000e+03 1.000000e+00
1.018817e+01 -2.333508e+03 2.263902e+03 1.000000e+00
1.452278e+01 -1.653694e+03 0.000000e+00 1.000000e+00
1.544794e+01 -1.827535e+03 4.318471e+02 1.000000e+00
1.638795e+01 -1.840869e+03 8.318392e+02 1.000000e+00
1.727006e+01 -2.064639e+03 1.150454e+03 1.000000e+00
1.689764e+01 -2.095229e+03 1.483539e+03 1.000000e+00
1.599974e+01 -2.307409e+03 1.692378e+03 1.000000e+00
1.448459e+01 -2.300444e+03 1.965895e+03 1.000000e+00
1.192068e+01 -2.447309e+03 2.054800e+03 1.000000e+00
7.700900e+00 -2.338773e+03 2.266214e+03 1.000000e+00
1.127048e+01 -1.656151e+03 0.000000e+00 1.000000e+00
1.082113e+01 -1.839249e+03 4.321136e+02 1.000000e+00
1.178046e+01 -1.846555e+03 8.340463e+02 1.000000e+00
1.171207e+01 -2.075931e+03 1.151577e+03 1.000000e+00
1.209546e+01 -2.100984e+03 1.487367e+03 1.000000e+00
1.104363e+01 -2.320398e+03 1.693533e+03 1.000000e+00
1.024768e+01 -2.304342e+03 1.971059e+03 1.000000e+00
7.692204e+00 -2.458889e+03 2.054338e+03 1.000000e+00
5.526140e+00 -2.339204e+03 2.272055e+03 1.000000e+00
5.483170e+00 -1.675119e+03 0.000000e+00 1.000000e+00
7.539536e+00 -1.835153e+03 4.334609e+02 1.000000e+00
5.834762e+00 -1.868821e+03 8.327162e+02 1.000000e+00
7.285830e+00 -2.070820e+03 1.156357e+03 1.000000e+00
5.896374e+00 -2.123543e+03 1.484155e+03 1.000000e+00
6.500565e+00 -2.318369e+03 1.701703e+03 1.000000e+00
5.018752e+00 -2.326118e+03 1.964736e+03 1.000000e+00
5.937165e+00 -2.455000e+03 2.066561e+03 1.000000e+00
3.081964e+00 -2.361307e+03 2.260583e+03 1.000000e+00
0.000000e+00 -1.699672e+03 0.000000e+00 1.000000e+00
0.000000e+00 -1.827032e+03 4.349539e+02 1.000000e+00
0.000000e+00 -1.894814e+03 8.300923e+02 1.000000e+00
0.000000e+00 -2.063685e+03 1.161250e+03 1.000000e+00
0.000000e+00 -2.150008e+03 1.478506e+03 1.000000e+00
0.000000e+00 -2.313022e+03 1.710398e+03 1.000000e+00
0.000000e+00 -2.354125e+03 1.955168e+03 1.000000e+00
0.000000e+00 -2.449872e+03 2.080436e+03 1.000000e+00
0.000000e+00 -2.389932e+03 2.244604e+03 1.000000e+00
2.095684e+01 -1.839348e+03 0.000000e+00 1.000000e+00
2.251534e+01 -1.811586e+03 3.773511e+02 1.000000e+00
2.381965e+01 -2.039523e+03 6.940580e+02 1.000000e+00
2.436652e+01 -2.050110e+03 9.979801e+02 1.000000e+00
2.381666e+01 -2.288502e+03 1.207602e+03 1.000000e+00
2.164936e+01 -2.291170e+03 1.450567e+03 1.000000e+00
1.816463e+01 -2.487693e+03 1.548071e+03 1.000000e+00
1.312993e+01 -2.414996e+03 1.737457e+03 1.000000e+00
6.816286e+00 -2.511517e+03 1.713318e+03 1.000000e+00
2.032448e+01 -1.846764e+03 0.000000e+00 1.000000e+00
2.216335e+01 -1.822361e+03 3.788054e+02 1.000000e+00
2.317756e+01 -2.047726e+03 6.957234e+02 1.000000e+00
2.403339e+01 -2.059573e+03 1.002172e+03 1.000000e+00
2.316751e+01 -2.298620e+03 1.210019e+03 1.000000e+00
2.072623e+01 -2.297838e+03 1.455410e+03 1.000000e+00
1.780697e+01 -2.497297e+03 1.551195e+03 1.000000e+00
1.241749e+01 -2.419299e+03 1.740170e+03 1.000000e+00
6.227704e+00 -2.515740e+03 1.715159e+03 1.000000e+00
1.972916e+01 -1.855531e+03 0.000000e+00 1.000000e+00
2.083360e+01 -1.832652e+03 3.800365e+02 1.000000e+00
2.200525e+01 -2.055244e+03 6.974501e+02 1.000000e+00
2.200712e+01 -2.069821e+03 1.005710e+03 1.000000e+00
2.165196e+01 -2.306987e+03 1.212927e+03 1.000000e+00
1.967903e+01 -2.306970e+03 1.459421e+03 1.000000e+00
1.578650e+01 -2.504899e+03 1.554365e+03 1.000000e+00
1.149684e+01 -2.424008e+03 1.742753e+03 1.000000e+00
5.990182e+00 -2.519881e+03 1.717051e+03 1.000000e+00
1.764510e+01 -1.867099e+03 0.000000e+00 1.000000e+00
1.845037e+01 -1.839468e+03 3.806318e+02 1.000000e+00
2.009391e+01 -2.065582e+03 7.000839e+02 1.000000e+00
2.044983e+01 -2.077911e+03 1.007513e+03 1.000000e+00
1.921653e+01 -2.315515e+03 1.216922e+03 1.000000e+00
1.775971e+01 -2.316850e+03 1.462210e+03 1.000000e+00
1.459034e+01 -2.511496e+03 1.557764e+03 1.000000e+00
1.069800e+01 -2.430392e+03 1.745257e+03 1.000000e+00
4.665391e+00 -2.522404e+03 1.718204e+03 1.000000e+00
1.518850e+01 -1.874906e+03 0.000000e+00 1.000000e+00
1.634072e+01 -1.847869e+03 3.812741e+02 1.000000e+00
1.692653e+01 -2.075062e+03 7.021012e+02 1.000000e+00
1.704536e+01 -2.086259e+03 1.009468e+03 1.000000e+00
1.687941e+01 -2.324749e+03 1.220126e+03 1.000000e+00
1.485618e+01 -2.325422e+03 1.464779e+03 1.000000e+00
1.217749e+01 -2.518442e+03 1.561092e+03 1.000000e+00
8.288507e+00 -2.438715e+03 1.746652e+03 1.000000e+00
4.206057e+00 -2.524319e+03 1.720394e+03 1.000000e+00
1.183219e+01 -1.880704e+03 0.000000e+00 1.000000e+00
1.305440e+01 -1.858947e+03 3.823434e+02 1.000000e+00
1.371521e+01 -2.081649e+03 7.028325e+02 1.000000e+00
1.354050e+01 -2.096891e+03 1.011941e+03 1.000000e+00
1.312877e+01 -2.333401e+03 1.222278e+03 1.000000e+00
1.164923e+01 -2.335003e+03 1.467201e+03 1.000000e+00
9.524268e+00 -2.525234e+03 1.563522e+03 1.000000e+00
7.161680e+00 -2.446090e+03 1.748352e+03 1.000000e+00
3.204032e+00 -2.529963e+03 1.722154e+03 1.000000e+00
9.076224e+00 -1.895173e+03 0.000000e+00 1.000000e+00
9.484219e+00 -1.863226e+03 3.830769e+02 1.000000e+00
9.412463e+00 -2.093818e+03 7.033235e+02 1.000000e+00
1.039913e+01 -2.102986e+03 1.014362e+03 1.000000e+00
8.985572e+00 -2.346810e+03 1.222468e+03 1.000000e+00
8.832163e+00 -2.339349e+03 1.471425e+03 1.000000e+00
6.639913e+00 -2.539548e+03 1.562142e+03 1.000000e+00
5.141143e+00 -2.449197e+03 1.753753e+03 1.000000e+00
2.158023e+00 -2.542841e+03 1.718419e+03 1.000000e+00
6.653636e+00 -1.890368e+03 0.000000e+00 1.000000e+00
4.882017e+00 -1.886440e+03 3.819492e+02 1.000000e+00
6.299100e+00 -2.087742e+03 7.064390e+02 1.000000e+00
4.639870e+00 -2.128052e+03 1.011639e+03 1.000000e+00
5.636103e+00 -2.342275e+03 1.228401e+03 1.000000e+00
3.158395e+00 -2.362943e+03 1.466055e+03 1.000000e+00
3.982962e+00 -2.535668e+03 1.571757e+03 1.000000e+00
2.047570e+00 -2.474040e+03 1.744088e+03 1.000000e+00
1.914625e+00 -2.535386e+03 1.732208e+03 1.000000e+00
0.000000e+00 -1.879913e+03 0.000000e+00 1.000000e+00
0.000000e+00 -1.914880e+03 3.806871e+02 1.000000e+00
0.000000e+00 -2.078224e+03 7.092751e+02 1.000000e+00
0.000000e+00 -2.157347e+03 1.007692e+03 1.000000e+00
0.000000e+00 -2.334644e+03 1.234847e+03 1.000000e+00
0.000000e+00 -2.392774e+03 1.457939e+03 1.000000e+00
0.000000e+00 -2.527837e+03 1.583294e+03 1.000000e+00
0.000000e+00 -2.504496e+03 1.730709e+03 1.000000e+00
0.000000e+00 -2.525819e+03 1.749192e+03 1.000000e+00
