0 729 0.00000e+00
  1     729
-2.401453e+01 -1.667006e+03 0.000000e+00 1.000000e+00
-2.455433e+01 -1.474352e+03 -3.182261e+02 1.000000e+00
-2.514984e+01 -1.647146e+03 -5.984293e+02 1.000000e+00
-2.643207e+01 -1.338051e+03 -8.818833e+02 1.000000e+00
-2.792026e+01 -1.411383e+03 -1.113347e+03 1.000000e+00
-2.843046e+01 -1.000774e+03 -1.380237e+03 1.000000e+00
-2.817027e+01 -9.939628e+02 -1.553782e+03 1.000000e+00
-2.684408e+01 -5.115070e+02 -1.799308e+03 1.000000e+00
-2.363949e+01 -4.553000e+02 -1.892467e+03 1.000000e+00
-2.354272e+01 -1.672865e+03 0.000000e+00 1.000000e+00
-2.387862e+01 -1.478138e+03 -3.199971e+02 1.000000e+00
-2.461031e+01 -1.651694e+03 -6.021114e+02 1.000000e+00
-2.583330e+01 -1.341131e+03 -8.864797e+02 1.000000e+00
-2.713403e+01 -1.413046e+03 -1.119479e+03 1.000000e+00
-2.763272e+01 -1.002022e+03 -1.386417e+03 1.000000e+00
-2.751977e+01 -9.929046e+02 -1.560876e+03 1.000000e+00
-2.557745e+01 -5.098003e+02 -1.805409e+03 1.000000e+00
-2.250075e+01 -4.520358e+02 -1.899056e+03 1.000000e+00
-2.206405e+01 -1.677394e+03 0.000000e+00 1.000000e+00
-2.249322e+01 -1.483069e+03 -3.217594e+02 1.000000e+00
-2.273102e+01 -1.655771e+03 -6.054417e+02 1.000000e+00
-2.423292e+01 -1.345049e+03 -8.912322e+02 1.000000e+00
-2.535267e+01 -1.414614e+03 -1.124842e+03 1.000000e+00
-2.512923e+01 -1.004280e+03 -1.392692e+03 1.000000e+00
-2.491528e+01 -9.917575e+02 -1.566950e+03 1.000000e+00
-2.405730e+01 -5.098106e+02 -1.811922e+03 1.000000e+00
-2.196319e+01 -4.486985e+02 -1.904617e+03 1.000000e+00
-1.949825e+01 -1.682125e+03 0.000000e+00 1.000000e+00
-2.019641e+01 -1.488085e+03 -3.236716e+02 1.000000e+00
-2.092396e+01 -1.660247e+03 -6.082554e+02 1.000000e+00
-2.159802e+01 -1.348444e+03 -8.957527e+02 1.000000e+00
-2.270389e+01 -1.417612e+03 -1.129674e+03 1.000000e+00
-2.303103e+01 -1.004996e+03 -1.398549e+03 1.000000e+00
-2.306375e+01 -9.927881e+02 -1.572337e+03 1.000000e+00
-2.093543e+01 -5.079628e+02 -1.817918e+03 1.000000e+00
-1.864136e+01 -4.474713e+02 -1.909831e+03 1.000000e+00
-1.728658e+01 -1.685765e+03 0.000000e+00 1.000000e+00
-1.719080e+01 -1.494755e+03 -3.251457e+02 1.000000e+00
-1.737877e+01 -1.663641e+03 -6.111056e+02 1.000000e+00
-1.870130e+01 -1.353345e+03 -8.994305e+02 1.000000e+00
-1.942827e+01 -1.419951e+03 -1.134208e+03 1.000000e+00
-1.907820e+01 -1.007206e+03 -1.403271e+03 1.000000e+00
-1.920352e+01 -9.935496e+02 -1.577758e+03 1.000000e+00
-1.819275e+01 -5.069332e+02 -1.822319e+03 1.000000e+00
-1.630198e+01 -4.465138e+02 -1.915133e+03 1.000000e+00
-1.282418e+01 -1.689556e+03 0.000000e+00 1.000000e+00
-1.362375e+01 -1.502248e+03 -3.265543e+02 1.000000e+00
-1.435314e+01 -1.666853e+03 -6.133765e+02 1.000000e+00
-1.426413e+01 -1.360081e+03 -9.024622e+02 1.000000e+00
-1.521002e+01 -1.421254e+03 -1.138064e+03 1.000000e+00
-1.542566e+01 -1.012177e+03 -1.407022e+03 1.000000e+00
-1.541134e+01 -9.929047e+02 -1.582329e+03 1.000000e+00
-1.404073e+01 -5.095768e+02 -1.826467e+03 1.000000e+00
-1.336334e+01 -4.437593e+02 -1.919643e+03 1.000000e+00
-9.643210e+00 -1.706940e+03 0.000000e+00 1.000000e+00
-9.726342e+00 -1.497347e+03 -3.278615e+02 1.000000e+00
-9.494624e+00 -1.682954e+03 -6.146984e+02 1.000000e+00
-1.090018e+01 -1.354791e+03 -9.055234e+02 1.000000e+00
-1.064994e+01 -1.435112e+03 -1.139727e+03 1.000000e+00
-1.115179e+01 -1.005671e+03 -1.411717e+03 1.000000e+00
-1.118627e+01 -1.003968e+03 -1.583671e+03 1.000000e+00
-1.018355e+01 -5.014548e+02 -1.832017e+03 1.000000e+00
-8.744098e+00 -4.520231e+02 -1.920176e+03 1.000000e+00
-5.378114e+00 -1.686415e+03 0.000000e+00 1.000000e+00
-4.502765e+00 -1.531339e+03 -3.278312e+02 1.000000e+00
-5.518566e+00 -1.661971e+03 -6.170080e+02 1.000000e+00
-4.930442e+00 -1.387249e+03 -9.055491e+02 1.000000e+00
-6.294868e+00 -1.413141e+03 -1.143633e+03 1.000000e+00
-5.483254e+00 -1.036320e+03 -1.410640e+03 1.000000e+00
-5.915105e+00 -9.802292e+02 -1.589833e+03 1.000000e+00
-5.647826e+00 -5.299020e+02 -1.829427e+03 1.000000e+00
-6.064744e+00 -4.266083e+02 -1.928120e+03 1.000000e+00
0.000000e+00 -1.656276e+03 0.000000e+00 1.000000e+00
0.000000e+00 -1.576484e+03 -3.273894e+02 1.000000e+00
0.000000e+00 -1.631376e+03 -6.188185e+02 1.000000e+00
0.000000e+00 -1.431232e+03 -9.037919e+02 1.000000e+00
0.000000e+00 -1.381587e+03 -1.147776e+03 1.000000e+00
0.000000e+00 -1.078048e+03 -1.406490e+03 1.000000e+00
0.000000e+00 -9.475220e+02 -1.596646e+03 1.000000e+00
0.000000e+00 -5.688603e+02 -1.823142e+03 1.000000e+00
0.000000e+00 -3.921286e+02 -1.937908e+03 1.000000e+00
-2.400880e+01 -1.399533e+03 0.000000e+00 1.000000e+00
-2.451478e+01 -1.617441e+03 -3.188060e+02 1.000000e+00
-2.484770e+01 -1.369880e+03 -6.175226e+02 1.000000e+00
-2.569102e+01 -1.475078e+03 -8.708414e+02 1.000000e+00
-2.678328e+01 -1.121505e+03 -1.142480e+03 1.000000e+00
-2.677320e+01 -1.134184e+03 -1.337059e+03 1.000000e+00
-2.590293e+01 -6.964455e+02 -1.584721e+03 1.000000e+00
-2.409263e+01 -6.488695e+02 -1.703244e+03 1.000000e+00
-2.037156e+01 -1.600545e+02 -1.918980e+03 1.000000e+00
-2.379599e+01 -1.403104e+03 0.000000e+00 1.000000e+00
-2.361914e+01 -1.622519e+03 -3.204325e+02 1.000000e+00
-2.398129e+01 -1.372934e+03 -6.210152e+02 1.000000e+00
-2.524305e+01 -1.478597e+03 -8.753796e+02 1.000000e+00
-2.539418e+01 -1.122904e+03 -1.147507e+03 1.000000e+00
-2.567368e+01 -1.134426e+03 -1.343734e+03 1.000000e+00
-2.503083e+01 -6.962852e+02 -1.590010e+03 1.000000e+00
-2.249134e+01 -6.465928e+02 -1.709711e+03 1.000000e+00
-1.947232e+01 -1.583977e+02 -1.924079e+03 1.000000e+00
-2.179651e+01 -1.407612e+03 0.000000e+00 1.000000e+00
-2.248701e+01 -1.626679e+03 -3.221108e+02 1.000000e+00
-2.292557e+01 -1.377380e+03 -6.242615e+02 1.000000e+00
-2.324737e+01 -1.481025e+03 -8.794708e+02 1.000000e+00
-2.488675e+01 -1.125636e+03 -1.152993e+03 1.000000e+00
-2.406925e+01 -1.134730e+03 -1.348884e+03 1.000000e+00
-2.314611e+01 -6.968905e+02 -1.595983e+03 1.000000e+00
-2.223661e+01 -6.440798e+02 -1.715224e+03 1.000000e+00
-1.845551e+01 -1.568026e+02 -1.928896e+03 1.000000e+00
-1.993540e+01 -1.412648e+03 0.000000e+00 1.000000e+00
-1.985448e+01 -1.631017e+03 -3.237747e+02 1.000000e+00
-2.017853e+01 -1.381602e+03 -6.271284e+02 1.000000e+00
-2.121232e+01 -1.484621e+03 -8.833110e+02 1.000000e+00
-2.098981e+01 -1.127498e+03 -1.157904e+03 1.000000e+00
-2.103370e+01 -1.136743e+03 -1.353576e+03 1.000000e+00
-2.095855e+01 -6.961453e+02 -1.601638e+03 1.000000e+00
-1.804011e+01 -6.439472e+02 -1.719648e+03 1.000000e+00
-1.607483e+01 -1.538733e+02 -1.933948e+03 1.000000e+00
-1.681202e+01 -1.419120e+03 0.000000e+00 1.000000e+00
-1.725968e+01 -1.634428e+03 -3.252268e+02 1.000000e+00
-1.737427e+01 -1.387004e+03 -6.295406e+02 1.000000e+00
-1.784410e+01 -1.487441e+03 -8.870871e+02 1.000000e+00
-1.871438e+01 -1.130280e+03 -1.161378e+03 1.000000e+00
-1.825196e+01 -1.138142e+03 -1.358772e+03 1.000000e+00
-1.759620e+01 -6.963505e+02 -1.605340e+03 1.000000e+00
-1.650362e+01 -6.434864e+02 -1.724718e+03 1.000000e+00
-1.416233e+01 -1.525249e+02 -1.937421e+03 1.000000e+00
-1.322804e+01 -1.426177e+03 0.000000e+00 1.000000e+00
-1.340721e+01 -1.637910e+03 -3.265586e+02 1.000000e+00
-1.386963e+01 -1.393835e+03 -6.315873e+02 1.000000e+00
-1.424450e+01 -1.489654e+03 -8.899025e+02 1.000000e+00
-1.419329e+01 -1.135753e+03 -1.164814e+03 1.000000e+00
-1.447605e+01 -1.138742e+03 -1.362375e+03 1.000000e+00
-1.418790e+01 -6.996823e+02 -1.608872e+03 1.000000e+00
-1.249663e+01 -6.415004e+02 -1.729094e+03 1.000000e+00
-1.117739e+01 -1.533887e+02 -1.939954e+03 1.000000e+00
-9.657910e+00 -1.421602e+03 0.000000e+00 1.000000e+00
-9.292533e+00 -1.653793e+03 -3.272439e+02 1.000000e+00
-9.705044e+00 -1.389185e+03 -6.337939e+02 1.000000e+00
-9.495303e+00 -1.503667e+03 -8.910489e+02 1.000000e+00
-1.050930e+01 -1.130408e+03 -1.168770e+03 1.000000e+00
-9.656366e+00 -1.150100e+03 -1.363147e+03 1.000000e+00
-1.026083e+01 -6.928270e+02 -1.614531e+03 1.000000e+00
-8.820932e+00 -6.507573e+02 -1.728466e+03 1.000000e+00
-7.964534e+00 -1.449913e+02 -1.946593e+03 1.000000e+00
-4.819625e+00 -1.454088e+03 0.000000e+00 1.000000e+00
-5.321229e+00 -1.634141e+03 -3.280784e+02 1.000000e+00
-4.317719e+00 -1.420930e+03 -6.338519e+02 1.000000e+00
-5.837133e+00 -1.482917e+03 -8.943061e+02 1.000000e+00
-4.915618e+00 -1.160450e+03 -1.167720e+03 1.000000e+00
-6.136881e+00 -1.128104e+03 -1.368447e+03 1.000000e+00
-5.071815e+00 -7.209055e+02 -1.611875e+03 1.000000e+00
-5.768804e+00 -6.267731e+02 -1.736493e+03 1.000000e+00
-5.049284e+00 -1.704981e+02 -1.940755e+03 1.000000e+00
0.000000e+00 -1.497376e+03 0.000000e+00 1.000000e+00
0.000000e+00 -1.605501e+03 -3.287338e+02 1.000000e+00
0.000000e+00 -1.463274e+03 -6.328673e+02 1.000000e+00
0.000000e+00 -1.454158e+03 -8.973633e+02 1.000000e+00
0.000000e+00 -1.201121e+03 -1.164406e+03 1.000000e+00
0.000000e+00 -1.098110e+03 -1.374550e+03 1.000000e+00
0.000000e+00 -7.595822e+02 -1.605297e+03 1.000000e+00
0.000000e+00 -5.943973e+02 -1.746592e+03 1.000000e+00
0.000000e+00 -2.056074e+02 -1.930147e+03 1.000000e+00
-2.385885e+01 -1.526775e+03 0.000000e+00 1.000000e+00
-2.430872e+01 -1.352848e+03 -3.284911e+02 1.000000e+00
-2.436276e+01 -1.492104e+03 -6.117145e+02 1.000000e+00
-2.475283e+01 -1.199930e+03 -8.936486e+02 1.000000e+00
-2.538997e+01 -1.238696e+03 -1.111710e+03 1.000000e+00
-2.486130e+01 -8.507186e+02 -1.363476e+03 1.000000e+00
-2.339421e+01 -8.158181e+02 -1.507319e+03 1.000000e+00
-2.104920e+01 -3.653963e+02 -1.726430e+03 1.000000e+00
-1.686169e+01 -2.958136e+02 -1.775689e+03 1.000000e+00
-2.371279e+01 -1.531896e+03 0.000000e+00 1.000000e+00
-2.345992e+01 -1.356192e+03 -3.300338e+02 1.000000e+00
-2.358205e+01 -1.496602e+03 -6.150038e+02 1.000000e+00
-2.457600e+01 -1.202394e+03 -8.978677e+02 1.000000e+00
-2.438197e+01 -1.241061e+03 -1.116371e+03 1.000000e+00
-2.378933e+01 -8.517109e+02 -1.369148e+03 1.000000e+00
-2.313742e+01 -8.156056e+02 -1.512766e+03 1.000000e+00
-2.018318e+01 -3.649071e+02 -1.731155e+03 1.000000e+00
-1.599324e+01 -2.922230e+02 -1.780520e+03 1.000000e+00
-2.133938e+01 -1.535659e+03 0.000000e+00 1.000000e+00
-2.231548e+01 -1.360611e+03 -3.318411e+02 1.000000e+00
-2.219864e+01 -1.499531e+03 -6.176276e+02 1.000000e+00
-2.198926e+01 -1.205604e+03 -9.020651e+02 1.000000e+00
-2.310886e+01 -1.241811e+03 -1.120947e+03 1.000000e+00
-2.220980e+01 -8.527637e+02 -1.374168e+03 1.000000e+00
-2.019567e+01 -8.140664e+02 -1.517683e+03 1.000000e+00
-1.866384e+01 -3.638390e+02 -1.736188e+03 1.000000e+00
-1.517213e+01 -2.892219e+02 -1.784392e+03 1.000000e+00
-2.030539e+01 -1.539957e+03 0.000000e+00 1.000000e+00
-1.951100e+01 -1.364920e+03 -3.332527e+02 1.000000e+00
-1.985203e+01 -1.503105e+03 -6.204073e+02 1.000000e+00
-2.093846e+01 -1.208526e+03 -9.055389e+02 1.000000e+00
-2.008864e+01 -1.243861e+03 -1.125255e+03 1.000000e+00
-1.966337e+01 -8.530389e+02 -1.378645e+03 1.000000e+00
-1.959422e+01 -8.146840e+02 -1.522308e+03 1.000000e+00
-1.647378e+01 -3.614883e+02 -1.740298e+03 1.000000e+00
-1.328358e+01 -2.885540e+02 -1.788293e+03 1.000000e+00
-1.637943e+01 -1.543448e+03 0.000000e+00 1.000000e+00
-1.699178e+01 -1.370575e+03 -3.343148e+02 1.000000e+00
-1.702079e+01 -1.506534e+03 -6.231558e+02 1.000000e+00
-1.669524e+01 -1.212671e+03 -9.081874e+02 1.000000e+00
-1.749316e+01 -1.246327e+03 -1.129339e+03 1.000000e+00
-1.694053e+01 -8.550732e+02 -1.382170e+03 1.000000e+00
-1.520558e+01 -8.154664e+02 -1.526693e+03 1.000000e+00
-1.411350e+01 -3.611757e+02 -1.743554e+03 1.000000e+00
-1.146450e+01 -2.869600e+02 -1.791724e+03 1.000000e+00
-1.323149e+01 -1.546413e+03 0.000000e+00 1.000000e+00
-1.325174e+01 -1.377221e+03 -3.357314e+02 1.000000e+00
-1.331007e+01 -1.508891e+03 -6.246612e+02 1.000000e+00
-1.381866e+01 -1.217867e+03 -9.110240e+02 1.000000e+00
-1.350324e+01 -1.246996e+03 -1.132263e+03 1.000000e+00
-1.298165e+01 -8.581191e+02 -1.385316e+03 1.000000e+00
-1.325625e+01 -8.141252e+02 -1.530010e+03 1.000000e+00
-1.076044e+01 -3.622866e+02 -1.746692e+03 1.000000e+00
-9.403105e+00 -2.842687e+02 -1.794494e+03 1.000000e+00
-9.039746e+00 -1.561461e+03 0.000000e+00 1.000000e+00
-9.621536e+00 -1.373398e+03 -3.369297e+02 1.000000e+00
-9.072675e+00 -1.522982e+03 -6.253379e+02 1.000000e+00
-9.420893e+00 -1.213707e+03 -9.141304e+02 1.000000e+00
-9.404298e+00 -1.259053e+03 -1.132924e+03 1.000000e+00
-9.745821e+00 -8.529503e+02 -1.389738e+03 1.000000e+00
-8.639699e+00 -8.241550e+02 -1.530336e+03 1.000000e+00
-8.347189e+00 -3.549457e+02 -1.751522e+03 1.000000e+00
-6.585668e+00 -2.920652e+02 -1.793708e+03 1.000000e+00
-6.253892e+00 -1.543346e+03 0.000000e+00 1.000000e+00
-4.001360e+00 -1.403869e+03 -3.363842e+02 1.000000e+00
-4.911711e+00 -1.504014e+03 -6.279234e+02 1.000000e+00
-4.564919e+00 -1.243272e+03 -9.130211e+02 1.000000e+00
-5.199145e+00 -1.238637e+03 -1.137635e+03 1.000000e+00
-4.576115e+00 -8.809149e+02 -1.387192e+03 1.000000e+00
-5.535903e+00 -8.022845e+02 -1.537235e+03 1.000000e+00
-4.327965e+00 -3.802137e+02 -1.746796e+03 1.000000e+00
-4.580846e+00 -2.681869e+02 -1.802938e+03 1.000000e+00
0.000000e+00 -1.516730e+03 0.000000e+00 1.000000e+00
0.000000e+00 -1.444026e+03 -3.352097e+02 1.000000e+00
0.000000e+00 -1.476729e+03 -6.305213e+02 1.000000e+00
0.000000e+00 -1.282068e+03 -9.103351e+02 1.000000e+00
0.000000e+00 -1.210197e+03 -1.142332e+03 1.000000e+00
0.000000e+00 -9.172979e+02 -1.382308e+03 1.000000e+00
0.000000e+00 -7.723903e+02 -1.545088e+03 1.000000e+00
0.000000e+00 -4.144289e+02 -1.738228e+03 1.000000e+00
0.000000e+00 -2.359414e+02 -1.814879e+03 1.000000e+00
-2.352709e+01 -1.273614e+03 0.000000e+00 1.000000e+00
-2.391370e+01 -1.459606e+03 -3.260065e+02 1.000000e+00
-2.373174e+01 -1.231168e+03 -6.272550e+02 1.000000e+00
-2.371030e+01 -1.302369e+03 -8.729533e+02 1.000000e+00
-2.367016e+01 -9.697628e+02 -1.133811e+03 1.000000e+00
-2.279895e+01 -9.541511e+02 -1.303094e+03 1.000000e+00
-2.075974e+01 -5.455406e+02 -1.527208e+03 1.000000e+00
-1.771100e+01 -4.815010e+02 -1.606421e+03 1.000000e+00
-1.335515e+01 -3.483381e+01 -1.788642e+03 1.000000e+00
-2.341416e+01 -1.276686e+03 0.000000e+00 1.000000e+00
-2.317300e+01 -1.464052e+03 -3.274017e+02 1.000000e+00
-2.292188e+01 -1.233274e+03 -6.303301e+02 1.000000e+00
-2.337725e+01 -1.304875e+03 -8.767543e+02 1.000000e+00
-2.284666e+01 -9.701437e+02 -1.138024e+03 1.000000e+00
-2.189447e+01 -9.540712e+02 -1.308205e+03 1.000000e+00
-2.049489e+01 -5.443679e+02 -1.531780e+03 1.000000e+00
-1.700660e+01 -4.784283e+02 -1.610492e+03 1.000000e+00
-1.207862e+01 -3.328708e+01 -1.792251e+03 1.000000e+00
-2.105779e+01 -1.281133e+03 0.000000e+00 1.000000e+00
-2.163436e+01 -1.467184e+03 -3.288730e+02 1.000000e+00
-2.169877e+01 -1.237275e+03 -6.331011e+02 1.000000e+00
-2.123573e+01 -1.307042e+03 -8.801148e+02 1.000000e+00
-2.147444e+01 -9.722966e+02 -1.142520e+03 1.000000e+00
-2.035204e+01 -9.542164e+02 -1.312277e+03 1.000000e+00
-1.787468e+01 -5.448625e+02 -1.536297e+03 1.000000e+00
-1.587610e+01 -4.764844e+02 -1.614457e+03 1.000000e+00
-1.244618e+01 -3.236598e+01 -1.795504e+03 1.000000e+00
-1.988438e+01 -1.285061e+03 0.000000e+00 1.000000e+00
-1.941350e+01 -1.471053e+03 -3.302078e+02 1.000000e+00
-1.905265e+01 -1.240799e+03 -6.355096e+02 1.000000e+00
-1.979523e+01 -1.309776e+03 -8.833934e+02 1.000000e+00
-1.889860e+01 -9.738888e+02 -1.146185e+03 1.000000e+00
-1.795617e+01 -9.554742e+02 -1.316255e+03 1.000000e+00
-1.735737e+01 -5.439297e+02 -1.540301e+03 1.000000e+00
-1.398511e+01 -4.764725e+02 -1.617809e+03 1.000000e+00
-9.599855e+00 -2.945801e+01 -1.798309e+03 1.000000e+00
-1.602526e+01 -1.290134e+03 0.000000e+00 1.000000e+00
-1.657163e+01 -1.474471e+03 -3.314723e+02 1.000000e+00
-1.644834e+01 -1.244817e+03 -6.373567e+02 1.000000e+00
-1.614581e+01 -1.311933e+03 -8.865751e+02 1.000000e+00
-1.616366e+01 -9.759160e+02 -1.148882e+03 1.000000e+00
-1.551169e+01 -9.558965e+02 -1.320293e+03 1.000000e+00
-1.352692e+01 -5.438773e+02 -1.543099e+03 1.000000e+00
-1.162961e+01 -4.747323e+02 -1.621079e+03 1.000000e+00
-9.679407e+00 -2.840984e+01 -1.800492e+03 1.000000e+00
-1.319726e+01 -1.296873e+03 0.000000e+00 1.000000e+00
-1.293111e+01 -1.477181e+03 -3.326095e+02 1.000000e+00
-1.272374e+01 -1.250963e+03 -6.388822e+02 1.000000e+00
-1.316613e+01 -1.314185e+03 -8.888901e+02 1.000000e+00
-1.246966e+01 -9.803842e+02 -1.151635e+03 1.000000e+00
-1.193094e+01 -9.566153e+02 -1.322942e+03 1.000000e+00
-1.148465e+01 -5.467798e+02 -1.545860e+03 1.000000e+00
-9.801438e+00 -4.734616e+02 -1.623817e+03 1.000000e+00
-6.813560e+00 -2.951693e+01 -1.802211e+03 1.000000e+00
-9.476359e+00 -1.293630e+03 0.000000e+00 1.000000e+00
-8.814086e+00 -1.490460e+03 -3.329260e+02 1.000000e+00
-9.134469e+00 -1.247206e+03 -6.408992e+02 1.000000e+00
-8.542935e+00 -1.325882e+03 -8.894352e+02 1.000000e+00
-9.050701e+00 -9.754893e+02 -1.155249e+03 1.000000e+00
-8.636234e+00 -9.662747e+02 -1.323081e+03 1.000000e+00
-8.010117e+00 -5.400190e+02 -1.550481e+03 1.000000e+00
-6.335779e+00 -4.810991e+02 -1.622663e+03 1.000000e+00
-5.765727e+00 -2.084156e+01 -1.807188e+03 1.000000e+00
-5.004767e+00 -1.322299e+03 0.000000e+00 1.000000e+00
-5.240697e+00 -1.473309e+03 -3.335736e+02 1.000000e+00
-3.360592e+00 -1.275322e+03 -6.404668e+02 1.000000e+00
-5.293362e+00 -1.307355e+03 -8.928869e+02 1.000000e+00
-3.897306e+00 -1.002610e+03 -1.153169e+03 1.000000e+00
-4.876749e+00 -9.459328e+02 -1.329225e+03 1.000000e+00
-4.540212e+00 -5.653770e+02 -1.545905e+03 1.000000e+00
-4.693740e+00 -4.588658e+02 -1.631344e+03 1.000000e+00
-3.035475e+00 -4.314849e+01 -1.799189e+03 1.000000e+00
0.000000e+00 -1.359892e+03 0.000000e+00 1.000000e+00
0.000000e+00 -1.448890e+03 -3.341846e+02 1.000000e+00
0.000000e+00 -1.312665e+03 -6.389782e+02 1.000000e+00
0.000000e+00 -1.282044e+03 -8.966624e+02 1.000000e+00
0.000000e+00 -1.038886e+03 -1.148672e+03 1.000000e+00
0.000000e+00 -9.193163e+02 -1.336307e+03 1.000000e+00
0.000000e+00 -5.996111e+02 -1.538490e+03 1.000000e+00
0.000000e+00 -4.302474e+02 -1.641713e+03 1.000000e+00
0.000000e+00 -7.400568e+01 -1.787135e+03 1.000000e+00
-2.315476e+01 -1.365076e+03 0.000000e+00 1.000000e+00
-2.333997e+01 -1.210106e+03 -3.333908e+02 1.000000e+00
-2.291482e+01 -1.317188e+03 -6.149306e+02 1.000000e+00
-2.255956e+01 -1.045812e+03 -8.894158e+02 1.000000e+00
-2.190276e+01 -1.054699e+03 -1.089445e+03 1.000000e+00
-2.054415e+01 -6.954121e+02 -1.319700e+03 1.000000e+00
-1.807980e+01 -6.406026e+02 -1.429612e+03 1.000000e+00
-1.437557e+01 -2.301546e+02 -1.616150e+03 1.000000e+00
-9.659672e+00 -1.546696e+02 -1.620486e+03 1.000000e+00
-2.270115e+01 -1.369153e+03 0.000000e+00 1.000000e+00
-2.263759e+01 -1.212713e+03 -3.348191e+02 1.000000e+00
-2.196442e+01 -1.320933e+03 -6.174942e+02 1.000000e+00
-2.185942e+01 -1.047483e+03 -8.931022e+02 1.000000e+00
-2.098441e+01 -1.056563e+03 -1.092905e+03 1.000000e+00
-1.950604e+01 -6.955776e+02 -1.324325e+03 1.000000e+00
-1.715955e+01 -6.396848e+02 -1.433024e+03 1.000000e+00
-1.353521e+01 -2.295793e+02 -1.619977e+03 1.000000e+00
-9.029639e+00 -1.525285e+02 -1.622836e+03 1.000000e+00
-2.057973e+01 -1.371861e+03 0.000000e+00 1.000000e+00
-2.118546e+01 -1.216819e+03 -3.363833e+02 1.000000e+00
-2.108591e+01 -1.323112e+03 -6.196823e+02 1.000000e+00
-2.043142e+01 -1.049974e+03 -8.964651e+02 1.000000e+00
-1.996259e+01 -1.057122e+03 -1.096391e+03 1.000000e+00
-1.871789e+01 -6.961556e+02 -1.328288e+03 1.000000e+00
-1.636576e+01 -6.384907e+02 -1.436343e+03 1.000000e+00
-1.323482e+01 -2.285941e+02 -1.623445e+03 1.000000e+00
-8.603299e+00 -1.496267e+02 -1.624678e+03 1.000000e+00
-1.926501e+01 -1.375559e+03 0.000000e+00 1.000000e+00
-1.879797e+01 -1.220328e+03 -3.375870e+02 1.000000e+00
-1.823770e+01 -1.326239e+03 -6.219044e+02 1.000000e+00
-1.822350e+01 -1.052014e+03 -8.991365e+02 1.000000e+00
-1.730236e+01 -1.058754e+03 -1.099966e+03 1.000000e+00
-1.593053e+01 -6.961407e+02 -1.331196e+03 1.000000e+00
-1.403025e+01 -6.386731e+02 -1.439998e+03 1.000000e+00
-1.116069e+01 -2.263147e+02 -1.625815e+03 1.000000e+00
-7.161381e+00 -1.492331e+02 -1.626681e+03 1.000000e+00
-1.596495e+01 -1.379175e+03 0.000000e+00 1.000000e+00
-1.592242e+01 -1.224432e+03 -3.383097e+02 1.000000e+00
-1.586889e+01 -1.329342e+03 -6.241944e+02 1.000000e+00
-1.564964e+01 -1.055361e+03 -9.011442e+02 1.000000e+00
-1.471835e+01 -1.060286e+03 -1.103098e+03 1.000000e+00
-1.422330e+01 -6.976459e+02 -1.333830e+03 1.000000e+00
-1.226096e+01 -6.384538e+02 -1.442887e+03 1.000000e+00
-9.701628e+00 -2.263414e+02 -1.627855e+03 1.000000e+00
-6.831064e+00 -1.479221e+02 -1.628708e+03 1.000000e+00
-1.252219e+01 -1.381617e+03 0.000000e+00 1.000000e+00
-1.280077e+01 -1.230495e+03 -3.393435e+02 1.000000e+00
-1.219266e+01 -1.331186e+03 -6.253773e+02 1.000000e+00
-1.202775e+01 -1.059755e+03 -9.033872e+02 1.000000e+00
-1.184309e+01 -1.060956e+03 -1.105244e+03 1.000000e+00
-1.068078e+01 -7.001512e+02 -1.336340e+03 1.000000e+00
-9.768189e+00 -6.375164e+02 -1.444976e+03 1.000000e+00
-7.919755e+00 -2.269888e+02 -1.629872e+03 1.000000e+00
-5.041500e+00 -1.448291e+02 -1.629835e+03 1.000000e+00
-8.661283e+00 -1.393586e+03 0.000000e+00 1.000000e+00
-8.938989e+00 -1.227940e+03 -3.403625e+02 1.000000e+00
-8.093297e+00 -1.342862e+03 -6.254609e+02 1.000000e+00
-8.552501e+00 -1.056139e+03 -9.063267e+02 1.000000e+00
-7.562485e+00 -1.071207e+03 -1.105287e+03 1.000000e+00
-7.962271e+00 -6.949904e+02 -1.340221e+03 1.000000e+00
-6.472842e+00 -6.459379e+02 -1.444192e+03 1.000000e+00
-5.466053e+00 -2.199702e+02 -1.634297e+03 1.000000e+00
-4.173238e+00 -1.523197e+02 -1.627492e+03 1.000000e+00
-6.443494e+00 -1.377990e+03 0.000000e+00 1.000000e+00
-3.922433e+00 -1.254511e+03 -3.394000e+02 1.000000e+00
-4.380239e+00 -1.326263e+03 -6.279533e+02 1.000000e+00
-3.812133e+00 -1.082284e+03 -9.048958e+02 1.000000e+00
-4.906672e+00 -1.052996e+03 -1.109938e+03 1.000000e+00
-3.793797e+00 -7.196023e+02 -1.336756e+03 1.000000e+00
-4.998857e+00 -6.260232e+02 -1.451721e+03 1.000000e+00
-3.300151e+00 -2.420692e+02 -1.626944e+03 1.000000e+00
-2.355448e+00 -1.305797e+02 -1.638262e+03 1.000000e+00
0.000000e+00 -1.355625e+03 0.000000e+00 1.000000e+00
0.000000e+00 -1.289174e+03 -3.380347e+02 1.000000e+00
0.000000e+00 -1.302989e+03 -6.305032e+02 1.000000e+00
0.000000e+00 -1.116007e+03 -9.019781e+02 1.000000e+00
0.000000e+00 -1.028404e+03 -1.115135e+03 1.000000e+00
0.000000e+00 -7.517343e+02 -1.330676e+03 1.000000e+00
0.000000e+00 -5.991512e+02 -1.461012e+03 1.000000e+00
0.000000e+00 -2.713141e+02 -1.616105e+03 1.000000e+00
0.000000e+00 -1.013422e+02 -1.651531e+03 1.000000e+00
-2.258349e+01 -1.125747e+03 0.000000e+00 1.000000e+00
-2.265068e+01 -1.281242e+03 -3.273032e+02 1.000000e+00
-2.186530e+01 -1.072604e+03 -6.253070e+02 1.000000e+00
-2.119394e+01 -1.114425e+03 -8.590552e+02 1.000000e+00
-1.999571e+01 -8.085672e+02 -1.102146e+03 1.000000e+00
-1.805013e+01 -7.713785e+02 -1.243463e+03 1.000000e+00
-1.518425e+01 -4.004830e+02 -1.437185e+03 1.000000e+00
-1.100011e+01 -3.275723e+02 -1.475147e+03 1.000000e+00
-5.879161e+00 6.443879e+01 -1.621591e+03 1.000000e+00
-2.179838e+01 -1.128236e+03 0.000000e+00 1.000000e+00
-2.182570e+01 -1.284837e+03 -3.285357e+02 1.000000e+00
-2.136747e+01 -1.074702e+03 -6.279124e+02 1.000000e+00
-2.061190e+01 -1.116753e+03 -8.617363e+02 1.000000e+00
-1.944778e+01 -8.091075e+02 -1.105842e+03 1.000000e+00
-1.752374e+01 -7.715657e+02 -1.246476e+03 1.000000e+00
-1.478172e+01 -4.004105e+02 -1.440964e+03 1.000000e+00
-1.070273e+01 -3.256693e+02 -1.476854e+03 1.000000e+00
-5.936215e+00 6.558513e+01 -1.624138e+03 1.000000e+00
-2.024155e+01 -1.132476e+03 0.000000e+00 1.000000e+00
-2.048649e+01 -1.286997e+03 -3.297551e+02 1.000000e+00
-1.963610e+01 -1.077862e+03 -6.301208e+02 1.000000e+00
-1.881969e+01 -1.118042e+03 -8.643152e+02 1.000000e+00
-1.771264e+01 -8.105131e+02 -1.109229e+03 1.000000e+00
-1.599667e+01 -7.709269e+02 -1.249164e+03 1.000000e+00
-1.322410e+01 -4.001884e+02 -1.444308e+03 1.000000e+00
-9.559900e+00 -3.235304e+02 -1.478596e+03 1.000000e+00
-4.596094e+00 6.641965e+01 -1.625804e+03 1.000000e+00
-1.822885e+01 -1.135853e+03 0.000000e+00 1.000000e+00
-1.828654e+01 -1.290374e+03 -3.308932e+02 1.000000e+00
-1.769284e+01 -1.080276e+03 -6.318074e+02 1.000000e+00
-1.735282e+01 -1.120497e+03 -8.670797e+02 1.000000e+00
-1.603826e+01 -8.112673e+02 -1.111570e+03 1.000000e+00
-1.470727e+01 -7.717491e+02 -1.252418e+03 1.000000e+00
-1.216640e+01 -3.991672e+02 -1.446076e+03 1.000000e+00
-8.942823e+00 -3.231104e+02 -1.481321e+03 1.000000e+00
-5.299149e+00 6.839782e+01 -1.626106e+03 1.000000e+00
-1.531824e+01 -1.139352e+03 0.000000e+00 1.000000e+00
-1.544436e+01 -1.293817e+03 -3.318219e+02 1.000000e+00
-1.482192e+01 -1.083528e+03 -6.332542e+02 1.000000e+00
-1.445623e+01 -1.122501e+03 -8.695563e+02 1.000000e+00
-1.324545e+01 -8.133061e+02 -1.113279e+03 1.000000e+00
-1.205050e+01 -7.719066e+02 -1.255526e+03 1.000000e+00
-1.037137e+01 -4.000679e+02 -1.447494e+03 1.000000e+00
-7.203372e+00 -3.216516e+02 -1.483234e+03 1.000000e+00
-3.602106e+00 6.900467e+01 -1.626919e+03 1.000000e+00
-1.203467e+01 -1.145180e+03 0.000000e+00 1.000000e+00
-1.222879e+01 -1.295728e+03 -3.326120e+02 1.000000e+00
-1.162691e+01 -1.088626e+03 -6.343691e+02 1.000000e+00
-1.103667e+01 -1.123622e+03 -8.712654e+02 1.000000e+00
-1.069310e+01 -8.166817e+02 -1.115580e+03 1.000000e+00
-9.628485e+00 -7.715535e+02 -1.256732e+03 1.000000e+00
-7.539700e+00 -4.012901e+02 -1.449919e+03 1.000000e+00
-6.293691e+00 -3.200562e+02 -1.483962e+03 1.000000e+00
-3.208780e+00 6.841335e+01 -1.627767e+03 1.000000e+00
-9.207518e+00 -1.143701e+03 0.000000e+00 1.000000e+00
-7.998537e+00 -1.306197e+03 -3.325802e+02 1.000000e+00
-8.311859e+00 -1.086330e+03 -6.362505e+02 1.000000e+00
-7.746307e+00 -1.133557e+03 -8.710156e+02 1.000000e+00
-7.258423e+00 -8.124839e+02 -1.119240e+03 1.000000e+00
-7.024478e+00 -7.805964e+02 -1.255750e+03 1.000000e+00
-6.419903e+00 -3.953938e+02 -1.453867e+03 1.000000e+00
-4.150909e+00 -3.272606e+02 -1.482030e+03 1.000000e+00
-2.979141e+00 7.655262e+01 -1.631609e+03 1.000000e+00
-4.836103e+00 -1.168441e+03 0.000000e+00 1.000000e+00
-5.107179e+00 -1.291325e+03 -3.328291e+02 1.000000e+00
-2.533287e+00 -1.110724e+03 -6.356429e+02 1.000000e+00
-4.615010e+00 -1.117467e+03 -8.746002e+02 1.000000e+00
-3.274177e+00 -8.357703e+02 -1.116062e+03 1.000000e+00
-3.952364e+00 -7.626581e+02 -1.262595e+03 1.000000e+00
-2.893378e+00 -4.168081e+02 -1.447475e+03 1.000000e+00
-2.921671e+00 -3.076313e+02 -1.491400e+03 1.000000e+00
-9.174368e-01 5.721995e+01 -1.621179e+03 1.000000e+00
0.000000e+00 -1.200004e+03 0.000000e+00 1.000000e+00
0.000000e+00 -1.270685e+03 -3.334496e+02 1.000000e+00
0.000000e+00 -1.142286e+03 -6.336779e+02 1.000000e+00
0.000000e+00 -1.095736e+03 -8.789568e+02 1.000000e+00
0.000000e+00 -8.662748e+02 -1.110789e+03 1.000000e+00
0.000000e+00 -7.386856e+02 -1.270251e+03 1.000000e+00
0.000000e+00 -4.450822e+02 -1.438736e+03 1.000000e+00
0.000000e+00 -2.819307e+02 -1.502910e+03 1.000000e+00
0.000000e+00 3.012239e+01 -1.607250e+03 1.000000e+00
-2.176331e+01 -1.181251e+03 0.000000e+00 1.000000e+00
-2.181637e+01 -1.046643e+03 -3.322087e+02 1.000000e+00
-2.066255e+01 -1.125088e+03 -6.054028e+02 1.000000e+00
-1.963281e+01 -8.785911e+02 -8.690468e+02 1.000000e+00
-1.791428e+01 -8.654809e+02 -1.044162e+03 1.000000e+00
-1.542682e+01 -5.418920e+02 -1.249962e+03 1.000000e+00
-1.208827e+01 -4.759818e+02 -1.321297e+03 1.000000e+00
-7.655434e+00 -1.160219e+02 -1.475047e+03 1.000000e+00
-2.381937e+00 -4.363916e+01 -1.433190e+03 1.000000e+00
-2.077306e+01 -1.184674e+03 0.000000e+00 1.000000e+00
-2.108948e+01 -1.048920e+03 -3.334574e+02 1.000000e+00
-2.006976e+01 -1.127453e+03 -6.072945e+02 1.000000e+00
-1.901912e+01 -8.794512e+02 -8.719122e+02 1.000000e+00
-1.700118e+01 -8.659044e+02 -1.046379e+03 1.000000e+00
-1.518839e+01 -5.415945e+02 -1.253632e+03 1.000000e+00
-1.182786e+01 -4.744222e+02 -1.322639e+03 1.000000e+00
-7.033560e+00 -1.146023e+02 -1.477455e+03 1.000000e+00
-2.211156e+00 -4.162523e+01 -1.433406e+03 1.000000e+00
-1.949819e+01 -1.186637e+03 0.000000e+00 1.000000e+00
-1.957599e+01 -1.052512e+03 -3.345886e+02 1.000000e+00
-1.868052e+01 -1.129084e+03 -6.090878e+02 1.000000e+00
-1.762703e+01 -8.818262e+02 -8.742874e+02 1.000000e+00
-1.633699e+01 -8.662822e+02 -1.048844e+03 1.000000e+00
-1.379701e+01 -5.424020e+02 -1.256185e+03 1.000000e+00
-1.054066e+01 -4.733167e+02 -1.324505e+03 1.000000e+00
-7.220497e+00 -1.142466e+02 -1.479136e+03 1.000000e+00
-2.297013e+00 -4.040177e+01 -1.433672e+03 1.000000e+00
-1.745430e+01 -1.189958e+03 0.000000e+00 1.000000e+00
-1.737664e+01 -1.054847e+03 -3.353400e+02 1.000000e+00
-1.669041e+01 -1.132025e+03 -6.110337e+02 1.000000e+00
-1.572436e+01 -8.831282e+02 -8.758669e+02 1.000000e+00
-1.398580e+01 -8.678135e+02 -1.051668e+03 1.000000e+00
-1.259433e+01 -5.419656e+02 -1.257539e+03 1.000000e+00
-9.741994e+00 -4.735225e+02 -1.327042e+03 1.000000e+00
-5.995816e+00 -1.128485e+02 -1.479580e+03 1.000000e+00
-1.628872e+00 -3.979004e+01 -1.434477e+03 1.000000e+00
-1.484688e+01 -1.193771e+03 0.000000e+00 1.000000e+00
-1.476388e+01 -1.057743e+03 -3.358537e+02 1.000000e+00
-1.391913e+01 -1.134520e+03 -6.127088e+02 1.000000e+00
-1.330680e+01 -8.851959e+02 -8.772979e+02 1.000000e+00
-1.200507e+01 -8.683601e+02 -1.053786e+03 1.000000e+00
-1.045408e+01 -5.429815e+02 -1.259165e+03 1.000000e+00
-7.982957e+00 -4.721097e+02 -1.328671e+03 1.000000e+00
-5.254781e+00 -1.127194e+02 -1.480008e+03 1.000000e+00
-1.604486e+00 -3.767342e+01 -1.435095e+03 1.000000e+00
-1.125721e+01 -1.195636e+03 0.000000e+00 1.000000e+00
-1.167148e+01 -1.063087e+03 -3.366237e+02 1.000000e+00
-1.105660e+01 -1.136072e+03 -6.134196e+02 1.000000e+00
-1.031454e+01 -8.896715e+02 -8.791194e+02 1.000000e+00
-9.595281e+00 -8.688729e+02 -1.055068e+03 1.000000e+00
-8.413762e+00 -5.457451e+02 -1.260780e+03 1.000000e+00
-6.497579e+00 -4.718494e+02 -1.329612e+03 1.000000e+00
-4.400020e+00 -1.137641e+02 -1.481029e+03 1.000000e+00
-1.881378e+00 -3.651071e+01 -1.434882e+03 1.000000e+00
-8.317219e+00 -1.204641e+03 0.000000e+00 1.000000e+00
-8.245815e+00 -1.061762e+03 -3.372899e+02 1.000000e+00
-6.965713e+00 -1.144873e+03 -6.133935e+02 1.000000e+00
-7.241913e+00 -8.867192e+02 -8.814122e+02 1.000000e+00
-5.932918e+00 -8.770567e+02 -1.054719e+03 1.000000e+00
-6.180962e+00 -5.403101e+02 -1.264096e+03 1.000000e+00
-4.314172e+00 -4.789177e+02 -1.327693e+03 1.000000e+00
-2.820764e+00 -1.064771e+02 -1.484719e+03 1.000000e+00
-5.729334e-01 -4.273280e+01 -1.431308e+03 1.000000e+00
-6.099718e+00 -1.191197e+03 0.000000e+00 1.000000e+00
-3.453750e+00 -1.084522e+03 -3.359296e+02 1.000000e+00
-3.951644e+00 -1.130814e+03 -6.160074e+02 1.000000e+00
-3.085862e+00 -9.085025e+02 -8.792578e+02 1.000000e+00
-4.281895e+00 -8.616526e+02 -1.059766e+03 1.000000e+00
-2.565327e+00 -5.607479e+02 -1.259131e+03 1.000000e+00
-3.540318e+00 -4.615814e+02 -1.336064e+03 1.000000e+00
-1.841902e+00 -1.252405e+02 -1.475090e+03 1.000000e+00
-1.163878e+00 -2.372149e+01 -1.442965e+03 1.000000e+00
0.000000e+00 -1.172872e+03 0.000000e+00 1.000000e+00
0.000000e+00 -1.113513e+03 -3.344333e+02 1.000000e+00
0.000000e+00 -1.112127e+03 -6.186900e+02 1.000000e+00
0.000000e+00 -9.370269e+02 -8.758528e+02 1.000000e+00
0.000000e+00 -8.411946e+02 -1.065539e+03 1.000000e+00
0.000000e+00 -5.882995e+02 -1.251813e+03 1.000000e+00
0.000000e+00 -4.395294e+02 -1.346460e+03 1.000000e+00
0.000000e+00 -1.509139e+02 -1.462622e+03 1.000000e+00
0.000000e+00 1.355235e+00 -1.457698e+03 1.000000e+00
-2.081344e+01 -9.579470e+02 0.000000e+00 1.000000e+00
-2.080712e+01 -1.082075e+03 -3.218187e+02 1.000000e+00
-1.945374e+01 -8.984987e+02 -6.121051e+02 1.000000e+00
-1.800765e+01 -9.162358e+02 -8.269937e+02 1.000000e+00
-1.583508e+01 -6.443699e+02 -1.050249e+03 1.000000e+00
-1.286644e+01 -5.944703e+02 -1.157430e+03 1.000000e+00
-9.043261e+00 -2.722851e+02 -1.321308e+03 1.000000e+00
-4.402409e+00 -1.977034e+02 -1.315460e+03 1.000000e+00
9.861677e-01 1.302385e+02 -1.430466e+03 1.000000e+00
-2.009899e+01 -9.602970e+02 0.000000e+00 1.000000e+00
-1.996558e+01 -1.084709e+03 -3.227136e+02 1.000000e+00
-1.874572e+01 -9.002969e+02 -6.140803e+02 1.000000e+00
-1.722287e+01 -9.178810e+02 -8.287057e+02 1.000000e+00
-1.514677e+01 -6.455406e+02 -1.053097e+03 1.000000e+00
-1.224887e+01 -5.941243e+02 -1.158670e+03 1.000000e+00
-8.628983e+00 -2.719920e+02 -1.323839e+03 1.000000e+00
-4.001116e+00 -1.969430e+02 -1.315183e+03 1.000000e+00
1.222002e+00 1.307066e+02 -1.431439e+03 1.000000e+00
-1.816890e+01 -9.636324e+02 0.000000e+00 1.000000e+00
-1.879411e+01 -1.086371e+03 -3.238133e+02 1.000000e+00
-1.749087e+01 -9.028702e+02 -6.154319e+02 1.000000e+00
-1.617445e+01 -9.182339e+02 -8.306242e+02 1.000000e+00
-1.429401e+01 -6.466882e+02 -1.055296e+03 1.000000e+00
-1.172538e+01 -5.931227e+02 -1.160027e+03 1.000000e+00
-8.138375e+00 -2.717461e+02 -1.325585e+03 1.000000e+00
-4.615550e+00 -1.955276e+02 -1.315605e+03 1.000000e+00
7.630560e-01 1.318618e+02 -1.430914e+03 1.000000e+00
-1.675038e+01 -9.656913e+02 0.000000e+00 1.000000e+00
-1.635992e+01 -1.089576e+03 -3.246800e+02 1.000000e+00
-1.539191e+01 -9.042950e+02 -6.166388e+02 1.000000e+00
-1.447594e+01 -9.204268e+02 -8.324915e+02 1.000000e+00
-1.205786e+01 -6.465441e+02 -1.056548e+03 1.000000e+00
-1.027403e+01 -5.940219e+02 -1.162209e+03 1.000000e+00
-7.205622e+00 -2.707918e+02 -1.325804e+03 1.000000e+00
-3.082892e+00 -1.949116e+02 -1.316835e+03 1.000000e+00
7.930071e-01 1.328304e+02 -1.429771e+03 1.000000e+00
-1.413955e+01 -9.682731e+02 0.000000e+00 1.000000e+00
-1.406269e+01 -1.092608e+03 -3.250863e+02 1.000000e+00
-1.294524e+01 -9.066733e+02 -6.179353e+02 1.000000e+00
-1.219012e+01 -9.224499e+02 -8.338784e+02 1.000000e+00
-1.078845e+01 -6.483737e+02 -1.057777e+03 1.000000e+00
-8.771761e+00 -5.939507e+02 -1.163754e+03 1.000000e+00
-6.025816e+00 -2.717553e+02 -1.326241e+03 1.000000e+00
-3.395628e+00 -1.936609e+02 -1.317277e+03 1.000000e+00
3.430354e-01 1.317987e+02 -1.429438e+03 1.000000e+00
-1.058527e+01 -9.732104e+02 0.000000e+00 1.000000e+00
-1.102458e+01 -1.094015e+03 -3.257555e+02 1.000000e+00
-1.019242e+01 -9.109224e+02 -6.184453e+02 1.000000e+00
-9.201289e+00 -9.224822e+02 -8.352234e+02 1.000000e+00
-8.151145e+00 -6.510438e+02 -1.059122e+03 1.000000e+00
-6.904661e+00 -5.930464e+02 -1.164321e+03 1.000000e+00
-4.836683e+00 -2.725456e+02 -1.327333e+03 1.000000e+00
-2.618807e+00 -1.922134e+02 -1.317171e+03 1.000000e+00
8.414183e-01 1.327245e+02 -1.428743e+03 1.000000e+00
-8.521129e+00 -9.727134e+02 0.000000e+00 1.000000e+00
-7.155040e+00 -1.101991e+03 -3.256927e+02 1.000000e+00
-7.010509e+00 -9.096902e+02 -6.196859e+02 1.000000e+00
-6.360957e+00 -9.304430e+02 -8.350635e+02 1.000000e+00
-5.872733e+00 -6.477538e+02 -1.061596e+03 1.000000e+00
-4.774819e+00 -6.005684e+02 -1.163225e+03 1.000000e+00
-3.527042e+00 -2.672517e+02 -1.330084e+03 1.000000e+00
-1.418160e+00 -1.990567e+02 -1.314353e+03 1.000000e+00
-7.385582e-01 1.393535e+02 -1.431927e+03 1.000000e+00
-4.411697e+00 -9.934558e+02 0.000000e+00 1.000000e+00
-4.816297e+00 -1.089520e+03 -3.259200e+02 1.000000e+00
-2.147522e+00 -9.300348e+02 -6.185860e+02 1.000000e+00
-3.880438e+00 -9.172206e+02 -8.387687e+02 1.000000e+00
-2.332783e+00 -6.667933e+02 -1.057674e+03 1.000000e+00
-3.281982e+00 -5.858630e+02 -1.170111e+03 1.000000e+00
-1.710528e+00 -2.847207e+02 -1.322294e+03 1.000000e+00
-1.713031e+00 -1.823488e+02 -1.324307e+03 1.000000e+00
1.041227e+00 1.225891e+02 -1.419394e+03 1.000000e+00
0.000000e+00 -1.019386e+03 0.000000e+00 1.000000e+00
0.000000e+00 -1.072928e+03 -3.266138e+02 1.000000e+00
0.000000e+00 -9.555095e+02 -6.163745e+02 1.000000e+00
0.000000e+00 -8.989612e+02 -8.431584e+02 1.000000e+00
0.000000e+00 -6.912346e+02 -1.052061e+03 1.000000e+00
0.000000e+00 -5.657039e+02 -1.178173e+03 1.000000e+00
0.000000e+00 -3.073773e+02 -1.312502e+03 1.000000e+00
0.000000e+00 -1.595883e+02 -1.336615e+03 1.000000e+00
0.000000e+00 1.012182e+02 -1.403660e+03 1.000000e+00
-1.979214e+01 -9.776949e+02 0.000000e+00 1.000000e+00
-1.964270e+01 -8.650658e+02 -3.242158e+02 1.000000e+00
-1.807926e+01 -9.179907e+02 -5.853498e+02 1.000000e+00
-1.622434e+01 -7.032056e+02 -8.312063e+02 1.000000e+00
-1.361114e+01 -6.764659e+02 -9.799612e+02 1.000000e+00
-1.016456e+01 -3.977875e+02 -1.157912e+03 1.000000e+00
-6.074083e+00 -3.294534e+02 -1.189876e+03 1.000000e+00
-1.180393e+00 -3.076482e+01 -1.312558e+03 1.000000e+00
4.081816e+00 3.276404e+01 -1.229003e+03 1.000000e+00
-1.876296e+01 -9.797487e+02 0.000000e+00 1.000000e+00
-1.907109e+01 -8.671325e+02 -3.253077e+02 1.000000e+00
-1.723492e+01 -9.195248e+02 -5.862536e+02 1.000000e+00
-1.605855e+01 -7.044909e+02 -8.337631e+02 1.000000e+00
-1.316920e+01 -6.762189e+02 -9.804226e+02 1.000000e+00
-9.731842e+00 -3.978589e+02 -1.160503e+03 1.000000e+00
-6.456859e+00 -3.291274e+02 -1.189888e+03 1.000000e+00
-1.229815e+00 -2.985525e+01 -1.312916e+03 1.000000e+00
3.618352e+00 3.311174e+01 -1.228292e+03 1.000000e+00
-1.749639e+01 -9.813011e+02 0.000000e+00 1.000000e+00
-1.747048e+01 -8.699576e+02 -3.263336e+02 1.000000e+00
-1.616368e+01 -9.203586e+02 -5.870744e+02 1.000000e+00
-1.408605e+01 -7.066427e+02 -8.357103e+02 1.000000e+00
-1.200932e+01 -6.758106e+02 -9.813626e+02 1.000000e+00
-9.131688e+00 -3.985348e+02 -1.162060e+03 1.000000e+00
-4.914114e+00 -3.281867e+02 -1.190126e+03 1.000000e+00
-1.143916e+00 -2.907144e+01 -1.313004e+03 1.000000e+00
3.900258e+00 3.316912e+01 -1.227322e+03 1.000000e+00
-1.605365e+01 -9.849711e+02 0.000000e+00 1.000000e+00
-1.534507e+01 -8.712154e+02 -3.266312e+02 1.000000e+00
-1.435011e+01 -9.229919e+02 -5.887490e+02 1.000000e+00
-1.333253e+01 -7.070005e+02 -8.361363e+02 1.000000e+00
-1.065020e+01 -6.773276e+02 -9.834498e+02 1.000000e+00
-8.420685e+00 -3.979973e+02 -1.162213e+03 1.000000e+00
-5.131963e+00 -3.277938e+02 -1.190874e+03 1.000000e+00
-1.340475e+00 -2.841282e+01 -1.312734e+03 1.000000e+00
3.074423e+00 3.389914e+01 -1.226057e+03 1.000000e+00
-1.305162e+01 -9.878752e+02 0.000000e+00 1.000000e+00
-1.316922e+01 -8.733692e+02 -3.268916e+02 1.000000e+00
-1.196047e+01 -9.252819e+02 -5.899393e+02 1.000000e+00
-1.076218e+01 -7.083753e+02 -8.368871e+02 1.000000e+00
-9.099780e+00 -6.776703e+02 -9.847014e+02 1.000000e+00
-6.661930e+00 -3.988917e+02 -1.162597e+03 1.000000e+00
-4.276454e+00 -3.269876e+02 -1.191650e+03 1.000000e+00
-9.300122e-01 -2.915332e+01 -1.311622e+03 1.000000e+00
2.512828e+00 3.609288e+01 -1.225935e+03 1.000000e+00
-1.007074e+01 -9.889512e+02 0.000000e+00 1.000000e+00
-1.034279e+01 -8.778676e+02 -3.276972e+02 1.000000e+00
-9.239667e+00 -9.260845e+02 -5.898444e+02 1.000000e+00
-8.242569e+00 -7.121418e+02 -8.384685e+02 1.000000e+00
-7.139893e+00 -6.776912e+02 -9.851371e+02 1.000000e+00
-5.308303e+00 -4.009425e+02 -1.163229e+03 1.000000e+00
-3.067287e+00 -3.264527e+02 -1.191832e+03 1.000000e+00
-6.675574e-01 -2.944661e+01 -1.311169e+03 1.000000e+00
1.932979e+00 3.583435e+01 -1.225295e+03 1.000000e+00
-7.567162e+00 -9.958155e+02 0.000000e+00 1.000000e+00
-7.173961e+00 -8.773908e+02 -3.280767e+02 1.000000e+00
-6.084392e+00 -9.327355e+02 -5.897153e+02 1.000000e+00
-6.335515e+00 -7.099568e+02 -8.402080e+02 1.000000e+00
-4.413316e+00 -6.840143e+02 -9.842318e+02 1.000000e+00
-4.473412e+00 -3.966742e+02 -1.166022e+03 1.000000e+00
-2.314016e+00 -3.323167e+02 -1.188777e+03 1.000000e+00
-1.092523e+00 -2.327324e+01 -1.314680e+03 1.000000e+00
1.265842e+00 3.058720e+01 -1.220089e+03 1.000000e+00
-5.727142e+00 -9.846319e+02 0.000000e+00 1.000000e+00
-2.976676e+00 -8.959272e+02 -3.263960e+02 1.000000e+00
-3.336617e+00 -9.214353e+02 -5.925755e+02 1.000000e+00
-1.922536e+00 -7.273737e+02 -8.371378e+02 1.000000e+00
-3.519083e+00 -6.716328e+02 -9.898266e+02 1.000000e+00
-1.103607e+00 -4.127691e+02 -1.159497e+03 1.000000e+00
-1.809560e+00 -3.182974e+02 -1.197684e+03 1.000000e+00
2.885437e-01 -3.854185e+01 -1.303357e+03 1.000000e+00
4.750694e-01 4.647614e+01 -1.232798e+03 1.000000e+00
0.000000e+00 -9.700648e+02 0.000000e+00 1.000000e+00
0.000000e+00 -9.190562e+02 -3.248040e+02 1.000000e+00
0.000000e+00 -9.066767e+02 -5.952966e+02 1.000000e+00
0.000000e+00 -7.502566e+02 -8.332944e+02 1.000000e+00
0.000000e+00 -6.557458e+02 -9.962411e+02 1.000000e+00
0.000000e+00 -4.343716e+02 -1.150845e+03 1.000000e+00
0.000000e+00 -2.999717e+02 -1.209112e+03 1.000000e+00
0.000000e+00 -5.930154e+01 -1.289143e+03 1.000000e+00
0.000000e+00 6.606428e+01 -1.249410e+03 1.000000e+00
