0 729 0.00000e+00
  1     729
0.000000e+00 5.711640e+01 -1.255225e+03 1.000000e+00
0.000000e+00 2.743813e+02 -1.290891e+03 1.000000e+00
0.000000e+00 3.498485e+02 -1.173371e+03 1.000000e+00
0.000000e+00 5.523951e+02 -1.188809e+03 1.000000e+00
0.000000e+00 6.725975e+02 -9.439567e+02 1.000000e+00
0.000000e+00 9.242320e+02 -9.881991e+02 1.000000e+00
0.000000e+00 9.353497e+02 -6.224470e+02 1.000000e+00
0.000000e+00 1.029936e+03 -6.956237e+02 1.000000e+00
0.000000e+00 8.965232e+02 -3.060372e+02 1.000000e+00
1.235693e+00 3.811707e+01 -1.238266e+03 1.000000e+00
2.477926e+00 2.979419e+02 -1.310824e+03 1.000000e+00
4.388392e+00 3.329099e+02 -1.148845e+03 1.000000e+00
6.351983e+00 5.779278e+02 -1.223567e+03 1.000000e+00
8.506452e+00 6.582559e+02 -8.894481e+02 1.000000e+00
1.173934e+01 9.517065e+02 -1.051914e+03 1.000000e+00
1.181352e+01 9.215236e+02 -5.521769e+02 1.000000e+00
1.182738e+01 1.059331e+03 -7.699896e+02 1.000000e+00
1.125321e+01 8.865411e+02 -2.251696e+02 1.000000e+00
1.986470e+00 2.307167e+01 -1.225632e+03 1.000000e+00
4.538221e+00 3.145797e+02 -1.326163e+03 1.000000e+00
6.432727e+00 3.188686e+02 -1.129729e+03 1.000000e+00
1.046071e+01 5.952930e+02 -1.248884e+03 1.000000e+00
1.240716e+01 6.442880e+02 -8.478798e+02 1.000000e+00
1.674521e+01 9.676613e+02 -1.097261e+03 1.000000e+00
1.811840e+01 9.071414e+02 -4.994736e+02 1.000000e+00
1.949511e+01 1.074726e+03 -8.221511e+02 1.000000e+00
1.772048e+01 8.716833e+02 -1.666029e+02 1.000000e+00
2.842250e+00 2.951140e+01 -1.230709e+03 1.000000e+00
6.527089e+00 3.085031e+02 -1.320538e+03 1.000000e+00
1.063340e+01 3.255945e+02 -1.135259e+03 1.000000e+00
1.416660e+01 5.887993e+02 -1.238093e+03 1.000000e+00
2.044696e+01 6.495972e+02 -8.597480e+02 1.000000e+00
2.435541e+01 9.586884e+02 -1.077808e+03 1.000000e+00
2.715948e+01 9.103069e+02 -5.148441e+02 1.000000e+00
2.713059e+01 1.063257e+03 -7.995989e+02 1.000000e+00
2.620216e+01 8.728211e+02 -1.863137e+02 1.000000e+00
3.452887e+00 3.054659e+01 -1.230484e+03 1.000000e+00
7.297195e+00 3.099555e+02 -1.320508e+03 1.000000e+00
1.159852e+01 3.271972e+02 -1.133113e+03 1.000000e+00
1.687218e+01 5.895480e+02 -1.237122e+03 1.000000e+00
2.266037e+01 6.503130e+02 -8.550768e+02 1.000000e+00
2.854728e+01 9.574648e+02 -1.077126e+03 1.000000e+00
3.104859e+01 9.083135e+02 -5.092390e+02 1.000000e+00
3.140593e+01 1.060916e+03 -7.998151e+02 1.000000e+00
3.012329e+01 8.719935e+02 -1.799968e+02 1.000000e+00
3.950702e+00 2.954749e+01 -1.229803e+03 1.000000e+00
9.167599e+00 3.107849e+02 -1.320219e+03 1.000000e+00
1.383722e+01 3.253315e+02 -1.131118e+03 1.000000e+00
1.922391e+01 5.893920e+02 -1.234591e+03 1.000000e+00
2.622256e+01 6.449489e+02 -8.521675e+02 1.000000e+00
3.272279e+01 9.524989e+02 -1.072674e+03 1.000000e+00
3.628068e+01 9.006123e+02 -5.067147e+02 1.000000e+00
3.760221e+01 1.054791e+03 -7.946549e+02 1.000000e+00
3.657521e+01 8.613358e+02 -1.781534e+02 1.000000e+00
3.815886e+00 3.031453e+01 -1.230033e+03 1.000000e+00
8.858335e+00 3.116079e+02 -1.318334e+03 1.000000e+00
1.435217e+01 3.251254e+02 -1.130073e+03 1.000000e+00
2.057460e+01 5.880341e+02 -1.230144e+03 1.000000e+00
2.825298e+01 6.427371e+02 -8.510721e+02 1.000000e+00
3.499578e+01 9.478650e+02 -1.065896e+03 1.000000e+00
3.885092e+01 8.950120e+02 -5.049042e+02 1.000000e+00
3.845241e+01 1.046430e+03 -7.885696e+02 1.000000e+00
3.563056e+01 8.557666e+02 -1.778018e+02 1.000000e+00
4.625271e+00 3.170822e+01 -1.229585e+03 1.000000e+00
9.798327e+00 3.116597e+02 -1.317342e+03 1.000000e+00
1.527047e+01 3.257679e+02 -1.127046e+03 1.000000e+00
2.129973e+01 5.862503e+02 -1.227912e+03 1.000000e+00
2.913519e+01 6.406563e+02 -8.459897e+02 1.000000e+00
3.664193e+01 9.433353e+02 -1.062955e+03 1.000000e+00
3.963666e+01 8.893907e+02 -5.000800e+02 1.000000e+00
4.125731e+01 1.039621e+03 -7.850567e+02 1.000000e+00
4.005899e+01 8.498328e+02 -1.745093e+02 1.000000e+00
4.081816e+00 3.276404e+01 -1.229003e+03 1.000000e+00
9.707991e+00 3.100301e+02 -1.315837e+03 1.000000e+00
1.527271e+01 3.251064e+02 -1.124324e+03 1.000000e+00
2.143056e+01 5.834708e+02 -1.225242e+03 1.000000e+00
2.912317e+01 6.349800e+02 -8.412228e+02 1.000000e+00
3.639771e+01 9.355414e+02 -1.059284e+03 1.000000e+00
4.011390e+01 8.798755e+02 -4.966759e+02 1.000000e+00
4.071080e+01 1.032035e+03 -7.795158e+02 1.000000e+00
3.896848e+01 8.378773e+02 -1.729886e+02 1.000000e+00
0.000000e+00 1.289417e+02 -1.209595e+03 1.000000e+00
0.000000e+00 2.171719e+02 -1.119971e+03 1.000000e+00
0.000000e+00 3.841007e+02 -1.129563e+03 1.000000e+00
0.000000e+00 4.435240e+02 -9.568117e+02 1.000000e+00
0.000000e+00 6.567340e+02 -9.886817e+02 1.000000e+00
0.000000e+00 7.354729e+02 -6.733433e+02 1.000000e+00
0.000000e+00 8.732213e+02 -7.378405e+02 1.000000e+00
0.000000e+00 8.050778e+02 -3.761853e+02 1.000000e+00
0.000000e+00 8.362770e+02 -4.868405e+02 1.000000e+00
1.146995e+00 1.471127e+02 -1.226286e+03 1.000000e+00
3.784554e+00 1.994335e+02 -1.099285e+03 1.000000e+00
4.339593e+00 4.035736e+02 -1.154615e+03 1.000000e+00
5.292897e+00 4.260743e+02 -9.203345e+02 1.000000e+00
8.807484e+00 6.761097e+02 -1.042323e+03 1.000000e+00
9.509194e+00 7.180430e+02 -6.080171e+02 1.000000e+00
9.774324e+00 8.930301e+02 -8.088083e+02 1.000000e+00
1.072255e+01 7.868903e+02 -2.974031e+02 1.000000e+00
1.091967e+01 8.540048e+02 -5.687325e+02 1.000000e+00
3.635878e+00 1.612316e+02 -1.239078e+03 1.000000e+00
4.957884e+00 1.868391e+02 -1.083379e+03 1.000000e+00
7.990429e+00 4.190496e+02 -1.172859e+03 1.000000e+00
1.005611e+01 4.135497e+02 -8.917997e+02 1.000000e+00
1.391775e+01 6.915045e+02 -1.081909e+03 1.000000e+00
1.581656e+01 7.054703e+02 -5.573853e+02 1.000000e+00
1.893735e+01 9.071606e+02 -8.598398e+02 1.000000e+00
1.680432e+01 7.730521e+02 -2.397979e+02 1.000000e+00
1.600631e+01 8.677808e+02 -6.263535e+02 1.000000e+00
4.668209e+00 1.561223e+02 -1.235224e+03 1.000000e+00
8.101781e+00 1.936383e+02 -1.087492e+03 1.000000e+00
1.123324e+01 4.145216e+02 -1.165471e+03 1.000000e+00
1.479449e+01 4.207899e+02 -8.989011e+02 1.000000e+00
1.924811e+01 6.862627e+02 -1.066243e+03 1.000000e+00
2.281483e+01 7.111488e+02 -5.715608e+02 1.000000e+00
2.364724e+01 9.002270e+02 -8.382830e+02 1.000000e+00
2.513368e+01 7.783525e+02 -2.588145e+02 1.000000e+00
2.424130e+01 8.614470e+02 -6.014012e+02 1.000000e+00
5.643823e+00 1.560712e+02 -1.235129e+03 1.000000e+00
9.752624e+00 1.937315e+02 -1.086035e+03 1.000000e+00
1.331406e+01 4.135268e+02 -1.164583e+03 1.000000e+00
1.769444e+01 4.197216e+02 -8.956572e+02 1.000000e+00
2.325526e+01 6.823445e+02 -1.065299e+03 1.000000e+00
2.806357e+01 7.065862e+02 -5.666633e+02 1.000000e+00
3.062022e+01 8.944316e+02 -8.380944e+02 1.000000e+00
2.988367e+01 7.729294e+02 -2.531635e+02 1.000000e+00
2.764003e+01 8.538941e+02 -6.028954e+02 1.000000e+00
6.176324e+00 1.576889e+02 -1.234202e+03 1.000000e+00
1.034288e+01 1.930113e+02 -1.085259e+03 1.000000e+00
1.493751e+01 4.148572e+02 -1.162016e+03 1.000000e+00
1.951752e+01 4.177911e+02 -8.935443e+02 1.000000e+00
2.535338e+01 6.824237e+02 -1.061749e+03 1.000000e+00
3.032190e+01 7.029636e+02 -5.637068e+02 1.000000e+00
3.296553e+01 8.916601e+02 -8.343402e+02 1.000000e+00
3.310367e+01 7.669774e+02 -2.512224e+02 1.000000e+00
3.110160e+01 8.499850e+02 -6.005765e+02 1.000000e+00
7.089266e+00 1.583839e+02 -1.233999e+03 1.000000e+00
1.215842e+01 1.924353e+02 -1.083272e+03 1.000000e+00
1.705575e+01 4.147064e+02 -1.159604e+03 1.000000e+00
2.170765e+01 4.160672e+02 -8.914643e+02 1.000000e+00
2.942668e+01 6.789374e+02 -1.056287e+03 1.000000e+00
3.509885e+01 6.979616e+02 -5.630600e+02 1.000000e+00
3.747633e+01 8.844600e+02 -8.277113e+02 1.000000e+00
3.749510e+01 7.621524e+02 -2.506633e+02 1.000000e+00
3.653790e+01 8.430576e+02 -5.939353e+02 1.000000e+00
6.626932e+00 1.578556e+02 -1.232982e+03 1.000000e+00
1.183500e+01 1.931703e+02 -1.081190e+03 1.000000e+00
1.635977e+01 4.128893e+02 -1.157430e+03 1.000000e+00
2.203494e+01 4.145351e+02 -8.874789e+02 1.000000e+00
2.822720e+01 6.742305e+02 -1.053762e+03 1.000000e+00
3.425635e+01 6.920248e+02 -5.581312e+02 1.000000e+00
3.755531e+01 8.777682e+02 -8.248077e+02 1.000000e+00
3.699984e+01 7.546947e+02 -2.472397e+02 1.000000e+00
3.423087e+01 8.352474e+02 -5.908338e+02 1.000000e+00
6.933164e+00 1.570313e+02 -1.230708e+03 1.000000e+00
1.196679e+01 1.942327e+02 -1.080118e+03 1.000000e+00
1.710042e+01 4.109764e+02 -1.153703e+03 1.000000e+00
2.232541e+01 4.132876e+02 -8.845090e+02 1.000000e+00
2.917179e+01 6.713013e+02 -1.050055e+03 1.000000e+00
3.490288e+01 6.872546e+02 -5.542125e+02 1.000000e+00
3.767466e+01 8.732148e+02 -8.208408e+02 1.000000e+00
3.802841e+01 7.456854e+02 -2.451201e+02 1.000000e+00
3.591319e+01 8.290118e+02 -5.881307e+02 1.000000e+00
0.000000e+00 9.035651e+01 -1.064481e+03 1.000000e+00
0.000000e+00 2.505575e+02 -1.076992e+03 1.000000e+00
0.000000e+00 2.983834e+02 -9.433763e+02 1.000000e+00
0.000000e+00 4.370610e+02 -9.507222e+02 1.000000e+00
0.000000e+00 5.079962e+02 -7.128462e+02 1.000000e+00
0.000000e+00 6.751290e+02 -7.693373e+02 1.000000e+00
0.000000e+00 6.652505e+02 -4.368310e+02 1.000000e+00
0.000000e+00 7.278403e+02 -5.325529e+02 1.000000e+00
0.000000e+00 6.207538e+02 -1.861535e+02 1.000000e+00
2.128847e+00 7.548433e+01 -1.045943e+03 1.000000e+00
2.818691e+00 2.681805e+02 -1.098094e+03 1.000000e+00
4.199958e+00 2.852116e+02 -9.169219e+02 1.000000e+00
5.132563e+00 4.569266e+02 -9.876882e+02 1.000000e+00
5.922718e+00 4.961485e+02 -6.543052e+02 1.000000e+00
8.427069e+00 6.967916e+02 -8.370828e+02 1.000000e+00
7.541171e+00 6.542664e+02 -3.632899e+02 1.000000e+00
7.755322e+00 7.493970e+02 -6.095868e+02 1.000000e+00
7.055895e+00 6.091003e+02 -1.034043e+02 1.000000e+00
4.927582e+00 6.440085e+01 -1.031265e+03 1.000000e+00
7.510082e+00 2.810985e+02 -1.114097e+03 1.000000e+00
8.444577e+00 2.745191e+02 -8.958224e+02 1.000000e+00
1.206743e+01 4.706290e+02 -1.014868e+03 1.000000e+00
1.334791e+01 4.846900e+02 -6.093998e+02 1.000000e+00
1.691696e+01 7.095271e+02 -8.860587e+02 1.000000e+00
1.753837e+01 6.422653e+02 -3.079507e+02 1.000000e+00
1.811573e+01 7.623689e+02 -6.649830e+02 1.000000e+00
1.702172e+01 5.977074e+02 -4.193273e+01 1.000000e+00
5.516645e+00 6.951845e+01 -1.036072e+03 1.000000e+00
8.368198e+00 2.760312e+02 -1.106918e+03 1.000000e+00
1.162638e+01 2.798244e+02 -9.014194e+02 1.000000e+00
1.377042e+01 4.645250e+02 -1.003021e+03 1.000000e+00
1.786278e+01 4.884819e+02 -6.225334e+02 1.000000e+00
2.014782e+01 7.018741e+02 -8.656186e+02 1.000000e+00
2.135654e+01 6.447354e+02 -3.254030e+02 1.000000e+00
2.098932e+01 7.537077e+02 -6.416465e+02 1.000000e+00
1.834856e+01 5.984962e+02 -6.433363e+01 1.000000e+00
7.819866e+00 6.963500e+01 -1.034677e+03 1.000000e+00
1.178958e+01 2.757238e+02 -1.106052e+03 1.000000e+00
1.445012e+01 2.803796e+02 -8.989171e+02 1.000000e+00
1.838602e+01 4.635532e+02 -1.001973e+03 1.000000e+00
2.264023e+01 4.880077e+02 -6.177952e+02 1.000000e+00
2.688907e+01 6.994699e+02 -8.656097e+02 1.000000e+00
2.816098e+01 6.423582e+02 -3.203319e+02 1.000000e+00
2.768665e+01 7.493185e+02 -6.424205e+02 1.000000e+00
2.622100e+01 5.957574e+02 -5.981672e+01 1.000000e+00
8.517752e+00 6.921112e+01 -1.032592e+03 1.000000e+00
1.284718e+01 2.774474e+02 -1.105443e+03 1.000000e+00
1.654556e+01 2.788585e+02 -8.961110e+02 1.000000e+00
2.092456e+01 4.640716e+02 -9.998886e+02 1.000000e+00
2.584021e+01 4.844567e+02 -6.148799e+02 1.000000e+00
3.045736e+01 6.968442e+02 -8.622753e+02 1.000000e+00
3.209284e+01 6.370534e+02 -3.182804e+02 1.000000e+00
3.142838e+01 7.460026e+02 -6.397941e+02 1.000000e+00
2.978035e+01 5.933021e+02 -5.627111e+01 1.000000e+00
8.492795e+00 6.839512e+01 -1.032667e+03 1.000000e+00
1.312116e+01 2.772496e+02 -1.101995e+03 1.000000e+00
1.748371e+01 2.769502e+02 -8.949753e+02 1.000000e+00
2.132391e+01 4.622162e+02 -9.951561e+02 1.000000e+00
2.650571e+01 4.804997e+02 -6.139420e+02 1.000000e+00
3.098136e+01 6.912374e+02 -8.565364e+02 1.000000e+00
3.304591e+01 6.322063e+02 -3.176786e+02 1.000000e+00
3.319211e+01 7.382957e+02 -6.337748e+02 1.000000e+00
2.911095e+01 5.856666e+02 -5.897630e+01 1.000000e+00
9.669196e+00 6.930250e+01 -1.030725e+03 1.000000e+00
1.474659e+01 2.757156e+02 -1.100097e+03 1.000000e+00
1.854638e+01 2.767354e+02 -8.918226e+02 1.000000e+00
2.366664e+01 4.594885e+02 -9.923550e+02 1.000000e+00
2.915155e+01 4.774366e+02 -6.097130e+02 1.000000e+00
3.484942e+01 6.862372e+02 -8.538644e+02 1.000000e+00
3.636100e+01 6.257341e+02 -3.138627e+02 1.000000e+00
3.535444e+01 7.321827e+02 -6.315813e+02 1.000000e+00
3.422834e+01 5.791399e+02 -5.730640e+01 1.000000e+00
9.280669e+00 7.132067e+01 -1.028174e+03 1.000000e+00
1.411384e+01 2.749281e+02 -1.098392e+03 1.000000e+00
1.837185e+01 2.772538e+02 -8.884093e+02 1.000000e+00
2.300626e+01 4.571877e+02 -9.890193e+02 1.000000e+00
2.848213e+01 4.747269e+02 -6.064504e+02 1.000000e+00
3.351068e+01 6.827235e+02 -8.495784e+02 1.000000e+00
3.535928e+01 6.192277e+02 -3.123065e+02 1.000000e+00
3.512137e+01 7.285781e+02 -6.282126e+02 1.000000e+00
3.294764e+01 5.753226e+02 -5.493355e+01 1.000000e+00
0.000000e+00 1.281582e+02 -1.028137e+03 1.000000e+00
0.000000e+00 1.879575e+02 -9.188701e+02 1.000000e+00
0.000000e+00 3.005236e+02 -9.167657e+02 1.000000e+00
0.000000e+00 3.319106e+02 -7.419290e+02 1.000000e+00
0.000000e+00 4.685304e+02 -7.792593e+02 1.000000e+00
0.000000e+00 5.080969e+02 -4.877958e+02 1.000000e+00
0.000000e+00 5.945674e+02 -5.724146e+02 1.000000e+00
0.000000e+00 5.361207e+02 -2.477343e+02 1.000000e+00
0.000000e+00 5.562730e+02 -3.781506e+02 1.000000e+00
1.615850e+00 1.420685e+02 -1.045583e+03 1.000000e+00
4.502811e+00 1.762964e+02 -8.964966e+02 1.000000e+00
4.846820e+00 3.158158e+02 -9.431042e+02 1.000000e+00
4.974772e+00 3.200825e+02 -7.034999e+02 1.000000e+00
7.814991e+00 4.847726e+02 -8.363266e+02 1.000000e+00
8.133206e+00 4.961529e+02 -4.186926e+02 1.000000e+00
8.259579e+00 6.116208e+02 -6.462285e+02 1.000000e+00
8.885633e+00 5.253356e+02 -1.672016e+02 1.000000e+00
7.758460e+00 5.735082e+02 -4.633504e+02 1.000000e+00
6.128712e+00 1.517554e+02 -1.058510e+03 1.000000e+00
6.591059e+00 1.665873e+02 -8.790625e+02 1.000000e+00
8.578970e+00 3.261791e+02 -9.620732e+02 1.000000e+00
9.645326e+00 3.099571e+02 -6.729855e+02 1.000000e+00
1.228419e+01 4.954438e+02 -8.793441e+02 1.000000e+00
1.239574e+01 4.848322e+02 -3.651293e+02 1.000000e+00
1.451014e+01 6.218605e+02 -7.000594e+02 1.000000e+00
1.248123e+01 5.130923e+02 -1.079419e+02 1.000000e+00
1.301721e+01 5.819144e+02 -5.236597e+02 1.000000e+00
7.585482e+00 1.482534e+02 -1.053650e+03 1.000000e+00
1.069338e+01 1.719878e+02 -8.829979e+02 1.000000e+00
1.314743e+01 3.220759e+02 -9.535453e+02 1.000000e+00
1.534204e+01 3.155694e+02 -6.809799e+02 1.000000e+00
1.845096e+01 4.911286e+02 -8.622407e+02 1.000000e+00
2.157563e+01 4.894402e+02 -3.814535e+02 1.000000e+00
2.166023e+01 6.164268e+02 -6.777241e+02 1.000000e+00
2.171185e+01 5.163499e+02 -1.293704e+02 1.000000e+00
1.979318e+01 5.782431e+02 -4.975258e+02 1.000000e+00
8.660719e+00 1.484507e+02 -1.053266e+03 1.000000e+00
1.225199e+01 1.727163e+02 -8.802141e+02 1.000000e+00
1.483002e+01 3.215448e+02 -9.525176e+02 1.000000e+00
1.772841e+01 3.157512e+02 -6.777715e+02 1.000000e+00
2.100316e+01 4.889791e+02 -8.611402e+02 1.000000e+00
2.355454e+01 4.875999e+02 -3.774163e+02 1.000000e+00
2.493405e+01 6.133176e+02 -6.776997e+02 1.000000e+00
2.425638e+01 5.153691e+02 -1.248065e+02 1.000000e+00
2.188940e+01 5.754366e+02 -5.001444e+02 1.000000e+00
1.061828e+01 1.484575e+02 -1.051325e+03 1.000000e+00
1.436617e+01 1.699360e+02 -8.788101e+02 1.000000e+00
1.746152e+01 3.209609e+02 -9.499210e+02 1.000000e+00
2.074969e+01 3.117935e+02 -6.748843e+02 1.000000e+00
2.463911e+01 4.859192e+02 -8.592626e+02 1.000000e+00
2.836427e+01 4.811356e+02 -3.737133e+02 1.000000e+00
2.946802e+01 6.081986e+02 -6.759333e+02 1.000000e+00
2.837637e+01 5.081973e+02 -1.225417e+02 1.000000e+00
2.720736e+01 5.663455e+02 -4.985531e+02 1.000000e+00
1.081693e+01 1.500089e+02 -1.049541e+03 1.000000e+00
1.532040e+01 1.701424e+02 -8.768519e+02 1.000000e+00
1.932948e+01 3.215403e+02 -9.467046e+02 1.000000e+00
2.247949e+01 3.108821e+02 -6.730554e+02 1.000000e+00
2.761680e+01 4.851877e+02 -8.541644e+02 1.000000e+00
3.109272e+01 4.798214e+02 -3.733995e+02 1.000000e+00
3.220572e+01 6.041987e+02 -6.704811e+02 1.000000e+00
3.187077e+01 5.058701e+02 -1.237696e+02 1.000000e+00
2.864322e+01 5.655254e+02 -4.936435e+02 1.000000e+00
1.138632e+01 1.491629e+02 -1.048186e+03 1.000000e+00
1.558655e+01 1.705380e+02 -8.737791e+02 1.000000e+00
1.910433e+01 3.196618e+02 -9.441081e+02 1.000000e+00
2.302313e+01 3.096867e+02 -6.695864e+02 1.000000e+00
2.702379e+01 4.818339e+02 -8.510038e+02 1.000000e+00
3.101535e+01 4.754446e+02 -3.702356e+02 1.000000e+00
3.235042e+01 5.997454e+02 -6.678948e+02 1.000000e+00
3.166173e+01 5.006632e+02 -1.215987e+02 1.000000e+00
2.964278e+01 5.611235e+02 -4.926478e+02 1.000000e+00
1.140289e+01 1.468271e+02 -1.045511e+03 1.000000e+00
1.575974e+01 1.694699e+02 -8.717529e+02 1.000000e+00
1.955642e+01 3.162596e+02 -9.401816e+02 1.000000e+00
2.307006e+01 3.067929e+02 -6.669264e+02 1.000000e+00
2.780217e+01 4.759280e+02 -8.466682e+02 1.000000e+00
3.177764e+01 4.674255e+02 -3.676217e+02 1.000000e+00
3.312118e+01 5.936262e+02 -6.646113e+02 1.000000e+00
3.236320e+01 4.915821e+02 -1.205296e+02 1.000000e+00
3.001800e+01 5.515964e+02 -4.894316e+02 1.000000e+00
0.000000e+00 8.588580e+01 -8.959582e+02 1.000000e+00
0.000000e+00 1.912518e+02 -8.949152e+02 1.000000e+00
0.000000e+00 2.178954e+02 -7.533192e+02 1.000000e+00
0.000000e+00 3.025122e+02 -7.609486e+02 1.000000e+00
0.000000e+00 3.384420e+02 -5.337715e+02 1.000000e+00
0.000000e+00 4.388992e+02 -6.065866e+02 1.000000e+00
0.000000e+00 4.244271e+02 -3.042726e+02 1.000000e+00
0.000000e+00 4.615342e+02 -4.201039e+02 1.000000e+00
0.000000e+00 3.858766e+02 -1.085330e+02 1.000000e+00
3.914539e+00 7.672109e+01 -8.765848e+02 1.000000e+00
4.081437e+00 2.030728e+02 -9.168216e+02 1.000000e+00
5.334727e+00 2.085325e+02 -7.258479e+02 1.000000e+00
5.614310e+00 3.158004e+02 -7.996219e+02 1.000000e+00
5.840185e+00 3.293900e+02 -4.730726e+02 1.000000e+00
8.011615e+00 4.534248e+02 -6.771050e+02 1.000000e+00
7.040664e+00 4.145472e+02 -2.286763e+02 1.000000e+00
7.538669e+00 4.746597e+02 -4.991584e+02 1.000000e+00
8.189685e+00 3.768959e+02 -2.321691e+01 1.000000e+00
5.472587e+00 6.985709e+01 -8.608184e+02 1.000000e+00
7.820297e+00 2.122532e+02 -9.330396e+02 1.000000e+00
8.286599e+00 2.020768e+02 -7.037846e+02 1.000000e+00
1.096705e+01 3.259415e+02 -8.278824e+02 1.000000e+00
1.087669e+01 3.225472e+02 -4.266080e+02 1.000000e+00
1.317337e+01 4.644137e+02 -7.289212e+02 1.000000e+00
1.327050e+01 4.069597e+02 -1.718014e+02 1.000000e+00
1.319028e+01 4.859756e+02 -5.572890e+02 1.000000e+00
1.020754e+01 3.706203e+02 3.893948e+01 1.000000e+00
8.728563e+00 7.238584e+01 -8.646851e+02 1.000000e+00
1.100879e+01 2.076327e+02 -9.254822e+02 1.000000e+00
1.309002e+01 2.053691e+02 -7.090931e+02 1.000000e+00
1.430850e+01 3.204926e+02 -8.154196e+02 1.000000e+00
1.668027e+01 3.241171e+02 -4.411353e+02 1.000000e+00
1.823580e+01 4.572824e+02 -7.074496e+02 1.000000e+00
1.891978e+01 4.080786e+02 -1.917505e+02 1.000000e+00
1.833536e+01 4.798740e+02 -5.333156e+02 1.000000e+00
1.758482e+01 3.689524e+02 1.446168e+01 1.000000e+00
1.034735e+01 7.268634e+01 -8.620657e+02 1.000000e+00
1.398832e+01 2.072219e+02 -9.245185e+02 1.000000e+00
1.603025e+01 2.051860e+02 -7.059517e+02 1.000000e+00
1.857554e+01 3.188000e+02 -8.145115e+02 1.000000e+00
2.138025e+01 3.232226e+02 -4.367165e+02 1.000000e+00
2.390181e+01 4.545386e+02 -7.077538e+02 1.000000e+00
2.432584e+01 4.057474e+02 -1.876674e+02 1.000000e+00
2.374207e+01 4.749853e+02 -5.338136e+02 1.000000e+00
2.131574e+01 3.670753e+02 1.788691e+01 1.000000e+00
1.160140e+01 7.257487e+01 -8.595087e+02 1.000000e+00
1.498358e+01 2.094771e+02 -9.230397e+02 1.000000e+00
1.796099e+01 2.049271e+02 -7.028092e+02 1.000000e+00
2.069315e+01 3.204761e+02 -8.123725e+02 1.000000e+00
2.322262e+01 3.230059e+02 -4.334650e+02 1.000000e+00
2.605883e+01 4.556441e+02 -7.060466e+02 1.000000e+00
2.706479e+01 4.048449e+02 -1.845377e+02 1.000000e+00
2.579598e+01 4.751449e+02 -5.333492e+02 1.000000e+00
2.352236e+01 3.692139e+02 2.021999e+01 1.000000e+00
1.269839e+01 7.060117e+01 -8.590775e+02 1.000000e+00
1.652461e+01 2.078384e+02 -9.190485e+02 1.000000e+00
1.984745e+01 2.021861e+02 -7.013592e+02 1.000000e+00
2.232542e+01 3.175918e+02 -8.079390e+02 1.000000e+00
2.596360e+01 3.173897e+02 -4.323238e+02 1.000000e+00
2.890087e+01 4.486156e+02 -7.009772e+02 1.000000e+00
2.916962e+01 3.990674e+02 -1.848368e+02 1.000000e+00
2.912738e+01 4.680575e+02 -5.282933e+02 1.000000e+00
2.680005e+01 3.608328e+02 1.813144e+01 1.000000e+00
1.291526e+01 7.121837e+01 -8.560610e+02 1.000000e+00
1.724735e+01 2.067366e+02 -9.167586e+02 1.000000e+00
1.978425e+01 2.016552e+02 -6.981926e+02 1.000000e+00
2.366748e+01 3.152606e+02 -8.048123e+02 1.000000e+00
2.693802e+01 3.151591e+02 -4.291166e+02 1.000000e+00
2.989345e+01 4.451898e+02 -6.980527e+02 1.000000e+00
3.104019e+01 3.945497e+02 -1.823994e+02 1.000000e+00
2.961321e+01 4.639483e+02 -5.262820e+02 1.000000e+00
2.699259e+01 3.561798e+02 1.920877e+01 1.000000e+00
1.304785e+01 7.298225e+01 -8.526526e+02 1.000000e+00
1.698432e+01 2.068459e+02 -9.144245e+02 1.000000e+00
2.004950e+01 2.024699e+02 -6.948697e+02 1.000000e+00
2.322648e+01 3.146446e+02 -8.008073e+02 1.000000e+00
2.662826e+01 3.157097e+02 -4.272877e+02 1.000000e+00
2.974611e+01 4.450913e+02 -6.932050e+02 1.000000e+00
3.058094e+01 3.922255e+02 -1.813983e+02 1.000000e+00
2.990236e+01 4.634373e+02 -5.233744e+02 1.000000e+00
2.743953e+01 3.558856e+02 1.943299e+01 1.000000e+00
0.000000e+00 9.559776e+01 -8.808947e+02 1.000000e+00
0.000000e+00 1.300660e+02 -7.604158e+02 1.000000e+00
0.000000e+00 1.945510e+02 -7.546177e+02 1.000000e+00
0.000000e+00 2.078604e+02 -5.830016e+02 1.000000e+00
0.000000e+00 2.835983e+02 -6.289235e+02 1.000000e+00
0.000000e+00 2.999909e+02 -3.566960e+02 1.000000e+00
0.000000e+00 3.467362e+02 -4.577723e+02 1.000000e+00
0.000000e+00 3.089796e+02 -1.635057e+02 1.000000e+00
0.000000e+00 3.226556e+02 -3.096591e+02 1.000000e+00
2.309432e+00 1.028033e+02 -8.993951e+02 1.000000e+00
3.994680e+00 1.217227e+02 -7.375886e+02 1.000000e+00
3.682859e+00 2.025460e+02 -7.815554e+02 1.000000e+00
3.797164e+00 1.994393e+02 -5.429388e+02 1.000000e+00
5.589921e+00 2.922889e+02 -6.881090e+02 1.000000e+00
5.334852e+00 2.904304e+02 -2.854518e+02 1.000000e+00
4.626802e+00 3.564185e+02 -5.346076e+02 1.000000e+00
4.401090e+00 2.996449e+02 -8.146981e+01 1.000000e+00
3.132181e+00 3.285910e+02 -3.961165e+02 1.000000e+00
7.541009e+00 1.085051e+02 -9.131057e+02 1.000000e+00
8.424777e+00 1.155383e+02 -7.191519e+02 1.000000e+00
1.031714e+01 2.078579e+02 -8.014244e+02 1.000000e+00
1.030082e+01 1.925553e+02 -5.113419e+02 1.000000e+00
1.309218e+01 2.980231e+02 -7.323915e+02 1.000000e+00
1.251545e+01 2.818421e+02 -2.312667e+02 1.000000e+00
1.453501e+01 3.623406e+02 -5.907751e+02 1.000000e+00
1.341621e+01 2.901395e+02 -2.091506e+01 1.000000e+00
1.391698e+01 3.330044e+02 -4.578828e+02 1.000000e+00
8.968392e+00 1.071581e+02 -9.077507e+02 1.000000e+00
1.083751e+01 1.200400e+02 -7.225901e+02 1.000000e+00
1.297643e+01 2.063141e+02 -7.924084e+02 1.000000e+00
1.424569e+01 1.976773e+02 -5.202644e+02 1.000000e+00
1.535634e+01 2.970381e+02 -7.142178e+02 1.000000e+00
1.728718e+01 2.874572e+02 -2.497941e+02 1.000000e+00
1.715794e+01 3.611124e+02 -5.670963e+02 1.000000e+00
1.634502e+01 2.945983e+02 -4.451932e+01 1.000000e+00
1.385572e+01 3.347843e+02 -4.308564e+02 1.000000e+00
1.154333e+01 1.064586e+02 -9.072209e+02 1.000000e+00
1.451309e+01 1.193751e+02 -7.191896e+02 1.000000e+00
1.622602e+01 2.055662e+02 -7.910936e+02 1.000000e+00
1.768734e+01 1.973041e+02 -5.167295e+02 1.000000e+00
2.027955e+01 2.946078e+02 -7.135408e+02 1.000000e+00
2.180372e+01 2.857282e+02 -2.458674e+02 1.000000e+00
2.193520e+01 3.585106e+02 -5.678953e+02 1.000000e+00
2.115908e+01 2.936182e+02 -4.092809e+01 1.000000e+00
2.005942e+01 3.306890e+02 -4.325740e+02 1.000000e+00
1.315223e+01 1.066448e+02 -9.048030e+02 1.000000e+00
1.627036e+01 1.171216e+02 -7.169424e+02 1.000000e+00
1.870812e+01 2.045449e+02 -7.887714e+02 1.000000e+00
2.096832e+01 1.937194e+02 -5.130621e+02 1.000000e+00
2.341960e+01 2.915242e+02 -7.125039e+02 1.000000e+00
2.515912e+01 2.800490e+02 -2.419332e+02 1.000000e+00
2.590283e+01 3.538880e+02 -5.673378e+02 1.000000e+00
2.470008e+01 2.880497e+02 -3.777450e+01 1.000000e+00
2.280212e+01 3.246280e+02 -4.320152e+02 1.000000e+00
1.365619e+01 1.079868e+02 -9.019073e+02 1.000000e+00
1.691695e+01 1.178873e+02 -7.149413e+02 1.000000e+00
1.987444e+01 2.053924e+02 -7.848606e+02 1.000000e+00
2.183849e+01 1.942105e+02 -5.113946e+02 1.000000e+00
2.464109e+01 2.929843e+02 -7.075262e+02 1.000000e+00
2.662640e+01 2.814454e+02 -2.416738e+02 1.000000e+00
2.692289e+01 3.535332e+02 -5.622346e+02 1.000000e+00
2.600868e+01 2.882634e+02 -3.895029e+01 1.000000e+00
2.294422e+01 3.259628e+02 -4.278953e+02 1.000000e+00
1.473152e+01 1.068601e+02 -8.998753e+02 1.000000e+00
1.809964e+01 1.173026e+02 -7.115405e+02 1.000000e+00
2.060768e+01 2.039711e+02 -7.819869e+02 1.000000e+00
2.314212e+01 1.930003e+02 -5.083746e+02 1.000000e+00
2.606834e+01 2.897488e+02 -7.040027e+02 1.000000e+00
2.826828e+01 2.782849e+02 -2.391989e+02 1.000000e+00
2.867241e+01 3.502943e+02 -5.597082e+02 1.000000e+00
2.766586e+01 2.843732e+02 -3.745514e+01 1.000000e+00
2.569618e+01 3.227163e+02 -4.264722e+02 1.000000e+00
1.444354e+01 1.050359e+02 -8.967363e+02 1.000000e+00
1.789575e+01 1.158744e+02 -7.089324e+02 1.000000e+00
2.045033e+01 2.013872e+02 -7.781824e+02 1.000000e+00
2.281518e+01 1.900336e+02 -5.059308e+02 1.000000e+00
2.590042e+01 2.842047e+02 -6.996899e+02 1.000000e+00
2.802770e+01 2.720198e+02 -2.376582e+02 1.000000e+00
2.837130e+01 3.448399e+02 -5.560140e+02 1.000000e+00
2.724483e+01 2.774625e+02 -3.734113e+01 1.000000e+00
2.504855e+01 3.164284e+02 -4.230220e+02 1.000000e+00
0.000000e+00 5.204991e+01 -7.748679e+02 1.000000e+00
0.000000e+00 1.033518e+02 -7.677579e+02 1.000000e+00
0.000000e+00 1.141463e+02 -6.238038e+02 1.000000e+00
0.000000e+00 1.539600e+02 -6.344458e+02 1.000000e+00
0.000000e+00 1.675184e+02 -4.158679e+02 1.000000e+00
0.000000e+00 2.135053e+02 -5.026243e+02 1.000000e+00
0.000000e+00 2.027544e+02 -2.207419e+02 1.000000e+00
0.000000e+00 2.191480e+02 -3.483335e+02 1.000000e+00
0.000000e+00 1.791461e+02 -6.109045e+01 1.000000e+00
4.050153e+00 4.860889e+01 -7.552921e+02 1.000000e+00
3.600166e+00 1.112143e+02 -7.901028e+02 1.000000e+00
5.181653e+00 1.118561e+02 -5.956349e+02 1.000000e+00
5.848127e+00 1.632898e+02 -6.737169e+02 1.000000e+00
5.695944e+00 1.661335e+02 -3.543031e+02 1.000000e+00
7.412407e+00 2.251682e+02 -5.739354e+02 1.000000e+00
7.673918e+00 2.019569e+02 -1.433080e+02 1.000000e+00
6.883555e+00 2.318132e+02 -4.301066e+02 1.000000e+00
6.288451e+00 1.817517e+02 2.521825e+01 1.000000e+00
6.558723e+00 4.510845e+01 -7.390052e+02 1.000000e+00
8.516263e+00 1.158948e+02 -8.068843e+02 1.000000e+00
8.049848e+00 1.094778e+02 -5.731156e+02 1.000000e+00
1.025150e+01 1.692196e+02 -7.021677e+02 1.000000e+00
9.610945e+00 1.636401e+02 -3.068165e+02 1.000000e+00
1.148696e+01 2.326868e+02 -6.265460e+02 1.000000e+00
1.044693e+01 1.993836e+02 -8.560418e+01 1.000000e+00
1.047333e+01 2.395747e+02 -4.897813e+02 1.000000e+00
8.472341e+00 1.793512e+02 8.884742e+01 1.000000e+00
1.013538e+01 4.602962e+01 -7.418695e+02 1.000000e+00
1.215307e+01 1.126537e+02 -7.996163e+02 1.000000e+00
1.370333e+01 1.099415e+02 -5.783275e+02 1.000000e+00
1.475474e+01 1.646688e+02 -6.892515e+02 1.000000e+00
1.640921e+01 1.627569e+02 -3.220394e+02 1.000000e+00
1.740528e+01 2.266873e+02 -6.043745e+02 1.000000e+00
1.783839e+01 1.974074e+02 -1.073745e+02 1.000000e+00
1.723486e+01 2.332824e+02 -4.640092e+02 1.000000e+00
1.595371e+01 1.748089e+02 6.330077e+01 1.000000e+00
1.194594e+01 4.687562e+01 -7.388129e+02 1.000000e+00
1.432291e+01 1.136425e+02 -7.983522e+02 1.000000e+00
1.611682e+01 1.106607e+02 -5.745787e+02 1.000000e+00
1.757683e+01 1.649420e+02 -6.884475e+02 1.000000e+00
1.907411e+01 1.641560e+02 -3.178415e+02 1.000000e+00
2.055097e+01 2.267771e+02 -6.043842e+02 1.000000e+00
2.058560e+01 1.981259e+02 -1.034964e+02 1.000000e+00
1.986459e+01 2.330122e+02 -4.646126e+02 1.000000e+00
1.732389e+01 1.774502e+02 6.540705e+01 1.000000e+00
1.396369e+01 4.618541e+01 -7.362169e+02 1.000000e+00
1.654374e+01 1.143245e+02 -7.962347e+02 1.000000e+00
1.856113e+01 1.104747e+02 -5.711678e+02 1.000000e+00
2.037647e+01 1.660982e+02 -6.863105e+02 1.000000e+00
2.212669e+01 1.641229e+02 -3.135989e+02 1.000000e+00
2.381285e+01 2.279345e+02 -6.033983e+02 1.000000e+00
2.383006e+01 1.980503e+02 -9.958115e+01 1.000000e+00
2.256479e+01 2.332634e+02 -4.650052e+02 1.000000e+00
2.088256e+01 1.777666e+02 6.849045e+01 1.000000e+00
1.507745e+01 4.486299e+01 -7.348544e+02 1.000000e+00
1.807763e+01 1.130176e+02 -7.923356e+02 1.000000e+00
2.040918e+01 1.084442e+02 -5.692787e+02 1.000000e+00
2.227397e+01 1.635429e+02 -6.818652e+02 1.000000e+00
2.455246e+01 1.598967e+02 -3.121524e+02 1.000000e+00
2.643032e+01 2.229561e+02 -5.985656e+02 1.000000e+00
2.603182e+01 1.937395e+02 -9.970349e+01 1.000000e+00
2.567130e+01 2.285847e+02 -4.602451e+02 1.000000e+00
2.325280e+01 1.728217e+02 6.685813e+01 1.000000e+00
1.515099e+01 4.530291e+01 -7.316984e+02 1.000000e+00
1.845658e+01 1.129107e+02 -7.894462e+02 1.000000e+00
2.028282e+01 1.080568e+02 -5.660648e+02 1.000000e+00
2.263968e+01 1.625859e+02 -6.784801e+02 1.000000e+00
2.455883e+01 1.595478e+02 -3.093980e+02 1.000000e+00
2.624180e+01 2.213568e+02 -5.953768e+02 1.000000e+00
2.649325e+01 1.919184e+02 -9.788386e+01 1.000000e+00
2.489387e+01 2.270323e+02 -4.579013e+02 1.000000e+00
2.281413e+01 1.711613e+02 6.706996e+01 1.000000e+00
1.536889e+01 4.602562e+01 -7.285601e+02 1.000000e+00
1.850411e+01 1.129417e+02 -7.861274e+02 1.000000e+00
2.058310e+01 1.082896e+02 -5.631439e+02 1.000000e+00
2.258232e+01 1.625408e+02 -6.741437e+02 1.000000e+00
2.471133e+01 1.603310e+02 -3.080799e+02 1.000000e+00
2.667159e+01 2.216342e+02 -5.906147e+02 1.000000e+00
2.659456e+01 1.913332e+02 -9.771933e+01 1.000000e+00
2.552705e+01 2.270973e+02 -4.548853e+02 1.000000e+00
2.316050e+01 1.705757e+02 6.653063e+01 1.000000e+00
0.000000e+00 3.584986e+01 -7.939260e+02 1.000000e+00
0.000000e+00 4.811025e+01 -6.690273e+02 1.000000e+00
0.000000e+00 6.983871e+01 -6.629733e+02 1.000000e+00
0.000000e+00 7.398125e+01 -4.939766e+02 1.000000e+00
0.000000e+00 9.836305e+01 -5.460938e+02 1.000000e+00
0.000000e+00 1.033456e+02 -2.858915e+02 1.000000e+00
0.000000e+00 1.191349e+02 -3.975482e+02 1.000000e+00
0.000000e+00 1.063893e+02 -1.193411e+02 1.000000e+00
0.000000e+00 1.108591e+02 -2.733479e+02 1.000000e+00
3.377620e+00 3.805898e+01 -8.129068e+02 1.000000e+00
5.286006e+00 4.448743e+01 -6.457974e+02 1.000000e+00
4.905848e+00 7.104629e+01 -6.903168e+02 1.000000e+00
5.235463e+00 6.919827e+01 -4.538083e+02 1.000000e+00
7.044446e+00 9.881126e+01 -6.067683e+02 1.000000e+00
6.945392e+00 9.681522e+01 -2.131315e+02 1.000000e+00
6.502550e+00 1.186119e+02 -4.749732e+02 1.000000e+00
7.015876e+00 9.871700e+01 -3.618959e+01 1.000000e+00
6.291201e+00 1.079786e+02 -3.601123e+02 1.000000e+00
7.538491e+00 4.048635e+01 -8.273998e+02 1.000000e+00
7.713904e+00 4.289034e+01 -6.267436e+02 1.000000e+00
9.810362e+00 7.289586e+01 -7.102437e+02 1.000000e+00
9.114425e+00 6.672796e+01 -4.222018e+02 1.000000e+00
1.157833e+01 1.005716e+02 -6.516527e+02 1.000000e+00
1.082199e+01 9.321032e+01 -1.579970e+02 1.000000e+00
1.223101e+01 1.200179e+02 -5.313674e+02 1.000000e+00
1.054658e+01 9.490706e+01 2.514014e+01 1.000000e+00
9.625092e+00 1.096653e+02 -4.235401e+02 1.000000e+00
1.036289e+01 4.024287e+01 -8.218483e+02 1.000000e+00
1.187325e+01 4.505792e+01 -6.302139e+02 1.000000e+00
1.312415e+01 7.354368e+01 -7.008959e+02 1.000000e+00
1.396879e+01 7.004855e+01 -4.307013e+02 1.000000e+00
1.505428e+01 1.020930e+02 -6.323810e+02 1.000000e+00
1.618767e+01 9.763940e+01 -1.775170e+02 1.000000e+00
1.630893e+01 1.223714e+02 -5.063701e+02 1.000000e+00
1.560110e+01 9.944205e+01 6.036714e-01 1.000000e+00
1.383600e+01 1.134858e+02 -3.961419e+02 1.000000e+00
1.273187e+01 3.960401e+01 -8.208627e+02 1.000000e+00
1.507886e+01 4.399011e+01 -6.266790e+02 1.000000e+00
1.659661e+01 7.256544e+01 -6.995416e+02 1.000000e+00
1.794332e+01 6.915583e+01 -4.264951e+02 1.000000e+00
1.979797e+01 1.000101e+02 -6.318329e+02 1.000000e+00
2.070924e+01 9.612019e+01 -1.733199e+02 1.000000e+00
2.080193e+01 1.202208e+02 -5.066466e+02 1.000000e+00
1.965936e+01 9.739727e+01 3.891692e+00 1.000000e+00
1.792694e+01 1.097218e+02 -3.963979e+02 1.000000e+00
1.440337e+01 4.007643e+01 -8.183828e+02 1.000000e+00
1.674349e+01 4.343037e+01 -6.237908e+02 1.000000e+00
1.867542e+01 7.218525e+01 -6.971500e+02 1.000000e+00
2.014845e+01 6.796052e+01 -4.225642e+02 1.000000e+00
2.178502e+01 9.903513e+01 -6.308274e+02 1.000000e+00
2.296161e+01 9.402876e+01 -1.686281e+02 1.000000e+00
2.308090e+01 1.185407e+02 -5.068140e+02 1.000000e+00
2.168538e+01 9.565171e+01 7.624178e+00 1.000000e+00
1.923378e+01 1.083425e+02 -3.970151e+02 1.000000e+00
1.548376e+01 4.058110e+01 -8.148196e+02 1.000000e+00
1.824764e+01 4.384258e+01 -6.217617e+02 1.000000e+00
2.022846e+01 7.273034e+01 -6.930842e+02 1.000000e+00
2.155062e+01 6.873416e+01 -4.205139e+02 1.000000e+00
2.349722e+01 1.004623e+02 -6.259808e+02 1.000000e+00
2.466820e+01 9.548891e+01 -1.680093e+02 1.000000e+00
2.490833e+01 1.193300e+02 -5.020034e+02 1.000000e+00
2.330460e+01 9.644244e+01 6.738813e+00 1.000000e+00
2.106212e+01 1.096184e+02 -3.928415e+02 1.000000e+00
1.623555e+01 3.995055e+01 -8.121624e+02 1.000000e+00
1.909149e+01 4.333374e+01 -6.184910e+02 1.000000e+00
2.111842e+01 7.221950e+01 -6.897848e+02 1.000000e+00
2.259978e+01 6.787766e+01 -4.173640e+02 1.000000e+00
2.495020e+01 9.868037e+01 -6.224932e+02 1.000000e+00
2.640163e+01 9.425016e+01 -1.659256e+02 1.000000e+00
2.626639e+01 1.179474e+02 -4.987675e+02 1.000000e+00
2.482852e+01 9.475301e+01 8.005790e+00 1.000000e+00
2.239213e+01 1.082674e+02 -3.905453e+02 1.000000e+00
1.595770e+01 3.928451e+01 -8.088187e+02 1.000000e+00
1.877121e+01 4.278326e+01 -6.156918e+02 1.000000e+00
2.067167e+01 7.135672e+01 -6.857070e+02 1.000000e+00
2.208457e+01 6.638943e+01 -4.150771e+02 1.000000e+00
2.412846e+01 9.616946e+01 -6.180115e+02 1.000000e+00
2.546736e+01 9.170414e+01 -1.651898e+02 1.000000e+00
2.549444e+01 1.156625e+02 -4.945773e+02 1.000000e+00
2.401023e+01 9.227274e+01 7.656361e+00 1.000000e+00
2.209634e+01 1.063434e+02 -3.873055e+02 1.000000e+00
0.000000e+00 0.000000e+00 -7.272202e+02 1.000000e+00
0.000000e+00 0.000000e+00 -7.188885e+02 1.000000e+00
0.000000e+00 0.000000e+00 -5.757091e+02 1.000000e+00
0.000000e+00 0.000000e+00 -5.885276e+02 1.000000e+00
0.000000e+00 0.000000e+00 -3.731311e+02 1.000000e+00
0.000000e+00 0.000000e+00 -4.648272e+02 1.000000e+00
0.000000e+00 0.000000e+00 -1.902086e+02 1.000000e+00
0.000000e+00 0.000000e+00 -3.216323e+02 1.000000e+00
0.000000e+00 0.000000e+00 -4.372026e+01 1.000000e+00
4.344576e+00 0.000000e+00 -7.079882e+02 1.000000e+00
2.526478e+00 0.000000e+00 -7.416778e+02 1.000000e+00
3.464553e+00 0.000000e+00 -5.474543e+02 1.000000e+00
3.120119e+00 0.000000e+00 -6.273098e+02 1.000000e+00
1.955420e+00 0.000000e+00 -3.112665e+02 1.000000e+00
2.616098e+00 0.000000e+00 -5.372504e+02 1.000000e+00
2.384290e+00 0.000000e+00 -1.126294e+02 1.000000e+00
3.698369e-01 0.000000e+00 -4.049048e+02 1.000000e+00
-4.766306e-01 0.000000e+00 4.320665e+01 1.000000e+00
7.648648e+00 0.000000e+00 -6.916882e+02 1.000000e+00
1.040162e+01 0.000000e+00 -7.587774e+02 1.000000e+00
1.031973e+01 0.000000e+00 -5.246929e+02 1.000000e+00
1.260261e+01 0.000000e+00 -6.558666e+02 1.000000e+00
1.205451e+01 0.000000e+00 -2.641463e+02 1.000000e+00
1.476738e+01 0.000000e+00 -5.903736e+02 1.000000e+00
1.419961e+01 0.000000e+00 -5.483110e+01 1.000000e+00
1.515487e+01 0.000000e+00 -4.653275e+02 1.000000e+00
1.424480e+01 0.000000e+00 1.077979e+02 1.000000e+00
9.914363e+00 0.000000e+00 -6.940657e+02 1.000000e+00
1.167279e+01 0.000000e+00 -7.513784e+02 1.000000e+00
1.315614e+01 0.000000e+00 -5.293371e+02 1.000000e+00
1.422764e+01 0.000000e+00 -6.433181e+02 1.000000e+00
1.539198e+01 0.000000e+00 -2.797348e+02 1.000000e+00
1.687341e+01 0.000000e+00 -5.670360e+02 1.000000e+00
1.660691e+01 0.000000e+00 -7.762720e+01 1.000000e+00
1.503169e+01 0.000000e+00 -4.386264e+02 1.000000e+00
1.296988e+01 0.000000e+00 8.167181e+01 1.000000e+00
1.275621e+01 0.000000e+00 -6.912729e+02 1.000000e+00
1.431024e+01 0.000000e+00 -7.499060e+02 1.000000e+00
1.567387e+01 0.000000e+00 -5.252906e+02 1.000000e+00
1.659409e+01 0.000000e+00 -6.420884e+02 1.000000e+00
1.738500e+01 0.000000e+00 -2.746688e+02 1.000000e+00
1.824497e+01 0.000000e+00 -5.671087e+02 1.000000e+00
1.797307e+01 0.000000e+00 -7.440167e+01 1.000000e+00
1.707386e+01 0.000000e+00 -4.394982e+02 1.000000e+00
1.477969e+01 0.000000e+00 8.324990e+01 1.000000e+00
1.508568e+01 0.000000e+00 -6.887937e+02 1.000000e+00
1.754966e+01 0.000000e+00 -7.475489e+02 1.000000e+00
1.913021e+01 0.000000e+00 -5.220862e+02 1.000000e+00
2.097468e+01 0.000000e+00 -6.397576e+02 1.000000e+00
2.284859e+01 0.000000e+00 -2.700857e+02 1.000000e+00
2.373118e+01 0.000000e+00 -5.674531e+02 1.000000e+00
2.331721e+01 0.000000e+00 -6.997390e+01 1.000000e+00
2.246425e+01 0.000000e+00 -4.399556e+02 1.000000e+00
2.104304e+01 0.000000e+00 8.716209e+01 1.000000e+00
1.573276e+01 0.000000e+00 -6.868653e+02 1.000000e+00
1.854498e+01 0.000000e+00 -7.437661e+02 1.000000e+00
2.063222e+01 0.000000e+00 -5.198466e+02 1.000000e+00
2.238153e+01 0.000000e+00 -6.355642e+02 1.000000e+00
2.426377e+01 0.000000e+00 -2.689490e+02 1.000000e+00
2.595610e+01 0.000000e+00 -5.629625e+02 1.000000e+00
2.503541e+01 0.000000e+00 -7.045548e+01 1.000000e+00
2.380999e+01 0.000000e+00 -4.348421e+02 1.000000e+00
2.180882e+01 0.000000e+00 8.684633e+01 1.000000e+00
1.580863e+01 0.000000e+00 -6.839902e+02 1.000000e+00
1.884135e+01 0.000000e+00 -7.404257e+02 1.000000e+00
2.056058e+01 0.000000e+00 -5.164418e+02 1.000000e+00
2.161447e+01 0.000000e+00 -6.324238e+02 1.000000e+00
2.267068e+01 0.000000e+00 -2.658956e+02 1.000000e+00
2.428654e+01 0.000000e+00 -5.590714e+02 1.000000e+00
2.425517e+01 0.000000e+00 -6.917770e+01 1.000000e+00
2.298795e+01 0.000000e+00 -4.320057e+02 1.000000e+00
2.143584e+01 0.000000e+00 8.714942e+01 1.000000e+00
1.613902e+01 0.000000e+00 -6.813022e+02 1.000000e+00
1.901771e+01 0.000000e+00 -7.364813e+02 1.000000e+00
2.062980e+01 0.000000e+00 -5.138055e+02 1.000000e+00
2.214508e+01 0.000000e+00 -6.281168e+02 1.000000e+00
2.386674e+01 0.000000e+00 -2.642339e+02 1.000000e+00
2.532513e+01 0.000000e+00 -5.541572e+02 1.000000e+00
2.491335e+01 0.000000e+00 -6.903273e+01 1.000000e+00
2.369320e+01 0.000000e+00 -4.284543e+02 1.000000e+00
2.152363e+01 0.000000e+00 8.577213e+01 1.000000e+00
