0 729 0.00000e+00
  1     729
-2.819871e+00 9.861848e+03 1.092866e+01 8.571537e-01
-2.293314e+00 9.944305e+03 1.752603e+01 7.399081e-01
-1.754861e+00 9.949109e+03 -1.976275e+00 5.967547e-01
-1.325139e+00 1.001840e+04 2.246993e+01 4.469133e-01
-8.630465e-01 1.001072e+04 -1.296553e+01 3.077485e-01
-5.483556e-01 1.006874e+04 2.749006e+01 1.891254e-01
-2.682776e-01 1.006772e+04 -2.377136e+01 9.748217e-02
-8.830000e-02 1.011349e+04 4.958212e+01 3.527858e-02
0.000000e+00 1.009424e+04 0.000000e+00 0.000000e+00
-2.908686e+00 9.865664e+03 8.797499e+00 8.571537e-01
-2.621373e+00 9.947776e+03 1.531142e+01 7.399081e-01
-2.034945e+00 9.951779e+03 -1.947341e+00 5.967547e-01
-1.563834e+00 1.001944e+04 2.178338e+01 4.469133e-01
-8.630332e-01 1.001165e+04 -1.092105e+01 3.077485e-01
-5.097796e-01 1.006909e+04 2.609262e+01 1.891254e-01
-2.391115e-01 1.006752e+04 -2.294506e+01 9.748217e-02
-5.990445e-02 1.011217e+04 4.943851e+01 3.527858e-02
0.000000e+00 1.009424e+04 0.000000e+00 0.000000e+00
-2.266468e+00 9.868542e+03 7.848937e+00 8.571537e-01
-1.617513e+00 9.950812e+03 1.484379e+01 7.399081e-01
-1.324666e+00 9.953608e+03 -2.396995e+00 5.967547e-01
-9.981297e-01 1.002111e+04 2.150282e+01 4.469133e-01
-9.694362e-01 1.001269e+04 -1.218373e+01 3.077485e-01
-7.155426e-01 1.006992e+04 2.545642e+01 1.891254e-01
-3.607911e-01 1.006738e+04 -2.439520e+01 9.748217e-02
-1.884262e-01 1.011267e+04 4.904038e+01 3.527858e-02
0.000000e+00 1.009424e+04 0.000000e+00 0.000000e+00
-1.783640e+00 9.870503e+03 7.724267e+00 8.571537e-01
-1.419117e+00 9.951101e+03 1.552209e+01 7.399081e-01
-9.500381e-01 9.954566e+03 -2.797450e+00 5.967547e-01
-8.965091e-01 1.002193e+04 2.110722e+01 4.469133e-01
-5.011956e-01 1.001395e+04 -1.331653e+01 3.077485e-01
-2.687303e-01 1.006983e+04 2.606446e+01 1.891254e-01
4.820934e-03 1.006869e+04 -2.400550e+01 9.748217e-02
3.007277e-02 1.011264e+04 4.811501e+01 3.527858e-02
0.000000e+00 1.009424e+04 0.000000e+00 0.000000e+00
-1.676241e+00 9.873194e+03 7.080783e+00 8.571537e-01
-1.303058e+00 9.952863e+03 1.574658e+01 7.399081e-01
-1.000610e+00 9.955027e+03 -1.589122e+00 5.967547e-01
-5.296550e-01 1.002288e+04 2.257552e+01 4.469133e-01
-2.421674e-01 1.001345e+04 -9.942101e+00 3.077485e-01
2.696228e-03 1.007069e+04 2.930457e+01 1.891254e-01
-4.940029e-03 1.006779e+04 -2.012809e+01 9.748217e-02
1.582846e-01 1.011241e+04 5.360592e+01 3.527858e-02
0.000000e+00 1.009424e+04 0.000000e+00 0.000000e+00
4.675772e-01 9.876468e+03 8.820499e+00 8.571537e-01
1.638501e-01 9.954950e+03 1.667768e+01 7.399081e-01
1.045929e-01 9.956969e+03 -7.236265e-01 5.967547e-01
-2.205053e-01 1.002329e+04 2.199627e+01 4.469133e-01
-3.408049e-01 1.001499e+04 -1.100328e+01 3.077485e-01
-5.086430e-01 1.007161e+04 2.652106e+01 1.891254e-01
-3.349864e-01 1.006881e+04 -2.275187e+01 9.748217e-02
-3.829391e-01 1.011395e+04 5.029859e+01 3.527858e-02
0.000000e+00 1.009424e+04 0.000000e+00 0.000000e+00
-1.649361e+00 9.875240e+03 8.407304e+00 8.571537e-01
-1.430604e+00 9.957111e+03 1.626490e+01 7.399081e-01
-1.274223e+00 9.957506e+03 -1.830596e+00 5.967547e-01
-1.028868e+00 1.002455e+04 2.079769e+01 4.469133e-01
-7.626227e-01 1.001635e+04 -1.272070e+01 3.077485e-01
-3.011137e-01 1.007158e+04 2.502659e+01 1.891254e-01
-5.193831e-02 1.007135e+04 -2.438960e+01 9.748217e-02
1.293262e-01 1.011233e+04 4.665031e+01 3.527858e-02
0.000000e+00 1.009424e+04 0.000000e+00 0.000000e+00
-5.374600e-01 9.878470e+03 7.712308e+00 8.571537e-01
-1.340793e-01 9.963054e+03 1.551500e+01 7.399081e-01
1.420203e-01 9.960233e+03 -1.807795e+00 5.967547e-01
2.984185e-01 1.002837e+04 2.266511e+01 4.469133e-01
4.583434e-01 1.001561e+04 -1.097949e+01 3.077485e-01
3.729342e-01 1.007316e+04 2.953415e+01 1.891254e-01
2.543434e-01 1.007009e+04 -2.153054e+01 9.748217e-02
1.142591e-01 1.011147e+04 5.361253e+01 3.527858e-02
0.000000e+00 1.009424e+04 0.000000e+00 0.000000e+00
0.000000e+00 9.908330e+03 9.426491e+00 8.571537e-01
0.000000e+00 9.988959e+03 1.557438e+01 7.399081e-01
0.000000e+00 9.985930e+03 -6.524092e-01 5.967547e-01
0.000000e+00 1.004856e+04 2.321083e+01 4.469133e-01
0.000000e+00 1.003167e+04 -9.793875e+00 3.077485e-01
0.000000e+00 1.008489e+04 2.981544e+01 1.891254e-01
0.000000e+00 1.007569e+04 -2.073381e+01 9.748217e-02
0.000000e+00 1.011461e+04 5.481772e+01 3.527858e-02
0.000000e+00 1.009424e+04 0.000000e+00 0.000000e+00
-9.756868e-01 9.913654e+03 1.014025e+01 8.571537e-01
-7.237753e-01 9.916505e+03 -7.483425e+00 7.399081e-01
-6.204564e-01 9.997074e+03 9.189776e+00 5.967547e-01
-4.527266e-01 9.987977e+03 -1.981235e+01 4.469133e-01
-3.743463e-01 1.006006e+04 1.198052e+01 3.077485e-01
-2.317754e-01 1.004465e+04 -3.147180e+01 1.891254e-01
-1.393496e-01 1.008918e+04 2.032143e+01 9.748217e-02
-4.956429e-02 1.006254e+04 -5.101261e+01 3.527858e-02
0.000000e+00 1.009424e+04 0.000000e+00 0.000000e+00
-9.339914e-01 9.915432e+03 9.877854e+00 8.571537e-01
-8.026590e-01 9.917873e+03 -7.034609e+00 7.399081e-01
-8.721395e-01 9.997923e+03 8.739875e+00 5.967547e-01
-6.266690e-01 9.989843e+03 -1.875073e+01 4.469133e-01
-6.385512e-01 1.006061e+04 1.008969e+01 3.077485e-01
-4.434351e-01 1.004535e+04 -2.997008e+01 1.891254e-01
-2.373161e-01 1.009026e+04 1.908528e+01 9.748217e-02
-1.422033e-01 1.006419e+04 -5.190699e+01 3.527858e-02
0.000000e+00 1.009424e+04 0.000000e+00 0.000000e+00
-8.232496e-01 9.917484e+03 1.011143e+01 8.571537e-01
-5.843789e-01 9.918839e+03 -6.827407e+00 7.399081e-01
-2.366519e-01 9.999449e+03 8.980430e+00 5.967547e-01
-1.588184e-01 9.990642e+03 -1.902017e+01 4.469133e-01
7.067242e-02 1.006132e+04 1.042735e+01 3.077485e-01
1.865217e-02 1.004560e+04 -3.032040e+01 1.891254e-01
-4.156492e-02 1.009106e+04 1.978890e+01 9.748217e-02
4.779628e-02 1.006396e+04 -5.243262e+01 3.527858e-02
0.000000e+00 1.009424e+04 0.000000e+00 0.000000e+00
-1.356836e+00 9.918924e+03 1.015507e+01 8.571537e-01
-8.098250e-01 9.921604e+03 -6.385395e+00 7.399081e-01
-7.830126e-01 1.000093e+04 9.140226e+00 5.967547e-01
-5.764598e-01 9.991716e+03 -1.948707e+01 4.469133e-01
-5.104740e-01 1.006173e+04 1.136282e+01 3.077485e-01
-2.862988e-01 1.004686e+04 -3.113126e+01 1.891254e-01
-2.527213e-01 1.008981e+04 1.991256e+01 9.748217e-02
-8.348192e-02 1.006410e+04 -5.069985e+01 3.527858e-02
0.000000e+00 1.009424e+04 0.000000e+00 0.000000e+00
6.229507e-01 9.920648e+03 1.008009e+01 8.571537e-01
3.482921e-01 9.923459e+03 -6.592331e+00 7.399081e-01
2.750077e-01 1.000312e+04 8.336995e+00 5.967547e-01
1.542324e-01 9.992613e+03 -2.009098e+01 4.469133e-01
4.177395e-02 1.006334e+04 9.422291e+00 3.077485e-01
-4.079563e-02 1.004638e+04 -3.286441e+01 1.891254e-01
5.096022e-03 1.009099e+04 1.649444e+01 9.748217e-02
-1.892260e-01 1.006396e+04 -5.583343e+01 3.527858e-02
0.000000e+00 1.009424e+04 0.000000e+00 0.000000e+00
5.507705e-01 9.921458e+03 1.227045e+01 8.571537e-01
6.943157e-01 9.924793e+03 -4.797942e+00 7.399081e-01
5.728183e-01 1.000373e+04 9.318787e+00 5.967547e-01
5.646580e-01 9.994157e+03 -1.860991e+01 4.469133e-01
4.371931e-01 1.006303e+04 1.037095e+01 3.077485e-01
4.281385e-01 1.004642e+04 -3.062095e+01 1.891254e-01
2.287166e-01 1.009065e+04 1.867146e+01 9.748217e-02
3.424176e-01 1.006286e+04 -5.257462e+01 3.527858e-02
0.000000e+00 1.009424e+04 0.000000e+00 0.000000e+00
-1.808225e+00 9.925585e+03 1.148812e+01 8.571537e-01
-1.776646e+00 9.925095e+03 -5.486150e+00 7.399081e-01
-1.743680e+00 1.000531e+04 8.962244e+00 5.967547e-01
-1.563608e+00 9.994623e+03 -1.813153e+01 4.469133e-01
-1.136485e+00 1.006324e+04 1.157167e+01 3.077485e-01
-8.167675e-01 1.004774e+04 -2.945245e+01 1.891254e-01
-4.880733e-01 1.008841e+04 2.083672e+01 9.748217e-02
-3.198000e-01 1.006518e+04 -4.842265e+01 3.527858e-02
0.000000e+00 1.009424e+04 0.000000e+00 0.000000e+00
-1.130077e+00 9.935006e+03 7.938418e+00 8.571537e-01
-3.432338e-01 9.929736e+03 -7.329225e+00 7.399081e-01
1.230863e-01 1.001149e+04 7.007267e+00 5.967547e-01
2.252744e-01 9.996244e+03 -2.083155e+01 4.469133e-01
1.245467e-01 1.006725e+04 1.000982e+01 3.077485e-01
1.285275e-01 1.004709e+04 -3.343858e+01 1.891254e-01
1.196649e-02 1.008994e+04 1.808574e+01 9.748217e-02
-1.977855e-02 1.006566e+04 -5.552494e+01 3.527858e-02
0.000000e+00 1.009424e+04 0.000000e+00 0.000000e+00
0.000000e+00 9.962007e+03 7.115452e+00 8.571537e-01
0.000000e+00 9.958294e+03 -5.963163e+00 7.399081e-01
0.000000e+00 1.003554e+04 6.770858e+00 5.967547e-01
0.000000e+00 1.001825e+04 -2.118880e+01 4.469133e-01
0.000000e+00 1.008391e+04 9.133960e+00 3.077485e-01
0.000000e+00 1.005784e+04 -3.390812e+01 1.891254e-01
0.000000e+00 1.009736e+04 1.692238e+01 9.748217e-02
0.000000e+00 1.006731e+04 -5.706406e+01 3.527858e-02
0.000000e+00 1.009424e+04 0.000000e+00 0.000000e+00
5.035993e-01 9.867009e+03 -8.572551e+00 8.571537e-01
3.263049e-01 9.963583e+03 6.748301e+00 7.399081e-01
2.773741e-01 9.950461e+03 -8.147716e+00 5.967547e-01
1.938083e-01 1.003520e+04 2.207115e+01 4.469133e-01
1.933433e-01 1.001134e+04 -1.133532e+01 3.077485e-01
1.115704e-01 1.007738e+04 3.519725e+01 1.891254e-01
6.537432e-02 1.005839e+04 -1.798078e+01 9.748217e-02
2.968241e-02 1.011242e+04 5.276149e+01 3.527858e-02
0.000000e+00 1.009424e+04 0.000000e+00 0.000000e+00
3.974237e-01 9.869770e+03 -7.191074e+00 8.571537e-01
6.672278e-02 9.965346e+03 7.159618e+00 7.399081e-01
-5.035482e-02 9.952274e+03 -7.161366e+00 5.967547e-01
-2.025655e-01 1.003488e+04 2.132430e+01 4.469133e-01
-1.718733e-02 1.001234e+04 -9.279691e+00 3.077485e-01
-8.766591e-03 1.007760e+04 3.443138e+01 1.891254e-01
1.653184e-02 1.005749e+04 -1.552718e+01 9.748217e-02
1.068505e-01 1.011099e+04 5.468349e+01 3.527858e-02
0.000000e+00 1.009424e+04 0.000000e+00 0.000000e+00
-3.123739e-01 9.871082e+03 -6.701077e+00 8.571537e-01
3.702099e-01 9.967702e+03 8.523346e+00 7.399081e-01
6.160869e-01 9.953424e+03 -6.515439e+00 5.967547e-01
6.371745e-01 1.003620e+04 2.199795e+01 4.469133e-01
3.334354e-01 1.001301e+04 -8.718822e+00 3.077485e-01
3.001806e-01 1.007841e+04 3.600080e+01 1.891254e-01
2.131087e-01 1.005725e+04 -1.503534e+01 9.748217e-02
3.941068e-02 1.011152e+04 5.610410e+01 3.527858e-02
0.000000e+00 1.009424e+04 0.000000e+00 0.000000e+00
-1.531031e-01 9.872559e+03 -7.444446e+00 8.571537e-01
-2.977781e-01 9.967506e+03 8.668734e+00 7.399081e-01
-1.873915e-01 9.954157e+03 -6.764658e+00 5.967547e-01
-1.896105e-01 1.003704e+04 2.221036e+01 4.469133e-01
-4.737980e-02 1.001373e+04 -9.804228e+00 3.077485e-01
-1.393412e-01 1.007780e+04 3.593673e+01 1.891254e-01
-9.253424e-02 1.005935e+04 -1.687788e+01 9.748217e-02
-9.528101e-02 1.011144e+04 5.317141e+01 3.527858e-02
0.000000e+00 1.009424e+04 0.000000e+00 0.000000e+00
1.328388e+00 9.873827e+03 -7.155599e+00 8.571537e-01
1.083586e+00 9.967756e+03 8.840678e+00 7.399081e-01
5.676262e-01 9.953385e+03 -7.192671e+00 5.967547e-01
1.537224e-01 1.003695e+04 2.217518e+01 4.469133e-01
5.896539e-02 1.001270e+04 -8.274424e+00 3.077485e-01
6.975893e-02 1.007872e+04 3.671924e+01 1.891254e-01
6.047191e-02 1.005815e+04 -1.397918e+01 9.748217e-02
2.196027e-01 1.011208e+04 5.732638e+01 3.527858e-02
0.000000e+00 1.009424e+04 0.000000e+00 0.000000e+00
1.897931e+00 9.876642e+03 -4.315076e+00 8.571537e-01
1.381961e+00 9.969213e+03 1.095604e+01 7.399081e-01
1.385738e+00 9.955249e+03 -5.769069e+00 5.967547e-01
1.103427e+00 1.003693e+04 2.171582e+01 4.469133e-01
6.377223e-01 1.001398e+04 -8.441475e+00 3.077485e-01
2.112135e-01 1.007898e+04 3.533773e+01 1.891254e-01
1.269787e-01 1.005851e+04 -1.477040e+01 9.748217e-02
-1.969620e-01 1.011305e+04 5.475946e+01 3.527858e-02
0.000000e+00 1.009424e+04 0.000000e+00 0.000000e+00
-9.704852e-01 9.878060e+03 -4.143275e+00 8.571537e-01
-8.479825e-01 9.973797e+03 1.079378e+01 7.399081e-01
-9.465089e-01 9.957970e+03 -5.315766e+00 5.967547e-01
-8.519759e-01 1.004012e+04 2.115323e+01 4.469133e-01
-5.997967e-01 1.001634e+04 -9.615686e+00 3.077485e-01
-3.144169e-01 1.007919e+04 3.358849e+01 1.891254e-01
-2.319269e-01 1.006201e+04 -1.783829e+01 9.748217e-02
9.142514e-03 1.011050e+04 5.049213e+01 3.527858e-02
0.000000e+00 1.009424e+04 0.000000e+00 0.000000e+00
-1.009067e+00 9.882499e+03 -5.558435e+00 8.571537e-01
-3.129081e-01 9.981902e+03 8.728408e+00 7.399081e-01
-1.426981e-02 9.960956e+03 -6.430661e+00 5.967547e-01
1.356387e-01 1.004532e+04 2.201555e+01 4.469133e-01
2.202695e-01 1.001600e+04 -8.705568e+00 3.077485e-01
1.674646e-01 1.008200e+04 3.643694e+01 1.891254e-01
1.786218e-01 1.006102e+04 -1.587121e+01 9.748217e-02
1.241568e-01 1.011054e+04 5.709909e+01 3.527858e-02
0.000000e+00 1.009424e+04 0.000000e+00 0.000000e+00
0.000000e+00 9.912464e+03 -4.911288e+00 8.571537e-01
0.000000e+00 1.000752e+04 7.928488e+00 7.399081e-01
0.000000e+00 9.985919e+03 -6.238668e+00 5.967547e-01
0.000000e+00 1.006493e+04 2.202633e+01 4.469133e-01
0.000000e+00 1.003171e+04 -8.195435e+00 3.077485e-01
0.000000e+00 1.009347e+04 3.680774e+01 1.891254e-01
0.000000e+00 1.006592e+04 -1.445986e+01 9.748217e-02
0.000000e+00 1.011401e+04 5.881967e+01 3.527858e-02
0.000000e+00 1.009424e+04 0.000000e+00 0.000000e+00
8.922443e-01 9.911678e+03 -7.416321e+00 8.571537e-01
8.591426e-01 9.899363e+03 -1.788034e+01 7.399081e-01
7.064793e-01 1.000064e+04 5.613914e+00 5.967547e-01
6.061738e-01 9.974107e+03 -2.356034e+01 4.469133e-01
3.705660e-01 1.006288e+04 8.144286e+00 3.077485e-01
2.395474e-01 1.003501e+04 -4.045939e+01 1.891254e-01
1.053155e-01 1.009733e+04 1.398317e+01 9.748217e-02
4.456124e-02 1.006247e+04 -5.518537e+01 3.527858e-02
0.000000e+00 1.009424e+04 0.000000e+00 0.000000e+00
1.433767e+00 9.912114e+03 -6.590245e+00 8.571537e-01
1.186300e+00 9.900819e+03 -1.702499e+01 7.399081e-01
6.046677e-01 1.000103e+04 4.151780e+00 5.967547e-01
2.057241e-01 9.976383e+03 -2.295506e+01 4.469133e-01
-1.378630e-01 1.006277e+04 5.993611e+00 3.077485e-01
-4.479783e-02 1.003553e+04 -3.983439e+01 1.891254e-01
-2.854221e-02 1.009897e+04 1.068697e+01 9.748217e-02
-1.085588e-01 1.006384e+04 -5.865545e+01 3.527858e-02
0.000000e+00 1.009424e+04 0.000000e+00 0.000000e+00
7.861327e-01 9.914656e+03 -5.375683e+00 8.571537e-01
6.154274e-01 9.900988e+03 -1.622633e+01 7.399081e-01
7.951260e-01 1.000177e+04 4.442075e+00 5.967547e-01
8.908574e-01 9.976498e+03 -2.305486e+01 4.469133e-01
9.083151e-01 1.006344e+04 6.169587e+00 3.077485e-01
6.359017e-01 1.003551e+04 -4.073887e+01 1.891254e-01
2.759649e-01 1.009962e+04 1.019987e+01 9.748217e-02
2.003045e-01 1.006332e+04 -6.032392e+01 3.527858e-02
0.000000e+00 1.009424e+04 0.000000e+00 0.000000e+00
2.636109e-01 9.916044e+03 -5.680407e+00 8.571537e-01
3.674307e-01 9.903061e+03 -1.639759e+01 7.399081e-01
1.564101e-01 1.000241e+04 5.564104e+00 5.967547e-01
1.242379e-01 9.976642e+03 -2.291409e+01 4.469133e-01
-1.281535e-02 1.006362e+04 8.095334e+00 3.077485e-01
1.240817e-01 1.003678e+04 -4.023328e+01 1.891254e-01
9.883524e-02 1.009747e+04 1.318297e+01 9.748217e-02
9.148036e-02 1.006387e+04 -5.638476e+01 3.527858e-02
0.000000e+00 1.009424e+04 0.000000e+00 0.000000e+00
1.613294e+00 9.917116e+03 -5.789693e+00 8.571537e-01
9.982408e-01 9.904577e+03 -1.739939e+01 7.399081e-01
5.302914e-01 1.000446e+04 4.364282e+00 5.967547e-01
1.309510e-01 9.977739e+03 -2.376234e+01 4.469133e-01
-1.801559e-01 1.006507e+04 6.462995e+00 3.077485e-01
-2.504399e-01 1.003611e+04 -4.039079e+01 1.891254e-01
-1.887877e-01 1.009921e+04 1.106629e+01 9.748217e-02
-2.687327e-01 1.006290e+04 -5.988968e+01 3.527858e-02
0.000000e+00 1.009424e+04 0.000000e+00 0.000000e+00
3.258283e+00 9.917419e+03 -2.944661e+00 8.571537e-01
2.655520e+00 9.905734e+03 -1.572099e+01 7.399081e-01
2.014119e+00 1.000404e+04 4.785289e+00 5.967547e-01
1.552952e+00 9.978904e+03 -2.269827e+01 4.469133e-01
1.158960e+00 1.006447e+04 7.100770e+00 3.077485e-01
8.735566e-01 1.003648e+04 -3.821431e+01 1.891254e-01
4.088854e-01 1.009914e+04 1.215889e+01 9.748217e-02
3.968302e-01 1.006211e+04 -5.666650e+01 3.527858e-02
0.000000e+00 1.009424e+04 0.000000e+00 0.000000e+00
6.100301e-01 9.922810e+03 -6.117055e-01 8.571537e-01
9.295413e-01 9.907371e+03 -1.284499e+01 7.399081e-01
9.980208e-01 1.000669e+04 6.637723e+00 5.967547e-01
8.860658e-01 9.979894e+03 -2.067905e+01 4.469133e-01
6.437139e-01 1.006544e+04 9.682178e+00 3.077485e-01
3.888160e-01 1.003873e+04 -3.591819e+01 1.891254e-01
2.765817e-01 1.009673e+04 1.570993e+01 9.748217e-02
1.082781e-02 1.006603e+04 -5.253360e+01 3.527858e-02
0.000000e+00 1.009424e+04 0.000000e+00 0.000000e+00
-8.074632e-01 9.934653e+03 -2.848602e+00 8.571537e-01
-8.238531e-01 9.912258e+03 -1.287724e+01 7.399081e-01
-8.011401e-01 1.001489e+04 5.871917e+00 5.967547e-01
-6.943141e-01 9.981974e+03 -2.164510e+01 4.469133e-01
-5.543384e-01 1.007075e+04 9.204760e+00 3.077485e-01
-3.028630e-01 1.003819e+04 -3.833163e+01 1.891254e-01
-2.177753e-01 1.009919e+04 1.412847e+01 9.748217e-02
-1.166179e-01 1.006602e+04 -5.936517e+01 3.527858e-02
0.000000e+00 1.009424e+04 0.000000e+00 0.000000e+00
0.000000e+00 9.962115e+03 -5.352067e+00 8.571537e-01
0.000000e+00 9.940570e+03 -1.351461e+01 7.399081e-01
0.000000e+00 1.003886e+04 4.290311e+00 5.967547e-01
0.000000e+00 1.000372e+04 -2.219216e+01 4.469133e-01
0.000000e+00 1.008732e+04 8.416807e+00 3.077485e-01
0.000000e+00 1.004892e+04 -3.875665e+01 1.891254e-01
0.000000e+00 1.010709e+04 1.269877e+01 9.748217e-02
0.000000e+00 1.006705e+04 -6.130404e+01 3.527858e-02
0.000000e+00 1.009424e+04 0.000000e+00 0.000000e+00
1.383449e+00 9.828646e+03 -3.075999e+01 8.571537e-01
1.205245e+00 9.950568e+03 -1.576181e+00 7.399081e-01
1.071805e+00 9.920326e+03 -1.474863e+01 5.967547e-01
8.052284e-01 1.003049e+04 2.124441e+01 4.469133e-01
6.205601e-01 9.993731e+03 -1.191223e+01 3.077485e-01
3.927897e-01 1.008107e+04 4.134627e+01 1.891254e-01
2.244702e-01 1.004747e+04 -1.396649e+01 9.748217e-02
9.413390e-02 1.011229e+04 5.682331e+01 3.527858e-02
0.000000e+00 1.009424e+04 0.000000e+00 0.000000e+00
2.445478e+00 9.831493e+03 -2.923090e+01 8.571537e-01
1.687770e+00 9.951003e+03 -1.692612e+00 7.399081e-01
1.368352e+00 9.922079e+03 -1.325801e+01 5.967547e-01
9.191784e-01 1.002957e+04 2.067108e+01 4.469133e-01
7.038608e-01 9.995243e+03 -8.996566e+00 3.077485e-01
5.095823e-01 1.008118e+04 4.263848e+01 1.891254e-01
3.983198e-01 1.004594e+04 -8.433272e+00 9.748217e-02
3.764174e-01 1.011156e+04 6.226432e+01 3.527858e-02
0.000000e+00 1.009424e+04 0.000000e+00 0.000000e+00
1.204621e+00 9.831823e+03 -2.852854e+01 8.571537e-01
9.854081e-01 9.952960e+03 -1.775272e+00 7.399081e-01
6.233367e-01 9.922615e+03 -1.356433e+01 5.967547e-01
4.814510e-01 1.003018e+04 2.077727e+01 4.469133e-01
2.277875e-01 9.994703e+03 -9.020704e+00 3.077485e-01
5.080315e-02 1.008120e+04 4.345394e+01 1.891254e-01
-4.828508e-02 1.004534e+04 -7.870539e+00 9.748217e-02
-2.325905e-01 1.011227e+04 6.333518e+01 3.527858e-02
0.000000e+00 1.009424e+04 0.000000e+00 0.000000e+00
8.122016e-01 9.832743e+03 -2.930786e+01 8.571537e-01
6.329263e-01 9.952851e+03 -2.239833e+00 7.399081e-01
6.206163e-01 9.923136e+03 -1.510198e+01 5.967547e-01
4.029560e-01 1.003086e+04 2.080805e+01 4.469133e-01
3.298891e-01 9.994961e+03 -1.111394e+01 3.077485e-01
1.541359e-01 1.007999e+04 4.189513e+01 1.891254e-01
1.074350e-01 1.004776e+04 -1.223740e+01 9.748217e-02
3.733379e-02 1.011103e+04 5.851548e+01 3.527858e-02
0.000000e+00 1.009424e+04 0.000000e+00 0.000000e+00
2.151572e+00 9.834261e+03 -2.969009e+01 8.571537e-01
1.622128e+00 9.953537e+03 -2.983360e+00 7.399081e-01
1.289437e+00 9.923288e+03 -1.479366e+01 5.967547e-01
9.213640e-01 1.003158e+04 2.012857e+01 4.469133e-01
5.721583e-01 9.994945e+03 -9.748890e+00 3.077485e-01
3.377629e-01 1.008159e+04 4.271749e+01 1.891254e-01
1.744453e-01 1.004605e+04 -8.906737e+00 9.748217e-02
2.315794e-01 1.011267e+04 6.332943e+01 3.527858e-02
0.000000e+00 1.009424e+04 0.000000e+00 0.000000e+00
3.545315e+00 9.836431e+03 -2.837092e+01 8.571537e-01
2.928940e+00 9.954718e+03 -2.345592e+00 7.399081e-01
2.240382e+00 9.926146e+03 -1.458321e+01 5.967547e-01
1.391064e+00 1.003190e+04 1.856797e+01 4.469133e-01
8.792830e-01 9.996585e+03 -1.027038e+01 3.077485e-01
4.014340e-01 1.008156e+04 4.000349e+01 1.891254e-01
1.788785e-01 1.004631e+04 -1.026680e+01 9.748217e-02
-2.043878e-01 1.011341e+04 5.924184e+01 3.527858e-02
0.000000e+00 1.009424e+04 0.000000e+00 0.000000e+00
2.634180e+00 9.837527e+03 -2.517969e+01 8.571537e-01
2.270501e+00 9.958312e+03 4.412583e-01 7.399081e-01
2.078940e+00 9.927455e+03 -1.356222e+01 5.967547e-01
1.909927e+00 1.003419e+04 1.944025e+01 4.469133e-01
1.518704e+00 9.998076e+03 -1.055084e+01 3.077485e-01
1.108897e+00 1.008071e+04 3.864709e+01 1.891254e-01
5.884044e-01 1.004976e+04 -1.357144e+01 9.748217e-02
3.367346e-01 1.010879e+04 5.524210e+01 3.527858e-02
0.000000e+00 1.009424e+04 0.000000e+00 0.000000e+00
-9.768948e-02 9.842396e+03 -2.383730e+01 8.571537e-01
-3.586700e-01 9.967724e+03 -3.777188e-01 7.399081e-01
-6.240953e-01 9.929145e+03 -1.283567e+01 5.967547e-01
-6.772838e-01 1.003944e+04 2.036278e+01 4.469133e-01
-5.998881e-01 9.996403e+03 -9.343651e+00 3.077485e-01
-4.303471e-01 1.008333e+04 4.176978e+01 1.891254e-01
-1.863208e-01 1.004752e+04 -1.100492e+01 9.748217e-02
-6.026766e-02 1.010929e+04 6.292818e+01 3.527858e-02
0.000000e+00 1.009424e+04 0.000000e+00 0.000000e+00
0.000000e+00 9.872783e+03 -2.389983e+01 8.571537e-01
0.000000e+00 9.994311e+03 -2.873314e+00 7.399081e-01
0.000000e+00 9.954719e+03 -1.311791e+01 5.967547e-01
0.000000e+00 1.005954e+04 1.912907e+01 4.469133e-01
0.000000e+00 1.001208e+04 -9.173825e+00 3.077485e-01
0.000000e+00 1.009472e+04 4.185967e+01 1.891254e-01
0.000000e+00 1.005185e+04 -9.467666e+00 9.748217e-02
0.000000e+00 1.011351e+04 6.508901e+01 3.527858e-02
0.000000e+00 1.009424e+04 0.000000e+00 0.000000e+00
2.195199e+00 9.874463e+03 -3.212721e+01 8.571537e-01
2.009456e+00 9.842260e+03 -3.398767e+01 7.399081e-01
1.615782e+00 9.974683e+03 -3.064271e+00 5.967547e-01
1.235374e+00 9.933000e+03 -2.889284e+01 4.469133e-01
8.091072e-01 1.005095e+04 1.204897e+01 3.077485e-01
5.038949e-01 1.001127e+04 -3.890641e+01 1.891254e-01
2.310883e-01 1.009910e+04 1.627508e+01 9.748217e-02
7.668064e-02 1.005885e+04 -5.712901e+01 3.527858e-02
0.000000e+00 1.009424e+04 0.000000e+00 0.000000e+00
3.131066e+00 9.875441e+03 -3.134070e+01 8.571537e-01
2.760190e+00 9.846195e+03 -3.327352e+01 7.399081e-01
2.166672e+00 9.975864e+03 -4.990977e+00 5.967547e-01
1.699374e+00 9.936600e+03 -2.943811e+01 4.469133e-01
1.070985e+00 1.005097e+04 7.710328e+00 3.077485e-01
4.170656e-01 1.001183e+04 -4.239469e+01 1.891254e-01
-1.276726e-01 1.010054e+04 9.309717e+00 9.748217e-02
-3.469727e-01 1.005845e+04 -6.317026e+01 3.527858e-02
0.000000e+00 1.009424e+04 0.000000e+00 0.000000e+00
1.269896e+00 9.877739e+03 -3.111016e+01 8.571537e-01
7.368333e-01 9.846558e+03 -3.401071e+01 7.399081e-01
5.109819e-01 9.977466e+03 -5.661468e+00 5.967547e-01
1.098763e-01 9.937416e+03 -3.080051e+01 4.469133e-01
-1.029422e-01 1.005237e+04 6.451707e+00 3.077485e-01
2.270557e-02 1.001201e+04 -4.385900e+01 1.891254e-01
2.022062e-01 1.010110e+04 8.548268e+00 9.748217e-02
3.593255e-01 1.005759e+04 -6.335117e+01 3.527858e-02
0.000000e+00 1.009424e+04 0.000000e+00 0.000000e+00
8.583733e-01 9.878090e+03 -3.363869e+01 8.571537e-01
1.029980e+00 9.847798e+03 -3.705337e+01 7.399081e-01
1.014275e+00 9.978421e+03 -5.748961e+00 5.967547e-01
1.146389e+00 9.937799e+03 -3.202802e+01 4.469133e-01
9.031159e-01 1.005265e+04 7.756638e+00 3.077485e-01
6.270429e-01 1.001371e+04 -4.204445e+01 1.891254e-01
2.571172e-01 1.009884e+04 1.323988e+01 9.748217e-02
1.505517e-02 1.005985e+04 -5.858610e+01 3.527858e-02
0.000000e+00 1.009424e+04 0.000000e+00 0.000000e+00
3.590675e+00 9.880485e+03 -3.389052e+01 8.571537e-01
3.197123e+00 9.851260e+03 -3.707171e+01 7.399081e-01
2.538743e+00 9.981636e+03 -6.668559e+00 5.967547e-01
1.848287e+00 9.940133e+03 -3.206554e+01 4.469133e-01
1.276068e+00 1.005523e+04 5.244842e+00 3.077485e-01
7.607485e-01 1.001369e+04 -4.470208e+01 1.891254e-01
3.627235e-01 1.010169e+04 8.700706e+00 9.748217e-02
1.095339e-02 1.005777e+04 -6.428891e+01 3.527858e-02
0.000000e+00 1.009424e+04 0.000000e+00 0.000000e+00
4.418160e+00 9.883144e+03 -3.138156e+01 8.571537e-01
3.454312e+00 9.854429e+03 -3.436641e+01 7.399081e-01
2.713583e+00 9.982099e+03 -5.398648e+00 5.967547e-01
2.162090e+00 9.943104e+03 -2.945652e+01 4.469133e-01
1.490835e+00 1.005613e+04 6.363529e+00 3.077485e-01
1.066209e+00 1.001584e+04 -4.217524e+01 1.891254e-01
5.869088e-01 1.010261e+04 9.494725e+00 9.748217e-02
4.527434e-01 1.005764e+04 -6.053437e+01 3.527858e-02
0.000000e+00 1.009424e+04 0.000000e+00 0.000000e+00
3.402613e+00 9.887518e+03 -2.774087e+01 8.571537e-01
2.931102e+00 9.854909e+03 -3.196861e+01 7.399081e-01
2.395874e+00 9.984318e+03 -2.944453e+00 5.967547e-01
1.882139e+00 9.943476e+03 -2.801725e+01 4.469133e-01
1.412836e+00 1.005647e+04 8.258913e+00 3.077485e-01
8.153116e-01 1.001814e+04 -4.086724e+01 1.891254e-01
3.986973e-01 1.009960e+04 1.175039e+01 9.748217e-02
-2.911309e-02 1.006349e+04 -5.854540e+01 3.527858e-02
0.000000e+00 1.009424e+04 0.000000e+00 0.000000e+00
4.861113e-01 9.899039e+03 -2.809443e+01 8.571537e-01
1.618714e-01 9.858661e+03 -3.156014e+01 7.399081e-01
-1.473354e-01 9.993722e+03 -4.094335e+00 5.967547e-01
-4.526301e-01 9.944819e+03 -2.995955e+01 4.469133e-01
-6.937292e-01 1.006242e+04 5.683827e+00 3.077485e-01
-6.237841e-01 1.001671e+04 -4.558984e+01 1.891254e-01
-4.132576e-01 1.010269e+04 8.189109e+00 9.748217e-02
-1.812408e-01 1.006251e+04 -6.721629e+01 3.527858e-02
0.000000e+00 1.009424e+04 0.000000e+00 0.000000e+00
0.000000e+00 9.927021e+03 -3.064607e+01 8.571537e-01
0.000000e+00 9.887484e+03 -3.215370e+01 7.399081e-01
0.000000e+00 1.001867e+04 -6.304490e+00 5.967547e-01
0.000000e+00 9.967437e+03 -3.116426e+01 4.469133e-01
0.000000e+00 1.007998e+04 3.416988e+00 3.077485e-01
0.000000e+00 1.002783e+04 -4.687249e+01 1.891254e-01
0.000000e+00 1.011134e+04 6.386470e+00 9.748217e-02
0.000000e+00 1.006269e+04 -6.937113e+01 3.527858e-02
0.000000e+00 1.009424e+04 0.000000e+00 0.000000e+00
4.063695e+00 9.733270e+03 -7.006492e+01 8.571537e-01
3.453945e+00 9.895230e+03 -2.799729e+01 7.399081e-01
2.848241e+00 9.850081e+03 -3.661238e+01 5.967547e-01
2.078737e+00 1.000014e+04 8.599365e+00 4.469133e-01
1.465225e+00 9.951592e+03 -2.161351e+01 3.077485e-01
9.219428e-01 1.007145e+04 3.939174e+01 1.891254e-01
5.116512e-01 1.002567e+04 -1.530678e+01 9.748217e-02
1.964760e-01 1.010884e+04 6.030494e+01 3.527858e-02
0.000000e+00 1.009424e+04 0.000000e+00 0.000000e+00
4.128244e+00 9.739086e+03 -6.818514e+01 8.571537e-01
3.273403e+00 9.895819e+03 -2.764277e+01 7.399081e-01
2.828299e+00 9.853180e+03 -3.429245e+01 5.967547e-01
2.315988e+00 9.999346e+03 9.138144e+00 4.469133e-01
1.907904e+00 9.954009e+03 -1.833995e+01 3.077485e-01
1.465607e+00 1.007320e+04 4.130350e+01 1.891254e-01
1.050808e+00 1.002634e+04 -1.036718e+01 9.748217e-02
6.149620e-01 1.011131e+04 6.421613e+01 3.527858e-02
0.000000e+00 1.009424e+04 0.000000e+00 0.000000e+00
1.274961e+00 9.740122e+03 -6.878561e+01 8.571537e-01
1.598662e+00 9.899260e+03 -2.862646e+01 7.399081e-01
1.288481e+00 9.854847e+03 -3.472850e+01 5.967547e-01
8.921163e-01 1.000159e+04 8.695073e+00 4.469133e-01
3.947796e-01 9.955101e+03 -1.891837e+01 3.077485e-01
-1.060702e-01 1.007488e+04 4.087740e+01 1.891254e-01
-2.632314e-01 1.002687e+04 -1.040915e+01 9.748217e-02
-3.178279e-01 1.011265e+04 6.327654e+01 3.527858e-02
0.000000e+00 1.009424e+04 0.000000e+00 0.000000e+00
2.376862e+00 9.743644e+03 -7.237640e+01 8.571537e-01
2.363097e+00 9.903207e+03 -3.067185e+01 7.399081e-01
2.182912e+00 9.858368e+03 -3.764957e+01 5.967547e-01
1.775409e+00 1.000482e+04 7.563400e+00 4.469133e-01
1.399046e+00 9.957608e+03 -2.184163e+01 3.077485e-01
9.155824e-01 1.007448e+04 3.858707e+01 1.891254e-01
5.008041e-01 1.002965e+04 -1.463568e+01 9.748217e-02
2.194812e-01 1.010946e+04 5.964968e+01 3.527858e-02
0.000000e+00 1.009424e+04 0.000000e+00 0.000000e+00
5.643084e+00 9.748618e+03 -7.030057e+01 8.571537e-01
4.447637e+00 9.905166e+03 -2.949419e+01 7.399081e-01
3.708926e+00 9.859995e+03 -3.524859e+01 5.967547e-01
3.051935e+00 1.000628e+04 9.270683e+00 4.469133e-01
2.391177e+00 9.957989e+03 -1.854365e+01 3.077485e-01
1.788861e+00 1.007721e+04 4.077171e+01 1.891254e-01
1.054709e+00 1.002818e+04 -1.213285e+01 9.748217e-02
4.796743e-01 1.011303e+04 6.350537e+01 3.527858e-02
0.000000e+00 1.009424e+04 0.000000e+00 0.000000e+00
4.793592e+00 9.752014e+03 -6.657991e+01 8.571537e-01
3.972013e+00 9.906306e+03 -2.723733e+01 7.399081e-01
3.150896e+00 9.863404e+03 -3.198027e+01 5.967547e-01
2.253726e+00 1.000596e+04 1.038999e+01 4.469133e-01
1.487590e+00 9.959067e+03 -1.674854e+01 3.077485e-01
6.525869e-01 1.007586e+04 4.019515e+01 1.891254e-01
3.177903e-01 1.002769e+04 -1.073625e+01 9.748217e-02
-5.231609e-04 1.011324e+04 6.151968e+01 3.527858e-02
0.000000e+00 1.009424e+04 0.000000e+00 0.000000e+00
4.304615e+00 9.752657e+03 -6.406263e+01 8.571537e-01
3.568162e+00 9.910784e+03 -2.437749e+01 7.399081e-01
2.844480e+00 9.864962e+03 -3.073390e+01 5.967547e-01
2.039473e+00 1.000823e+04 1.157608e+01 4.469133e-01
1.362585e+00 9.960277e+03 -1.724407e+01 3.077485e-01
8.460485e-01 1.007386e+04 4.017262e+01 1.891254e-01
4.030392e-01 1.003123e+04 -1.076883e+01 9.748217e-02
2.641930e-01 1.010666e+04 6.268998e+01 3.527858e-02
0.000000e+00 1.009424e+04 0.000000e+00 0.000000e+00
8.175194e-01 9.755784e+03 -6.133087e+01 8.571537e-01
7.640963e-01 9.921011e+03 -2.370302e+01 7.399081e-01
8.524589e-01 9.866126e+03 -2.918507e+01 5.967547e-01
9.516883e-01 1.001574e+04 1.342132e+01 4.469133e-01
1.009522e+00 9.959688e+03 -1.479107e+01 3.077485e-01
8.169255e-01 1.007950e+04 4.432835e+01 1.891254e-01
5.569596e-01 1.002964e+04 -8.117697e+00 9.748217e-02
2.300294e-01 1.010890e+04 7.040629e+01 3.527858e-02
0.000000e+00 1.009424e+04 0.000000e+00 0.000000e+00
0.000000e+00 9.785392e+03 -6.057174e+01 8.571537e-01
0.000000e+00 9.947546e+03 -2.529831e+01 7.399081e-01
0.000000e+00 9.891883e+03 -2.822968e+01 5.967547e-01
0.000000e+00 1.003683e+04 1.362927e+01 4.469133e-01
0.000000e+00 9.976595e+03 -1.267784e+01 3.077485e-01
0.000000e+00 1.009286e+04 4.574915e+01 1.891254e-01
0.000000e+00 1.003469e+04 -6.212313e+00 9.748217e-02
0.000000e+00 1.011470e+04 7.203107e+01 3.527858e-02
0.000000e+00 1.009424e+04 0.000000e+00 0.000000e+00
6.118500e+00 9.770928e+03 -8.119153e+01 8.571537e-01
5.274967e+00 9.726447e+03 -6.984265e+01 7.399081e-01
4.252696e+00 9.910198e+03 -2.385092e+01 5.967547e-01
3.225843e+00 9.859900e+03 -4.578212e+01 4.469133e-01
2.161954e+00 1.002496e+04 3.654539e+00 3.077485e-01
1.321438e+00 9.975909e+03 -5.149021e+01 1.891254e-01
6.377560e-01 1.009884e+04 7.875696e+00 9.748217e-02
2.231959e-01 1.005299e+04 -6.772620e+01 3.527858e-02
0.000000e+00 1.009424e+04 0.000000e+00 0.000000e+00
5.802248e+00 9.774195e+03 -7.883356e+01 8.571537e-01
4.898576e+00 9.734395e+03 -6.769855e+01 7.399081e-01
3.857861e+00 9.913279e+03 -2.351520e+01 5.967547e-01
3.024948e+00 9.865835e+03 -4.384535e+01 4.469133e-01
2.149596e+00 1.002595e+04 3.666803e+00 3.077485e-01
1.435544e+00 9.976126e+03 -5.042654e+01 1.891254e-01
7.930560e-01 1.009893e+04 7.067487e+00 9.748217e-02
2.842047e-01 1.004992e+04 -6.792330e+01 3.527858e-02
0.000000e+00 1.009424e+04 0.000000e+00 0.000000e+00
2.684275e+00 9.781242e+03 -7.923440e+01 8.571537e-01
2.999247e+00 9.738142e+03 -6.727081e+01 7.399081e-01
2.943901e+00 9.918021e+03 -2.308009e+01 5.967547e-01
2.453292e+00 9.868612e+03 -4.277573e+01 4.469133e-01
1.791055e+00 1.002878e+04 4.876587e+00 3.077485e-01
1.222824e+00 9.977247e+03 -4.897539e+01 1.891254e-01
5.759019e-01 1.009994e+04 7.982666e+00 9.748217e-02
2.440194e-01 1.004918e+04 -6.600350e+01 3.527858e-02
0.000000e+00 1.009424e+04 0.000000e+00 0.000000e+00
4.715944e+00 9.786854e+03 -8.140275e+01 8.571537e-01
3.952479e+00 9.741353e+03 -6.902915e+01 7.399081e-01
2.995754e+00 9.920600e+03 -2.363680e+01 5.967547e-01
2.117057e+00 9.869922e+03 -4.365405e+01 4.469133e-01
1.349512e+00 1.002939e+04 5.748137e+00 3.077485e-01
9.250670e-01 9.980380e+03 -4.820790e+01 1.891254e-01
5.696111e-01 1.009874e+04 9.593874e+00 9.748217e-02
2.427167e-01 1.005398e+04 -6.506291e+01 3.527858e-02
0.000000e+00 1.009424e+04 0.000000e+00 0.000000e+00
6.783556e+00 9.790339e+03 -7.891154e+01 8.571537e-01
5.600831e+00 9.746310e+03 -6.762653e+01 7.399081e-01
4.535192e+00 9.923612e+03 -2.302746e+01 5.967547e-01
3.740526e+00 9.871512e+03 -4.202476e+01 4.469133e-01
2.744697e+00 1.003076e+04 5.469246e+00 3.077485e-01
1.687319e+00 9.977766e+03 -4.780454e+01 1.891254e-01
8.842277e-01 1.010063e+04 1.007264e+01 9.748217e-02
3.417722e-01 1.004977e+04 -6.638772e+01 3.527858e-02
0.000000e+00 1.009424e+04 0.000000e+00 0.000000e+00
6.325666e+00 9.794009e+03 -7.488020e+01 8.571537e-01
5.234365e+00 9.751407e+03 -6.382011e+01 7.399081e-01
4.219661e+00 9.924818e+03 -2.096901e+01 5.967547e-01
3.131468e+00 9.875688e+03 -3.991806e+01 4.469133e-01
2.005218e+00 1.003192e+04 4.300898e+00 3.077485e-01
1.277599e+00 9.980577e+03 -4.791957e+01 1.891254e-01
4.939094e-01 1.010144e+04 7.386304e+00 9.748217e-02
1.275216e-01 1.004946e+04 -6.595908e+01 3.527858e-02
0.000000e+00 1.009424e+04 0.000000e+00 0.000000e+00
3.754119e+00 9.799331e+03 -7.211276e+01 8.571537e-01
3.172182e+00 9.751802e+03 -6.234608e+01 7.399081e-01
2.572367e+00 9.927988e+03 -1.910022e+01 5.967547e-01
1.849855e+00 9.877165e+03 -4.051371e+01 4.469133e-01
1.092868e+00 1.003328e+04 3.645589e+00 3.077485e-01
4.868785e-01 9.984927e+03 -4.939066e+01 1.891254e-01
2.777144e-01 1.009866e+04 5.567192e+00 9.748217e-02
6.094608e-02 1.005711e+04 -6.946085e+01 3.527858e-02
0.000000e+00 1.009424e+04 0.000000e+00 0.000000e+00
3.232237e-01 9.809766e+03 -7.397384e+01 8.571537e-01
8.211206e-01 9.752961e+03 -6.238929e+01 7.399081e-01
7.946218e-01 9.936929e+03 -1.952748e+01 5.967547e-01
7.239954e-01 9.875443e+03 -4.056727e+01 4.469133e-01
7.464219e-01 1.003788e+04 3.803811e+00 3.077485e-01
6.815529e-01 9.980070e+03 -5.056540e+01 1.891254e-01
4.193561e-01 1.010118e+04 6.458342e+00 9.748217e-02
2.146223e-01 1.005452e+04 -7.347565e+01 3.527858e-02
0.000000e+00 1.009424e+04 0.000000e+00 0.000000e+00
0.000000e+00 9.837188e+03 -7.672287e+01 8.571537e-01
0.000000e+00 9.781021e+03 -6.183387e+01 7.399081e-01
0.000000e+00 9.960895e+03 -2.073451e+01 5.967547e-01
0.000000e+00 9.896278e+03 -3.948069e+01 4.469133e-01
0.000000e+00 1.005378e+04 3.742120e+00 3.077485e-01
0.000000e+00 9.988855e+03 -5.022000e+01 1.891254e-01
0.000000e+00 1.010911e+04 6.374752e+00 9.748217e-02
0.000000e+00 1.005319e+04 -7.302737e+01 3.527858e-02
0.000000e+00 1.009424e+04 0.000000e+00 0.000000e+00
8.650517e+00 9.547835e+03 -1.417588e+02 8.571537e-01
7.232794e+00 9.773375e+03 -6.938662e+01 7.399081e-01
5.892362e+00 9.720111e+03 -6.087877e+01 5.967547e-01
4.410490e+00 9.933149e+03 2.040409e+00 4.469133e-01
3.071651e+00 9.879683e+03 -2.442667e+01 3.077485e-01
1.920789e+00 1.005156e+04 4.489264e+01 1.891254e-01
1.022070e+00 9.996678e+03 -1.012211e+01 9.748217e-02
3.729231e-01 1.010647e+04 7.276279e+01 3.527858e-02
0.000000e+00 1.009424e+04 0.000000e+00 0.000000e+00
7.723699e+00 9.557164e+03 -1.379578e+02 8.571537e-01
6.694344e+00 9.775637e+03 -6.764793e+01 7.399081e-01
5.538156e+00 9.726127e+03 -5.944157e+01 5.967547e-01
4.121395e+00 9.933448e+03 8.316032e-01 4.469133e-01
2.770070e+00 9.882753e+03 -2.486199e+01 3.077485e-01
1.673189e+00 1.005356e+04 4.324858e+01 1.891254e-01
8.135658e-01 9.997418e+03 -1.133122e+01 9.748217e-02
2.050231e-01 1.011013e+04 7.021577e+01 3.527858e-02
0.000000e+00 1.009424e+04 0.000000e+00 0.000000e+00
5.640436e+00 9.562866e+03 -1.364445e+02 8.571537e-01
5.005211e+00 9.782383e+03 -6.695920e+01 7.399081e-01
4.252698e+00 9.729626e+03 -5.874174e+01 5.967547e-01
3.389195e+00 9.936720e+03 3.571330e-01 4.469133e-01
2.478892e+00 9.883497e+03 -2.519254e+01 3.077485e-01
1.549973e+00 1.005430e+04 4.212156e+01 1.891254e-01
8.844935e-01 9.997297e+03 -1.214489e+01 9.748217e-02
3.649025e-01 1.011108e+04 6.779398e+01 3.527858e-02
0.000000e+00 1.009424e+04 0.000000e+00 0.000000e+00
7.021452e+00 9.570503e+03 -1.359768e+02 8.571537e-01
5.796783e+00 9.789417e+03 -6.695448e+01 7.399081e-01
4.533029e+00 9.734538e+03 -5.932608e+01 5.967547e-01
3.204933e+00 9.940925e+03 1.017510e+00 4.469133e-01
2.224763e+00 9.886754e+03 -2.500913e+01 3.077485e-01
1.356038e+00 1.005290e+04 4.292406e+01 1.891254e-01
6.267102e-01 9.999506e+03 -1.081503e+01 9.748217e-02
2.626747e-01 1.010598e+04 7.061732e+01 3.527858e-02
0.000000e+00 1.009424e+04 0.000000e+00 0.000000e+00
8.552885e+00 9.577670e+03 -1.318990e+02 8.571537e-01
6.915938e+00 9.792825e+03 -6.514333e+01 7.399081e-01
5.604494e+00 9.738388e+03 -5.796180e+01 5.967547e-01
4.164704e+00 9.943944e+03 7.595803e-01 4.469133e-01
2.761032e+00 9.887740e+03 -2.507047e+01 3.077485e-01
1.725799e+00 1.005725e+04 4.299290e+01 1.891254e-01
8.744474e-01 9.997662e+03 -1.104569e+01 9.748217e-02
2.542392e-01 1.011082e+04 7.159053e+01 3.527858e-02
0.000000e+00 1.009424e+04 0.000000e+00 0.000000e+00
7.199273e+00 9.582233e+03 -1.268693e+02 8.571537e-01
5.860658e+00 9.794015e+03 -6.268923e+01 7.399081e-01
4.890463e+00 9.742909e+03 -5.421858e+01 5.967547e-01
3.878296e+00 9.943704e+03 1.649149e+00 4.469133e-01
2.871982e+00 9.889610e+03 -2.296063e+01 3.077485e-01
1.867800e+00 1.005648e+04 4.367190e+01 1.891254e-01
1.166453e+00 9.998692e+03 -8.826644e+00 9.748217e-02
4.941744e-01 1.011215e+04 7.007447e+01 3.527858e-02
0.000000e+00 1.009424e+04 0.000000e+00 0.000000e+00
3.576523e+00 9.582651e+03 -1.260053e+02 8.571537e-01
3.493622e+00 9.799884e+03 -6.097353e+01 7.399081e-01
2.881945e+00 9.744671e+03 -5.370730e+01 5.967547e-01
2.132413e+00 9.946641e+03 3.797707e+00 4.469133e-01
1.691937e+00 9.892512e+03 -2.155893e+01 3.077485e-01
1.171260e+00 1.005483e+04 4.558058e+01 1.891254e-01
5.432317e-01 1.000383e+04 -6.695731e+00 9.748217e-02
2.280180e-01 1.010479e+04 7.458056e+01 3.527858e-02
0.000000e+00 1.009424e+04 0.000000e+00 0.000000e+00
1.590233e+00 9.588338e+03 -1.271470e+02 8.571537e-01
1.320926e+00 9.813943e+03 -6.258213e+01 7.399081e-01
1.168801e+00 9.746249e+03 -5.496516e+01 5.967547e-01
7.768407e-01 9.956311e+03 3.093092e+00 4.469133e-01
2.605429e-01 9.891104e+03 -2.321477e+01 3.077485e-01
-1.185122e-01 1.006162e+04 4.552370e+01 1.891254e-01
-1.222718e-01 1.000061e+04 -8.306349e+00 9.748217e-02
-1.086792e-01 1.010740e+04 7.705058e+01 3.527858e-02
0.000000e+00 1.009424e+04 0.000000e+00 0.000000e+00
0.000000e+00 9.620794e+03 -1.266640e+02 8.571537e-01
0.000000e+00 9.841733e+03 -6.483103e+01 7.399081e-01
0.000000e+00 9.772461e+03 -5.466444e+01 5.967547e-01
0.000000e+00 9.977767e+03 1.179015e+00 4.469133e-01
0.000000e+00 9.906968e+03 -2.432336e+01 3.077485e-01
0.000000e+00 1.007450e+04 4.414085e+01 1.891254e-01
0.000000e+00 1.000413e+04 -9.029354e+00 9.748217e-02
0.000000e+00 1.011354e+04 7.494851e+01 3.527858e-02
0.000000e+00 1.009424e+04 0.000000e+00 0.000000e+00
