0 729 0.00000e+00
  1     729
-1.607156e+01 -2.211114e+03 0.000000e+00 1.000000e+00
-1.773922e+01 -1.863749e+03 -1.993358e+02 1.000000e+00
-2.173687e+01 -2.275651e+03 -4.059028e+02 1.000000e+00
-2.740314e+01 -1.855396e+03 -6.233152e+02 1.000000e+00
-3.299611e+01 -2.191439e+03 -8.535055e+02 1.000000e+00
-3.830457e+01 -1.675076e+03 -1.101465e+03 1.000000e+00
-4.203512e+01 -1.918755e+03 -1.365303e+03 1.000000e+00
-4.351817e+01 -1.313210e+03 -1.636155e+03 1.000000e+00
-4.385214e+01 -1.474640e+03 -1.907974e+03 1.000000e+00
-1.584485e+01 -2.218655e+03 0.000000e+00 1.000000e+00
-1.619470e+01 -1.870810e+03 -2.009546e+02 1.000000e+00
-2.069061e+01 -2.283575e+03 -4.115945e+02 1.000000e+00
-2.882456e+01 -1.861606e+03 -6.297631e+02 1.000000e+00
-3.356043e+01 -2.196171e+03 -8.601293e+02 1.000000e+00
-3.717934e+01 -1.679571e+03 -1.112068e+03 1.000000e+00
-3.971362e+01 -1.918973e+03 -1.376109e+03 1.000000e+00
-4.084179e+01 -1.315906e+03 -1.647380e+03 1.000000e+00
-4.363184e+01 -1.471287e+03 -1.919545e+03 1.000000e+00
-1.534324e+01 -2.224961e+03 0.000000e+00 1.000000e+00
-1.888357e+01 -1.879196e+03 -2.034017e+02 1.000000e+00
-2.218396e+01 -2.289991e+03 -4.156444e+02 1.000000e+00
-2.377331e+01 -1.869198e+03 -6.352735e+02 1.000000e+00
-3.128778e+01 -2.200286e+03 -8.689845e+02 1.000000e+00
-3.767672e+01 -1.684409e+03 -1.121359e+03 1.000000e+00
-3.787344e+01 -1.920588e+03 -1.386321e+03 1.000000e+00
-3.828628e+01 -1.317691e+03 -1.657891e+03 1.000000e+00
-3.847785e+01 -1.469904e+03 -1.929740e+03 1.000000e+00
-1.310160e+01 -2.231213e+03 0.000000e+00 1.000000e+00
-1.319542e+01 -1.888018e+03 -2.057002e+02 1.000000e+00
-1.761227e+01 -2.296026e+03 -4.194704e+02 1.000000e+00
-2.650279e+01 -1.877172e+03 -6.409624e+02 1.000000e+00
-3.022649e+01 -2.205024e+03 -8.765107e+02 1.000000e+00
-3.171280e+01 -1.688190e+03 -1.130427e+03 1.000000e+00
-3.333645e+01 -1.924312e+03 -1.396261e+03 1.000000e+00
-3.345542e+01 -1.318216e+03 -1.666841e+03 1.000000e+00
-3.670845e+01 -1.470585e+03 -1.939933e+03 1.000000e+00
-1.081873e+01 -2.239532e+03 0.000000e+00 1.000000e+00
-1.295870e+01 -1.894605e+03 -2.071637e+02 1.000000e+00
-1.712731e+01 -2.305089e+03 -4.243554e+02 1.000000e+00
-2.081398e+01 -1.882986e+03 -6.459444e+02 1.000000e+00
-2.599013e+01 -2.211654e+03 -8.824355e+02 1.000000e+00
-2.956577e+01 -1.692290e+03 -1.139018e+03 1.000000e+00
-2.791409e+01 -1.928206e+03 -1.404722e+03 1.000000e+00
-2.896943e+01 -1.319857e+03 -1.675716e+03 1.000000e+00
-3.083990e+01 -1.472190e+03 -1.949720e+03 1.000000e+00
-8.352086e+00 -2.241395e+03 0.000000e+00 1.000000e+00
-1.087460e+01 -1.909236e+03 -2.095839e+02 1.000000e+00
-1.338976e+01 -2.306590e+03 -4.268235e+02 1.000000e+00
-1.702214e+01 -1.897346e+03 -6.502213e+02 1.000000e+00
-2.113066e+01 -2.210763e+03 -8.887349e+02 1.000000e+00
-2.245213e+01 -1.705340e+03 -1.145483e+03 1.000000e+00
-2.351121e+01 -1.925055e+03 -1.412420e+03 1.000000e+00
-2.465435e+01 -1.329798e+03 -1.683669e+03 1.000000e+00
-2.325587e+01 -1.467650e+03 -1.956016e+03 1.000000e+00
-4.757933e+00 -2.266403e+03 0.000000e+00 1.000000e+00
-5.928549e+00 -1.902310e+03 -2.114915e+02 1.000000e+00
-9.442054e+00 -2.330473e+03 -4.291570e+02 1.000000e+00
-1.357638e+01 -1.889805e+03 -6.540301e+02 1.000000e+00
-1.578330e+01 -2.233750e+03 -8.924669e+02 1.000000e+00
-1.667631e+01 -1.695513e+03 -1.150956e+03 1.000000e+00
-1.541381e+01 -1.945565e+03 -1.418502e+03 1.000000e+00
-1.493242e+01 -1.319363e+03 -1.689124e+03 1.000000e+00
-1.773565e+01 -1.484088e+03 -1.963117e+03 1.000000e+00
-1.255585e+00 -2.243366e+03 0.000000e+00 1.000000e+00
-3.850539e+00 -1.943612e+03 -2.133575e+02 1.000000e+00
-6.610237e+00 -2.307947e+03 -4.311160e+02 1.000000e+00
-7.243472e+00 -1.930068e+03 -6.556909e+02 1.000000e+00
-8.385764e+00 -2.210418e+03 -8.953609e+02 1.000000e+00
-8.565485e+00 -1.734050e+03 -1.154085e+03 1.000000e+00
-8.383224e+00 -1.920934e+03 -1.421996e+03 1.000000e+00
-1.003924e+01 -1.355764e+03 -1.693522e+03 1.000000e+00
-8.602947e+00 -1.457668e+03 -1.967532e+03 1.000000e+00
0.000000e+00 -2.197492e+03 0.000000e+00 1.000000e+00
0.000000e+00 -2.008784e+03 -2.145719e+02 1.000000e+00
0.000000e+00 -2.262961e+03 -4.313596e+02 1.000000e+00
0.000000e+00 -1.994653e+03 -6.563381e+02 1.000000e+00
0.000000e+00 -2.164433e+03 -8.964647e+02 1.000000e+00
0.000000e+00 -1.797321e+03 -1.154874e+03 1.000000e+00
0.000000e+00 -1.874497e+03 -1.423610e+03 1.000000e+00
0.000000e+00 -1.415334e+03 -1.695572e+03 1.000000e+00
0.000000e+00 -1.411664e+03 -1.967349e+03 1.000000e+00
-1.633305e+01 -1.804567e+03 0.000000e+00 1.000000e+00
-1.798954e+01 -2.249950e+03 -2.032901e+02 1.000000e+00
-2.199263e+01 -1.867917e+03 -4.146812e+02 1.000000e+00
-2.756264e+01 -2.239444e+03 -6.328812e+02 1.000000e+00
-3.315611e+01 -1.775426e+03 -8.684091e+02 1.000000e+00
-3.843072e+01 -2.056653e+03 -1.113647e+03 1.000000e+00
-4.213735e+01 -1.494143e+03 -1.383406e+03 1.000000e+00
-4.347147e+01 -1.692026e+03 -1.646698e+03 1.000000e+00
-4.368274e+01 -1.041604e+03 -1.927487e+03 1.000000e+00
-1.604283e+01 -1.811820e+03 0.000000e+00 1.000000e+00
-1.642429e+01 -2.257848e+03 -2.049633e+02 1.000000e+00
-2.094852e+01 -1.874784e+03 -4.204050e+02 1.000000e+00
-2.887646e+01 -2.246100e+03 -6.393159e+02 1.000000e+00
-3.363649e+01 -1.780704e+03 -8.751428e+02 1.000000e+00
-3.717433e+01 -2.058932e+03 -1.124139e+03 1.000000e+00
-3.968370e+01 -1.497870e+03 -1.394267e+03 1.000000e+00
-4.077746e+01 -1.690385e+03 -1.657873e+03 1.000000e+00
-4.338763e+01 -1.042302e+03 -1.939023e+03 1.000000e+00
-1.564907e+01 -1.820290e+03 0.000000e+00 1.000000e+00
-1.913988e+01 -2.264433e+03 -2.074737e+02 1.000000e+00
-2.238106e+01 -1.882843e+03 -4.244399e+02 1.000000e+00
-2.393682e+01 -2.251688e+03 -6.449260e+02 1.000000e+00
-3.143547e+01 -1.786810e+03 -8.839715e+02 1.000000e+00
-3.783068e+01 -2.061374e+03 -1.133478e+03 1.000000e+00
-3.805693e+01 -1.501339e+03 -1.404451e+03 1.000000e+00
-3.821555e+01 -1.690264e+03 -1.668392e+03 1.000000e+00
-3.837618e+01 -1.042673e+03 -1.949173e+03 1.000000e+00
-1.329185e+01 -1.829037e+03 0.000000e+00 1.000000e+00
-1.339081e+01 -2.270837e+03 -2.098436e+02 1.000000e+00
-1.783777e+01 -1.891220e+03 -4.282280e+02 1.000000e+00
-2.653630e+01 -2.257245e+03 -6.507546e+02 1.000000e+00
-3.020293e+01 -1.792901e+03 -8.914310e+02 1.000000e+00
-3.167176e+01 -2.065550e+03 -1.142636e+03 1.000000e+00
-3.321371e+01 -1.503343e+03 -1.414282e+03 1.000000e+00
-3.334498e+01 -1.692346e+03 -1.677487e+03 1.000000e+00
-3.654128e+01 -1.042571e+03 -1.959256e+03 1.000000e+00
-1.109214e+01 -1.836144e+03 0.000000e+00 1.000000e+00
-1.312525e+01 -2.279647e+03 -2.113400e+02 1.000000e+00
-1.740001e+01 -1.897700e+03 -4.331927e+02 1.000000e+00
-2.089307e+01 -2.265319e+03 -6.556561e+02 1.000000e+00
-2.605639e+01 -1.797847e+03 -8.975367e+02 1.000000e+00
-2.969364e+01 -2.070530e+03 -1.151050e+03 1.000000e+00
-2.814074e+01 -1.506433e+03 -1.422933e+03 1.000000e+00
-2.894762e+01 -1.694949e+03 -1.686164e+03 1.000000e+00
-3.072554e+01 -1.042634e+03 -1.969281e+03 1.000000e+00
-8.551628e+00 -1.850483e+03 0.000000e+00 1.000000e+00
-1.108692e+01 -2.281502e+03 -2.137955e+02 1.000000e+00
-1.345591e+01 -1.912161e+03 -4.356381e+02 1.000000e+00
-1.709220e+01 -2.266012e+03 -6.600459e+02 1.000000e+00
-2.105495e+01 -1.811217e+03 -9.037269e+02 1.000000e+00
-2.244228e+01 -2.068375e+03 -1.157724e+03 1.000000e+00
-2.340659e+01 -1.518137e+03 -1.430360e+03 1.000000e+00
-2.453901e+01 -1.690751e+03 -1.694432e+03 1.000000e+00
-2.319819e+01 -1.050751e+03 -1.975207e+03 1.000000e+00
-4.984118e+00 -1.842820e+03 0.000000e+00 1.000000e+00
-6.037275e+00 -2.305937e+03 -2.157310e+02 1.000000e+00
-9.624829e+00 -1.904963e+03 -4.379287e+02 1.000000e+00
-1.360157e+01 -2.289401e+03 -6.639583e+02 1.000000e+00
-1.582458e+01 -1.802536e+03 -9.074047e+02 1.000000e+00
-1.666465e+01 -2.090196e+03 -1.163225e+03 1.000000e+00
-1.561430e+01 -1.508093e+03 -1.436448e+03 1.000000e+00
-1.497094e+01 -1.709057e+03 -1.699870e+03 1.000000e+00
-1.770824e+01 -1.040017e+03 -1.982356e+03 1.000000e+00
-1.312452e+00 -1.884030e+03 0.000000e+00 1.000000e+00
-3.952358e+00 -2.283281e+03 -2.176319e+02 1.000000e+00
-6.679043e+00 -1.945960e+03 -4.398792e+02 1.000000e+00
-7.280208e+00 -2.266555e+03 -6.656072e+02 1.000000e+00
-8.311234e+00 -1.841961e+03 -9.103447e+02 1.000000e+00
-8.598227e+00 -2.066074e+03 -1.166281e+03 1.000000e+00
-8.317845e+00 -1.545749e+03 -1.440085e+03 1.000000e+00
-1.000217e+01 -1.683465e+03 -1.704115e+03 1.000000e+00
-8.625851e+00 -1.074775e+03 -1.986933e+03 1.000000e+00
0.000000e+00 -1.949011e+03 0.000000e+00 1.000000e+00
0.000000e+00 -2.238264e+03 -2.189048e+02 1.000000e+00
0.000000e+00 -2.010762e+03 -4.400325e+02 1.000000e+00
0.000000e+00 -2.221437e+03 -6.663591e+02 1.000000e+00
0.000000e+00 -1.906021e+03 -9.113060e+02 1.000000e+00
0.000000e+00 -2.020106e+03 -1.167299e+03 1.000000e+00
0.000000e+00 -1.607107e+03 -1.441363e+03 1.000000e+00
0.000000e+00 -1.637206e+03 -1.706631e+03 1.000000e+00
0.000000e+00 -1.131759e+03 -1.986204e+03 1.000000e+00
-1.665968e+01 -2.186529e+03 0.000000e+00 1.000000e+00
-1.826824e+01 -1.847762e+03 -2.091342e+02 1.000000e+00
-2.224713e+01 -2.245302e+03 -4.219281e+02 1.000000e+00
-2.767330e+01 -1.831278e+03 -6.481782e+02 1.000000e+00
-3.322481e+01 -2.150309e+03 -8.790029e+02 1.000000e+00
-3.839579e+01 -1.637863e+03 -1.136546e+03 1.000000e+00
-4.208581e+01 -1.865424e+03 -1.391591e+03 1.000000e+00
-4.328489e+01 -1.264308e+03 -1.674322e+03 1.000000e+00
-4.341975e+01 -1.409923e+03 -1.928583e+03 1.000000e+00
-1.632605e+01 -2.193947e+03 0.000000e+00 1.000000e+00
-1.670462e+01 -1.854828e+03 -2.108511e+02 1.000000e+00
-2.125929e+01 -2.252965e+03 -4.276456e+02 1.000000e+00
-2.898003e+01 -1.837411e+03 -6.546356e+02 1.000000e+00
-3.364544e+01 -2.154905e+03 -8.857462e+02 1.000000e+00
-3.713611e+01 -1.642184e+03 -1.146979e+03 1.000000e+00
-3.969845e+01 -1.866055e+03 -1.402417e+03 1.000000e+00
-4.068357e+01 -1.266564e+03 -1.685484e+03 1.000000e+00
-4.308295e+01 -1.406417e+03 -1.940136e+03 1.000000e+00
-1.609869e+01 -2.200195e+03 0.000000e+00 1.000000e+00
-1.938425e+01 -1.862987e+03 -2.133456e+02 1.000000e+00
-2.255489e+01 -2.259192e+03 -4.317143e+02 1.000000e+00
-2.401056e+01 -1.844819e+03 -6.602939e+02 1.000000e+00
-3.150835e+01 -2.158850e+03 -8.945743e+02 1.000000e+00
-3.776056e+01 -1.646520e+03 -1.156277e+03 1.000000e+00
-3.800092e+01 -1.867550e+03 -1.412617e+03 1.000000e+00
-3.811420e+01 -1.268200e+03 -1.695927e+03 1.000000e+00
-3.807164e+01 -1.404822e+03 -1.950344e+03 1.000000e+00
-1.351592e+01 -2.206386e+03 0.000000e+00 1.000000e+00
-1.362433e+01 -1.871519e+03 -2.157142e+02 1.000000e+00
-1.818883e+01 -2.265303e+03 -4.355529e+02 1.000000e+00
-2.655079e+01 -1.852264e+03 -6.661256e+02 1.000000e+00
-3.022679e+01 -2.163789e+03 -9.021420e+02 1.000000e+00
-3.163575e+01 -1.650508e+03 -1.165273e+03 1.000000e+00
-3.314278e+01 -1.870742e+03 -1.422499e+03 1.000000e+00
-3.331012e+01 -1.268610e+03 -1.705016e+03 1.000000e+00
-3.639639e+01 -1.405780e+03 -1.960628e+03 1.000000e+00
-1.140582e+01 -2.214499e+03 0.000000e+00 1.000000e+00
-1.339800e+01 -1.878343e+03 -2.172576e+02 1.000000e+00
-1.750031e+01 -2.273908e+03 -4.404743e+02 1.000000e+00
-2.098973e+01 -1.858220e+03 -6.711936e+02 1.000000e+00
-2.585781e+01 -2.169971e+03 -9.080233e+02 1.000000e+00
-2.956869e+01 -1.654481e+03 -1.173964e+03 1.000000e+00
-2.826992e+01 -1.874556e+03 -1.430796e+03 1.000000e+00
-2.896862e+01 -1.270309e+03 -1.714169e+03 1.000000e+00
-3.029310e+01 -1.407013e+03 -1.970087e+03 1.000000e+00
-8.893602e+00 -2.216503e+03 0.000000e+00 1.000000e+00
-1.118872e+01 -1.892435e+03 -2.196511e+02 1.000000e+00
-1.371135e+01 -2.275638e+03 -4.430389e+02 1.000000e+00
-1.698354e+01 -1.871979e+03 -6.754410e+02 1.000000e+00
-2.121406e+01 -2.169410e+03 -9.145140e+02 1.000000e+00
-2.239371e+01 -1.666674e+03 -1.180212e+03 1.000000e+00
-2.338313e+01 -1.871657e+03 -1.438774e+03 1.000000e+00
-2.434423e+01 -1.279974e+03 -1.721676e+03 1.000000e+00
-2.316548e+01 -1.401982e+03 -1.976826e+03 1.000000e+00
-5.085906e+00 -2.241040e+03 0.000000e+00 1.000000e+00
-6.293141e+00 -1.885357e+03 -2.216109e+02 1.000000e+00
-9.677828e+00 -2.299586e+03 -4.452965e+02 1.000000e+00
-1.369098e+01 -1.864089e+03 -6.794151e+02 1.000000e+00
-1.553579e+01 -2.192114e+03 -9.181687e+02 1.000000e+00
-1.666000e+01 -1.657335e+03 -1.185756e+03 1.000000e+00
-1.564642e+01 -1.891818e+03 -1.444687e+03 1.000000e+00
-1.513558e+01 -1.269638e+03 -1.727335e+03 1.000000e+00
-1.755751e+01 -1.418311e+03 -1.983703e+03 1.000000e+00
-1.510168e+00 -2.217891e+03 0.000000e+00 1.000000e+00
-3.950430e+00 -1.926491e+03 -2.235235e+02 1.000000e+00
-6.819407e+00 -2.276797e+03 -4.472118e+02 1.000000e+00
-7.237912e+00 -1.904524e+03 -6.811719e+02 1.000000e+00
-8.491554e+00 -2.168333e+03 -9.209492e+02 1.000000e+00
-8.558298e+00 -1.695682e+03 -1.189009e+03 1.000000e+00
-8.325352e+00 -1.867034e+03 -1.448073e+03 1.000000e+00
-9.877745e+00 -1.305680e+03 -1.731844e+03 1.000000e+00
-8.623917e+00 -1.391719e+03 -1.987884e+03 1.000000e+00
0.000000e+00 -2.172727e+03 0.000000e+00 1.000000e+00
0.000000e+00 -1.990843e+03 -2.247232e+02 1.000000e+00
0.000000e+00 -2.232191e+03 -4.475268e+02 1.000000e+00
0.000000e+00 -1.968668e+03 -6.816498e+02 1.000000e+00
0.000000e+00 -2.123406e+03 -9.223918e+02 1.000000e+00
0.000000e+00 -1.758370e+03 -1.189337e+03 1.000000e+00
0.000000e+00 -1.821260e+03 -1.450183e+03 1.000000e+00
0.000000e+00 -1.364196e+03 -1.733266e+03 1.000000e+00
0.000000e+00 -1.345790e+03 -1.988560e+03 1.000000e+00
-1.707739e+01 -1.791550e+03 0.000000e+00 1.000000e+00
-1.859611e+01 -2.217007e+03 -2.134586e+02 1.000000e+00
-2.251772e+01 -1.846543e+03 -4.346385e+02 1.000000e+00
-2.777634e+01 -2.196513e+03 -6.572886e+02 1.000000e+00
-3.321610e+01 -1.743259e+03 -9.023674e+02 1.000000e+00
-3.832217e+01 -1.998806e+03 -1.145093e+03 1.000000e+00
-4.191018e+01 -1.446936e+03 -1.422657e+03 1.000000e+00
-4.308989e+01 -1.621827e+03 -1.674921e+03 1.000000e+00
-4.311212e+01 -9.819183e+02 -1.966801e+03 1.000000e+00
-1.654290e+01 -1.798123e+03 0.000000e+00 1.000000e+00
-1.707513e+01 -2.224772e+03 -2.152420e+02 1.000000e+00
-2.168729e+01 -1.853508e+03 -4.403548e+02 1.000000e+00
-2.906936e+01 -2.202694e+03 -6.637336e+02 1.000000e+00
-3.375245e+01 -1.748332e+03 -9.092435e+02 1.000000e+00
-3.715416e+01 -2.001200e+03 -1.155326e+03 1.000000e+00
-3.977917e+01 -1.450607e+03 -1.433570e+03 1.000000e+00
-4.072400e+01 -1.620330e+03 -1.685911e+03 1.000000e+00
-4.267839e+01 -9.819272e+02 -1.978370e+03 1.000000e+00
-1.672980e+01 -1.806294e+03 0.000000e+00 1.000000e+00
-1.965392e+01 -2.230970e+03 -2.176889e+02 1.000000e+00
-2.261015e+01 -1.861301e+03 -4.444844e+02 1.000000e+00
-2.415284e+01 -2.208321e+03 -6.694940e+02 1.000000e+00
-3.139187e+01 -1.753870e+03 -9.179767e+02 1.000000e+00
-3.748615e+01 -2.003486e+03 -1.164679e+03 1.000000e+00
-3.785595e+01 -1.453806e+03 -1.443678e+03 1.000000e+00
-3.789592e+01 -1.620004e+03 -1.696371e+03 1.000000e+00
-3.782436e+01 -9.820574e+02 -1.988615e+03 1.000000e+00
-1.368710e+01 -1.814906e+03 0.000000e+00 1.000000e+00
-1.400900e+01 -2.237246e+03 -2.200319e+02 1.000000e+00
-1.858908e+01 -1.869231e+03 -4.483382e+02 1.000000e+00
-2.658192e+01 -2.214089e+03 -6.754539e+02 1.000000e+00
-3.029318e+01 -1.759440e+03 -9.254810e+02 1.000000e+00
-3.172561e+01 -2.007580e+03 -1.173745e+03 1.000000e+00
-3.309034e+01 -1.455522e+03 -1.453244e+03 1.000000e+00
-3.352601e+01 -1.622076e+03 -1.705924e+03 1.000000e+00
-3.611862e+01 -9.816629e+02 -1.998519e+03 1.000000e+00
-1.184767e+01 -1.821534e+03 0.000000e+00 1.000000e+00
-1.356367e+01 -2.245766e+03 -2.215724e+02 1.000000e+00
-1.769371e+01 -1.876048e+03 -4.533485e+02 1.000000e+00
-2.087458e+01 -2.221426e+03 -6.804202e+02 1.000000e+00
-2.563103e+01 -1.764535e+03 -9.316326e+02 1.000000e+00
-2.906709e+01 -2.011824e+03 -1.181964e+03 1.000000e+00
-2.843025e+01 -1.459098e+03 -1.462171e+03 1.000000e+00
-2.884281e+01 -1.624394e+03 -1.714304e+03 1.000000e+00
-2.984911e+01 -9.812961e+02 -2.008862e+03 1.000000e+00
-9.042543e+00 -1.834731e+03 0.000000e+00 1.000000e+00
-1.157156e+01 -2.248075e+03 -2.240340e+02 1.000000e+00
-1.375395e+01 -1.889675e+03 -4.557097e+02 1.000000e+00
-1.715019e+01 -2.222537e+03 -6.851143e+02 1.000000e+00
-2.123483e+01 -1.777034e+03 -9.375861e+02 1.000000e+00
-2.270884e+01 -2.010169e+03 -1.188862e+03 1.000000e+00
-2.313833e+01 -1.470201e+03 -1.469281e+03 1.000000e+00
-2.434111e+01 -1.619877e+03 -1.722727e+03 1.000000e+00
-2.306633e+01 -9.895906e+02 -2.014559e+03 1.000000e+00
-5.527884e+00 -1.827328e+03 0.000000e+00 1.000000e+00
-6.323348e+00 -2.272299e+03 -2.259334e+02 1.000000e+00
-9.984059e+00 -1.882521e+03 -4.580461e+02 1.000000e+00
-1.348607e+01 -2.245552e+03 -6.890278e+02 1.000000e+00
-1.537272e+01 -1.768326e+03 -9.413918e+02 1.000000e+00
-1.617400e+01 -2.031950e+03 -1.194181e+03 1.000000e+00
-1.586413e+01 -1.459949e+03 -1.475302e+03 1.000000e+00
-1.522053e+01 -1.638151e+03 -1.728274e+03 1.000000e+00
-1.740600e+01 -9.790867e+02 -2.021485e+03 1.000000e+00
-1.496896e+00 -1.868807e+03 0.000000e+00 1.000000e+00
-4.128279e+00 -2.249099e+03 -2.276963e+02 1.000000e+00
-6.775289e+00 -1.923575e+03 -4.601979e+02 1.000000e+00
-7.475228e+00 -2.222629e+03 -6.905624e+02 1.000000e+00
-8.517604e+00 -1.807611e+03 -9.443975e+02 1.000000e+00
-8.823162e+00 -2.007406e+03 -1.197130e+03 1.000000e+00
-8.265200e+00 -1.497695e+03 -1.479090e+03 1.000000e+00
-9.720160e+00 -1.612242e+03 -1.732163e+03 1.000000e+00
-8.550687e+00 -1.012922e+03 -2.026186e+03 1.000000e+00
0.000000e+00 -1.932683e+03 0.000000e+00 1.000000e+00
0.000000e+00 -2.204636e+03 -2.289675e+02 1.000000e+00
0.000000e+00 -1.987239e+03 -4.603344e+02 1.000000e+00
0.000000e+00 -2.178808e+03 -6.914491e+02 1.000000e+00
0.000000e+00 -1.870607e+03 -9.452169e+02 1.000000e+00
0.000000e+00 -1.962629e+03 -1.198359e+03 1.000000e+00
0.000000e+00 -1.558391e+03 -1.479880e+03 1.000000e+00
0.000000e+00 -1.566015e+03 -1.735080e+03 1.000000e+00
0.000000e+00 -1.068749e+03 -2.025054e+03 1.000000e+00
-1.755340e+01 -2.148609e+03 0.000000e+00 1.000000e+00
-1.901189e+01 -1.829194e+03 -2.211648e+02 1.000000e+00
-2.278428e+01 -2.201322e+03 -4.422328e+02 1.000000e+00
-2.790517e+01 -1.801938e+03 -6.780868e+02 1.000000e+00
-3.312772e+01 -2.092589e+03 -9.117792e+02 1.000000e+00
-3.816114e+01 -1.592800e+03 -1.177020e+03 1.000000e+00
-4.159144e+01 -1.792342e+03 -1.425538e+03 1.000000e+00
-4.277319e+01 -1.203834e+03 -1.715444e+03 1.000000e+00
-4.269862e+01 -1.323434e+03 -1.955561e+03 1.000000e+00
-1.688880e+01 -2.156127e+03 0.000000e+00 1.000000e+00
-1.751125e+01 -1.836117e+03 -2.230197e+02 1.000000e+00
-2.203372e+01 -2.208593e+03 -4.478255e+02 1.000000e+00
-2.922618e+01 -1.807988e+03 -6.846395e+02 1.000000e+00
-3.362132e+01 -2.096427e+03 -9.185576e+02 1.000000e+00
-3.708804e+01 -1.596873e+03 -1.187344e+03 1.000000e+00
-3.972695e+01 -1.793010e+03 -1.436059e+03 1.000000e+00
-4.066697e+01 -1.205609e+03 -1.726737e+03 1.000000e+00
-4.216639e+01 -1.319749e+03 -1.966694e+03 1.000000e+00
-1.735679e+01 -2.162256e+03 0.000000e+00 1.000000e+00
-1.999927e+01 -1.844151e+03 -2.254035e+02 1.000000e+00
-2.267915e+01 -2.214535e+03 -4.519578e+02 1.000000e+00
-2.429738e+01 -1.815153e+03 -6.905612e+02 1.000000e+00
-3.132454e+01 -2.100477e+03 -9.271235e+02 1.000000e+00
-3.707260e+01 -1.600758e+03 -1.196669e+03 1.000000e+00
-3.759032e+01 -1.794404e+03 -1.446127e+03 1.000000e+00
-3.775414e+01 -1.207214e+03 -1.737167e+03 1.000000e+00
-3.738573e+01 -1.317820e+03 -1.976942e+03 1.000000e+00
-1.393190e+01 -2.168295e+03 0.000000e+00 1.000000e+00
-1.441010e+01 -1.852441e+03 -2.276729e+02 1.000000e+00
-1.905090e+01 -2.220741e+03 -4.559108e+02 1.000000e+00
-2.644821e+01 -1.821741e+03 -6.964212e+02 1.000000e+00
-3.021774e+01 -2.105739e+03 -9.349102e+02 1.000000e+00
-3.169897e+01 -1.604211e+03 -1.205224e+03 1.000000e+00
-3.294285e+01 -1.797274e+03 -1.456021e+03 1.000000e+00
-3.356849e+01 -1.207571e+03 -1.746376e+03 1.000000e+00
-3.585511e+01 -1.318686e+03 -1.987463e+03 1.000000e+00
-1.228451e+01 -2.176575e+03 0.000000e+00 1.000000e+00
-1.395251e+01 -1.859375e+03 -2.292411e+02 1.000000e+00
-1.763470e+01 -2.228741e+03 -4.608282e+02 1.000000e+00
-2.112871e+01 -1.828157e+03 -7.016268e+02 1.000000e+00
-2.512707e+01 -2.111010e+03 -9.406776e+02 1.000000e+00
-2.865008e+01 -1.608574e+03 -1.213903e+03 1.000000e+00
-2.845036e+01 -1.800577e+03 -1.464266e+03 1.000000e+00
-2.892357e+01 -1.209664e+03 -1.755620e+03 1.000000e+00
-2.913604e+01 -1.319309e+03 -1.996603e+03 1.000000e+00
-9.420630e+00 -2.179526e+03 0.000000e+00 1.000000e+00
-1.165440e+01 -1.872320e+03 -2.315469e+02 1.000000e+00
-1.415182e+01 -2.230947e+03 -4.634541e+02 1.000000e+00
-1.682792e+01 -1.841136e+03 -7.059991e+02 1.000000e+00
-2.147755e+01 -2.110900e+03 -9.471367e+02 1.000000e+00
-2.266319e+01 -1.619895e+03 -1.220010e+03 1.000000e+00
-2.302610e+01 -1.798011e+03 -1.472293e+03 1.000000e+00
-2.395039e+01 -1.218911e+03 -1.762686e+03 1.000000e+00
-2.314741e+01 -1.313920e+03 -2.003932e+03 1.000000e+00
-5.562506e+00 -2.203082e+03 0.000000e+00 1.000000e+00
-6.783245e+00 -1.865374e+03 -2.335198e+02 1.000000e+00
-9.973753e+00 -2.254785e+03 -4.656914e+02 1.000000e+00
-1.363884e+01 -1.832854e+03 -7.099653e+02 1.000000e+00
-1.480039e+01 -2.133138e+03 -9.509125e+02 1.000000e+00
-1.609225e+01 -1.610615e+03 -1.225464e+03 1.000000e+00
-1.575250e+01 -1.817658e+03 -1.477848e+03 1.000000e+00
-1.561390e+01 -1.208430e+03 -1.768732e+03 1.000000e+00
-1.710668e+01 -1.329922e+03 -2.010161e+03 1.000000e+00
-1.853609e+00 -2.179485e+03 0.000000e+00 1.000000e+00
-4.018677e+00 -1.906756e+03 -2.352557e+02 1.000000e+00
-6.940156e+00 -2.231525e+03 -4.678000e+02 1.000000e+00
-7.460147e+00 -1.873540e+03 -7.117302e+02 1.000000e+00
-8.838100e+00 -2.109251e+03 -9.535206e+02 1.000000e+00
-8.779437e+00 -1.649025e+03 -1.228864e+03 1.000000e+00
-8.437506e+00 -1.792897e+03 -1.481131e+03 1.000000e+00
-9.310678e+00 -1.244086e+03 -1.772953e+03 1.000000e+00
-8.525270e+00 -1.303214e+03 -2.014256e+03 1.000000e+00
0.000000e+00 -2.135651e+03 0.000000e+00 1.000000e+00
0.000000e+00 -1.969698e+03 -2.363045e+02 1.000000e+00
0.000000e+00 -2.187699e+03 -4.683608e+02 1.000000e+00
0.000000e+00 -1.936420e+03 -7.120452e+02 1.000000e+00
0.000000e+00 -2.065475e+03 -9.552111e+02 1.000000e+00
0.000000e+00 -1.710017e+03 -1.228815e+03 1.000000e+00
0.000000e+00 -1.748167e+03 -1.483580e+03 1.000000e+00
0.000000e+00 -1.301081e+03 -1.773404e+03 1.000000e+00
0.000000e+00 -1.257695e+03 -2.016292e+03 1.000000e+00
-1.808032e+01 -1.772523e+03 0.000000e+00 1.000000e+00
-1.950284e+01 -2.172217e+03 -2.258862e+02 1.000000e+00
-2.312872e+01 -1.819057e+03 -4.583812e+02 1.000000e+00
-2.805960e+01 -2.140114e+03 -6.872557e+02 1.000000e+00
-3.308269e+01 -1.700634e+03 -9.413220e+02 1.000000e+00
-3.801954e+01 -1.924196e+03 -1.183297e+03 1.000000e+00
-4.123029e+01 -1.388752e+03 -1.465447e+03 1.000000e+00
-4.247529e+01 -1.530920e+03 -1.708728e+03 1.000000e+00
-4.222272e+01 -9.079501e+02 -2.005963e+03 1.000000e+00
-1.716663e+01 -1.778731e+03 0.000000e+00 1.000000e+00
-1.802353e+01 -2.179663e+03 -2.277701e+02 1.000000e+00
-2.248993e+01 -1.826212e+03 -4.640046e+02 1.000000e+00
-2.907179e+01 -2.145255e+03 -6.935109e+02 1.000000e+00
-3.344502e+01 -1.705684e+03 -9.486336e+02 1.000000e+00
-3.679086e+01 -1.926103e+03 -1.192888e+03 1.000000e+00
-3.939553e+01 -1.391736e+03 -1.476475e+03 1.000000e+00
-4.068758e+01 -1.529835e+03 -1.719464e+03 1.000000e+00
-4.128714e+01 -9.065405e+02 -2.017187e+03 1.000000e+00
-1.805161e+01 -1.786567e+03 0.000000e+00 1.000000e+00
-2.045712e+01 -2.185649e+03 -2.301286e+02 1.000000e+00
-2.266591e+01 -1.833814e+03 -4.680956e+02 1.000000e+00
-2.473071e+01 -2.150826e+03 -6.996270e+02 1.000000e+00
-3.124465e+01 -1.711004e+03 -9.569999e+02 1.000000e+00
-3.683483e+01 -1.928475e+03 -1.202145e+03 1.000000e+00
-3.748954e+01 -1.394730e+03 -1.486516e+03 1.000000e+00
-3.743521e+01 -1.529292e+03 -1.729770e+03 1.000000e+00
-3.724927e+01 -9.063965e+02 -2.027471e+03 1.000000e+00
-1.398387e+01 -1.794528e+03 0.000000e+00 1.000000e+00
-1.495247e+01 -2.192053e+03 -2.325047e+02 1.000000e+00
-1.942305e+01 -1.841062e+03 -4.718354e+02 1.000000e+00
-2.610753e+01 -2.157006e+03 -7.058171e+02 1.000000e+00
-2.978437e+01 -1.715554e+03 -9.644128e+02 1.000000e+00
-3.154342e+01 -1.932697e+03 -1.211099e+03 1.000000e+00
-3.239768e+01 -1.396274e+03 -1.495514e+03 1.000000e+00
-3.354952e+01 -1.530626e+03 -1.739926e+03 1.000000e+00
-3.534025e+01 -9.062006e+02 -2.037354e+03 1.000000e+00
-1.292261e+01 -1.800778e+03 0.000000e+00 1.000000e+00
-1.418658e+01 -2.200125e+03 -2.340384e+02 1.000000e+00
-1.790364e+01 -1.848426e+03 -4.769027e+02 1.000000e+00
-2.121506e+01 -2.163259e+03 -7.106496e+02 1.000000e+00
-2.505373e+01 -1.721138e+03 -9.707802e+02 1.000000e+00
-2.817267e+01 -1.936488e+03 -1.218903e+03 1.000000e+00
-2.875809e+01 -1.399824e+03 -1.504694e+03 1.000000e+00
-2.896786e+01 -1.532699e+03 -1.748011e+03 1.000000e+00
-2.856402e+01 -9.056219e+02 -2.047601e+03 1.000000e+00
-9.512123e+00 -1.813272e+03 0.000000e+00 1.000000e+00
-1.215363e+01 -2.203016e+03 -2.363186e+02 1.000000e+00
-1.397642e+01 -1.860950e+03 -4.794091e+02 1.000000e+00
-1.688010e+01 -2.165061e+03 -7.154642e+02 1.000000e+00
-2.098701e+01 -1.732705e+03 -9.765231e+02 1.000000e+00
-2.272897e+01 -1.935368e+03 -1.225859e+03 1.000000e+00
-2.235865e+01 -1.410019e+03 -1.511453e+03 1.000000e+00
-2.358264e+01 -1.528564e+03 -1.756362e+03 1.000000e+00
-2.305183e+01 -9.137526e+02 -2.053426e+03 1.000000e+00
-6.017525e+00 -1.806527e+03 0.000000e+00 1.000000e+00
-6.858051e+00 -2.226813e+03 -2.382708e+02 1.000000e+00
-1.048236e+01 -1.853589e+03 -4.817216e+02 1.000000e+00
-1.340444e+01 -2.187737e+03 -7.192197e+02 1.000000e+00
-1.488534e+01 -1.723989e+03 -9.806295e+02 1.000000e+00
-1.564615e+01 -1.956314e+03 -1.230882e+03 1.000000e+00
-1.616860e+01 -1.399864e+03 -1.517327e+03 1.000000e+00
-1.580334e+01 -1.546390e+03 -1.761861e+03 1.000000e+00
-1.698078e+01 -9.028872e+02 -2.060311e+03 1.000000e+00
-1.830419e+00 -1.848138e+03 0.000000e+00 1.000000e+00
-4.246973e+00 -2.203180e+03 -2.398910e+02 1.000000e+00
-6.773098e+00 -1.894895e+03 -4.840431e+02 1.000000e+00
-7.738139e+00 -2.164333e+03 -7.207522e+02 1.000000e+00
-8.680432e+00 -1.763636e+03 -9.835472e+02 1.000000e+00
-9.071514e+00 -1.931927e+03 -1.233791e+03 1.000000e+00
-8.122517e+00 -1.437252e+03 -1.521116e+03 1.000000e+00
-9.105715e+00 -1.520942e+03 -1.765373e+03 1.000000e+00
-8.408559e+00 -9.358648e+02 -2.064877e+03 1.000000e+00
0.000000e+00 -1.910457e+03 0.000000e+00 1.000000e+00
0.000000e+00 -2.159819e+03 -2.410626e+02 1.000000e+00
0.000000e+00 -1.956968e+03 -4.842976e+02 1.000000e+00
0.000000e+00 -2.121463e+03 -7.217292e+02 1.000000e+00
0.000000e+00 -1.824566e+03 -9.841714e+02 1.000000e+00
0.000000e+00 -1.888324e+03 -1.235324e+03 1.000000e+00
0.000000e+00 -1.495615e+03 -1.521229e+03 1.000000e+00
0.000000e+00 -1.475860e+03 -1.768653e+03 1.000000e+00
0.000000e+00 -9.903376e+02 -2.063504e+03 1.000000e+00
-1.858205e+01 -2.102626e+03 0.000000e+00 1.000000e+00
-2.009038e+01 -1.803580e+03 -2.352418e+02 1.000000e+00
-2.351227e+01 -2.145007e+03 -4.663474e+02 1.000000e+00
-2.822858e+01 -1.762506e+03 -7.123991e+02 1.000000e+00
-3.301114e+01 -2.020376e+03 -9.496965e+02 1.000000e+00
-3.781309e+01 -1.534648e+03 -1.221594e+03 1.000000e+00
-4.080849e+01 -1.700989e+03 -1.463898e+03 1.000000e+00
-4.202536e+01 -1.129848e+03 -1.757738e+03 1.000000e+00
-4.169287e+01 -1.215321e+03 -1.983383e+03 1.000000e+00
-1.735416e+01 -2.109400e+03 0.000000e+00 1.000000e+00
-1.869364e+01 -1.810677e+03 -2.373685e+02 1.000000e+00
-2.289277e+01 -2.151650e+03 -4.715953e+02 1.000000e+00
-2.903046e+01 -1.768803e+03 -7.188644e+02 1.000000e+00
-3.301702e+01 -2.023546e+03 -9.567347e+02 1.000000e+00
-3.638528e+01 -1.538539e+03 -1.231484e+03 1.000000e+00
-3.899916e+01 -1.702089e+03 -1.474233e+03 1.000000e+00
-4.028610e+01 -1.130117e+03 -1.768795e+03 1.000000e+00
-4.067401e+01 -1.213023e+03 -1.994237e+03 1.000000e+00
-1.892629e+01 -2.115136e+03 0.000000e+00 1.000000e+00
-2.076005e+01 -1.818178e+03 -2.396739e+02 1.000000e+00
-2.275676e+01 -2.157498e+03 -4.757224e+02 1.000000e+00
-2.509563e+01 -1.775722e+03 -7.250493e+02 1.000000e+00
-3.121164e+01 -2.027103e+03 -9.648740e+02 1.000000e+00
-3.651697e+01 -1.542302e+03 -1.240674e+03 1.000000e+00
-3.712561e+01 -1.703232e+03 -1.484127e+03 1.000000e+00
-3.728489e+01 -1.130921e+03 -1.778965e+03 1.000000e+00
-3.667618e+01 -1.211419e+03 -2.004760e+03 1.000000e+00
-1.424804e+01 -2.121634e+03 0.000000e+00 1.000000e+00
-1.541766e+01 -1.825371e+03 -2.418416e+02 1.000000e+00
-1.986386e+01 -2.164241e+03 -4.798372e+02 1.000000e+00
-2.570837e+01 -1.781675e+03 -7.307244e+02 1.000000e+00
-2.924352e+01 -2.032335e+03 -9.728248e+02 1.000000e+00
-3.116577e+01 -1.545458e+03 -1.248835e+03 1.000000e+00
-3.184273e+01 -1.705683e+03 -1.493537e+03 1.000000e+00
-3.332986e+01 -1.131731e+03 -1.788668e+03 1.000000e+00
-3.481505e+01 -1.211230e+03 -2.015172e+03 1.000000e+00
-1.314085e+01 -2.128923e+03 0.000000e+00 1.000000e+00
-1.480836e+01 -1.832718e+03 -2.436108e+02 1.000000e+00
-1.781947e+01 -2.171437e+03 -4.844728e+02 1.000000e+00
-2.156852e+01 -1.788456e+03 -7.360416e+02 1.000000e+00
-2.472763e+01 -2.036845e+03 -9.785358e+02 1.000000e+00
-2.787034e+01 -1.549995e+03 -1.257325e+03 1.000000e+00
-2.883949e+01 -1.708787e+03 -1.501671e+03 1.000000e+00
-2.887546e+01 -1.133301e+03 -1.797795e+03 1.000000e+00
-2.785697e+01 -1.211476e+03 -2.023856e+03 1.000000e+00
-1.007834e+01 -2.131903e+03 0.000000e+00 1.000000e+00
-1.217378e+01 -1.844786e+03 -2.457808e+02 1.000000e+00
-1.436238e+01 -2.174295e+03 -4.871815e+02 1.000000e+00
-1.630616e+01 -1.800171e+03 -7.405229e+02 1.000000e+00
-2.087557e+01 -2.037408e+03 -9.848226e+02 1.000000e+00
-2.235524e+01 -1.560274e+03 -1.263278e+03 1.000000e+00
-2.180298e+01 -1.706605e+03 -1.509472e+03 1.000000e+00
-2.297603e+01 -1.141792e+03 -1.804455e+03 1.000000e+00
-2.325647e+01 -1.206393e+03 -2.031944e+03 1.000000e+00
-6.034411e+00 -2.155336e+03 0.000000e+00 1.000000e+00
-7.467041e+00 -1.837862e+03 -2.477141e+02 1.000000e+00
-1.035572e+01 -2.197570e+03 -4.894897e+02 1.000000e+00
-1.379186e+01 -1.791991e+03 -7.442544e+02 1.000000e+00
-1.440268e+01 -2.059012e+03 -9.888518e+02 1.000000e+00
-1.578028e+01 -1.551362e+03 -1.268526e+03 1.000000e+00
-1.604667e+01 -1.725311e+03 -1.514548e+03 1.000000e+00
-1.629111e+01 -1.131714e+03 -1.811034e+03 1.000000e+00
-1.634100e+01 -1.221331e+03 -2.037240e+03 1.000000e+00
-2.240425e+00 -2.131683e+03 0.000000e+00 1.000000e+00
-4.101868e+00 -1.879329e+03 -2.492802e+02 1.000000e+00
-6.994806e+00 -2.173635e+03 -4.917863e+02 1.000000e+00
-7.602314e+00 -1.832797e+03 -7.460269e+02 1.000000e+00
-8.905836e+00 -2.034528e+03 -9.913503e+02 1.000000e+00
-8.810261e+00 -1.589381e+03 -1.271800e+03 1.000000e+00
-8.306473e+00 -1.701014e+03 -1.517990e+03 1.000000e+00
-8.573403e+00 -1.166480e+03 -1.814680e+03 1.000000e+00
-8.681812e+00 -1.194498e+03 -2.041415e+03 1.000000e+00
0.000000e+00 -2.089232e+03 0.000000e+00 1.000000e+00
0.000000e+00 -1.940649e+03 -2.501609e+02 1.000000e+00
0.000000e+00 -2.131162e+03 -4.926689e+02 1.000000e+00
0.000000e+00 -1.893810e+03 -7.460621e+02 1.000000e+00
0.000000e+00 -1.991930e+03 -9.933455e+02 1.000000e+00
0.000000e+00 -1.647897e+03 -1.271372e+03 1.000000e+00
0.000000e+00 -1.658141e+03 -1.520727e+03 1.000000e+00
0.000000e+00 -1.221646e+03 -1.814267e+03 1.000000e+00
0.000000e+00 -1.150278e+03 -2.045026e+03 1.000000e+00
-1.916806e+01 -1.745006e+03 0.000000e+00 1.000000e+00
-2.067544e+01 -2.116963e+03 -2.408996e+02 1.000000e+00
-2.390330e+01 -1.781771e+03 -4.846779e+02 1.000000e+00
-2.833212e+01 -2.069773e+03 -7.218599e+02 1.000000e+00
-3.287683e+01 -1.645352e+03 -9.838406e+02 1.000000e+00
-3.743992e+01 -1.833548e+03 -1.225172e+03 1.000000e+00
-4.022792e+01 -1.314152e+03 -1.510126e+03 1.000000e+00
-4.145133e+01 -1.420947e+03 -1.743448e+03 1.000000e+00
-4.097244e+01 -8.173307e+02 -2.040969e+03 1.000000e+00
-1.792225e+01 -1.752070e+03 0.000000e+00 1.000000e+00
-1.919432e+01 -2.123434e+03 -2.429169e+02 1.000000e+00
-2.350723e+01 -1.789141e+03 -4.901772e+02 1.000000e+00
-2.899528e+01 -2.074616e+03 -7.276846e+02 1.000000e+00
-3.264396e+01 -1.650209e+03 -9.915563e+02 1.000000e+00
-3.609552e+01 -1.835859e+03 -1.234263e+03 1.000000e+00
-3.848007e+01 -1.316273e+03 -1.520800e+03 1.000000e+00
-4.012339e+01 -1.420989e+03 -1.754051e+03 1.000000e+00
-3.967046e+01 -8.144606e+02 -2.051468e+03 1.000000e+00
-1.937628e+01 -1.759301e+03 0.000000e+00 1.000000e+00
-2.128567e+01 -2.129167e+03 -2.452064e+02 1.000000e+00
-2.262303e+01 -1.796348e+03 -4.942844e+02 1.000000e+00
-2.529197e+01 -2.079625e+03 -7.339488e+02 1.000000e+00
-3.105847e+01 -1.655197e+03 -9.994282e+02 1.000000e+00
-3.568377e+01 -1.837835e+03 -1.243309e+03 1.000000e+00
-3.663914e+01 -1.318422e+03 -1.530577e+03 1.000000e+00
-3.655108e+01 -1.420566e+03 -1.764118e+03 1.000000e+00
-3.635284e+01 -8.137238e+02 -2.061908e+03 1.000000e+00
-1.457574e+01 -1.765868e+03 0.000000e+00 1.000000e+00
-1.603824e+01 -2.136264e+03 -2.475336e+02 1.000000e+00
-2.031606e+01 -1.802718e+03 -4.980704e+02 1.000000e+00
-2.553570e+01 -2.086022e+03 -7.400172e+02 1.000000e+00
-2.877452e+01 -1.659572e+03 -1.006784e+03 1.000000e+00
-3.107491e+01 -1.841528e+03 -1.251853e+03 1.000000e+00
-3.141202e+01 -1.320375e+03 -1.539170e+03 1.000000e+00
-3.323999e+01 -1.421341e+03 -1.774412e+03 1.000000e+00
-3.414448e+01 -8.136691e+02 -2.071735e+03 1.000000e+00
-1.394705e+01 -1.773320e+03 0.000000e+00 1.000000e+00
-1.493743e+01 -2.143242e+03 -2.490905e+02 1.000000e+00
-1.789662e+01 -1.810309e+03 -5.030732e+02 1.000000e+00
-2.146779e+01 -2.091705e+03 -7.447180e+02 1.000000e+00
-2.437632e+01 -1.665060e+03 -1.013144e+03 1.000000e+00
-2.699612e+01 -1.845026e+03 -1.259326e+03 1.000000e+00
-2.861140e+01 -1.323716e+03 -1.548261e+03 1.000000e+00
-2.835170e+01 -1.422961e+03 -1.782145e+03 1.000000e+00
-2.717698e+01 -8.128144e+02 -2.081522e+03 1.000000e+00
-1.010370e+01 -1.784996e+03 0.000000e+00 1.000000e+00
-1.279560e+01 -2.146339e+03 -2.512150e+02 1.000000e+00
-1.426866e+01 -1.821927e+03 -5.056762e+02 1.000000e+00
-1.645835e+01 -2.094048e+03 -7.496092e+02 1.000000e+00
-2.045821e+01 -1.675238e+03 -1.018633e+03 1.000000e+00
-2.253695e+01 -1.844636e+03 -1.266095e+03 1.000000e+00
-2.114209e+01 -1.332672e+03 -1.554606e+03 1.000000e+00
-2.283353e+01 -1.419289e+03 -1.790405e+03 1.000000e+00
-2.312930e+01 -8.200672e+02 -2.087534e+03 1.000000e+00
-6.604051e+00 -1.777738e+03 0.000000e+00 1.000000e+00
-7.464771e+00 -2.169696e+03 -2.531248e+02 1.000000e+00
-1.071159e+01 -1.814849e+03 -5.080502e+02 1.000000e+00
-1.332214e+01 -2.116001e+03 -7.530688e+02 1.000000e+00
-1.449411e+01 -1.666987e+03 -1.023138e+03 1.000000e+00
-1.505024e+01 -1.864888e+03 -1.270542e+03 1.000000e+00
-1.629085e+01 -1.323379e+03 -1.560410e+03 1.000000e+00
-1.590261e+01 -1.435718e+03 -1.795797e+03 1.000000e+00
-1.599813e+01 -8.093483e+02 -2.094342e+03 1.000000e+00
-2.324193e+00 -1.819126e+03 0.000000e+00 1.000000e+00
-4.444894e+00 -2.145854e+03 -2.545318e+02 1.000000e+00
-6.740527e+00 -1.855922e+03 -5.104760e+02 1.000000e+00
-8.012537e+00 -2.091689e+03 -7.548043e+02 1.000000e+00
-8.572767e+00 -1.705985e+03 -1.025595e+03 1.000000e+00
-9.104508e+00 -1.840172e+03 -1.273740e+03 1.000000e+00
-8.150308e+00 -1.360097e+03 -1.564037e+03 1.000000e+00
-8.817621e+00 -1.410206e+03 -1.799017e+03 1.000000e+00
-8.508889e+00 -8.417195e+02 -2.098746e+03 1.000000e+00
0.000000e+00 -1.879740e+03 0.000000e+00 1.000000e+00
0.000000e+00 -2.104139e+03 -2.555493e+02 1.000000e+00
0.000000e+00 -1.916151e+03 -5.108925e+02 1.000000e+00
0.000000e+00 -2.050349e+03 -7.558583e+02 1.000000e+00
0.000000e+00 -1.764602e+03 -1.025875e+03 1.000000e+00
0.000000e+00 -1.798329e+03 -1.275781e+03 1.000000e+00
0.000000e+00 -1.416442e+03 -1.563450e+03 1.000000e+00
0.000000e+00 -1.367609e+03 -1.802809e+03 1.000000e+00
0.000000e+00 -8.942217e+02 -2.097047e+03 1.000000e+00
-1.977363e+01 -2.045046e+03 0.000000e+00 1.000000e+00
-2.132517e+01 -1.766471e+03 -2.515652e+02 1.000000e+00
-2.420092e+01 -2.077768e+03 -4.932197e+02 1.000000e+00
-2.836624e+01 -1.710683e+03 -7.497778e+02 1.000000e+00
-3.264760e+01 -1.931694e+03 -9.908565e+02 1.000000e+00
-3.684217e+01 -1.462649e+03 -1.267603e+03 1.000000e+00
-3.950278e+01 -1.591807e+03 -1.503220e+03 1.000000e+00
-4.062108e+01 -1.037341e+03 -1.797222e+03 1.000000e+00
-4.009749e+01 -1.089461e+03 -2.007022e+03 1.000000e+00
-1.826561e+01 -2.050682e+03 0.000000e+00 1.000000e+00
-2.003697e+01 -1.774209e+03 -2.538225e+02 1.000000e+00
-2.389454e+01 -2.083352e+03 -4.981929e+02 1.000000e+00
-2.894062e+01 -1.716668e+03 -7.559913e+02 1.000000e+00
-3.249475e+01 -1.935124e+03 -9.980913e+02 1.000000e+00
-3.557847e+01 -1.465400e+03 -1.276848e+03 1.000000e+00
-3.815514e+01 -1.593565e+03 -1.513520e+03 1.000000e+00
-3.948343e+01 -1.036262e+03 -1.807548e+03 1.000000e+00
-3.876585e+01 -1.087854e+03 -2.017514e+03 1.000000e+00
-2.015839e+01 -2.056407e+03 0.000000e+00 1.000000e+00
-2.149319e+01 -1.781314e+03 -2.560821e+02 1.000000e+00
-2.263825e+01 -2.088738e+03 -5.022377e+02 1.000000e+00
-2.542552e+01 -1.723152e+03 -7.622951e+02 1.000000e+00
-3.060301e+01 -1.938485e+03 -1.005726e+03 1.000000e+00
-3.483652e+01 -1.468673e+03 -1.285638e+03 1.000000e+00
-3.568667e+01 -1.594587e+03 -1.523227e+03 1.000000e+00
-3.584722e+01 -1.036532e+03 -1.817276e+03 1.000000e+00
-3.579385e+01 -1.086203e+03 -2.028098e+03 1.000000e+00
-1.508411e+01 -2.063921e+03 0.000000e+00 1.000000e+00
-1.659657e+01 -1.787151e+03 -2.581570e+02 1.000000e+00
-2.080035e+01 -2.095821e+03 -5.064449e+02 1.000000e+00
-2.529442e+01 -1.728592e+03 -7.677209e+02 1.000000e+00
-2.846708e+01 -1.943095e+03 -1.013575e+03 1.000000e+00
-3.085443e+01 -1.471926e+03 -1.293390e+03 1.000000e+00
-3.110042e+01 -1.596266e+03 -1.531998e+03 1.000000e+00
-3.282587e+01 -1.037588e+03 -1.827242e+03 1.000000e+00
-3.330360e+01 -1.084810e+03 -2.037714e+03 1.000000e+00
-1.409288e+01 -2.069782e+03 0.000000e+00 1.000000e+00
-1.562992e+01 -1.795384e+03 -2.600328e+02 1.000000e+00
-1.758023e+01 -2.102079e+03 -5.108021e+02 1.000000e+00
-2.140078e+01 -1.735056e+03 -7.730532e+02 1.000000e+00
-2.386675e+01 -1.947588e+03 -1.019119e+03 1.000000e+00
-2.597773e+01 -1.476110e+03 -1.301406e+03 1.000000e+00
-2.809879e+01 -1.598996e+03 -1.540134e+03 1.000000e+00
-2.770597e+01 -1.038779e+03 -1.835695e+03 1.000000e+00
-2.655430e+01 -1.084913e+03 -2.046010e+03 1.000000e+00
-1.097481e+01 -2.073093e+03 0.000000e+00 1.000000e+00
-1.266335e+01 -1.806611e+03 -2.620169e+02 1.000000e+00
-1.475996e+01 -2.105218e+03 -5.136100e+02 1.000000e+00
-1.624386e+01 -1.745726e+03 -7.775655e+02 1.000000e+00
-2.039706e+01 -1.948779e+03 -1.025049e+03 1.000000e+00
-2.229917e+01 -1.485006e+03 -1.307128e+03 1.000000e+00
-2.099257e+01 -1.597519e+03 -1.547591e+03 1.000000e+00
-2.215767e+01 -1.046049e+03 -1.841974e+03 1.000000e+00
-2.306530e+01 -1.080302e+03 -2.054609e+03 1.000000e+00
-6.465258e+00 -2.096227e+03 0.000000e+00 1.000000e+00
-8.176044e+00 -1.799594e+03 -2.639468e+02 1.000000e+00
-1.031510e+01 -2.127740e+03 -5.158704e+02 1.000000e+00
-1.342913e+01 -1.738102e+03 -7.812085e+02 1.000000e+00
-1.388290e+01 -1.969148e+03 -1.029037e+03 1.000000e+00
-1.488290e+01 -1.476653e+03 -1.312360e+03 1.000000e+00
-1.577419e+01 -1.615190e+03 -1.551849e+03 1.000000e+00
-1.592474e+01 -1.036268e+03 -1.849169e+03 1.000000e+00
-1.509685e+01 -1.093716e+03 -2.058912e+03 1.000000e+00
-2.958097e+00 -2.072125e+03 0.000000e+00 1.000000e+00
-4.282138e+00 -1.841096e+03 -2.654169e+02 1.000000e+00
-7.089015e+00 -2.103560e+03 -5.181110e+02 1.000000e+00
-7.713079e+00 -1.777783e+03 -7.830739e+02 1.000000e+00
-8.778970e+00 -1.944474e+03 -1.031411e+03 1.000000e+00
-8.843722e+00 -1.514099e+03 -1.315474e+03 1.000000e+00
-8.619624e+00 -1.590567e+03 -1.555640e+03 1.000000e+00
-8.662506e+00 -1.070786e+03 -1.852086e+03 1.000000e+00
-8.848189e+00 -1.066867e+03 -2.063347e+03 1.000000e+00
0.000000e+00 -2.031301e+03 0.000000e+00 1.000000e+00
0.000000e+00 -1.900438e+03 -2.660270e+02 1.000000e+00
0.000000e+00 -2.062796e+03 -5.193837e+02 1.000000e+00
0.000000e+00 -1.836068e+03 -7.826852e+02 1.000000e+00
0.000000e+00 -1.903480e+03 -1.033786e+03 1.000000e+00
0.000000e+00 -1.570142e+03 -1.314665e+03 1.000000e+00
0.000000e+00 -1.549405e+03 -1.558882e+03 1.000000e+00
0.000000e+00 -1.124136e+03 -1.850867e+03 1.000000e+00
0.000000e+00 -1.023943e+03 -2.067969e+03 1.000000e+00
