0 729 0.00000e+00
  1     729
2.807698e+01 7.065747e+03 -1.185819e+03 8.571537e-01
2.344217e+01 7.960756e+03 -6.996498e+02 7.399081e-01
1.872234e+01 8.050021e+03 -4.407108e+02 5.967547e-01
1.386248e+01 8.944928e+03 -1.647870e+02 4.469133e-01
9.456605e+00 8.994360e+03 -1.346385e+02 3.077485e-01
5.741719e+00 9.724407e+03 4.770868e+01 1.891254e-01
2.971002e+00 9.655223e+03 -3.772593e+01 9.748217e-02
1.036605e+00 1.008917e+04 1.485326e+02 3.527858e-02
0.000000e+00 1.009424e+04 0.000000e+00 0.000000e+00
2.402813e+01 7.085034e+03 -1.178580e+03 8.571537e-01
2.022843e+01 7.973623e+03 -6.932365e+02 7.399081e-01
1.591531e+01 8.064117e+03 -4.370643e+02 5.967547e-01
1.172324e+01 8.951542e+03 -1.604834e+02 4.469133e-01
7.847898e+00 9.002729e+03 -1.353325e+02 3.077485e-01
4.583311e+00 9.726907e+03 4.889339e+01 1.891254e-01
2.424374e+00 9.657869e+03 -3.797781e+01 9.748217e-02
8.047205e-01 1.009028e+04 1.472635e+02 3.527858e-02
0.000000e+00 1.009424e+04 0.000000e+00 0.000000e+00
2.748078e+01 7.099783e+03 -1.167749e+03 8.571537e-01
2.289787e+01 7.991568e+03 -6.859902e+02 7.399081e-01
1.849552e+01 8.074137e+03 -4.315403e+02 5.967547e-01
1.375764e+01 8.962625e+03 -1.577222e+02 4.469133e-01
9.447514e+00 9.007283e+03 -1.338444e+02 3.077485e-01
5.822217e+00 9.731921e+03 4.850499e+01 1.891254e-01
2.967580e+00 9.660419e+03 -3.684390e+01 9.748217e-02
1.063409e+00 1.009102e+04 1.477644e+02 3.527858e-02
0.000000e+00 1.009424e+04 0.000000e+00 0.000000e+00
2.264559e+01 7.117567e+03 -1.153184e+03 8.571537e-01
1.900380e+01 8.001926e+03 -6.778105e+02 7.399081e-01
1.516062e+01 8.088045e+03 -4.243680e+02 5.967547e-01
1.104324e+01 8.968785e+03 -1.570255e+02 4.469133e-01
7.415177e+00 9.014693e+03 -1.289082e+02 3.077485e-01
4.606266e+00 9.733526e+03 4.825928e+01 1.891254e-01
2.367392e+00 9.665254e+03 -3.424261e+01 9.748217e-02
9.478348e-01 1.009006e+04 1.513299e+02 3.527858e-02
0.000000e+00 1.009424e+04 0.000000e+00 0.000000e+00
2.102302e+01 7.131288e+03 -1.148670e+03 8.571537e-01
1.816397e+01 8.014499e+03 -6.718857e+02 7.399081e-01
1.429439e+01 8.096905e+03 -4.221945e+02 5.967547e-01
1.052401e+01 8.977049e+03 -1.531997e+02 4.469133e-01
7.018653e+00 9.017858e+03 -1.295454e+02 3.077485e-01
3.814817e+00 9.740676e+03 4.791389e+01 1.891254e-01
1.985698e+00 9.661369e+03 -3.650940e+01 9.748217e-02
3.078080e-01 1.009779e+04 1.419835e+02 3.527858e-02
0.000000e+00 1.009424e+04 0.000000e+00 0.000000e+00
2.295008e+01 7.151344e+03 -1.137304e+03 8.571537e-01
1.856636e+01 8.024764e+03 -6.638423e+02 7.399081e-01
1.495890e+01 8.111281e+03 -4.178170e+02 5.967547e-01
1.105574e+01 8.981042e+03 -1.503963e+02 4.469133e-01
7.508644e+00 9.026541e+03 -1.291203e+02 3.077485e-01
4.815961e+00 9.739999e+03 4.814822e+01 1.891254e-01
2.491309e+00 9.664904e+03 -3.609046e+01 9.748217e-02
1.254660e+00 1.009395e+04 1.431223e+02 3.527858e-02
0.000000e+00 1.009424e+04 0.000000e+00 0.000000e+00
1.488504e+01 7.161817e+03 -1.128250e+03 8.571537e-01
1.210968e+01 8.038079e+03 -6.595384e+02 7.399081e-01
9.428679e+00 8.119678e+03 -4.128277e+02 5.967547e-01
6.833548e+00 8.988770e+03 -1.499451e+02 4.469133e-01
4.556427e+00 9.033209e+03 -1.258365e+02 3.077485e-01
2.736547e+00 9.739206e+03 5.074872e+01 1.891254e-01
1.505615e+00 9.672407e+03 -3.218333e+01 9.748217e-02
4.823069e-01 1.008606e+04 1.560043e+02 3.527858e-02
0.000000e+00 1.009424e+04 0.000000e+00 0.000000e+00
1.066554e+01 7.165006e+03 -1.125336e+03 8.571537e-01
9.131180e+00 8.068330e+03 -6.566415e+02 7.399081e-01
7.412828e+00 8.117072e+03 -4.099724e+02 5.967547e-01
5.397550e+00 9.010725e+03 -1.472216e+02 4.469133e-01
3.615501e+00 9.025589e+03 -1.252216e+02 3.077485e-01
1.916089e+00 9.753548e+03 5.070005e+01 1.891254e-01
9.294792e-01 9.663925e+03 -3.299936e+01 9.748217e-02
1.634668e-01 1.009667e+04 1.507216e+02 3.527858e-02
0.000000e+00 1.009424e+04 0.000000e+00 0.000000e+00
0.000000e+00 7.197604e+03 -1.119387e+03 8.571537e-01
0.000000e+00 8.100125e+03 -6.524868e+02 7.399081e-01
0.000000e+00 8.141834e+03 -4.069358e+02 5.967547e-01
0.000000e+00 9.034545e+03 -1.452062e+02 4.469133e-01
0.000000e+00 9.038620e+03 -1.246160e+02 3.077485e-01
0.000000e+00 9.768116e+03 4.950703e+01 1.891254e-01
0.000000e+00 9.665366e+03 -3.387823e+01 9.748217e-02
0.000000e+00 1.010479e+04 1.446563e+02 3.527858e-02
0.000000e+00 1.009424e+04 0.000000e+00 0.000000e+00
2.867658e+01 6.966592e+03 -1.520198e+03 8.571537e-01
2.427720e+01 7.058958e+03 -1.043478e+03 7.399081e-01
1.965409e+01 8.077361e+03 -5.838144e+02 5.967547e-01
1.471220e+01 8.202843e+03 -3.770889e+02 4.469133e-01
1.006359e+01 9.186198e+03 -1.008695e+02 3.077485e-01
6.132132e+00 9.202702e+03 -1.428013e+02 1.891254e-01
3.083952e+00 9.942157e+03 2.245083e+01 9.748217e-02
1.135802e+00 9.857018e+03 -1.758068e+02 3.527858e-02
0.000000e+00 1.009424e+04 0.000000e+00 0.000000e+00
2.628802e+01 6.983322e+03 -1.509266e+03 8.571537e-01
2.203834e+01 7.076569e+03 -1.034403e+03 7.399081e-01
1.771356e+01 8.089831e+03 -5.753766e+02 5.967547e-01
1.324983e+01 8.217153e+03 -3.729298e+02 4.469133e-01
9.030532e+00 9.192560e+03 -9.729970e+01 3.077485e-01
5.516299e+00 9.210380e+03 -1.423893e+02 1.891254e-01
2.732000e+00 9.943998e+03 2.290052e+01 9.748217e-02
1.038715e+00 9.857834e+03 -1.743752e+02 3.527858e-02
0.000000e+00 1.009424e+04 0.000000e+00 0.000000e+00
2.810087e+01 7.002757e+03 -1.495248e+03 8.571537e-01
2.397083e+01 7.088355e+03 -1.023726e+03 7.399081e-01
1.939405e+01 8.105554e+03 -5.674681e+02 5.967547e-01
1.458148e+01 8.225934e+03 -3.675875e+02 4.469133e-01
9.833980e+00 9.202229e+03 -9.576304e+01 3.077485e-01
6.014377e+00 9.214342e+03 -1.402755e+02 1.891254e-01
3.088843e+00 9.946385e+03 2.193043e+01 9.748217e-02
1.075993e+00 9.858543e+03 -1.744149e+02 3.527858e-02
0.000000e+00 1.009424e+04 0.000000e+00 0.000000e+00
2.299244e+01 7.011331e+03 -1.482366e+03 8.571537e-01
2.006228e+01 7.104448e+03 -1.011212e+03 7.399081e-01
1.642674e+01 8.113521e+03 -5.609600e+02 5.967547e-01
1.238198e+01 8.238253e+03 -3.609765e+02 4.469133e-01
8.515111e+00 9.207234e+03 -9.538700e+01 3.077485e-01
5.241649e+00 9.219919e+03 -1.366571e+02 1.891254e-01
2.813025e+00 9.945994e+03 2.147676e+01 9.748217e-02
1.004003e+00 9.860728e+03 -1.759852e+02 3.527858e-02
0.000000e+00 1.009424e+04 0.000000e+00 0.000000e+00
2.252298e+01 7.026851e+03 -1.474964e+03 8.571537e-01
1.893753e+01 7.116530e+03 -1.003569e+03 7.399081e-01
1.517588e+01 8.126969e+03 -5.539701e+02 5.967547e-01
1.117632e+01 8.247128e+03 -3.579423e+02 4.469133e-01
7.548069e+00 9.216974e+03 -9.076878e+01 3.077485e-01
4.675942e+00 9.221209e+03 -1.352006e+02 1.891254e-01
2.112173e+00 9.954472e+03 2.416285e+01 9.748217e-02
1.018116e+00 9.855107e+03 -1.675251e+02 3.527858e-02
0.000000e+00 1.009424e+04 0.000000e+00 0.000000e+00
2.431433e+01 7.036879e+03 -1.458897e+03 8.571537e-01
2.022355e+01 7.131793e+03 -9.932579e+02 7.399081e-01
1.613355e+01 8.133575e+03 -5.468544e+02 5.967547e-01
1.200774e+01 8.259560e+03 -3.546985e+02 4.469133e-01
7.970898e+00 9.218902e+03 -8.919827e+01 3.077485e-01
4.564987e+00 9.229022e+03 -1.363259e+02 1.891254e-01
2.359281e+00 9.953480e+03 2.230316e+01 9.748217e-02
4.885342e-01 9.860003e+03 -1.709554e+02 3.527858e-02
0.000000e+00 1.009424e+04 0.000000e+00 0.000000e+00
1.349052e+01 7.050967e+03 -1.450491e+03 8.571537e-01
1.166130e+01 7.142313e+03 -9.861862e+02 7.399081e-01
9.333398e+00 8.145189e+03 -5.418156e+02 5.967547e-01
7.176795e+00 8.268124e+03 -3.497634e+02 4.469133e-01
4.916081e+00 9.223878e+03 -8.962296e+01 3.077485e-01
3.078784e+00 9.236308e+03 -1.366486e+02 1.891254e-01
1.542693e+00 9.949324e+03 1.901809e+01 9.748217e-02
5.982048e-01 9.868225e+03 -1.830268e+02 3.527858e-02
0.000000e+00 1.009424e+04 0.000000e+00 0.000000e+00
1.374715e+01 7.086374e+03 -1.445823e+03 8.571537e-01
1.136322e+01 7.142262e+03 -9.799622e+02 7.399081e-01
9.014539e+00 8.175172e+03 -5.364249e+02 5.967547e-01
6.474346e+00 8.263107e+03 -3.466250e+02 4.469133e-01
4.049237e+00 9.245019e+03 -8.725005e+01 3.077485e-01
2.392039e+00 9.227455e+03 -1.342190e+02 1.891254e-01
1.052902e+00 9.962238e+03 2.016848e+01 9.748217e-02
5.149657e-01 9.858023e+03 -1.757405e+02 3.527858e-02
0.000000e+00 1.009424e+04 0.000000e+00 0.000000e+00
0.000000e+00 7.119958e+03 -1.436370e+03 8.571537e-01
0.000000e+00 7.168525e+03 -9.717085e+02 7.399081e-01
0.000000e+00 8.203113e+03 -5.322980e+02 5.967547e-01
0.000000e+00 8.281923e+03 -3.447948e+02 4.469133e-01
0.000000e+00 9.264975e+03 -8.623238e+01 3.077485e-01
0.000000e+00 9.234690e+03 -1.325107e+02 1.891254e-01
0.000000e+00 9.973569e+03 2.091081e+01 9.748217e-02
0.000000e+00 9.854590e+03 -1.684235e+02 3.527858e-02
0.000000e+00 1.009424e+04 0.000000e+00 0.000000e+00
2.822228e+01 5.959487e+03 -2.071214e+03 8.571537e-01
2.455961e+01 7.024989e+03 -1.438253e+03 7.399081e-01
2.036673e+01 7.095342e+03 -9.910972e+02 5.967547e-01
1.567276e+01 8.251992e+03 -4.953743e+02 4.469133e-01
1.092889e+01 8.380896e+03 -3.175638e+02 3.077485e-01
6.717546e+00 9.453961e+03 -6.558270e+00 1.891254e-01
3.478641e+00 9.409116e+03 -7.314513e+01 9.748217e-02
1.195293e+00 1.007512e+04 2.036603e+02 3.527858e-02
0.000000e+00 1.009424e+04 0.000000e+00 0.000000e+00
2.862967e+01 5.976585e+03 -2.056620e+03 8.571537e-01
2.445890e+01 7.039240e+03 -1.425566e+03 7.399081e-01
2.022707e+01 7.112775e+03 -9.797914e+02 5.967547e-01
1.570762e+01 8.264488e+03 -4.876470e+02 4.469133e-01
1.096118e+01 8.395081e+03 -3.137531e+02 3.077485e-01
6.714937e+00 9.458743e+03 -4.902866e+00 1.891254e-01
3.518197e+00 9.414464e+03 -7.211729e+01 9.748217e-02
1.219799e+00 1.007658e+04 2.025436e+02 3.527858e-02
0.000000e+00 1.009424e+04 0.000000e+00 0.000000e+00
2.663017e+01 5.985248e+03 -2.041614e+03 8.571537e-01
2.339533e+01 7.055727e+03 -1.412436e+03 7.399081e-01
1.943652e+01 7.123932e+03 -9.683396e+02 5.967547e-01
1.461291e+01 8.279320e+03 -4.813205e+02 4.469133e-01
1.006967e+01 8.403008e+03 -3.085146e+02 3.077485e-01
6.098032e+00 9.465904e+03 -4.711946e+00 1.891254e-01
3.132238e+00 9.417322e+03 -6.940611e+01 9.748217e-02
1.087797e+00 1.007818e+04 2.013780e+02 3.527858e-02
0.000000e+00 1.009424e+04 0.000000e+00 0.000000e+00
2.417859e+01 5.999754e+03 -2.028904e+03 8.571537e-01
2.144083e+01 7.062682e+03 -1.399834e+03 7.399081e-01
1.816281e+01 7.139854e+03 -9.569608e+02 5.967547e-01
1.439178e+01 8.287526e+03 -4.755633e+02 4.469133e-01
1.016238e+01 8.414197e+03 -3.034475e+02 3.077485e-01
6.293046e+00 9.470262e+03 -4.889533e+00 1.891254e-01
3.154720e+00 9.421602e+03 -6.746122e+01 9.748217e-02
1.158315e+00 1.007763e+04 2.027728e+02 3.527858e-02
0.000000e+00 1.009424e+04 0.000000e+00 0.000000e+00
2.282373e+01 6.012518e+03 -2.019321e+03 8.571537e-01
1.976356e+01 7.077775e+03 -1.388363e+03 7.399081e-01
1.613638e+01 7.151087e+03 -9.485801e+02 5.967547e-01
1.214441e+01 8.301974e+03 -4.677092e+02 4.469133e-01
8.364481e+00 8.421548e+03 -3.015045e+02 3.077485e-01
5.070083e+00 9.480071e+03 -2.815297e+00 1.891254e-01
2.821942e+00 9.418914e+03 -6.877963e+01 9.748217e-02
7.069547e-01 1.008482e+04 1.957323e+02 3.527858e-02
0.000000e+00 1.009424e+04 0.000000e+00 0.000000e+00
2.323464e+01 6.021442e+03 -2.003824e+03 8.571537e-01
2.004017e+01 7.083880e+03 -1.376378e+03 7.399081e-01
1.645783e+01 7.165216e+03 -9.401582e+02 5.967547e-01
1.253795e+01 8.307051e+03 -4.617292e+02 4.469133e-01
8.631391e+00 8.433687e+03 -2.979623e+02 3.077485e-01
5.347625e+00 9.480678e+03 -3.532485e-01 1.891254e-01
2.625312e+00 9.425462e+03 -6.660308e+01 9.748217e-02
1.254822e+00 1.008201e+04 1.991200e+02 3.527858e-02
0.000000e+00 1.009424e+04 0.000000e+00 0.000000e+00
1.417563e+01 6.030862e+03 -1.995273e+03 8.571537e-01
1.253985e+01 7.096861e+03 -1.367323e+03 7.399081e-01
1.069383e+01 7.176999e+03 -9.309787e+02 5.967547e-01
8.392339e+00 8.318364e+03 -4.572104e+02 4.469133e-01
5.836232e+00 8.443777e+03 -2.931095e+02 3.077485e-01
3.584117e+00 9.483374e+03 1.689806e+00 1.891254e-01
1.908618e+00 9.434297e+03 -6.257333e+01 9.748217e-02
6.122406e-01 1.007664e+04 2.116342e+02 3.527858e-02
0.000000e+00 1.009424e+04 0.000000e+00 0.000000e+00
1.463378e+01 6.031125e+03 -1.986170e+03 8.571537e-01
1.208860e+01 7.130523e+03 -1.358590e+03 7.399081e-01
9.699775e+00 7.173451e+03 -9.231994e+02 5.967547e-01
7.200016e+00 8.348118e+03 -4.523311e+02 4.469133e-01
4.830758e+00 8.437126e+03 -2.909871e+02 3.077485e-01
2.636468e+00 9.503021e+03 7.856792e-01 1.891254e-01
1.327195e+00 9.424353e+03 -6.325327e+01 9.748217e-02
2.270818e-01 1.008878e+04 2.028605e+02 3.527858e-02
0.000000e+00 1.009424e+04 0.000000e+00 0.000000e+00
0.000000e+00 6.053065e+03 -1.971395e+03 8.571537e-01
0.000000e+00 7.158004e+03 -1.350826e+03 7.399081e-01
0.000000e+00 7.193688e+03 -9.174783e+02 5.967547e-01
0.000000e+00 8.372780e+03 -4.495683e+02 4.469133e-01
0.000000e+00 8.450927e+03 -2.900652e+02 3.077485e-01
0.000000e+00 9.519385e+03 -1.163851e+00 1.891254e-01
0.000000e+00 9.425707e+03 -6.444836e+01 9.748217e-02
0.000000e+00 1.009708e+04 1.934158e+02 3.527858e-02
0.000000e+00 1.009424e+04 0.000000e+00 0.000000e+00
2.726359e+01 6.044393e+03 -2.591626e+03 8.571537e-01
2.447497e+01 5.958806e+03 -2.071443e+03 7.399081e-01
2.105629e+01 7.055643e+03 -1.413905e+03 5.967547e-01
1.676205e+01 7.118226e+03 -9.398910e+02 4.469133e-01
1.204905e+01 8.440986e+03 -3.919667e+02 3.077485e-01
7.545928e+00 8.574128e+03 -2.718501e+02 1.891254e-01
3.841808e+00 9.756823e+03 6.455927e+00 9.748217e-02
1.445850e+00 9.689025e+03 -2.598224e+02 3.527858e-02
0.000000e+00 1.009424e+04 0.000000e+00 0.000000e+00
2.994456e+01 6.054062e+03 -2.576539e+03 8.571537e-01
2.629747e+01 5.973183e+03 -2.056632e+03 7.399081e-01
2.250188e+01 7.069142e+03 -1.400713e+03 5.967547e-01
1.802926e+01 7.136282e+03 -9.291447e+02 4.469133e-01
1.306275e+01 8.452277e+03 -3.869950e+02 3.077485e-01
8.185293e+00 8.587239e+03 -2.692312e+02 1.891254e-01
4.146507e+00 9.760193e+03 5.564383e+00 9.748217e-02
1.521091e+00 9.690735e+03 -2.587496e+02 3.527858e-02
0.000000e+00 1.009424e+04 0.000000e+00 0.000000e+00
2.453449e+01 6.066863e+03 -2.563654e+03 8.571537e-01
2.227814e+01 5.980850e+03 -2.042461e+03 7.399081e-01
1.908414e+01 7.084796e+03 -1.388287e+03 5.967547e-01
1.492770e+01 7.148110e+03 -9.190038e+02 4.469133e-01
1.039219e+01 8.466516e+03 -3.831080e+02 3.077485e-01
6.440008e+00 8.594960e+03 -2.649692e+02 1.891254e-01
3.276842e+00 9.765590e+03 4.270334e+00 9.748217e-02
1.229922e+00 9.691415e+03 -2.574216e+02 3.527858e-02
0.000000e+00 1.009424e+04 0.000000e+00 0.000000e+00
2.505138e+01 6.070204e+03 -2.553960e+03 8.571537e-01
2.271512e+01 5.995234e+03 -2.029273e+03 7.399081e-01
1.985091e+01 7.091918e+03 -1.376340e+03 5.967547e-01
1.628863e+01 7.164414e+03 -9.093106e+02 4.469133e-01
1.205616e+01 8.475545e+03 -3.793465e+02 3.077485e-01
7.579684e+00 8.604999e+03 -2.624059e+02 1.891254e-01
3.870398e+00 9.769724e+03 2.624802e+00 9.748217e-02
1.302918e+00 9.694451e+03 -2.596842e+02 3.527858e-02
0.000000e+00 1.009424e+04 0.000000e+00 0.000000e+00
2.251971e+01 6.081624e+03 -2.541853e+03 8.571537e-01
1.996931e+01 6.003966e+03 -2.017417e+03 7.399081e-01
1.693915e+01 7.107330e+03 -1.364588e+03 5.967547e-01
1.306700e+01 7.174920e+03 -9.015990e+02 4.469133e-01
9.198177e+00 8.490089e+03 -3.727151e+02 3.077485e-01
5.848964e+00 8.609748e+03 -2.613325e+02 1.891254e-01
2.835866e+00 9.779773e+03 3.924834e+00 9.748217e-02
1.382426e+00 9.690338e+03 -2.530875e+02 3.527858e-02
0.000000e+00 1.009424e+04 0.000000e+00 0.000000e+00
2.079520e+01 6.082978e+03 -2.532383e+03 8.571537e-01
1.890783e+01 6.013928e+03 -2.006052e+03 7.399081e-01
1.639887e+01 7.113298e+03 -1.354308e+03 5.967547e-01
1.325972e+01 7.191355e+03 -8.943594e+02 4.469133e-01
9.497439e+00 8.495015e+03 -3.682940e+02 3.077485e-01
5.796339e+00 8.621230e+03 -2.599979e+02 1.891254e-01
3.059166e+00 9.778681e+03 3.781807e+00 9.748217e-02
7.738718e-01 9.695032e+03 -2.566117e+02 3.527858e-02
0.000000e+00 1.009424e+04 0.000000e+00 0.000000e+00
1.574722e+01 6.093969e+03 -2.523243e+03 8.571537e-01
1.421266e+01 6.023356e+03 -1.995346e+03 7.399081e-01
1.237380e+01 7.125837e+03 -1.343876e+03 5.967547e-01
1.000239e+01 7.204850e+03 -8.861477e+02 4.469133e-01
7.118436e+00 8.505186e+03 -3.659044e+02 3.077485e-01
4.520418e+00 8.632331e+03 -2.580845e+02 1.891254e-01
2.181705e+00 9.778061e+03 1.346184e+00 9.748217e-02
9.198220e-01 9.701955e+03 -2.667574e+02 3.527858e-02
0.000000e+00 1.009424e+04 0.000000e+00 0.000000e+00
1.260329e+01 6.124144e+03 -2.513496e+03 8.571537e-01
1.115290e+01 6.016800e+03 -1.985673e+03 7.399081e-01
9.673517e+00 7.159220e+03 -1.334511e+03 5.967547e-01
7.818396e+00 7.199105e+03 -8.793051e+02 4.469133e-01
5.601426e+00 8.534119e+03 -3.624354e+02 3.077485e-01
3.516016e+00 8.624392e+03 -2.549546e+02 1.891254e-01
1.612319e+00 9.796111e+03 9.522462e-01 9.748217e-02
7.087749e-01 9.691480e+03 -2.569758e+02 3.527858e-02
0.000000e+00 1.009424e+04 0.000000e+00 0.000000e+00
0.000000e+00 6.145252e+03 -2.505785e+03 8.571537e-01
0.000000e+00 6.033886e+03 -1.977589e+03 7.399081e-01
0.000000e+00 7.185179e+03 -1.328888e+03 5.967547e-01
0.000000e+00 7.216448e+03 -8.746290e+02 4.469133e-01
0.000000e+00 8.556257e+03 -3.608987e+02 3.077485e-01
0.000000e+00 8.632593e+03 -2.536626e+02 1.891254e-01
0.000000e+00 9.808988e+03 1.186130e-01 9.748217e-02
0.000000e+00 9.688536e+03 -2.496833e+02 3.527858e-02
0.000000e+00 1.009424e+04 0.000000e+00 0.000000e+00
2.614808e+01 5.095958e+03 -3.222434e+03 8.571537e-01
2.417354e+01 6.103007e+03 -2.674824e+03 7.399081e-01
2.148551e+01 5.836560e+03 -2.141972e+03 5.967547e-01
1.790437e+01 6.984041e+03 -1.368768e+03 4.469133e-01
1.339837e+01 7.101092e+03 -8.249474e+02 3.077485e-01
8.636790e+00 8.702847e+03 -2.291139e+02 1.891254e-01
4.606820e+00 8.791383e+03 -1.456345e+02 9.748217e-02
1.538138e+00 9.999693e+03 3.128806e+02 3.527858e-02
0.000000e+00 1.009424e+04 0.000000e+00 0.000000e+00
2.982779e+01 5.103259e+03 -3.209476e+03 8.571537e-01
2.681555e+01 6.109319e+03 -2.662369e+03 7.399081e-01
2.375958e+01 5.849575e+03 -2.127695e+03 5.967547e-01
1.978891e+01 6.996696e+03 -1.357651e+03 4.469133e-01
1.477376e+01 7.119766e+03 -8.156830e+02 3.077485e-01
9.563509e+00 8.711796e+03 -2.261778e+02 1.891254e-01
5.129827e+00 8.801263e+03 -1.425208e+02 9.748217e-02
1.793103e+00 1.000305e+04 3.118362e+02 3.527858e-02
0.000000e+00 1.009424e+04 0.000000e+00 0.000000e+00
2.299258e+01 5.104792e+03 -3.199574e+03 8.571537e-01
2.144485e+01 6.120253e+03 -2.651059e+03 7.399081e-01
1.890030e+01 5.857159e+03 -2.114171e+03 5.967547e-01
1.552834e+01 7.012765e+03 -1.346938e+03 4.469133e-01
1.152122e+01 7.132792e+03 -8.062972e+02 3.077485e-01
7.252441e+00 8.724405e+03 -2.242920e+02 1.891254e-01
3.861893e+00 8.806779e+03 -1.380509e+02 9.748217e-02
1.306328e+00 1.000741e+04 3.106504e+02 3.527858e-02
0.000000e+00 1.009424e+04 0.000000e+00 0.000000e+00
2.489037e+01 5.115024e+03 -3.192056e+03 8.571537e-01
2.309352e+01 6.122369e+03 -2.640571e+03 7.399081e-01
2.075521e+01 5.871019e+03 -2.102596e+03 5.967547e-01
1.749474e+01 7.020893e+03 -1.335867e+03 4.469133e-01
1.329455e+01 7.148877e+03 -7.985341e+02 3.077485e-01
8.734973e+00 8.732994e+03 -2.214831e+02 1.891254e-01
4.722932e+00 8.813345e+03 -1.346191e+02 9.748217e-02
1.758096e+00 1.000954e+04 3.125920e+02 3.527858e-02
0.000000e+00 1.009424e+04 0.000000e+00 0.000000e+00
2.142292e+01 5.117499e+03 -3.183198e+03 8.571537e-01
1.975580e+01 6.131417e+03 -2.629459e+03 7.399081e-01
1.736074e+01 5.876913e+03 -2.092690e+03 5.967547e-01
1.423003e+01 7.036802e+03 -1.324536e+03 4.469133e-01
1.052061e+01 7.158523e+03 -7.925660e+02 3.077485e-01
6.714396e+00 8.746870e+03 -2.170122e+02 1.891254e-01
3.653133e+00 8.814395e+03 -1.344552e+02 9.748217e-02
9.098268e-01 1.001738e+04 3.074096e+02 3.527858e-02
0.000000e+00 1.009424e+04 0.000000e+00 0.000000e+00
1.884293e+01 5.121930e+03 -3.177701e+03 8.571537e-01
1.788132e+01 6.133906e+03 -2.621377e+03 7.399081e-01
1.633039e+01 5.889237e+03 -2.082221e+03 5.967547e-01
1.394542e+01 7.043723e+03 -1.315139e+03 4.469133e-01
1.043402e+01 7.177165e+03 -7.863535e+02 3.077485e-01
6.713966e+00 8.751490e+03 -2.142696e+02 1.891254e-01
3.423914e+00 8.824513e+03 -1.333699e+02 9.748217e-02
1.451267e+00 1.001562e+04 3.099955e+02 3.527858e-02
0.000000e+00 1.009424e+04 0.000000e+00 0.000000e+00
1.620233e+01 5.125958e+03 -3.169361e+03 8.571537e-01
1.497234e+01 6.142268e+03 -2.612348e+03 7.399081e-01
1.348464e+01 5.898548e+03 -2.071390e+03 5.967547e-01
1.130744e+01 7.055585e+03 -1.306014e+03 4.469133e-01
8.752638e+00 7.192672e+03 -7.786874e+02 3.077485e-01
5.730055e+00 8.759427e+03 -2.121286e+02 1.891254e-01
3.267260e+00 8.835390e+03 -1.288526e+02 9.748217e-02
1.081038e+00 1.001430e+04 3.181786e+02 3.527858e-02
0.000000e+00 1.009424e+04 0.000000e+00 0.000000e+00
9.959145e+00 5.112848e+03 -3.163315e+03 8.571537e-01
9.592136e+00 6.171284e+03 -2.604435e+03 7.399081e-01
9.218777e+00 5.887657e+03 -2.062783e+03 5.967547e-01
8.203165e+00 7.089188e+03 -1.297502e+03 4.469133e-01
6.302414e+00 7.186141e+03 -7.722261e+02 3.077485e-01
3.913331e+00 8.786634e+03 -2.112721e+02 1.891254e-01
2.037570e+00 8.826001e+03 -1.269030e+02 9.748217e-02
4.410039e-01 1.002938e+04 3.076799e+02 3.527858e-02
0.000000e+00 1.009424e+04 0.000000e+00 0.000000e+00
0.000000e+00 5.124960e+03 -3.159109e+03 8.571537e-01
0.000000e+00 6.193377e+03 -2.599961e+03 7.399081e-01
0.000000e+00 5.902521e+03 -2.056432e+03 5.967547e-01
0.000000e+00 7.114158e+03 -1.292669e+03 4.469133e-01
0.000000e+00 7.200021e+03 -7.686218e+02 3.077485e-01
0.000000e+00 8.805519e+03 -2.117087e+02 1.891254e-01
0.000000e+00 8.828183e+03 -1.270566e+02 9.748217e-02
0.000000e+00 1.003820e+04 2.988467e+02 3.527858e-02
0.000000e+00 1.009424e+04 0.000000e+00 0.000000e+00
2.530876e+01 5.536188e+03 -3.642628e+03 8.571537e-01
2.379969e+01 5.084512e+03 -3.327185e+03 7.399081e-01
2.161423e+01 5.991897e+03 -2.775646e+03 5.967547e-01
1.852475e+01 5.543776e+03 -2.226617e+03 4.469133e-01
1.461793e+01 6.810480e+03 -1.329306e+03 3.077485e-01
9.849028e+00 7.062545e+03 -6.665472e+02 1.891254e-01
5.236297e+00 9.181595e+03 -1.372494e+02 9.748217e-02
2.103771e+00 9.207454e+03 -4.652501e+02 3.527858e-02
0.000000e+00 1.009424e+04 0.000000e+00 0.000000e+00
2.858326e+01 5.536419e+03 -3.635702e+03 8.571537e-01
2.633296e+01 5.090545e+03 -3.317997e+03 7.399081e-01
2.374226e+01 5.995993e+03 -2.766666e+03 5.967547e-01
2.029519e+01 5.554842e+03 -2.214486e+03 4.469133e-01
1.591745e+01 6.821001e+03 -1.319335e+03 3.077485e-01
1.079485e+01 7.081962e+03 -6.572183e+02 1.891254e-01
5.941461e+00 9.189014e+03 -1.354384e+02 9.748217e-02
2.507033e+00 9.211305e+03 -4.602333e+02 3.527858e-02
0.000000e+00 1.009424e+04 0.000000e+00 0.000000e+00
2.247342e+01 5.543937e+03 -3.630374e+03 8.571537e-01
2.106322e+01 5.091717e+03 -3.309938e+03 7.399081e-01
1.894552e+01 6.005176e+03 -2.757719e+03 5.967547e-01
1.622212e+01 5.561397e+03 -2.202270e+03 4.469133e-01
1.274500e+01 6.836279e+03 -1.309978e+03 3.077485e-01
8.426611e+00 7.095709e+03 -6.492040e+02 1.891254e-01
4.226899e+00 9.199560e+03 -1.365025e+02 9.748217e-02
1.544219e+00 9.211931e+03 -4.571844e+02 3.527858e-02
0.000000e+00 1.009424e+04 0.000000e+00 0.000000e+00
2.381952e+01 5.542445e+03 -3.626148e+03 8.571537e-01
2.245692e+01 5.100556e+03 -3.303566e+03 7.399081e-01
2.052637e+01 6.005967e+03 -2.749525e+03 5.967547e-01
1.748891e+01 5.573403e+03 -2.192547e+03 4.469133e-01
1.375574e+01 6.844982e+03 -1.299611e+03 3.077485e-01
9.417267e+00 7.111648e+03 -6.434723e+02 1.891254e-01
5.173452e+00 9.207009e+03 -1.383860e+02 9.748217e-02
2.041372e+00 9.213353e+03 -4.599053e+02 3.527858e-02
0.000000e+00 1.009424e+04 0.000000e+00 0.000000e+00
2.065605e+01 5.546783e+03 -3.620510e+03 8.571537e-01
1.927468e+01 5.099809e+03 -3.298245e+03 7.399081e-01
1.747037e+01 6.014213e+03 -2.741387e+03 5.967547e-01
1.514940e+01 5.576383e+03 -2.184422e+03 4.469133e-01
1.197750e+01 6.860501e+03 -1.288460e+03 3.077485e-01
8.080478e+00 7.121029e+03 -6.373855e+02 1.891254e-01
4.192067e+00 9.220166e+03 -1.354851e+02 9.748217e-02
1.944489e+00 9.211583e+03 -4.539390e+02 3.527858e-02
0.000000e+00 1.009424e+04 0.000000e+00 0.000000e+00
1.740479e+01 5.546156e+03 -3.620212e+03 8.571537e-01
1.719259e+01 5.106194e+03 -3.293374e+03 7.399081e-01
1.616181e+01 6.015720e+03 -2.734400e+03 5.967547e-01
1.407118e+01 5.589667e+03 -2.174751e+03 4.469133e-01
1.122246e+01 6.866985e+03 -1.279392e+03 3.077485e-01
7.445863e+00 7.140940e+03 -6.325742e+02 1.891254e-01
3.955728e+00 9.224185e+03 -1.356161e+02 9.748217e-02
1.258077e+00 9.219062e+03 -4.564797e+02 3.527858e-02
0.000000e+00 1.009424e+04 0.000000e+00 0.000000e+00
1.537514e+01 5.548223e+03 -3.615409e+03 8.571537e-01
1.457246e+01 5.108478e+03 -3.287540e+03 7.399081e-01
1.353797e+01 6.021881e+03 -2.727137e+03 5.967547e-01
1.216057e+01 5.599038e+03 -2.164945e+03 4.469133e-01
9.841623e+00 6.876839e+03 -1.270835e+03 3.077485e-01
7.027030e+00 7.157757e+03 -6.255639e+02 1.891254e-01
3.861028e+00 9.228755e+03 -1.368420e+02 9.748217e-02
1.724517e+00 9.224555e+03 -4.608751e+02 3.527858e-02
0.000000e+00 1.009424e+04 0.000000e+00 0.000000e+00
7.852760e+00 5.572529e+03 -3.613741e+03 8.571537e-01
8.358092e+00 5.091224e+03 -3.284958e+03 7.399081e-01
8.409009e+00 6.050985e+03 -2.721188e+03 5.967547e-01
8.012819e+00 5.584667e+03 -2.157270e+03 4.469133e-01
6.805959e+00 6.909634e+03 -1.262713e+03 3.077485e-01
4.733294e+00 7.150930e+03 -6.180859e+02 1.891254e-01
2.380176e+00 9.252895e+03 -1.364812e+02 9.748217e-02
1.157632e+00 9.213735e+03 -4.488431e+02 3.527858e-02
0.000000e+00 1.009424e+04 0.000000e+00 0.000000e+00
0.000000e+00 5.591806e+03 -3.615946e+03 8.571537e-01
0.000000e+00 5.102863e+03 -3.282886e+03 7.399081e-01
0.000000e+00 6.072479e+03 -2.718199e+03 5.967547e-01
0.000000e+00 5.595738e+03 -2.151911e+03 4.469133e-01
0.000000e+00 6.932916e+03 -1.257926e+03 3.077485e-01
0.000000e+00 7.161609e+03 -6.144388e+02 1.891254e-01
0.000000e+00 9.268890e+03 -1.371580e+02 9.748217e-02
0.000000e+00 9.212039e+03 -4.413654e+02 3.527858e-02
0.000000e+00 1.009424e+04 0.000000e+00 0.000000e+00
2.490662e+01 4.689127e+03 -4.001976e+03 8.571537e-01
2.360226e+01 5.581039e+03 -3.707782e+03 7.399081e-01
2.149149e+01 4.903174e+03 -3.410962e+03 5.967547e-01
1.859757e+01 5.754251e+03 -2.926463e+03 4.469133e-01
1.502363e+01 5.138175e+03 -2.453808e+03 3.077485e-01
1.093194e+01 6.507844e+03 -1.466125e+03 1.891254e-01
6.190708e+00 6.815562e+03 -3.961261e+02 9.748217e-02
1.904411e+00 9.803438e+03 5.856749e+02 3.527858e-02
0.000000e+00 1.009424e+04 0.000000e+00 0.000000e+00
2.743631e+01 4.692174e+03 -3.998066e+03 8.571537e-01
2.545522e+01 5.580421e+03 -3.704076e+03 7.399081e-01
2.302326e+01 4.907130e+03 -3.406390e+03 5.967547e-01
1.964653e+01 5.754942e+03 -2.921526e+03 4.469133e-01
1.595698e+01 5.146713e+03 -2.443066e+03 3.077485e-01
1.168987e+01 6.514809e+03 -1.455553e+03 1.891254e-01
6.815143e+00 6.833152e+03 -3.859517e+02 9.748217e-02
2.232772e+00 9.809080e+03 5.844835e+02 3.527858e-02
0.000000e+00 1.009424e+04 0.000000e+00 0.000000e+00
2.269285e+01 4.691043e+03 -3.994638e+03 8.571537e-01
2.113429e+01 5.586291e+03 -3.700853e+03 7.399081e-01
1.908732e+01 4.906810e+03 -3.400735e+03 5.967547e-01
1.671205e+01 5.761789e+03 -2.915736e+03 4.469133e-01
1.343549e+01 5.150541e+03 -2.433220e+03 3.077485e-01
9.547379e+00 6.527206e+03 -1.446533e+03 1.891254e-01
5.319107e+00 6.846233e+03 -3.774384e+02 9.748217e-02
1.460757e+00 9.818604e+03 5.810770e+02 3.527858e-02
0.000000e+00 1.009424e+04 0.000000e+00 0.000000e+00
2.232333e+01 4.697054e+03 -3.992894e+03 8.571537e-01
2.142894e+01 5.583180e+03 -3.698295e+03 7.399081e-01
1.956466e+01 4.913788e+03 -3.397448e+03 5.967547e-01
1.662924e+01 5.761415e+03 -2.910271e+03 4.469133e-01
1.336298e+01 5.159550e+03 -2.425583e+03 3.077485e-01
9.883452e+00 6.534469e+03 -1.436094e+03 1.891254e-01
5.778327e+00 6.861403e+03 -3.697260e+02 9.748217e-02
1.969523e+00 9.827725e+03 5.819882e+02 3.527858e-02
0.000000e+00 1.009424e+04 0.000000e+00 0.000000e+00
2.014524e+01 4.691960e+03 -3.992505e+03 8.571537e-01
1.916668e+01 5.587495e+03 -3.696444e+03 7.399081e-01
1.745313e+01 4.910507e+03 -3.396366e+03 5.967547e-01
1.535351e+01 5.768406e+03 -2.905005e+03 4.469133e-01
1.258636e+01 5.158908e+03 -2.418856e+03 3.077485e-01
9.042103e+00 6.547203e+03 -1.425087e+03 1.891254e-01
5.174161e+00 6.869184e+03 -3.616245e+02 9.748217e-02
1.425665e+00 9.837849e+03 5.805561e+02 3.527858e-02
0.000000e+00 1.009424e+04 0.000000e+00 0.000000e+00
1.670024e+01 4.695989e+03 -3.993072e+03 8.571537e-01
1.659795e+01 5.586562e+03 -3.696053e+03 7.399081e-01
1.564678e+01 4.916845e+03 -3.392807e+03 5.967547e-01
1.379804e+01 5.766954e+03 -2.899883e+03 4.469133e-01
1.136094e+01 5.170593e+03 -2.410413e+03 3.077485e-01
8.679937e+00 6.551568e+03 -1.414478e+03 1.891254e-01
4.994951e+00 6.889032e+03 -3.540073e+02 9.748217e-02
1.771890e+00 9.839750e+03 5.830736e+02 3.527858e-02
0.000000e+00 1.009424e+04 0.000000e+00 0.000000e+00
1.401339e+01 4.694503e+03 -3.992774e+03 8.571537e-01
1.373309e+01 5.588339e+03 -3.694509e+03 7.399081e-01
1.316301e+01 4.918229e+03 -3.389170e+03 5.967547e-01
1.205251e+01 5.769676e+03 -2.895230e+03 4.469133e-01
1.030747e+01 5.178948e+03 -2.401669e+03 3.077485e-01
7.538962e+00 6.557705e+03 -1.405122e+03 1.891254e-01
4.396972e+00 6.905433e+03 -3.452942e+02 9.748217e-02
1.278798e+00 9.844214e+03 5.869887e+02 3.527858e-02
0.000000e+00 1.009424e+04 0.000000e+00 0.000000e+00
6.727916e+00 4.673039e+03 -3.996854e+03 8.571537e-01
7.555541e+00 5.614629e+03 -3.695398e+03 7.399081e-01
7.673067e+00 4.897388e+03 -3.389229e+03 5.967547e-01
7.216466e+00 5.797630e+03 -2.892027e+03 4.469133e-01
6.608247e+00 5.160047e+03 -2.395238e+03 3.077485e-01
5.389198e+00 6.587045e+03 -1.398154e+03 1.891254e-01
3.277860e+00 6.898087e+03 -3.378250e+02 9.748217e-02
6.813913e-01 9.863148e+03 5.770519e+02 3.527858e-02
0.000000e+00 1.009424e+04 0.000000e+00 0.000000e+00
0.000000e+00 4.682745e+03 -3.999488e+03 8.571537e-01
0.000000e+00 5.634708e+03 -3.696740e+03 7.399081e-01
0.000000e+00 4.905829e+03 -3.389403e+03 5.967547e-01
0.000000e+00 5.816572e+03 -2.890802e+03 4.469133e-01
0.000000e+00 5.165638e+03 -2.390039e+03 3.077485e-01
0.000000e+00 6.607669e+03 -1.392139e+03 1.891254e-01
0.000000e+00 6.906178e+03 -3.328377e+02 9.748217e-02
0.000000e+00 9.874431e+03 5.697085e+02 3.527858e-02
0.000000e+00 1.009424e+04 0.000000e+00 0.000000e+00
2.497026e+01 5.399537e+03 -4.106000e+03 8.571537e-01
2.362358e+01 4.643660e+03 -3.937545e+03 7.399081e-01
2.152609e+01 5.493480e+03 -3.652627e+03 5.967547e-01
1.847367e+01 4.661580e+03 -3.456188e+03 4.469133e-01
1.489248e+01 5.563506e+03 -3.201606e+03 3.077485e-01
1.099076e+01 4.695833e+03 -3.015061e+03 1.891254e-01
7.178043e+00 6.054035e+03 -2.465940e+03 9.748217e-02
3.386373e+00 5.923482e+03 -1.505942e+03 3.527858e-02
0.000000e+00 1.009424e+04 0.000000e+00 0.000000e+00
2.646294e+01 5.396094e+03 -4.105209e+03 8.571537e-01
2.469344e+01 4.645806e+03 -3.935647e+03 7.399081e-01
2.230237e+01 5.491479e+03 -3.652720e+03 5.967547e-01
1.888944e+01 4.664283e+03 -3.454774e+03 4.469133e-01
1.529112e+01 5.561413e+03 -3.200041e+03 3.077485e-01
1.142293e+01 4.701003e+03 -3.010532e+03 1.891254e-01
7.519546e+00 6.055850e+03 -2.460772e+03 9.748217e-02
3.545596e+00 5.937509e+03 -1.499884e+03 3.527858e-02
0.000000e+00 1.009424e+04 0.000000e+00 0.000000e+00
2.345779e+01 5.401322e+03 -4.103238e+03 8.571537e-01
2.159406e+01 4.643686e+03 -3.933571e+03 7.399081e-01
1.954551e+01 5.496372e+03 -3.650928e+03 5.967547e-01
1.695712e+01 4.662193e+03 -3.452278e+03 4.469133e-01
1.362086e+01 5.565713e+03 -3.198677e+03 3.077485e-01
9.907789e+00 4.701121e+03 -3.006560e+03 1.891254e-01
6.424729e+00 6.063486e+03 -2.455675e+03 9.748217e-02
3.077613e+00 5.947492e+03 -1.492644e+03 3.527858e-02
0.000000e+00 1.009424e+04 0.000000e+00 0.000000e+00
2.113248e+01 5.397496e+03 -4.102931e+03 8.571537e-01
2.037738e+01 4.649229e+03 -3.933116e+03 7.399081e-01
1.868772e+01 5.492829e+03 -3.649916e+03 5.967547e-01
1.570525e+01 4.667064e+03 -3.452160e+03 4.469133e-01
1.261422e+01 5.563329e+03 -3.197187e+03 3.077485e-01
9.459840e+00 4.706188e+03 -3.003333e+03 1.891254e-01
6.408002e+00 6.067672e+03 -2.448259e+03 9.748217e-02
3.194880e+00 5.957403e+03 -1.483989e+03 3.527858e-02
0.000000e+00 1.009424e+04 0.000000e+00 0.000000e+00
2.021042e+01 5.400468e+03 -4.105067e+03 8.571537e-01
1.927762e+01 4.643233e+03 -3.934828e+03 7.399081e-01
1.758935e+01 5.497356e+03 -3.650791e+03 5.967547e-01
1.531986e+01 4.661415e+03 -3.453469e+03 4.469133e-01
1.241078e+01 5.568882e+03 -3.195926e+03 3.077485e-01
9.125328e+00 4.702286e+03 -3.001427e+03 1.891254e-01
5.799209e+00 6.076051e+03 -2.443484e+03 9.748217e-02
2.658473e+00 5.963248e+03 -1.478068e+03 3.527858e-02
0.000000e+00 1.009424e+04 0.000000e+00 0.000000e+00
1.625180e+01 5.399079e+03 -4.106904e+03 8.571537e-01
1.643394e+01 4.647658e+03 -3.935410e+03 7.399081e-01
1.537917e+01 5.494821e+03 -3.650710e+03 5.967547e-01
1.339110e+01 4.667424e+03 -3.451604e+03 4.469133e-01
1.129477e+01 5.564843e+03 -3.193423e+03 3.077485e-01
8.772485e+00 4.711073e+03 -2.997786e+03 1.891254e-01
6.154330e+00 6.074080e+03 -2.437868e+03 9.748217e-02
3.017750e+00 5.979085e+03 -1.474836e+03 3.527858e-02
0.000000e+00 1.009424e+04 0.000000e+00 0.000000e+00
1.301090e+01 5.398588e+03 -4.108746e+03 8.571537e-01
1.301548e+01 4.646660e+03 -3.936436e+03 7.399081e-01
1.266282e+01 5.495640e+03 -3.650301e+03 5.967547e-01
1.175810e+01 4.668858e+03 -3.450300e+03 4.469133e-01
9.816957e+00 5.563393e+03 -3.191902e+03 3.077485e-01
7.406149e+00 4.716495e+03 -2.994504e+03 1.891254e-01
4.798787e+00 6.074908e+03 -2.432587e+03 9.748217e-02
2.241165e+00 5.990519e+03 -1.471285e+03 3.527858e-02
0.000000e+00 1.009424e+04 0.000000e+00 0.000000e+00
6.399865e+00 5.424795e+03 -4.114478e+03 8.571537e-01
7.233617e+00 4.623275e+03 -3.940998e+03 7.399081e-01
7.129746e+00 5.522679e+03 -3.652759e+03 5.967547e-01
6.575170e+00 4.643748e+03 -3.452181e+03 4.469133e-01
5.989696e+00 5.590169e+03 -3.192839e+03 3.077485e-01
5.341980e+00 4.693837e+03 -2.992608e+03 1.891254e-01
4.248630e+00 6.099819e+03 -2.429609e+03 9.748217e-02
2.525944e+00 5.985822e+03 -1.461742e+03 3.527858e-02
0.000000e+00 1.009424e+04 0.000000e+00 0.000000e+00
0.000000e+00 5.445158e+03 -4.118809e+03 8.571537e-01
0.000000e+00 4.631437e+03 -3.943205e+03 7.399081e-01
0.000000e+00 5.541256e+03 -3.655723e+03 5.967547e-01
0.000000e+00 4.647489e+03 -3.453563e+03 4.469133e-01
0.000000e+00 5.607291e+03 -3.192857e+03 3.077485e-01
0.000000e+00 4.693610e+03 -2.989219e+03 1.891254e-01
0.000000e+00 6.114605e+03 -2.424361e+03 9.748217e-02
0.000000e+00 5.992183e+03 -1.451737e+03 3.527858e-02
0.000000e+00 1.009424e+04 0.000000e+00 0.000000e+00
2.527815e+01 4.537927e+03 -4.115748e+03 8.571537e-01
2.391065e+01 5.354010e+03 -3.928162e+03 7.399081e-01
2.175089e+01 4.504199e+03 -3.667044e+03 5.967547e-01
1.868175e+01 5.390770e+03 -3.439163e+03 4.469133e-01
1.500414e+01 4.467080e+03 -3.223364e+03 3.077485e-01
1.106769e+01 5.400226e+03 -3.010678e+03 1.891254e-01
7.155682e+00 3.990574e+03 -2.566294e+03 9.748217e-02
3.442805e+00 4.254021e+03 -1.711100e+03 3.527858e-02
0.000000e+00 0.000000e+00 0.000000e+00 0.000000e+00
2.591766e+01 4.539865e+03 -4.115388e+03 8.571537e-01
2.422433e+01 5.350574e+03 -3.926765e+03 7.399081e-01
2.189448e+01 4.505125e+03 -3.666886e+03 5.967547e-01
1.858090e+01 5.387236e+03 -3.438395e+03 4.469133e-01
1.503248e+01 4.468565e+03 -3.221063e+03 3.077485e-01
1.134345e+01 5.394894e+03 -3.007042e+03 1.891254e-01
7.436144e+00 3.988950e+03 -2.560813e+03 9.748217e-02
3.687140e+00 4.240845e+03 -1.703069e+03 3.527858e-02
0.000000e+00 0.000000e+00 0.000000e+00 0.000000e+00
2.435559e+01 4.537518e+03 -4.112615e+03 8.571537e-01
2.231978e+01 5.354207e+03 -3.924622e+03 7.399081e-01
2.009597e+01 4.501133e+03 -3.664510e+03 5.967547e-01
1.742219e+01 5.390349e+03 -3.436453e+03 4.469133e-01
1.387114e+01 4.464299e+03 -3.219116e+03 3.077485e-01
1.007400e+01 5.395472e+03 -3.004053e+03 1.891254e-01
6.439331e+00 3.981394e+03 -2.555801e+03 9.748217e-02
3.099792e+00 4.231896e+03 -1.694829e+03 3.527858e-02
0.000000e+00 0.000000e+00 0.000000e+00 0.000000e+00
2.046176e+01 4.542913e+03 -4.111959e+03 8.571537e-01
1.980772e+01 5.349777e+03 -3.923824e+03 7.399081e-01
1.819077e+01 4.505415e+03 -3.663567e+03 5.967547e-01
1.538303e+01 5.386195e+03 -3.435815e+03 4.469133e-01
1.237014e+01 4.467254e+03 -3.218342e+03 3.077485e-01
9.315799e+00 5.390629e+03 -3.000965e+03 1.891254e-01
6.245212e+00 3.977219e+03 -2.550535e+03 9.748217e-02
3.134220e+00 4.221470e+03 -1.687691e+03 3.527858e-02
0.000000e+00 0.000000e+00 0.000000e+00 0.000000e+00
2.052996e+01 4.536701e+03 -4.115457e+03 8.571537e-01
1.963708e+01 5.354227e+03 -3.925563e+03 7.399081e-01
1.786186e+01 4.498911e+03 -3.665245e+03 5.967547e-01
1.553523e+01 5.391110e+03 -3.436016e+03 4.469133e-01
1.252095e+01 4.460700e+03 -3.218089e+03 3.077485e-01
9.150430e+00 5.394181e+03 -2.998653e+03 1.891254e-01
5.868534e+00 3.968526e+03 -2.546496e+03 9.748217e-02
2.777481e+00 4.216080e+03 -1.682630e+03 3.527858e-02
0.000000e+00 0.000000e+00 0.000000e+00 0.000000e+00
1.621923e+01 4.540324e+03 -4.116386e+03 8.571537e-01
1.649576e+01 5.351237e+03 -3.925864e+03 7.399081e-01
1.540117e+01 4.502673e+03 -3.664808e+03 5.967547e-01
1.348976e+01 5.385956e+03 -3.434178e+03 4.469133e-01
1.123489e+01 4.465170e+03 -3.215895e+03 3.077485e-01
8.825558e+00 5.385666e+03 -2.994457e+03 1.891254e-01
6.089316e+00 3.971669e+03 -2.540944e+03 9.748217e-02
3.214288e+00 4.201513e+03 -1.673697e+03 3.527858e-02
0.000000e+00 0.000000e+00 0.000000e+00 0.000000e+00
1.243694e+01 4.538133e+03 -4.119547e+03 8.571537e-01
1.273385e+01 5.351380e+03 -3.926821e+03 7.399081e-01
1.243614e+01 4.501432e+03 -3.664507e+03 5.967547e-01
1.157827e+01 5.384250e+03 -3.433121e+03 4.469133e-01
9.738396e+00 4.466253e+03 -3.214267e+03 3.077485e-01
7.311053e+00 5.380417e+03 -2.990983e+03 1.891254e-01
4.707572e+00 3.970833e+03 -2.537527e+03 9.748217e-02
2.112351e+00 4.190034e+03 -1.667492e+03 3.527858e-02
0.000000e+00 0.000000e+00 0.000000e+00 0.000000e+00
6.612785e+00 4.514413e+03 -4.126241e+03 8.571537e-01
7.247055e+00 5.379207e+03 -3.931278e+03 7.399081e-01
7.161187e+00 4.476553e+03 -3.667608e+03 5.967547e-01
6.537557e+00 5.412249e+03 -3.434861e+03 4.469133e-01
6.006718e+00 4.439329e+03 -3.214801e+03 3.077485e-01
5.308702e+00 5.404965e+03 -2.990609e+03 1.891254e-01
4.199625e+00 3.944096e+03 -2.535289e+03 9.748217e-02
2.535436e+00 4.195189e+03 -1.663622e+03 3.527858e-02
0.000000e+00 0.000000e+00 0.000000e+00 0.000000e+00
0.000000e+00 4.522874e+03 -4.129574e+03 8.571537e-01
0.000000e+00 5.398602e+03 -3.933610e+03 7.399081e-01
0.000000e+00 4.482407e+03 -3.670422e+03 5.967547e-01
0.000000e+00 5.429818e+03 -3.436525e+03 4.469133e-01
0.000000e+00 4.438270e+03 -3.214405e+03 3.077485e-01
0.000000e+00 5.417229e+03 -2.988659e+03 1.891254e-01
0.000000e+00 3.935239e+03 -2.529736e+03 9.748217e-02
0.000000e+00 4.191906e+03 -1.655843e+03 3.527858e-02
0.000000e+00 0.000000e+00 0.000000e+00 0.000000e+00
