0 729 0.00000e+00
  1     729
-1.977363e+01 -2.045046e+03 0.000000e+00 1.000000e+00
-2.132517e+01 -1.766471e+03 -2.515652e+02 1.000000e+00
-2.420092e+01 -2.077768e+03 -4.932197e+02 1.000000e+00
-2.836624e+01 -1.710683e+03 -7.497778e+02 1.000000e+00
-3.264760e+01 -1.931694e+03 -9.908565e+02 1.000000e+00
-3.684217e+01 -1.462649e+03 -1.267603e+03 1.000000e+00
-3.950278e+01 -1.591807e+03 -1.503220e+03 1.000000e+00
-4.062108e+01 -1.037341e+03 -1.797222e+03 1.000000e+00
-4.009749e+01 -1.089461e+03 -2.007022e+03 1.000000e+00
-1.826561e+01 -2.050682e+03 0.000000e+00 1.000000e+00
-2.003697e+01 -1.774209e+03 -2.538225e+02 1.000000e+00
-2.389454e+01 -2.083352e+03 -4.981929e+02 1.000000e+00
-2.894062e+01 -1.716668e+03 -7.559913e+02 1.000000e+00
-3.249475e+01 -1.935124e+03 -9.980913e+02 1.000000e+00
-3.557847e+01 -1.465400e+03 -1.276848e+03 1.000000e+00
-3.815514e+01 -1.593565e+03 -1.513520e+03 1.000000e+00
-3.948343e+01 -1.036262e+03 -1.807548e+03 1.000000e+00
-3.876585e+01 -1.087854e+03 -2.017514e+03 1.000000e+00
-2.015839e+01 -2.056407e+03 0.000000e+00 1.000000e+00
-2.149319e+01 -1.781314e+03 -2.560821e+02 1.000000e+00
-2.263825e+01 -2.088738e+03 -5.022377e+02 1.000000e+00
-2.542552e+01 -1.723152e+03 -7.622951e+02 1.000000e+00
-3.060301e+01 -1.938485e+03 -1.005726e+03 1.000000e+00
-3.483652e+01 -1.468673e+03 -1.285638e+03 1.000000e+00
-3.568667e+01 -1.594587e+03 -1.523227e+03 1.000000e+00
-3.584722e+01 -1.036532e+03 -1.817276e+03 1.000000e+00
-3.579385e+01 -1.086203e+03 -2.028098e+03 1.000000e+00
-1.508411e+01 -2.063921e+03 0.000000e+00 1.000000e+00
-1.659657e+01 -1.787151e+03 -2.581570e+02 1.000000e+00
-2.080035e+01 -2.095821e+03 -5.064449e+02 1.000000e+00
-2.529442e+01 -1.728592e+03 -7.677209e+02 1.000000e+00
-2.846708e+01 -1.943095e+03 -1.013575e+03 1.000000e+00
-3.085443e+01 -1.471926e+03 -1.293390e+03 1.000000e+00
-3.110042e+01 -1.596266e+03 -1.531998e+03 1.000000e+00
-3.282587e+01 -1.037588e+03 -1.827242e+03 1.000000e+00
-3.330360e+01 -1.084810e+03 -2.037714e+03 1.000000e+00
-1.409288e+01 -2.069782e+03 0.000000e+00 1.000000e+00
-1.562992e+01 -1.795384e+03 -2.600328e+02 1.000000e+00
-1.758023e+01 -2.102079e+03 -5.108021e+02 1.000000e+00
-2.140078e+01 -1.735056e+03 -7.730532e+02 1.000000e+00
-2.386675e+01 -1.947588e+03 -1.019119e+03 1.000000e+00
-2.597773e+01 -1.476110e+03 -1.301406e+03 1.000000e+00
-2.809879e+01 -1.598996e+03 -1.540134e+03 1.000000e+00
-2.770597e+01 -1.038779e+03 -1.835695e+03 1.000000e+00
-2.655430e+01 -1.084913e+03 -2.046010e+03 1.000000e+00
-1.097481e+01 -2.073093e+03 0.000000e+00 1.000000e+00
-1.266335e+01 -1.806611e+03 -2.620169e+02 1.000000e+00
-1.475996e+01 -2.105218e+03 -5.136100e+02 1.000000e+00
-1.624386e+01 -1.745726e+03 -7.775655e+02 1.000000e+00
-2.039706e+01 -1.948779e+03 -1.025049e+03 1.000000e+00
-2.229917e+01 -1.485006e+03 -1.307128e+03 1.000000e+00
-2.099257e+01 -1.597519e+03 -1.547591e+03 1.000000e+00
-2.215767e+01 -1.046049e+03 -1.841974e+03 1.000000e+00
-2.306530e+01 -1.080302e+03 -2.054609e+03 1.000000e+00
-6.465258e+00 -2.096227e+03 0.000000e+00 1.000000e+00
-8.176044e+00 -1.799594e+03 -2.639468e+02 1.000000e+00
-1.031510e+01 -2.127740e+03 -5.158704e+02 1.000000e+00
-1.342913e+01 -1.738102e+03 -7.812085e+02 1.000000e+00
-1.388290e+01 -1.969148e+03 -1.029037e+03 1.000000e+00
-1.488290e+01 -1.476653e+03 -1.312360e+03 1.000000e+00
-1.577419e+01 -1.615190e+03 -1.551849e+03 1.000000e+00
-1.592474e+01 -1.036268e+03 -1.849169e+03 1.000000e+00
-1.509685e+01 -1.093716e+03 -2.058912e+03 1.000000e+00
-2.958097e+00 -2.072125e+03 0.000000e+00 1.000000e+00
-4.282138e+00 -1.841096e+03 -2.654169e+02 1.000000e+00
-7.089015e+00 -2.103560e+03 -5.181110e+02 1.000000e+00
-7.713079e+00 -1.777783e+03 -7.830739e+02 1.000000e+00
-8.778970e+00 -1.944474e+03 -1.031411e+03 1.000000e+00
-8.843722e+00 -1.514099e+03 -1.315474e+03 1.000000e+00
-8.619624e+00 -1.590567e+03 -1.555640e+03 1.000000e+00
-8.662506e+00 -1.070786e+03 -1.852086e+03 1.000000e+00
-8.848189e+00 -1.066867e+03 -2.063347e+03 1.000000e+00
0.000000e+00 -2.031301e+03 0.000000e+00 1.000000e+00
0.000000e+00 -1.900438e+03 -2.660270e+02 1.000000e+00
0.000000e+00 -2.062796e+03 -5.193837e+02 1.000000e+00
0.000000e+00 -1.836068e+03 -7.826852e+02 1.000000e+00
0.000000e+00 -1.903480e+03 -1.033786e+03 1.000000e+00
0.000000e+00 -1.570142e+03 -1.314665e+03 1.000000e+00
0.000000e+00 -1.549405e+03 -1.558882e+03 1.000000e+00
0.000000e+00 -1.124136e+03 -1.850867e+03 1.000000e+00
0.000000e+00 -1.023943e+03 -2.067969e+03 1.000000e+00
-2.049642e+01 -1.705552e+03 0.000000e+00 1.000000e+00
-2.192754e+01 -2.049833e+03 -2.570902e+02 1.000000e+00
-2.454732e+01 -1.732552e+03 -5.143065e+02 1.000000e+00
-2.834834e+01 -1.985237e+03 -7.579536e+02 1.000000e+00
-3.239734e+01 -1.575632e+03 -1.028046e+03 1.000000e+00
-3.620214e+01 -1.726690e+03 -1.267068e+03 1.000000e+00
-3.866719e+01 -1.222816e+03 -1.552775e+03 1.000000e+00
-3.970789e+01 -1.294017e+03 -1.773893e+03 1.000000e+00
-3.894921e+01 -7.074824e+02 -2.066543e+03 1.000000e+00
-1.913742e+01 -1.713657e+03 0.000000e+00 1.000000e+00
-2.057276e+01 -2.055016e+03 -2.591062e+02 1.000000e+00
-2.427983e+01 -1.739731e+03 -5.195332e+02 1.000000e+00
-2.877732e+01 -1.989706e+03 -7.635995e+02 1.000000e+00
-3.197766e+01 -1.579156e+03 -1.035665e+03 1.000000e+00
-3.516387e+01 -1.729513e+03 -1.275825e+03 1.000000e+00
-3.723389e+01 -1.223140e+03 -1.562837e+03 1.000000e+00
-3.862994e+01 -1.294096e+03 -1.784186e+03 1.000000e+00
-3.757327e+01 -7.042238e+02 -2.076245e+03 1.000000e+00
-2.036160e+01 -1.720381e+03 0.000000e+00 1.000000e+00
-2.202178e+01 -2.060465e+03 -2.613451e+02 1.000000e+00
-2.272482e+01 -1.746562e+03 -5.234617e+02 1.000000e+00
-2.553952e+01 -1.994429e+03 -7.699971e+02 1.000000e+00
-3.052979e+01 -1.583794e+03 -1.042936e+03 1.000000e+00
-3.384094e+01 -1.731673e+03 -1.284479e+03 1.000000e+00
-3.515022e+01 -1.224958e+03 -1.572216e+03 1.000000e+00
-3.497447e+01 -1.293380e+03 -1.793731e+03 1.000000e+00
-3.526871e+01 -7.033871e+02 -2.086600e+03 1.000000e+00
-1.574673e+01 -1.725405e+03 0.000000e+00 1.000000e+00
-1.713720e+01 -2.068002e+03 -2.635310e+02 1.000000e+00
-2.099763e+01 -1.752049e+03 -5.273701e+02 1.000000e+00
-2.497087e+01 -2.000535e+03 -7.756925e+02 1.000000e+00
-2.770159e+01 -1.587871e+03 -1.050186e+03 1.000000e+00
-3.034171e+01 -1.734301e+03 -1.292383e+03 1.000000e+00
-3.029947e+01 -1.227278e+03 -1.580442e+03 1.000000e+00
-3.202618e+01 -1.292986e+03 -1.803614e+03 1.000000e+00
-3.211617e+01 -7.031106e+02 -2.095801e+03 1.000000e+00
-1.471395e+01 -1.733762e+03 0.000000e+00 1.000000e+00
-1.594950e+01 -2.073857e+03 -2.653036e+02 1.000000e+00
-1.785150e+01 -1.759923e+03 -5.318795e+02 1.000000e+00
-2.114039e+01 -2.005575e+03 -7.804167e+02 1.000000e+00
-2.379082e+01 -1.593015e+03 -1.056347e+03 1.000000e+00
-2.524752e+01 -1.737947e+03 -1.299379e+03 1.000000e+00
-2.780025e+01 -1.230021e+03 -1.589209e+03 1.000000e+00
-2.705697e+01 -1.293997e+03 -1.810763e+03 1.000000e+00
-2.619930e+01 -7.024540e+02 -2.104924e+03 1.000000e+00
-1.107096e+01 -1.744484e+03 0.000000e+00 1.000000e+00
-1.311604e+01 -2.077320e+03 -2.674314e+02 1.000000e+00
-1.449826e+01 -1.770642e+03 -5.343478e+02 1.000000e+00
-1.631326e+01 -2.008134e+03 -7.853182e+02 1.000000e+00
-1.964540e+01 -1.602272e+03 -1.061507e+03 1.000000e+00
-2.196502e+01 -1.738155e+03 -1.305818e+03 1.000000e+00
-2.003313e+01 -1.237548e+03 -1.595082e+03 1.000000e+00
-2.167052e+01 -1.291278e+03 -1.818841e+03 1.000000e+00
-2.223981e+01 -7.082883e+02 -2.110888e+03 1.000000e+00
-7.223750e+00 -1.737635e+03 0.000000e+00 1.000000e+00
-8.188304e+00 -2.099946e+03 -2.692575e+02 1.000000e+00
-1.072355e+01 -1.763553e+03 -5.368004e+02 1.000000e+00
-1.292725e+01 -2.029054e+03 -7.884557e+02 1.000000e+00
-1.416446e+01 -1.594466e+03 -1.066177e+03 1.000000e+00
-1.415804e+01 -1.756312e+03 -1.309775e+03 1.000000e+00
-1.617714e+01 -1.229002e+03 -1.600793e+03 1.000000e+00
-1.518462e+01 -1.306349e+03 -1.823785e+03 1.000000e+00
-1.493670e+01 -6.974571e+02 -2.117729e+03 1.000000e+00
-2.983010e+00 -1.779153e+03 0.000000e+00 1.000000e+00
-4.754806e+00 -2.076164e+03 -2.707726e+02 1.000000e+00
-6.637222e+00 -1.803755e+03 -5.387434e+02 1.000000e+00
-7.920908e+00 -2.004623e+03 -7.906776e+02 1.000000e+00
-8.122455e+00 -1.632744e+03 -1.068064e+03 1.000000e+00
-9.052357e+00 -1.731551e+03 -1.313355e+03 1.000000e+00
-8.341606e+00 -1.265560e+03 -1.604127e+03 1.000000e+00
-9.010205e+00 -1.280478e+03 -1.826973e+03 1.000000e+00
-8.530047e+00 -7.292198e+02 -2.121497e+03 1.000000e+00
0.000000e+00 -1.837460e+03 0.000000e+00 1.000000e+00
0.000000e+00 -2.036349e+03 -2.717180e+02 1.000000e+00
0.000000e+00 -1.861171e+03 -5.390925e+02 1.000000e+00
0.000000e+00 -1.964643e+03 -7.918958e+02 1.000000e+00
0.000000e+00 -1.688257e+03 -1.067971e+03 1.000000e+00
0.000000e+00 -1.691159e+03 -1.316039e+03 1.000000e+00
0.000000e+00 -1.319071e+03 -1.602774e+03 1.000000e+00
0.000000e+00 -1.239227e+03 -1.831645e+03 1.000000e+00
0.000000e+00 -7.790051e+02 -2.118581e+03 1.000000e+00
-2.118973e+01 -1.975524e+03 0.000000e+00 1.000000e+00
-2.253796e+01 -1.717354e+03 -2.686140e+02 1.000000e+00
-2.487868e+01 -1.995895e+03 -5.226194e+02 1.000000e+00
-2.834489e+01 -1.643773e+03 -7.880262e+02 1.000000e+00
-3.216214e+01 -1.828034e+03 -1.032134e+03 1.000000e+00
-3.552251e+01 -1.372681e+03 -1.311069e+03 1.000000e+00
-3.777260e+01 -1.465313e+03 -1.539193e+03 1.000000e+00
-3.859719e+01 -9.269050e+02 -1.828020e+03 1.000000e+00
-3.757803e+01 -9.452866e+02 -2.018502e+03 1.000000e+00
-1.985438e+01 -1.980088e+03 0.000000e+00 1.000000e+00
-2.126521e+01 -1.725312e+03 -2.707391e+02 1.000000e+00
-2.448309e+01 -2.000773e+03 -5.274666e+02 1.000000e+00
-2.846484e+01 -1.649079e+03 -7.938032e+02 1.000000e+00
-3.145084e+01 -1.831652e+03 -1.039453e+03 1.000000e+00
-3.431149e+01 -1.374247e+03 -1.319733e+03 1.000000e+00
-3.629334e+01 -1.467313e+03 -1.548906e+03 1.000000e+00
-3.730324e+01 -9.249364e+02 -1.837847e+03 1.000000e+00
-3.638879e+01 -9.440654e+02 -2.028226e+03 1.000000e+00
-2.063863e+01 -1.985066e+03 0.000000e+00 1.000000e+00
-2.225243e+01 -1.731980e+03 -2.730718e+02 1.000000e+00
-2.301393e+01 -2.006006e+03 -5.312134e+02 1.000000e+00
-2.561975e+01 -1.654718e+03 -8.001569e+02 1.000000e+00
-3.032007e+01 -1.834829e+03 -1.046533e+03 1.000000e+00
-3.315412e+01 -1.377104e+03 -1.328062e+03 1.000000e+00
-3.421302e+01 -1.467887e+03 -1.558021e+03 1.000000e+00
-3.419019e+01 -9.249127e+02 -1.847015e+03 1.000000e+00
-3.412974e+01 -9.417777e+02 -2.038257e+03 1.000000e+00
-1.655982e+01 -1.992696e+03 0.000000e+00 1.000000e+00
-1.763476e+01 -1.736860e+03 -2.752131e+02 1.000000e+00
-2.114087e+01 -2.013237e+03 -5.351923e+02 1.000000e+00
-2.449551e+01 -1.659612e+03 -8.054805e+02 1.000000e+00
-2.694389e+01 -1.838842e+03 -1.053850e+03 1.000000e+00
-2.939511e+01 -1.380314e+03 -1.335480e+03 1.000000e+00
-2.951310e+01 -1.468905e+03 -1.566106e+03 1.000000e+00
-3.092536e+01 -9.259454e+02 -1.856438e+03 1.000000e+00
-3.105936e+01 -9.399058e+02 -2.047103e+03 1.000000e+00
-1.494762e+01 -1.997823e+03 0.000000e+00 1.000000e+00
-1.657599e+01 -1.745330e+03 -2.771429e+02 1.000000e+00
-1.781067e+01 -2.018551e+03 -5.391965e+02 1.000000e+00
-2.109461e+01 -1.666005e+03 -8.105862e+02 1.000000e+00
-2.355346e+01 -1.842809e+03 -1.059294e+03 1.000000e+00
-2.482640e+01 -1.384183e+03 -1.342974e+03 1.000000e+00
-2.720557e+01 -1.471256e+03 -1.573713e+03 1.000000e+00
-2.637650e+01 -9.264474e+02 -1.864110e+03 1.000000e+00
-2.529777e+01 -9.398896e+02 -2.055015e+03 1.000000e+00
-1.181838e+01 -2.001480e+03 0.000000e+00 1.000000e+00
-1.290813e+01 -1.755569e+03 -2.791153e+02 1.000000e+00
-1.476424e+01 -2.021927e+03 -5.418816e+02 1.000000e+00
-1.589038e+01 -1.675712e+03 -8.150063e+02 1.000000e+00
-1.916978e+01 -1.844197e+03 -1.064856e+03 1.000000e+00
-2.095804e+01 -1.392083e+03 -1.348347e+03 1.000000e+00
-1.947374e+01 -1.470328e+03 -1.580526e+03 1.000000e+00
-2.072727e+01 -9.322917e+02 -1.870365e+03 1.000000e+00
-2.187907e+01 -9.358132e+02 -2.063093e+03 1.000000e+00
-7.207563e+00 -2.023696e+03 0.000000e+00 1.000000e+00
-8.993658e+00 -1.748852e+03 -2.810822e+02 1.000000e+00
-1.035870e+01 -2.043349e+03 -5.438793e+02 1.000000e+00
-1.312206e+01 -1.668526e+03 -8.187400e+02 1.000000e+00
-1.366717e+01 -1.862972e+03 -1.068389e+03 1.000000e+00
-1.423939e+01 -1.384160e+03 -1.353572e+03 1.000000e+00
-1.568632e+01 -1.486627e+03 -1.584245e+03 1.000000e+00
-1.512459e+01 -9.229011e+02 -1.877528e+03 1.000000e+00
-1.382475e+01 -9.484692e+02 -2.066709e+03 1.000000e+00
-3.888528e+00 -1.999971e+03 0.000000e+00 1.000000e+00
-4.396854e+00 -1.789448e+03 -2.823951e+02 1.000000e+00
-6.899766e+00 -2.019133e+03 -5.459793e+02 1.000000e+00
-7.286129e+00 -1.706989e+03 -8.205216e+02 1.000000e+00
-8.070479e+00 -1.838268e+03 -1.070842e+03 1.000000e+00
-8.583426e+00 -1.421117e+03 -1.356344e+03 1.000000e+00
-8.598772e+00 -1.461311e+03 -1.588537e+03 1.000000e+00
-8.667457e+00 -9.564473e+02 -1.879276e+03 1.000000e+00
-8.724149e+00 -9.212693e+02 -2.071875e+03 1.000000e+00
0.000000e+00 -1.961411e+03 0.000000e+00 1.000000e+00
0.000000e+00 -1.845994e+03 -2.826358e+02 1.000000e+00
0.000000e+00 -1.980284e+03 -5.476424e+02 1.000000e+00
0.000000e+00 -1.762266e+03 -8.196416e+02 1.000000e+00
0.000000e+00 -1.799023e+03 -1.073650e+03 1.000000e+00
0.000000e+00 -1.474579e+03 -1.355209e+03 1.000000e+00
0.000000e+00 -1.421499e+03 -1.592150e+03 1.000000e+00
0.000000e+00 -1.006976e+03 -1.877529e+03 1.000000e+00
0.000000e+00 -8.796834e+02 -2.077082e+03 1.000000e+00
-2.191498e+01 -1.653318e+03 0.000000e+00 1.000000e+00
-2.305389e+01 -1.968778e+03 -2.739428e+02 1.000000e+00
-2.514771e+01 -1.668478e+03 -5.448044e+02 1.000000e+00
-2.824655e+01 -1.884789e+03 -7.942307e+02 1.000000e+00
-3.180703e+01 -1.488875e+03 -1.070394e+03 1.000000e+00
-3.467271e+01 -1.602732e+03 -1.304389e+03 1.000000e+00
-3.663484e+01 -1.113136e+03 -1.588434e+03 1.000000e+00
-3.726630e+01 -1.149308e+03 -1.792755e+03 1.000000e+00
-3.585833e+01 -5.825611e+02 -2.075058e+03 1.000000e+00
-2.064955e+01 -1.661349e+03 0.000000e+00 1.000000e+00
-2.201101e+01 -1.973588e+03 -2.761145e+02 1.000000e+00
-2.468871e+01 -1.675110e+03 -5.492994e+02 1.000000e+00
-2.818464e+01 -1.888999e+03 -8.001078e+02 1.000000e+00
-3.101411e+01 -1.492030e+03 -1.077376e+03 1.000000e+00
-3.350389e+01 -1.605575e+03 -1.312963e+03 1.000000e+00
-3.528366e+01 -1.113057e+03 -1.597603e+03 1.000000e+00
-3.601804e+01 -1.149402e+03 -1.802359e+03 1.000000e+00
-3.488788e+01 -5.790141e+02 -2.084213e+03 1.000000e+00
-2.095532e+01 -1.668025e+03 0.000000e+00 1.000000e+00
-2.227635e+01 -1.978589e+03 -2.784428e+02 1.000000e+00
-2.316843e+01 -1.681276e+03 -5.529396e+02 1.000000e+00
-2.554911e+01 -1.893453e+03 -8.063646e+02 1.000000e+00
-2.973662e+01 -1.495765e+03 -1.084131e+03 1.000000e+00
-3.207857e+01 -1.607238e+03 -1.321155e+03 1.000000e+00
-3.295980e+01 -1.114418e+03 -1.606215e+03 1.000000e+00
-3.288124e+01 -1.148044e+03 -1.811174e+03 1.000000e+00
-3.272689e+01 -5.778965e+02 -2.093855e+03 1.000000e+00
-1.727843e+01 -1.672531e+03 0.000000e+00 1.000000e+00
-1.830773e+01 -1.986005e+03 -2.805506e+02 1.000000e+00
-2.128928e+01 -1.686197e+03 -5.568732e+02 1.000000e+00
-2.423935e+01 -1.899313e+03 -8.115293e+02 1.000000e+00
-2.639471e+01 -1.499500e+03 -1.091163e+03 1.000000e+00
-2.878077e+01 -1.609537e+03 -1.328391e+03 1.000000e+00
-2.886132e+01 -1.116705e+03 -1.613915e+03 1.000000e+00
-3.007138e+01 -1.147407e+03 -1.820161e+03 1.000000e+00
-2.972882e+01 -5.770917e+02 -2.102124e+03 1.000000e+00
-1.550183e+01 -1.680847e+03 0.000000e+00 1.000000e+00
-1.669660e+01 -1.991203e+03 -2.824615e+02 1.000000e+00
-1.789467e+01 -1.693828e+03 -5.607346e+02 1.000000e+00
-2.051016e+01 -1.903364e+03 -8.163479e+02 1.000000e+00
-2.315585e+01 -1.504614e+03 -1.096832e+03 1.000000e+00
-2.383100e+01 -1.612497e+03 -1.334971e+03 1.000000e+00
-2.606432e+01 -1.118697e+03 -1.621987e+03 1.000000e+00
-2.516333e+01 -1.148273e+03 -1.826592e+03 1.000000e+00
-2.423891e+01 -5.756404e+02 -2.110473e+03 1.000000e+00
-1.205704e+01 -1.690708e+03 0.000000e+00 1.000000e+00
-1.327729e+01 -1.994732e+03 -2.844494e+02 1.000000e+00
-1.465950e+01 -1.703609e+03 -5.632147e+02 1.000000e+00
-1.622368e+01 -1.906101e+03 -8.209606e+02 1.000000e+00
-1.841173e+01 -1.512674e+03 -1.101621e+03 1.000000e+00
-2.071991e+01 -1.613006e+03 -1.340957e+03 1.000000e+00
-1.892512e+01 -1.125000e+03 -1.627336e+03 1.000000e+00
-2.039545e+01 -1.145893e+03 -1.834254e+03 1.000000e+00
-2.095741e+01 -5.799093e+02 -2.116079e+03 1.000000e+00
-8.059037e+00 -1.684336e+03 0.000000e+00 1.000000e+00
-8.814230e+00 -2.015890e+03 -2.860068e+02 1.000000e+00
-1.070603e+01 -1.697210e+03 -5.658443e+02 1.000000e+00
-1.218617e+01 -1.925614e+03 -8.235489e+02 1.000000e+00
-1.353072e+01 -1.505057e+03 -1.106337e+03 1.000000e+00
-1.328450e+01 -1.630146e+03 -1.344366e+03 1.000000e+00
-1.536058e+01 -1.116695e+03 -1.633037e+03 1.000000e+00
-1.406056e+01 -1.159836e+03 -1.838430e+03 1.000000e+00
-1.332018e+01 -5.696544e+02 -2.123005e+03 1.000000e+00
-3.723756e+00 -1.724378e+03 0.000000e+00 1.000000e+00
-5.072385e+00 -1.992364e+03 -2.874323e+02 1.000000e+00
-6.248089e+00 -1.736126e+03 -5.673416e+02 1.000000e+00
-7.483341e+00 -1.900797e+03 -8.260046e+02 1.000000e+00
-7.543904e+00 -1.542275e+03 -1.107876e+03 1.000000e+00
-8.879665e+00 -1.605153e+03 -1.348226e+03 1.000000e+00
-8.242517e+00 -1.150978e+03 -1.635559e+03 1.000000e+00
-8.948298e+00 -1.133520e+03 -1.842358e+03 1.000000e+00
-7.933515e+00 -5.998853e+02 -2.124849e+03 1.000000e+00
0.000000e+00 -1.779310e+03 0.000000e+00 1.000000e+00
0.000000e+00 -1.955067e+03 -2.882934e+02 1.000000e+00
0.000000e+00 -1.790548e+03 -5.674669e+02 1.000000e+00
0.000000e+00 -1.862893e+03 -8.275158e+02 1.000000e+00
0.000000e+00 -1.595588e+03 -1.107322e+03 1.000000e+00
0.000000e+00 -1.566732e+03 -1.351621e+03 1.000000e+00
0.000000e+00 -1.201667e+03 -1.633135e+03 1.000000e+00
0.000000e+00 -1.093734e+03 -1.848359e+03 1.000000e+00
0.000000e+00 -6.461540e+02 -2.119941e+03 1.000000e+00
-2.258392e+01 -1.889603e+03 0.000000e+00 1.000000e+00
-2.352650e+01 -1.653952e+03 -2.867119e+02 1.000000e+00
-2.524493e+01 -1.898541e+03 -5.507460e+02 1.000000e+00
-2.807620e+01 -1.559729e+03 -8.259384e+02 1.000000e+00
-3.125736e+01 -1.707260e+03 -1.068597e+03 1.000000e+00
-3.361600e+01 -1.265252e+03 -1.348676e+03 1.000000e+00
-3.526983e+01 -1.322468e+03 -1.563489e+03 1.000000e+00
-3.567122e+01 -7.995358e+02 -1.844137e+03 1.000000e+00
-3.394068e+01 -7.885488e+02 -2.008770e+03 1.000000e+00
-2.175825e+01 -1.894368e+03 0.000000e+00 1.000000e+00
-2.249593e+01 -1.660973e+03 -2.886311e+02 1.000000e+00
-2.490263e+01 -1.903080e+03 -5.553608e+02 1.000000e+00
-2.791221e+01 -1.564327e+03 -8.312809e+02 1.000000e+00
-3.053379e+01 -1.710502e+03 -1.075901e+03 1.000000e+00
-3.278386e+01 -1.266666e+03 -1.356458e+03 1.000000e+00
-3.402191e+01 -1.323766e+03 -1.572650e+03 1.000000e+00
-3.454426e+01 -7.973038e+02 -1.852919e+03 1.000000e+00
-3.296587e+01 -7.867616e+02 -2.017683e+03 1.000000e+00
-2.124007e+01 -1.899678e+03 0.000000e+00 1.000000e+00
-2.232421e+01 -1.666975e+03 -2.906855e+02 1.000000e+00
-2.315253e+01 -1.908045e+03 -5.592758e+02 1.000000e+00
-2.550303e+01 -1.569459e+03 -8.369834e+02 1.000000e+00
-2.894058e+01 -1.713166e+03 -1.082698e+03 1.000000e+00
-3.078891e+01 -1.269273e+03 -1.364190e+03 1.000000e+00
-3.145780e+01 -1.323714e+03 -1.580854e+03 1.000000e+00
-3.162059e+01 -7.974231e+02 -1.861464e+03 1.000000e+00
-3.113057e+01 -7.838051e+02 -2.026300e+03 1.000000e+00
-1.794889e+01 -1.906754e+03 0.000000e+00 1.000000e+00
-1.898204e+01 -1.671723e+03 -2.929292e+02 1.000000e+00
-2.138133e+01 -1.914585e+03 -5.627573e+02 1.000000e+00
-2.378860e+01 -1.573676e+03 -8.424324e+02 1.000000e+00
-2.607690e+01 -1.716944e+03 -1.089010e+03 1.000000e+00
-2.788458e+01 -1.271585e+03 -1.371445e+03 1.000000e+00
-2.830479e+01 -1.324664e+03 -1.588151e+03 1.000000e+00
-2.861976e+01 -7.975734e+02 -1.869678e+03 1.000000e+00
-2.809431e+01 -7.816091e+02 -2.034421e+03 1.000000e+00
-1.611885e+01 -1.911752e+03 0.000000e+00 1.000000e+00
-1.680446e+01 -1.679769e+03 -2.948279e+02 1.000000e+00
-1.782279e+01 -1.919105e+03 -5.663353e+02 1.000000e+00
-2.034756e+01 -1.580057e+03 -8.472575e+02 1.000000e+00
-2.209403e+01 -1.720042e+03 -1.094191e+03 1.000000e+00
-2.326586e+01 -1.275531e+03 -1.378242e+03 1.000000e+00
-2.449178e+01 -1.326311e+03 -1.595082e+03 1.000000e+00
-2.412943e+01 -7.973690e+02 -1.876500e+03 1.000000e+00
-2.328402e+01 -7.820308e+02 -2.041788e+03 1.000000e+00
-1.229546e+01 -1.915431e+03 0.000000e+00 1.000000e+00
-1.337086e+01 -1.689111e+03 -2.966069e+02 1.000000e+00
-1.494596e+01 -1.922607e+03 -5.690773e+02 1.000000e+00
-1.572780e+01 -1.588611e+03 -8.511918e+02 1.000000e+00
-1.833219e+01 -1.721448e+03 -1.099422e+03 1.000000e+00
-1.965661e+01 -1.282245e+03 -1.383095e+03 1.000000e+00
-1.887136e+01 -1.325229e+03 -1.601257e+03 1.000000e+00
-1.931830e+01 -8.022639e+02 -1.882481e+03 1.000000e+00
-1.974394e+01 -7.781319e+02 -2.048832e+03 1.000000e+00
-8.209787e+00 -1.935900e+03 0.000000e+00 1.000000e+00
-9.391871e+00 -1.683237e+03 -2.984348e+02 1.000000e+00
-1.022730e+01 -1.942365e+03 -5.709063e+02 1.000000e+00
-1.221364e+01 -1.581837e+03 -8.547023e+02 1.000000e+00
-1.243334e+01 -1.739090e+03 -1.102554e+03 1.000000e+00
-1.323926e+01 -1.274256e+03 -1.388089e+03 1.000000e+00
-1.431216e+01 -1.340403e+03 -1.604617e+03 1.000000e+00
-1.373090e+01 -7.932872e+02 -1.889116e+03 1.000000e+00
-1.232604e+01 -7.889083e+02 -2.051761e+03 1.000000e+00
-4.634768e+00 -1.913399e+03 0.000000e+00 1.000000e+00
-4.587574e+00 -1.722043e+03 -2.992707e+02 1.000000e+00
-6.529718e+00 -1.918485e+03 -5.731661e+02 1.000000e+00
-6.684831e+00 -1.619358e+03 -8.558469e+02 1.000000e+00
-7.806111e+00 -1.714412e+03 -1.105715e+03 1.000000e+00
-8.225598e+00 -1.309755e+03 -1.389707e+03 1.000000e+00
-8.354983e+00 -1.314664e+03 -1.609550e+03 1.000000e+00
-8.025813e+00 -8.249077e+02 -1.889680e+03 1.000000e+00
-7.689379e+00 -7.623199e+02 -2.057529e+03 1.000000e+00
0.000000e+00 -1.877419e+03 0.000000e+00 1.000000e+00
0.000000e+00 -1.775106e+03 -2.992641e+02 1.000000e+00
0.000000e+00 -1.881901e+03 -5.748828e+02 1.000000e+00
0.000000e+00 -1.671401e+03 -8.547467e+02 1.000000e+00
0.000000e+00 -1.677168e+03 -1.108990e+03 1.000000e+00
0.000000e+00 -1.359838e+03 -1.387757e+03 1.000000e+00
0.000000e+00 -1.275962e+03 -1.614041e+03 1.000000e+00
0.000000e+00 -8.714568e+02 -1.886635e+03 1.000000e+00
0.000000e+00 -7.223245e+02 -2.063894e+03 1.000000e+00
-2.310168e+01 -1.587713e+03 0.000000e+00 1.000000e+00
-2.399029e+01 -1.870157e+03 -2.912292e+02 1.000000e+00
-2.529524e+01 -1.587828e+03 -5.736943e+02 1.000000e+00
-2.789941e+01 -1.767037e+03 -8.276037e+02 1.000000e+00
-3.066279e+01 -1.383363e+03 -1.106590e+03 1.000000e+00
-3.252258e+01 -1.462440e+03 -1.332696e+03 1.000000e+00
-3.383749e+01 -9.865667e+02 -1.609687e+03 1.000000e+00
-3.384812e+01 -9.904219e+02 -1.792372e+03 1.000000e+00
-3.185240e+01 -4.446187e+02 -2.058246e+03 1.000000e+00
-2.206319e+01 -1.593615e+03 0.000000e+00 1.000000e+00
-2.330161e+01 -1.875385e+03 -2.935156e+02 1.000000e+00
-2.472142e+01 -1.593304e+03 -5.772971e+02 1.000000e+00
-2.747210e+01 -1.770607e+03 -8.337903e+02 1.000000e+00
-3.003875e+01 -1.386424e+03 -1.112777e+03 1.000000e+00
-3.143264e+01 -1.464091e+03 -1.340836e+03 1.000000e+00
-3.265428e+01 -9.863729e+02 -1.617865e+03 1.000000e+00
-3.246249e+01 -9.895628e+02 -1.800923e+03 1.000000e+00
-3.079468e+01 -4.410545e+02 -2.066425e+03 1.000000e+00
-2.202810e+01 -1.599387e+03 0.000000e+00 1.000000e+00
-2.208287e+01 -1.880426e+03 -2.954469e+02 1.000000e+00
-2.337435e+01 -1.598909e+03 -5.812042e+02 1.000000e+00
-2.554786e+01 -1.774488e+03 -8.392238e+02 1.000000e+00
-2.799212e+01 -1.389857e+03 -1.119276e+03 1.000000e+00
-2.988385e+01 -1.465397e+03 -1.348330e+03 1.000000e+00
-3.008190e+01 -9.876729e+02 -1.625523e+03 1.000000e+00
-3.028281e+01 -9.875859e+02 -1.808973e+03 1.000000e+00
-2.954733e+01 -4.401285e+02 -2.074566e+03 1.000000e+00
-1.833747e+01 -1.604168e+03 0.000000e+00 1.000000e+00
-1.955254e+01 -1.886790e+03 -2.973274e+02 1.000000e+00
-2.122699e+01 -1.603709e+03 -5.851065e+02 1.000000e+00
-2.312144e+01 -1.779540e+03 -8.437458e+02 1.000000e+00
-2.542005e+01 -1.392628e+03 -1.126086e+03 1.000000e+00
-2.658936e+01 -1.467844e+03 -1.354487e+03 1.000000e+00
-2.689141e+01 -9.883462e+02 -1.633058e+03 1.000000e+00
-2.701556e+01 -9.871572e+02 -1.816293e+03 1.000000e+00
-2.580291e+01 -4.387275e+02 -2.082154e+03 1.000000e+00
-1.690462e+01 -1.611933e+03 0.000000e+00 1.000000e+00
-1.685643e+01 -1.891428e+03 -2.990945e+02 1.000000e+00
-1.795362e+01 -1.610948e+03 -5.885548e+02 1.000000e+00
-2.022829e+01 -1.782908e+03 -8.482471e+02 1.000000e+00
-2.150508e+01 -1.397647e+03 -1.131309e+03 1.000000e+00
-2.267023e+01 -1.470156e+03 -1.360646e+03 1.000000e+00
-2.367452e+01 -9.898157e+02 -1.639797e+03 1.000000e+00
-2.288835e+01 -9.879612e+02 -1.822522e+03 1.000000e+00
-2.230870e+01 -4.362779e+02 -2.089103e+03 1.000000e+00
-1.216220e+01 -1.620874e+03 0.000000e+00 1.000000e+00
-1.370976e+01 -1.895248e+03 -3.009118e+02 1.000000e+00
-1.456153e+01 -1.619604e+03 -5.909543e+02 1.000000e+00
-1.541862e+01 -1.785679e+03 -8.524214e+02 1.000000e+00
-1.738538e+01 -1.404659e+03 -1.135610e+03 1.000000e+00
-1.853003e+01 -1.470417e+03 -1.366075e+03 1.000000e+00
-1.775105e+01 -9.952804e+02 -1.644593e+03 1.000000e+00
-1.830218e+01 -9.856614e+02 -1.829530e+03 1.000000e+00
-1.793132e+01 -4.393546e+02 -2.093816e+03 1.000000e+00
-9.375822e+00 -1.615328e+03 0.000000e+00 1.000000e+00
-9.074372e+00 -1.914768e+03 -3.023259e+02 1.000000e+00
-1.060275e+01 -1.613610e+03 -5.932890e+02 1.000000e+00
-1.174246e+01 -1.803759e+03 -8.548383e+02 1.000000e+00
-1.238590e+01 -1.397395e+03 -1.139958e+03 1.000000e+00
-1.274903e+01 -1.485971e+03 -1.368759e+03 1.000000e+00
-1.440603e+01 -9.870821e+02 -1.650654e+03 1.000000e+00
-1.253671e+01 -9.979710e+02 -1.831924e+03 1.000000e+00
-1.224335e+01 -4.297631e+02 -2.101237e+03 1.000000e+00
-4.160924e+00 -1.653417e+03 0.000000e+00 1.000000e+00
-5.270831e+00 -1.892190e+03 -3.033263e+02 1.000000e+00
-5.550231e+00 -1.650772e+03 -5.946445e+02 1.000000e+00
-6.782073e+00 -1.779880e+03 -8.573637e+02 1.000000e+00
-6.908379e+00 -1.433238e+03 -1.140880e+03 1.000000e+00
-8.040571e+00 -1.461267e+03 -1.373136e+03 1.000000e+00
-7.070268e+00 -1.019479e+03 -1.651458e+03 1.000000e+00
-7.809334e+00 -9.720967e+02 -1.837372e+03 1.000000e+00
-6.585070e+00 -4.586139e+02 -2.100612e+03 1.000000e+00
0.000000e+00 -1.704423e+03 0.000000e+00 1.000000e+00
0.000000e+00 -1.857570e+03 -3.041715e+02 1.000000e+00
0.000000e+00 -1.701548e+03 -5.942864e+02 1.000000e+00
0.000000e+00 -1.744101e+03 -8.594811e+02 1.000000e+00
0.000000e+00 -1.482909e+03 -1.139630e+03 1.000000e+00
0.000000e+00 -1.424150e+03 -1.377067e+03 1.000000e+00
0.000000e+00 -1.065849e+03 -1.647964e+03 1.000000e+00
0.000000e+00 -9.341569e+02 -1.844655e+03 1.000000e+00
0.000000e+00 -5.014448e+02 -2.093718e+03 1.000000e+00
-2.352889e+01 -1.788550e+03 0.000000e+00 1.000000e+00
-2.432368e+01 -1.573611e+03 -3.037116e+02 1.000000e+00
-2.534810e+01 -1.782321e+03 -5.772372e+02 1.000000e+00
-2.759516e+01 -1.458211e+03 -8.581124e+02 1.000000e+00
-2.993287e+01 -1.568306e+03 -1.097205e+03 1.000000e+00
-3.139841e+01 -1.140306e+03 -1.374059e+03 1.000000e+00
-3.217936e+01 -1.164267e+03 -1.570273e+03 1.000000e+00
-3.176732e+01 -6.588530e+02 -1.837040e+03 1.000000e+00
-2.940108e+01 -6.224121e+02 -1.968850e+03 1.000000e+00
-2.269873e+01 -1.794083e+03 0.000000e+00 1.000000e+00
-2.351313e+01 -1.578830e+03 -3.056835e+02 1.000000e+00
-2.481222e+01 -1.787026e+03 -5.811904e+02 1.000000e+00
-2.678490e+01 -1.462149e+03 -8.632767e+02 1.000000e+00
-2.914726e+01 -1.570423e+03 -1.104159e+03 1.000000e+00
-3.019195e+01 -1.141896e+03 -1.380779e+03 1.000000e+00
-3.069673e+01 -1.164279e+03 -1.578758e+03 1.000000e+00
-3.053015e+01 -6.571465e+02 -1.844500e+03 1.000000e+00
-2.837127e+01 -6.202781e+02 -1.976738e+03 1.000000e+00
-2.218067e+01 -1.799180e+03 0.000000e+00 1.000000e+00
-2.238007e+01 -1.584258e+03 -3.074474e+02 1.000000e+00
-2.321028e+01 -1.791553e+03 -5.851547e+02 1.000000e+00
-2.555779e+01 -1.466683e+03 -8.682598e+02 1.000000e+00
-2.720730e+01 -1.572503e+03 -1.110473e+03 1.000000e+00
-2.874319e+01 -1.144265e+03 -1.387959e+03 1.000000e+00
-2.894838e+01 -1.163678e+03 -1.585707e+03 1.000000e+00
-2.825569e+01 -6.569082e+02 -1.852341e+03 1.000000e+00
-2.735289e+01 -6.165813e+02 -1.983766e+03 1.000000e+00
-1.849044e+01 -1.804701e+03 0.000000e+00 1.000000e+00
-1.997812e+01 -1.589475e+03 -3.096198e+02 1.000000e+00
-2.117791e+01 -1.797129e+03 -5.882891e+02 1.000000e+00
-2.234541e+01 -1.470452e+03 -8.732960e+02 1.000000e+00
-2.478482e+01 -1.576307e+03 -1.116183e+03 1.000000e+00
-2.502718e+01 -1.145555e+03 -1.394439e+03 1.000000e+00
-2.554417e+01 -1.165097e+03 -1.592357e+03 1.000000e+00
-2.532902e+01 -6.561027e+02 -1.859300e+03 1.000000e+00
-2.377451e+01 -6.147250e+02 -1.990694e+03 1.000000e+00
-1.760212e+01 -1.809083e+03 0.000000e+00 1.000000e+00
-1.692043e+01 -1.596855e+03 -3.112472e+02 1.000000e+00
-1.774685e+01 -1.800917e+03 -5.915961e+02 1.000000e+00
-2.008341e+01 -1.476223e+03 -8.775100e+02 1.000000e+00
-2.058784e+01 -1.578534e+03 -1.121243e+03 1.000000e+00
-2.198006e+01 -1.148620e+03 -1.400152e+03 1.000000e+00
-2.238248e+01 -1.166090e+03 -1.598665e+03 1.000000e+00
-2.129545e+01 -6.552811e+02 -1.864966e+03 1.000000e+00
-2.041360e+01 -6.148995e+02 -1.997358e+03 1.000000e+00
-1.230024e+01 -1.813007e+03 0.000000e+00 1.000000e+00
-1.373858e+01 -1.605230e+03 -3.127839e+02 1.000000e+00
-1.470358e+01 -1.804500e+03 -5.942413e+02 1.000000e+00
-1.492583e+01 -1.483947e+03 -8.810311e+02 1.000000e+00
-1.707043e+01 -1.580029e+03 -1.125702e+03 1.000000e+00
-1.721422e+01 -1.154824e+03 -1.404724e+03 1.000000e+00
-1.727410e+01 -1.165144e+03 -1.603939e+03 1.000000e+00
-1.719231e+01 -6.591157e+02 -1.870261e+03 1.000000e+00
-1.684523e+01 -6.113124e+02 -2.003312e+03 1.000000e+00
-9.472964e+00 -1.831367e+03 0.000000e+00 1.000000e+00
-9.532743e+00 -1.600051e+03 -3.145089e+02 1.000000e+00
-9.907027e+00 -1.822672e+03 -5.955925e+02 1.000000e+00
-1.172754e+01 -1.477555e+03 -8.846024e+02 1.000000e+00
-1.132852e+01 -1.596176e+03 -1.128019e+03 1.000000e+00
-1.262848e+01 -1.147397e+03 -1.409539e+03 1.000000e+00
-1.302179e+01 -1.178235e+03 -1.606579e+03 1.000000e+00
-1.187532e+01 -6.508185e+02 -1.876301e+03 1.000000e+00
-1.071898e+01 -6.208468e+02 -2.005180e+03 1.000000e+00
-4.914593e+00 -1.809274e+03 0.000000e+00 1.000000e+00
-4.700432e+00 -1.636848e+03 -3.149065e+02 1.000000e+00
-6.009580e+00 -1.799876e+03 -5.978491e+02 1.000000e+00
-5.791149e+00 -1.512703e+03 -8.852767e+02 1.000000e+00
-7.395501e+00 -1.572487e+03 -1.131587e+03 1.000000e+00
-6.782512e+00 -1.180415e+03 -1.409783e+03 1.000000e+00
-7.071962e+00 -1.152762e+03 -1.612167e+03 1.000000e+00
-6.845201e+00 -6.806213e+02 -1.875416e+03 1.000000e+00
-6.730454e+00 -5.948612e+02 -2.011914e+03 1.000000e+00
0.000000e+00 -1.775908e+03 0.000000e+00 1.000000e+00
0.000000e+00 -1.686293e+03 -3.148775e+02 1.000000e+00
0.000000e+00 -1.766353e+03 -5.992799e+02 1.000000e+00
0.000000e+00 -1.561232e+03 -8.841732e+02 1.000000e+00
0.000000e+00 -1.538146e+03 -1.135272e+03 1.000000e+00
0.000000e+00 -1.226903e+03 -1.406461e+03 1.000000e+00
0.000000e+00 -1.116839e+03 -1.618141e+03 1.000000e+00
0.000000e+00 -7.239265e+02 -1.870602e+03 1.000000e+00
0.000000e+00 -5.578422e+02 -2.019958e+03 1.000000e+00
-2.378709e+01 -1.503152e+03 0.000000e+00 1.000000e+00
-2.454748e+01 -1.753778e+03 -3.064254e+02 1.000000e+00
-2.527130e+01 -1.488835e+03 -5.993798e+02 1.000000e+00
-2.708016e+01 -1.629767e+03 -8.538367e+02 1.000000e+00
-2.897676e+01 -1.260270e+03 -1.132642e+03 1.000000e+00
-2.997047e+01 -1.305011e+03 -1.344911e+03 1.000000e+00
-3.029693e+01 -8.450894e+02 -1.611258e+03 1.000000e+00
-2.933747e+01 -8.213863e+02 -1.763936e+03 1.000000e+00
-2.666035e+01 -3.010669e+02 -2.008337e+03 1.000000e+00
-2.291254e+01 -1.507783e+03 0.000000e+00 1.000000e+00
-2.400988e+01 -1.759307e+03 -3.085550e+02 1.000000e+00
-2.468708e+01 -1.493168e+03 -6.026852e+02 1.000000e+00
-2.642680e+01 -1.633520e+03 -8.594634e+02 1.000000e+00
-2.824787e+01 -1.262920e+03 -1.138334e+03 1.000000e+00
-2.900887e+01 -1.306267e+03 -1.352347e+03 1.000000e+00
-2.937562e+01 -8.456722e+02 -1.618101e+03 1.000000e+00
-2.818989e+01 -8.197701e+02 -1.771670e+03 1.000000e+00
-2.595541e+01 -2.981802e+02 -2.014888e+03 1.000000e+00
-2.244093e+01 -1.512827e+03 0.000000e+00 1.000000e+00
-2.224899e+01 -1.764130e+03 -3.102502e+02 1.000000e+00
-2.306311e+01 -1.497919e+03 -6.064249e+02 1.000000e+00
-2.484117e+01 -1.636719e+03 -8.642794e+02 1.000000e+00
-2.634551e+01 -1.266031e+03 -1.144289e+03 1.000000e+00
-2.687124e+01 -1.306483e+03 -1.358914e+03 1.000000e+00
-2.689631e+01 -8.466090e+02 -1.624937e+03 1.000000e+00
-2.605040e+01 -8.172850e+02 -1.778409e+03 1.000000e+00
-2.432138e+01 -2.968763e+02 -2.021756e+03 1.000000e+00
-1.882373e+01 -1.518208e+03 0.000000e+00 1.000000e+00
-2.031760e+01 -1.769321e+03 -3.121265e+02 1.000000e+00
-2.116495e+01 -1.502396e+03 -6.097731e+02 1.000000e+00
-2.202533e+01 -1.641186e+03 -8.685239e+02 1.000000e+00
-2.392763e+01 -1.267970e+03 -1.150296e+03 1.000000e+00
-2.421027e+01 -1.308916e+03 -1.364274e+03 1.000000e+00
-2.453679e+01 -8.462782e+02 -1.631871e+03 1.000000e+00
-2.364932e+01 -8.169392e+02 -1.784051e+03 1.000000e+00
-2.152718e+01 -2.945640e+02 -2.028463e+03 1.000000e+00
-1.779703e+01 -1.525391e+03 0.000000e+00 1.000000e+00
-1.694677e+01 -1.773424e+03 -3.136699e+02 1.000000e+00
-1.743841e+01 -1.508956e+03 -6.128278e+02 1.000000e+00
-1.945053e+01 -1.644415e+03 -8.726260e+02 1.000000e+00
-1.978939e+01 -1.272308e+03 -1.154755e+03 1.000000e+00
-2.043394e+01 -1.311034e+03 -1.370142e+03 1.000000e+00
-2.071384e+01 -8.474725e+02 -1.636882e+03 1.000000e+00
-1.933882e+01 -8.175143e+02 -1.790083e+03 1.000000e+00
-1.849168e+01 -2.922286e+02 -2.033687e+03 1.000000e+00
-1.224741e+01 -1.533097e+03 0.000000e+00 1.000000e+00
-1.393689e+01 -1.777157e+03 -3.152006e+02 1.000000e+00
-1.462078e+01 -1.516527e+03 -6.151899e+02 1.000000e+00
-1.471206e+01 -1.646651e+03 -8.760941e+02 1.000000e+00
-1.636258e+01 -1.278444e+03 -1.158621e+03 1.000000e+00
-1.660264e+01 -1.310961e+03 -1.374819e+03 1.000000e+00
-1.636319e+01 -8.513992e+02 -1.640990e+03 1.000000e+00
-1.641376e+01 -8.152766e+02 -1.796110e+03 1.000000e+00
-1.473144e+01 -2.938547e+02 -2.037108e+03 1.000000e+00
-1.005265e+01 -1.528345e+03 0.000000e+00 1.000000e+00
-9.242065e+00 -1.794860e+03 -3.165244e+02 1.000000e+00
-9.988017e+00 -1.511239e+03 -6.171043e+02 1.000000e+00
-1.084190e+01 -1.663193e+03 -8.782410e+02 1.000000e+00
-1.127973e+01 -1.272086e+03 -1.162582e+03 1.000000e+00
-1.121671e+01 -1.324989e+03 -1.376693e+03 1.000000e+00
-1.260063e+01 -8.441331e+02 -1.646929e+03 1.000000e+00
-1.021220e+01 -8.258680e+02 -1.796938e+03 1.000000e+00
-1.038109e+01 -2.849236e+02 -2.044332e+03 1.000000e+00
-4.328373e+00 -1.564124e+03 0.000000e+00 1.000000e+00
-5.432158e+00 -1.773406e+03 -3.174825e+02 1.000000e+00
-5.030704e+00 -1.545944e+03 -6.177057e+02 1.000000e+00
-6.226438e+00 -1.640890e+03 -8.813762e+02 1.000000e+00
-6.188873e+00 -1.305103e+03 -1.162242e+03 1.000000e+00
-7.000762e+00 -1.301289e+03 -1.381825e+03 1.000000e+00
-5.736794e+00 -8.746216e+02 -1.645625e+03 1.000000e+00
-6.975429e+00 -8.007112e+02 -1.804047e+03 1.000000e+00
-5.912432e+00 -3.127604e+02 -2.041210e+03 1.000000e+00
0.000000e+00 -1.611576e+03 0.000000e+00 1.000000e+00
0.000000e+00 -1.741466e+03 -3.184126e+02 1.000000e+00
0.000000e+00 -1.592692e+03 -6.168150e+02 1.000000e+00
0.000000e+00 -1.608166e+03 -8.841006e+02 1.000000e+00
0.000000e+00 -1.349980e+03 -1.160043e+03 1.000000e+00
0.000000e+00 -1.267310e+03 -1.386561e+03 1.000000e+00
0.000000e+00 -9.169483e+02 -1.640694e+03 1.000000e+00
0.000000e+00 -7.651988e+02 -1.813064e+03 1.000000e+00
0.000000e+00 -3.520713e+02 -2.032014e+03 1.000000e+00
-2.401453e+01 -1.667006e+03 0.000000e+00 1.000000e+00
-2.455433e+01 -1.474352e+03 -3.182261e+02 1.000000e+00
-2.514984e+01 -1.647146e+03 -5.984293e+02 1.000000e+00
-2.643207e+01 -1.338051e+03 -8.818833e+02 1.000000e+00
-2.792026e+01 -1.411383e+03 -1.113347e+03 1.000000e+00
-2.843046e+01 -1.000774e+03 -1.380237e+03 1.000000e+00
-2.817027e+01 -9.939628e+02 -1.553782e+03 1.000000e+00
-2.684408e+01 -5.115070e+02 -1.799308e+03 1.000000e+00
-2.363949e+01 -4.553000e+02 -1.892467e+03 1.000000e+00
-2.354272e+01 -1.672865e+03 0.000000e+00 1.000000e+00
-2.387862e+01 -1.478138e+03 -3.199971e+02 1.000000e+00
-2.461031e+01 -1.651694e+03 -6.021114e+02 1.000000e+00
-2.583330e+01 -1.341131e+03 -8.864797e+02 1.000000e+00
-2.713403e+01 -1.413046e+03 -1.119479e+03 1.000000e+00
-2.763272e+01 -1.002022e+03 -1.386417e+03 1.000000e+00
-2.751977e+01 -9.929046e+02 -1.560876e+03 1.000000e+00
-2.557745e+01 -5.098003e+02 -1.805409e+03 1.000000e+00
-2.250075e+01 -4.520358e+02 -1.899056e+03 1.000000e+00
-2.206405e+01 -1.677394e+03 0.000000e+00 1.000000e+00
-2.249322e+01 -1.483069e+03 -3.217594e+02 1.000000e+00
-2.273102e+01 -1.655771e+03 -6.054417e+02 1.000000e+00
-2.423292e+01 -1.345049e+03 -8.912322e+02 1.000000e+00
-2.535267e+01 -1.414614e+03 -1.124842e+03 1.000000e+00
-2.512923e+01 -1.004280e+03 -1.392692e+03 1.000000e+00
-2.491528e+01 -9.917575e+02 -1.566950e+03 1.000000e+00
-2.405730e+01 -5.098106e+02 -1.811922e+03 1.000000e+00
-2.196319e+01 -4.486985e+02 -1.904617e+03 1.000000e+00
-1.949825e+01 -1.682125e+03 0.000000e+00 1.000000e+00
-2.019641e+01 -1.488085e+03 -3.236716e+02 1.000000e+00
-2.092396e+01 -1.660247e+03 -6.082554e+02 1.000000e+00
-2.159802e+01 -1.348444e+03 -8.957527e+02 1.000000e+00
-2.270389e+01 -1.417612e+03 -1.129674e+03 1.000000e+00
-2.303103e+01 -1.004996e+03 -1.398549e+03 1.000000e+00
-2.306375e+01 -9.927881e+02 -1.572337e+03 1.000000e+00
-2.093543e+01 -5.079628e+02 -1.817918e+03 1.000000e+00
-1.864136e+01 -4.474713e+02 -1.909831e+03 1.000000e+00
-1.728658e+01 -1.685765e+03 0.000000e+00 1.000000e+00
-1.719080e+01 -1.494755e+03 -3.251457e+02 1.000000e+00
-1.737877e+01 -1.663641e+03 -6.111056e+02 1.000000e+00
-1.870130e+01 -1.353345e+03 -8.994305e+02 1.000000e+00
-1.942827e+01 -1.419951e+03 -1.134208e+03 1.000000e+00
-1.907820e+01 -1.007206e+03 -1.403271e+03 1.000000e+00
-1.920352e+01 -9.935496e+02 -1.577758e+03 1.000000e+00
-1.819275e+01 -5.069332e+02 -1.822319e+03 1.000000e+00
-1.630198e+01 -4.465138e+02 -1.915133e+03 1.000000e+00
-1.282418e+01 -1.689556e+03 0.000000e+00 1.000000e+00
-1.362375e+01 -1.502248e+03 -3.265543e+02 1.000000e+00
-1.435314e+01 -1.666853e+03 -6.133765e+02 1.000000e+00
-1.426413e+01 -1.360081e+03 -9.024622e+02 1.000000e+00
-1.521002e+01 -1.421254e+03 -1.138064e+03 1.000000e+00
-1.542566e+01 -1.012177e+03 -1.407022e+03 1.000000e+00
-1.541134e+01 -9.929047e+02 -1.582329e+03 1.000000e+00
-1.404073e+01 -5.095768e+02 -1.826467e+03 1.000000e+00
-1.336334e+01 -4.437593e+02 -1.919643e+03 1.000000e+00
-9.643210e+00 -1.706940e+03 0.000000e+00 1.000000e+00
-9.726342e+00 -1.497347e+03 -3.278615e+02 1.000000e+00
-9.494624e+00 -1.682954e+03 -6.146984e+02 1.000000e+00
-1.090018e+01 -1.354791e+03 -9.055234e+02 1.000000e+00
-1.064994e+01 -1.435112e+03 -1.139727e+03 1.000000e+00
-1.115179e+01 -1.005671e+03 -1.411717e+03 1.000000e+00
-1.118627e+01 -1.003968e+03 -1.583671e+03 1.000000e+00
-1.018355e+01 -5.014548e+02 -1.832017e+03 1.000000e+00
-8.744098e+00 -4.520231e+02 -1.920176e+03 1.000000e+00
-5.378114e+00 -1.686415e+03 0.000000e+00 1.000000e+00
-4.502765e+00 -1.531339e+03 -3.278312e+02 1.000000e+00
-5.518566e+00 -1.661971e+03 -6.170080e+02 1.000000e+00
-4.930442e+00 -1.387249e+03 -9.055491e+02 1.000000e+00
-6.294868e+00 -1.413141e+03 -1.143633e+03 1.000000e+00
-5.483254e+00 -1.036320e+03 -1.410640e+03 1.000000e+00
-5.915105e+00 -9.802292e+02 -1.589833e+03 1.000000e+00
-5.647826e+00 -5.299020e+02 -1.829427e+03 1.000000e+00
-6.064744e+00 -4.266083e+02 -1.928120e+03 1.000000e+00
0.000000e+00 -1.656276e+03 0.000000e+00 1.000000e+00
0.000000e+00 -1.576484e+03 -3.273894e+02 1.000000e+00
0.000000e+00 -1.631376e+03 -6.188185e+02 1.000000e+00
0.000000e+00 -1.431232e+03 -9.037919e+02 1.000000e+00
0.000000e+00 -1.381587e+03 -1.147776e+03 1.000000e+00
0.000000e+00 -1.078048e+03 -1.406490e+03 1.000000e+00
0.000000e+00 -9.475220e+02 -1.596646e+03 1.000000e+00
0.000000e+00 -5.688603e+02 -1.823142e+03 1.000000e+00
0.000000e+00 -3.921286e+02 -1.937908e+03 1.000000e+00
