0 729 0.00000e+00
  1     729
0.000000e+00 0.000000e+00 4.406717e+03 1.000000e+00
0.000000e+00 0.000000e+00 4.908177e+03 1.000000e+00
0.000000e+00 0.000000e+00 5.243572e+03 1.000000e+00
0.000000e+00 0.000000e+00 5.727402e+03 1.000000e+00
0.000000e+00 0.000000e+00 5.997462e+03 1.000000e+00
0.000000e+00 0.000000e+00 6.619849e+03 1.000000e+00
0.000000e+00 0.000000e+00 6.855569e+03 1.000000e+00
0.000000e+00 0.000000e+00 7.453054e+03 1.000000e+00
0.000000e+00 0.000000e+00 7.543268e+03 1.000000e+00
1.503370e+01 0.000000e+00 4.392152e+03 1.000000e+00
1.671994e+01 0.000000e+00 4.935074e+03 1.000000e+00
1.634080e+01 0.000000e+00 5.222142e+03 1.000000e+00
2.037266e+01 0.000000e+00 5.773492e+03 1.000000e+00
2.643968e+01 0.000000e+00 5.941806e+03 1.000000e+00
2.697574e+01 0.000000e+00 6.698508e+03 1.000000e+00
2.267495e+01 0.000000e+00 6.783181e+03 1.000000e+00
1.630399e+01 0.000000e+00 7.541162e+03 1.000000e+00
7.062086e+00 0.000000e+00 7.462751e+03 1.000000e+00
3.242835e+01 0.000000e+00 4.387844e+03 1.000000e+00
2.950889e+01 0.000000e+00 4.963844e+03 1.000000e+00
2.804711e+01 0.000000e+00 5.215204e+03 1.000000e+00
2.561776e+01 0.000000e+00 5.819367e+03 1.000000e+00
3.021103e+01 0.000000e+00 5.911553e+03 1.000000e+00
2.778106e+01 0.000000e+00 6.764291e+03 1.000000e+00
2.316287e+01 0.000000e+00 6.740417e+03 1.000000e+00
1.541259e+01 0.000000e+00 7.615511e+03 1.000000e+00
7.628593e+00 0.000000e+00 7.414594e+03 1.000000e+00
4.538825e+01 0.000000e+00 4.406381e+03 1.000000e+00
4.333184e+01 0.000000e+00 4.975494e+03 1.000000e+00
3.959880e+01 0.000000e+00 5.239921e+03 1.000000e+00
3.428099e+01 0.000000e+00 5.828372e+03 1.000000e+00
3.012110e+01 0.000000e+00 5.947959e+03 1.000000e+00
2.605624e+01 0.000000e+00 6.758755e+03 1.000000e+00
2.033183e+01 0.000000e+00 6.784156e+03 1.000000e+00
1.130852e+01 0.000000e+00 7.609034e+03 1.000000e+00
2.680650e-01 0.000000e+00 7.460212e+03 1.000000e+00
5.485592e+01 0.000000e+00 4.423774e+03 1.000000e+00
5.199180e+01 0.000000e+00 4.996736e+03 1.000000e+00
4.526623e+01 0.000000e+00 5.259180e+03 1.000000e+00
3.820765e+01 0.000000e+00 5.851647e+03 1.000000e+00
3.281648e+01 0.000000e+00 5.965105e+03 1.000000e+00
2.588075e+01 0.000000e+00 6.781473e+03 1.000000e+00
1.569015e+01 0.000000e+00 6.802252e+03 1.000000e+00
9.118129e-01 0.000000e+00 7.628043e+03 1.000000e+00
-1.452611e+01 0.000000e+00 7.475248e+03 1.000000e+00
6.323853e+01 0.000000e+00 4.444864e+03 1.000000e+00
5.878859e+01 0.000000e+00 5.018067e+03 1.000000e+00
5.104197e+01 0.000000e+00 5.280810e+03 1.000000e+00
4.166457e+01 0.000000e+00 5.874875e+03 1.000000e+00
3.439059e+01 0.000000e+00 5.985539e+03 1.000000e+00
2.492222e+01 0.000000e+00 6.803463e+03 1.000000e+00
1.153138e+01 0.000000e+00 6.817404e+03 1.000000e+00
-2.321302e+00 0.000000e+00 7.645482e+03 1.000000e+00
-1.694627e+01 0.000000e+00 7.486667e+03 1.000000e+00
6.853848e+01 0.000000e+00 4.467404e+03 1.000000e+00
6.384179e+01 0.000000e+00 5.039965e+03 1.000000e+00
5.534070e+01 0.000000e+00 5.303495e+03 1.000000e+00
4.443146e+01 0.000000e+00 5.895251e+03 1.000000e+00
3.427945e+01 0.000000e+00 6.008973e+03 1.000000e+00
2.280908e+01 0.000000e+00 6.819859e+03 1.000000e+00
9.953773e+00 0.000000e+00 6.835656e+03 1.000000e+00
-4.791290e+00 0.000000e+00 7.658744e+03 1.000000e+00
-2.011765e+01 0.000000e+00 7.500834e+03 1.000000e+00
7.045088e+01 0.000000e+00 4.490074e+03 1.000000e+00
6.505654e+01 0.000000e+00 5.062500e+03 1.000000e+00
5.511686e+01 0.000000e+00 5.325176e+03 1.000000e+00
4.393077e+01 0.000000e+00 5.916990e+03 1.000000e+00
3.347309e+01 0.000000e+00 6.029084e+03 1.000000e+00
2.080255e+01 0.000000e+00 6.837142e+03 1.000000e+00
6.421762e+00 0.000000e+00 6.852211e+03 1.000000e+00
-1.096139e+01 0.000000e+00 7.669338e+03 1.000000e+00
-2.972188e+01 0.000000e+00 7.509852e+03 1.000000e+00
7.063430e+01 0.000000e+00 4.512515e+03 1.000000e+00
6.406505e+01 0.000000e+00 5.083782e+03 1.000000e+00
5.506902e+01 0.000000e+00 5.348228e+03 1.000000e+00
4.389814e+01 0.000000e+00 5.936991e+03 1.000000e+00
3.215137e+01 0.000000e+00 6.049705e+03 1.000000e+00
1.870957e+01 0.000000e+00 6.852337e+03 1.000000e+00
3.252993e+00 0.000000e+00 6.868264e+03 1.000000e+00
-1.378084e+01 0.000000e+00 7.675447e+03 1.000000e+00
-2.941232e+01 0.000000e+00 7.518204e+03 1.000000e+00
0.000000e+00 -5.190391e+02 4.385886e+03 1.000000e+00
0.000000e+00 -5.444114e+02 4.748060e+03 1.000000e+00
0.000000e+00 -5.476360e+02 5.209175e+03 1.000000e+00
0.000000e+00 -5.819908e+02 5.479354e+03 1.000000e+00
0.000000e+00 -6.539219e+02 5.989027e+03 1.000000e+00
0.000000e+00 -7.398424e+02 6.192245e+03 1.000000e+00
0.000000e+00 -7.340834e+02 6.752984e+03 1.000000e+00
0.000000e+00 -6.985623e+02 6.836107e+03 1.000000e+00
0.000000e+00 -5.910369e+02 7.264766e+03 1.000000e+00
1.616838e+01 -5.200977e+02 4.408513e+03 1.000000e+00
1.396624e+01 -5.516171e+02 4.729727e+03 1.000000e+00
1.473137e+01 -5.499418e+02 5.242149e+03 1.000000e+00
1.620030e+01 -5.918096e+02 5.445579e+03 1.000000e+00
1.789190e+01 -6.598541e+02 6.055422e+03 1.000000e+00
1.796820e+01 -7.530734e+02 6.124764e+03 1.000000e+00
1.456268e+01 -7.394969e+02 6.836482e+03 1.000000e+00
9.094513e+00 -7.068956e+02 6.758791e+03 1.000000e+00
3.682110e+00 -5.889684e+02 7.357909e+03 1.000000e+00
3.027123e+01 -5.214608e+02 4.433707e+03 1.000000e+00
3.006248e+01 -5.569034e+02 4.723266e+03 1.000000e+00
2.610256e+01 -5.517228e+02 5.276127e+03 1.000000e+00
2.519663e+01 -6.002114e+02 5.429904e+03 1.000000e+00
2.250238e+01 -6.688427e+02 6.113849e+03 1.000000e+00
2.188667e+01 -7.675289e+02 6.084040e+03 1.000000e+00
1.459095e+01 -7.465063e+02 6.904488e+03 1.000000e+00
5.960296e+00 -7.175693e+02 6.710384e+03 1.000000e+00
-3.832117e+00 -5.895766e+02 7.434385e+03 1.000000e+00
4.344615e+01 -5.256293e+02 4.444853e+03 1.000000e+00
4.116743e+01 -5.586812e+02 4.743982e+03 1.000000e+00
3.614876e+01 -5.559919e+02 5.286362e+03 1.000000e+00
3.085007e+01 -6.025533e+02 5.458399e+03 1.000000e+00
2.663035e+01 -6.760181e+02 6.112803e+03 1.000000e+00
2.127306e+01 -7.714059e+02 6.121919e+03 1.000000e+00
1.325074e+01 -7.522275e+02 6.894394e+03 1.000000e+00
1.832245e+00 -7.238047e+02 6.749482e+03 1.000000e+00
-1.079350e+01 -5.962252e+02 7.421104e+03 1.000000e+00
5.370224e+01 -5.280694e+02 4.463725e+03 1.000000e+00
5.003150e+01 -5.616383e+02 4.761731e+03 1.000000e+00
4.396988e+01 -5.584882e+02 5.307544e+03 1.000000e+00
3.604662e+01 -6.049700e+02 5.475861e+03 1.000000e+00
2.856967e+01 -6.790343e+02 6.133526e+03 1.000000e+00
2.011085e+01 -7.731686e+02 6.136812e+03 1.000000e+00
8.410710e+00 -7.548538e+02 6.912371e+03 1.000000e+00
-4.451915e+00 -7.239976e+02 6.761479e+03 1.000000e+00
-1.774036e+01 -5.937294e+02 7.433683e+03 1.000000e+00
6.128258e+01 -5.295570e+02 4.483180e+03 1.000000e+00
5.654847e+01 -5.640261e+02 4.782496e+03 1.000000e+00
4.822338e+01 -5.593292e+02 5.328790e+03 1.000000e+00
3.881641e+01 -6.064758e+02 5.495394e+03 1.000000e+00
2.938579e+01 -6.813344e+02 6.154169e+03 1.000000e+00
1.830583e+01 -7.763331e+02 6.152338e+03 1.000000e+00
4.332059e+00 -7.559620e+02 6.928608e+03 1.000000e+00
-1.161168e+01 -7.230341e+02 6.771073e+03 1.000000e+00
-2.742763e+01 -5.902324e+02 7.442917e+03 1.000000e+00
6.610242e+01 -5.317515e+02 4.503590e+03 1.000000e+00
6.093121e+01 -5.665939e+02 4.804486e+03 1.000000e+00
5.127128e+01 -5.623543e+02 5.348789e+03 1.000000e+00
4.011259e+01 -6.089487e+02 5.517484e+03 1.000000e+00
2.916968e+01 -6.838936e+02 6.171093e+03 1.000000e+00
1.653171e+01 -7.793904e+02 6.170600e+03 1.000000e+00
9.760748e-01 -7.580742e+02 6.939250e+03 1.000000e+00
-1.533378e+01 -7.260353e+02 6.781748e+03 1.000000e+00
-3.278750e+01 -5.959272e+02 7.444072e+03 1.000000e+00
6.836472e+01 -5.338601e+02 4.524762e+03 1.000000e+00
6.229073e+01 -5.691971e+02 4.826209e+03 1.000000e+00
5.311865e+01 -5.642704e+02 5.369620e+03 1.000000e+00
4.157130e+01 -6.105435e+02 5.537192e+03 1.000000e+00
2.864504e+01 -6.861946e+02 6.188602e+03 1.000000e+00
1.485948e+01 -7.816941e+02 6.186209e+03 1.000000e+00
-1.356161e+00 -7.604916e+02 6.950184e+03 1.000000e+00
-1.832415e+01 -7.275386e+02 6.790106e+03 1.000000e+00
-3.369439e+01 -5.954886e+02 7.445462e+03 1.000000e+00
6.801463e+01 -5.360529e+02 4.545188e+03 1.000000e+00
6.195689e+01 -5.707446e+02 4.848349e+03 1.000000e+00
5.199199e+01 -5.651967e+02 5.389636e+03 1.000000e+00
4.022594e+01 -6.116210e+02 5.557125e+03 1.000000e+00
2.757364e+01 -6.877136e+02 6.203969e+03 1.000000e+00
1.296710e+01 -7.832109e+02 6.202498e+03 1.000000e+00
-3.685698e+00 -7.616996e+02 6.957967e+03 1.000000e+00
-2.089996e+01 -7.267496e+02 6.798432e+03 1.000000e+00
-3.779507e+01 -5.908953e+02 7.444605e+03 1.000000e+00
0.000000e+00 -9.991947e+02 4.116719e+03 1.000000e+00
0.000000e+00 -1.013769e+03 4.558967e+03 1.000000e+00
0.000000e+00 -1.041120e+03 4.827220e+03 1.000000e+00
0.000000e+00 -1.064555e+03 5.220421e+03 1.000000e+00
0.000000e+00 -1.209486e+03 5.358637e+03 1.000000e+00
0.000000e+00 -1.291758e+03 5.791613e+03 1.000000e+00
0.000000e+00 -1.266589e+03 5.778931e+03 1.000000e+00
0.000000e+00 -1.083385e+03 6.082849e+03 1.000000e+00
0.000000e+00 -8.381080e+02 5.824782e+03 1.000000e+00
1.381178e+01 -1.010846e+03 4.101427e+03 1.000000e+00
1.387834e+01 -1.014293e+03 4.584953e+03 1.000000e+00
1.003862e+01 -1.054511e+03 4.803315e+03 1.000000e+00
7.292291e+00 -1.067898e+03 5.265208e+03 1.000000e+00
5.900601e+00 -1.226145e+03 5.302106e+03 1.000000e+00
2.267511e+00 -1.295239e+03 5.866961e+03 1.000000e+00
-2.212272e+00 -1.282306e+03 5.705230e+03 1.000000e+00
-6.475933e+00 -1.086387e+03 6.168363e+03 1.000000e+00
-1.140132e+01 -8.513873e+02 5.740846e+03 1.000000e+00
2.800832e+01 -1.020438e+03 4.095666e+03 1.000000e+00
2.538790e+01 -1.016176e+03 4.612413e+03 1.000000e+00
2.349627e+01 -1.065913e+03 4.792575e+03 1.000000e+00
1.788985e+01 -1.072217e+03 5.306208e+03 1.000000e+00
1.606585e+01 -1.237216e+03 5.267702e+03 1.000000e+00
9.511115e+00 -1.295850e+03 5.927890e+03 1.000000e+00
1.989519e+00 -1.293468e+03 5.655485e+03 1.000000e+00
-8.609570e+00 -1.083440e+03 6.234132e+03 1.000000e+00
-1.805963e+01 -8.571818e+02 5.682299e+03 1.000000e+00
4.010188e+01 -1.023558e+03 4.112639e+03 1.000000e+00
3.643923e+01 -1.023898e+03 4.621417e+03 1.000000e+00
3.036922e+01 -1.068771e+03 4.814093e+03 1.000000e+00
2.306224e+01 -1.080620e+03 5.309245e+03 1.000000e+00
1.521416e+01 -1.238444e+03 5.298184e+03 1.000000e+00
7.000801e+00 -1.302011e+03 5.917476e+03 1.000000e+00
-2.306478e+00 -1.293504e+03 5.686711e+03 1.000000e+00
-1.376466e+01 -1.078745e+03 6.213958e+03 1.000000e+00
-2.696762e+01 -8.451531e+02 5.709981e+03 1.000000e+00
4.894077e+01 -1.028008e+03 4.127708e+03 1.000000e+00
4.505833e+01 -1.027739e+03 4.639284e+03 1.000000e+00
3.719857e+01 -1.073738e+03 4.828882e+03 1.000000e+00
2.738074e+01 -1.086930e+03 5.326892e+03 1.000000e+00
1.730038e+01 -1.243770e+03 5.309829e+03 1.000000e+00
5.633410e+00 -1.307903e+03 5.931543e+03 1.000000e+00
-7.575152e+00 -1.294637e+03 5.693186e+03 1.000000e+00
-2.248690e+01 -1.079347e+03 6.219603e+03 1.000000e+00
-3.683706e+01 -8.439800e+02 5.705488e+03 1.000000e+00
5.573454e+01 -1.033505e+03 4.145585e+03 1.000000e+00
4.970778e+01 -1.031506e+03 4.657828e+03 1.000000e+00
4.130862e+01 -1.079495e+03 4.846234e+03 1.000000e+00
3.073879e+01 -1.091087e+03 5.344116e+03 1.000000e+00
1.858626e+01 -1.246939e+03 5.322869e+03 1.000000e+00
4.284135e+00 -1.308452e+03 5.943870e+03 1.000000e+00
-1.160602e+01 -1.295181e+03 5.698306e+03 1.000000e+00
-2.822245e+01 -1.078881e+03 6.222640e+03 1.000000e+00
-4.477262e+01 -8.435196e+02 5.698428e+03 1.000000e+00
6.005165e+01 -1.037936e+03 4.165343e+03 1.000000e+00
5.416150e+01 -1.035290e+03 4.675927e+03 1.000000e+00
4.414188e+01 -1.081376e+03 4.865627e+03 1.000000e+00
3.126668e+01 -1.092647e+03 5.358901e+03 1.000000e+00
1.648430e+01 -1.249016e+03 5.338346e+03 1.000000e+00
7.834984e-01 -1.308237e+03 5.952709e+03 1.000000e+00
-1.483550e+01 -1.292827e+03 5.705580e+03 1.000000e+00
-3.243882e+01 -1.072227e+03 6.218533e+03 1.000000e+00
-4.917108e+01 -8.288618e+02 5.694010e+03 1.000000e+00
6.212784e+01 -1.042157e+03 4.184592e+03 1.000000e+00
5.514607e+01 -1.038336e+03 4.694915e+03 1.000000e+00
4.471905e+01 -1.084785e+03 4.883638e+03 1.000000e+00
3.174017e+01 -1.095866e+03 5.374589e+03 1.000000e+00
1.712298e+01 -1.250957e+03 5.351332e+03 1.000000e+00
-9.800895e-01 -1.309531e+03 5.961208e+03 1.000000e+00
-1.952369e+01 -1.291409e+03 5.709345e+03 1.000000e+00
-3.709269e+01 -1.069278e+03 6.215118e+03 1.000000e+00
-5.430978e+01 -8.236823e+02 5.686280e+03 1.000000e+00
6.232184e+01 -1.045526e+03 4.203688e+03 1.000000e+00
5.498757e+01 -1.042137e+03 4.713048e+03 1.000000e+00
4.443240e+01 -1.089200e+03 4.901921e+03 1.000000e+00
3.124499e+01 -1.099331e+03 5.389256e+03 1.000000e+00
1.609175e+01 -1.252268e+03 5.365033e+03 1.000000e+00
-1.779782e+00 -1.310707e+03 5.965839e+03 1.000000e+00
-1.988320e+01 -1.291489e+03 5.713274e+03 1.000000e+00
-3.813154e+01 -1.068392e+03 6.209666e+03 1.000000e+00
-5.467190e+01 -8.242195e+02 5.678401e+03 1.000000e+00
0.000000e+00 -1.379502e+03 3.859677e+03 1.000000e+00
0.000000e+00 -1.431286e+03 4.121419e+03 1.000000e+00
0.000000e+00 -1.412357e+03 4.465252e+03 1.000000e+00
0.000000e+00 -1.464222e+03 4.590529e+03 1.000000e+00
0.000000e+00 -1.556456e+03 4.894934e+03 1.000000e+00
0.000000e+00 -1.641164e+03 4.809860e+03 1.000000e+00
0.000000e+00 -1.459111e+03 5.018356e+03 1.000000e+00
0.000000e+00 -1.169050e+03 4.693610e+03 1.000000e+00
0.000000e+00 -6.406104e+02 4.686770e+03 1.000000e+00
1.323939e+01 -1.382118e+03 3.881462e+03 1.000000e+00
1.069750e+01 -1.450229e+03 4.102142e+03 1.000000e+00
9.238800e+00 -1.411834e+03 4.495664e+03 1.000000e+00
5.517272e+00 -1.479191e+03 4.554224e+03 1.000000e+00
-4.733406e-01 -1.553194e+03 4.957294e+03 1.000000e+00
-4.401577e+00 -1.656191e+03 4.741021e+03 1.000000e+00
-8.075628e+00 -1.451018e+03 5.097432e+03 1.000000e+00
-1.270208e+01 -1.172957e+03 4.612293e+03 1.000000e+00
-1.762442e+01 -6.216265e+02 4.771833e+03 1.000000e+00
2.340827e+01 -1.384633e+03 3.903884e+03 1.000000e+00
2.116580e+01 -1.464587e+03 4.092998e+03 1.000000e+00
1.592185e+01 -1.412250e+03 4.525022e+03 1.000000e+00
1.175507e+01 -1.489630e+03 4.532923e+03 1.000000e+00
5.383867e+00 -1.551626e+03 5.008978e+03 1.000000e+00
-4.676203e-01 -1.666066e+03 4.693022e+03 1.000000e+00
-1.240368e+01 -1.439877e+03 5.154623e+03 1.000000e+00
-2.313833e+01 -1.174365e+03 4.551692e+03 1.000000e+00
-3.403413e+01 -6.026535e+02 4.828512e+03 1.000000e+00
3.499181e+01 -1.394297e+03 3.911260e+03 1.000000e+00
3.134199e+01 -1.467182e+03 4.109642e+03 1.000000e+00
2.423759e+01 -1.422438e+03 4.529498e+03 1.000000e+00
1.461574e+01 -1.491157e+03 4.553903e+03 1.000000e+00
3.167109e+00 -1.560664e+03 5.000382e+03 1.000000e+00
-9.151976e+00 -1.664115e+03 4.718740e+03 1.000000e+00
-1.918516e+01 -1.441432e+03 5.132472e+03 1.000000e+00
-3.083644e+01 -1.172412e+03 4.571883e+03 1.000000e+00
-4.273250e+01 -6.014841e+02 4.792094e+03 1.000000e+00
4.222513e+01 -1.400605e+03 3.926524e+03 1.000000e+00
3.703271e+01 -1.472808e+03 4.122312e+03 1.000000e+00
2.903709e+01 -1.425931e+03 4.543243e+03 1.000000e+00
1.809750e+01 -1.491928e+03 4.562970e+03 1.000000e+00
4.595370e+00 -1.561820e+03 5.010442e+03 1.000000e+00
-9.721882e+00 -1.660630e+03 4.722107e+03 1.000000e+00
-2.405820e+01 -1.436877e+03 5.136489e+03 1.000000e+00
-3.823616e+01 -1.160341e+03 4.563647e+03 1.000000e+00
-5.199796e+01 -5.835310e+02 4.782276e+03 1.000000e+00
4.859911e+01 -1.404350e+03 3.941375e+03 1.000000e+00
4.103019e+01 -1.478707e+03 4.137284e+03 1.000000e+00
3.122434e+01 -1.428195e+03 4.557372e+03 1.000000e+00
1.921309e+01 -1.494251e+03 4.574147e+03 1.000000e+00
4.426618e+00 -1.562024e+03 5.020468e+03 1.000000e+00
-1.220734e+01 -1.659228e+03 4.725357e+03 1.000000e+00
-2.965669e+01 -1.429045e+03 5.135743e+03 1.000000e+00
-4.628282e+01 -1.147868e+03 4.555252e+03 1.000000e+00
-6.083820e+01 -5.627585e+02 4.769448e+03 1.000000e+00
5.192693e+01 -1.408338e+03 3.957076e+03 1.000000e+00
4.594327e+01 -1.482317e+03 4.153416e+03 1.000000e+00
3.421612e+01 -1.433610e+03 4.570040e+03 1.000000e+00
1.916692e+01 -1.499071e+03 4.587460e+03 1.000000e+00
1.703151e+00 -1.562276e+03 5.027583e+03 1.000000e+00
-1.598893e+01 -1.656937e+03 4.731359e+03 1.000000e+00
-3.284297e+01 -1.424229e+03 5.130328e+03 1.000000e+00
-4.973813e+01 -1.141122e+03 4.548358e+03 1.000000e+00
-6.647586e+01 -5.575964e+02 4.749352e+03 1.000000e+00
5.347232e+01 -1.412602e+03 3.973702e+03 1.000000e+00
4.534420e+01 -1.486276e+03 4.169053e+03 1.000000e+00
3.445124e+01 -1.435870e+03 4.583660e+03 1.000000e+00
2.071858e+01 -1.500259e+03 4.598838e+03 1.000000e+00
2.591513e+00 -1.561820e+03 5.034774e+03 1.000000e+00
-1.784538e+01 -1.652816e+03 4.733718e+03 1.000000e+00
-3.688905e+01 -1.417437e+03 5.126580e+03 1.000000e+00
-5.392031e+01 -1.129141e+03 4.537922e+03 1.000000e+00
-6.816132e+01 -5.401907e+02 4.731310e+03 1.000000e+00
5.376510e+01 -1.417519e+03 3.988896e+03 1.000000e+00
4.574881e+01 -1.489591e+03 4.184895e+03 1.000000e+00
3.419422e+01 -1.436507e+03 4.597004e+03 1.000000e+00
2.028065e+01 -1.499461e+03 4.610562e+03 1.000000e+00
2.082320e+00 -1.561105e+03 5.039472e+03 1.000000e+00
-1.830132e+01 -1.648632e+03 4.735865e+03 1.000000e+00
-3.774031e+01 -1.408644e+03 5.119524e+03 1.000000e+00
-5.508900e+01 -1.115173e+03 4.528368e+03 1.000000e+00
-6.997237e+01 -5.158939e+02 4.712390e+03 1.000000e+00
0.000000e+00 -1.734432e+03 3.424680e+03 1.000000e+00
0.000000e+00 -1.721536e+03 3.740695e+03 1.000000e+00
0.000000e+00 -1.725290e+03 3.870965e+03 1.000000e+00
0.000000e+00 -1.681229e+03 4.101917e+03 1.000000e+00
0.000000e+00 -1.781338e+03 4.026968e+03 1.000000e+00
0.000000e+00 -1.706633e+03 4.181356e+03 1.000000e+00
0.000000e+00 -1.454756e+03 3.842841e+03 1.000000e+00
0.000000e+00 -8.989548e+02 3.821183e+03 1.000000e+00
0.000000e+00 -2.387204e+02 3.239526e+03 1.000000e+00
9.534481e+00 -1.756632e+03 3.408278e+03 1.000000e+00
8.762964e+00 -1.722129e+03 3.765615e+03 1.000000e+00
6.111818e+00 -1.749763e+03 3.846164e+03 1.000000e+00
2.511866e+00 -1.683322e+03 4.142908e+03 1.000000e+00
-9.453626e-01 -1.804258e+03 3.968137e+03 1.000000e+00
-7.544254e+00 -1.702329e+03 4.252518e+03 1.000000e+00
-1.139278e+01 -1.473592e+03 3.767829e+03 1.000000e+00
-1.623703e+01 -8.932378e+02 3.899473e+03 1.000000e+00
-2.179318e+01 -2.508886e+02 3.150568e+03 1.000000e+00
2.010665e+01 -1.774120e+03 3.400043e+03 1.000000e+00
1.615490e+01 -1.722672e+03 3.789531e+03 1.000000e+00
1.246754e+01 -1.766611e+03 3.831766e+03 1.000000e+00
4.429430e+00 -1.684468e+03 4.177580e+03 1.000000e+00
-8.019400e-01 -1.816081e+03 3.927587e+03 1.000000e+00
-1.071222e+01 -1.691835e+03 4.305386e+03 1.000000e+00
-2.124141e+01 -1.480907e+03 3.709966e+03 1.000000e+00
-3.285484e+01 -8.755098e+02 3.951374e+03 1.000000e+00
-3.895914e+01 -2.455190e+02 3.081218e+03 1.000000e+00
2.853088e+01 -1.779125e+03 3.413921e+03 1.000000e+00
2.366421e+01 -1.735171e+03 3.792856e+03 1.000000e+00
1.641710e+01 -1.767595e+03 3.847636e+03 1.000000e+00
7.241176e+00 -1.693267e+03 4.173617e+03 1.000000e+00
-6.361728e+00 -1.809626e+03 3.948573e+03 1.000000e+00
-1.899806e+01 -1.690024e+03 4.286816e+03 1.000000e+00
-2.920758e+01 -1.464956e+03 3.727522e+03 1.000000e+00
-3.963406e+01 -8.552846e+02 3.918052e+03 1.000000e+00
-5.148177e+01 -2.121571e+02 3.093802e+03 1.000000e+00
3.445238e+01 -1.786640e+03 3.424277e+03 1.000000e+00
2.918211e+01 -1.741699e+03 3.804995e+03 1.000000e+00
2.068718e+01 -1.773906e+03 3.855738e+03 1.000000e+00
8.615641e+00 -1.698351e+03 4.181835e+03 1.000000e+00
-5.798885e+00 -1.807800e+03 3.949931e+03 1.000000e+00
-2.281882e+01 -1.685293e+03 4.289249e+03 1.000000e+00
-3.852551e+01 -1.453340e+03 3.720537e+03 1.000000e+00
-5.109199e+01 -8.420972e+02 3.910975e+03 1.000000e+00
-5.974520e+01 -1.941101e+02 3.075557e+03 1.000000e+00
3.996087e+01 -1.795074e+03 3.436063e+03 1.000000e+00
3.184073e+01 -1.744913e+03 3.817358e+03 1.000000e+00
2.189359e+01 -1.778491e+03 3.865149e+03 1.000000e+00
9.402734e+00 -1.698369e+03 4.189534e+03 1.000000e+00
-7.114850e+00 -1.804610e+03 3.952670e+03 1.000000e+00
-2.645120e+01 -1.676888e+03 4.287415e+03 1.000000e+00
-4.374562e+01 -1.444758e+03 3.712722e+03 1.000000e+00
-5.825472e+01 -8.283195e+02 3.900711e+03 1.000000e+00
-6.937572e+01 -1.767798e+02 3.059408e+03 1.000000e+00
4.233141e+01 -1.802053e+03 3.450362e+03 1.000000e+00
3.545663e+01 -1.750145e+03 3.828058e+03 1.000000e+00
2.380170e+01 -1.778259e+03 3.876406e+03 1.000000e+00
8.527086e+00 -1.693865e+03 4.194942e+03 1.000000e+00
-1.135539e+01 -1.800189e+03 3.957137e+03 1.000000e+00
-3.093304e+01 -1.668493e+03 4.284040e+03 1.000000e+00
-4.633524e+01 -1.429205e+03 3.708523e+03 1.000000e+00
-6.107409e+01 -8.051541e+02 3.883052e+03 1.000000e+00
-7.363793e+01 -1.418976e+02 3.044178e+03 1.000000e+00
4.428388e+01 -1.807257e+03 3.463244e+03 1.000000e+00
3.537317e+01 -1.753812e+03 3.840316e+03 1.000000e+00
2.429800e+01 -1.780005e+03 3.886301e+03 1.000000e+00
9.509273e+00 -1.692898e+03 4.201334e+03 1.000000e+00
-9.456840e+00 -1.795531e+03 3.959423e+03 1.000000e+00
-3.104531e+01 -1.660169e+03 4.281855e+03 1.000000e+00
-5.114156e+01 -1.415172e+03 3.700129e+03 1.000000e+00
-6.543315e+01 -7.871118e+02 3.868668e+03 1.000000e+00
-7.466375e+01 -1.182564e+02 3.025351e+03 1.000000e+00
4.402747e+01 -1.811034e+03 3.475497e+03 1.000000e+00
3.538129e+01 -1.757032e+03 3.852041e+03 1.000000e+00
2.355509e+01 -1.782804e+03 3.896320e+03 1.000000e+00
8.657003e+00 -1.694053e+03 4.206979e+03 1.000000e+00
-1.044413e+01 -1.789926e+03 3.962925e+03 1.000000e+00
-3.171741e+01 -1.649900e+03 4.275838e+03 1.000000e+00
-5.011578e+01 -1.402750e+03 3.691198e+03 1.000000e+00
-6.556393e+01 -7.711290e+02 3.853070e+03 1.000000e+00
-7.711755e+01 -1.020734e+02 3.007914e+03 1.000000e+00
0.000000e+00 -1.956679e+03 3.060714e+03 1.000000e+00
0.000000e+00 -1.991726e+03 3.193939e+03 1.000000e+00
0.000000e+00 -1.897920e+03 3.399036e+03 1.000000e+00
0.000000e+00 -1.876816e+03 3.373127e+03 1.000000e+00
0.000000e+00 -1.813902e+03 3.500144e+03 1.000000e+00
0.000000e+00 -1.704635e+03 3.202045e+03 1.000000e+00
0.000000e+00 -1.224573e+03 3.198323e+03 1.000000e+00
0.000000e+00 -6.185735e+02 2.676697e+03 1.000000e+00
0.000000e+00 3.118570e+02 2.543354e+03 1.000000e+00
8.898052e+00 -1.957365e+03 3.080659e+03 1.000000e+00
5.505454e+00 -2.019219e+03 3.173757e+03 1.000000e+00
3.487110e+00 -1.895478e+03 3.427155e+03 1.000000e+00
6.184465e-02 -1.900661e+03 3.336329e+03 1.000000e+00
-6.012854e+00 -1.808839e+03 3.558123e+03 1.000000e+00
-1.014232e+01 -1.725755e+03 3.133099e+03 1.000000e+00
-1.443818e+01 -1.210138e+03 3.271797e+03 1.000000e+00
-1.905606e+01 -6.228608e+02 2.594310e+03 1.000000e+00
-2.144853e+01 3.455037e+02 2.625510e+03 1.000000e+00
1.433783e+01 -1.958789e+03 3.099386e+03 1.000000e+00
1.186942e+01 -2.040577e+03 3.162167e+03 1.000000e+00
6.658175e+00 -1.894407e+03 3.451388e+03 1.000000e+00
1.455388e+00 -1.915828e+03 3.311072e+03 1.000000e+00
-6.313714e+00 -1.802300e+03 3.603719e+03 1.000000e+00
-1.379223e+01 -1.734630e+03 3.080500e+03 1.000000e+00
-2.496730e+01 -1.187296e+03 3.321885e+03 1.000000e+00
-3.160642e+01 -6.159512e+02 2.530748e+03 1.000000e+00
-3.995998e+01 3.802987e+02 2.675945e+03 1.000000e+00
2.269723e+01 -1.971829e+03 3.102329e+03 1.000000e+00
1.756388e+01 -2.042339e+03 3.174408e+03 1.000000e+00
9.847643e+00 -1.906552e+03 3.450318e+03 1.000000e+00
1.477780e-01 -1.913755e+03 3.325297e+03 1.000000e+00
-1.285291e+01 -1.807307e+03 3.590570e+03 1.000000e+00
-2.677092e+01 -1.722543e+03 3.097642e+03 1.000000e+00
-3.560230e+01 -1.179567e+03 3.295307e+03 1.000000e+00
-4.390438e+01 -5.977407e+02 2.545058e+03 1.000000e+00
-4.966780e+01 3.955794e+02 2.637431e+03 1.000000e+00
2.632420e+01 -1.978720e+03 3.112126e+03 1.000000e+00
2.081236e+01 -2.047656e+03 3.181611e+03 1.000000e+00
1.230807e+01 -1.909094e+03 3.457532e+03 1.000000e+00
4.641808e-01 -1.912212e+03 3.327658e+03 1.000000e+00
-1.519431e+01 -1.804310e+03 3.592992e+03 1.000000e+00
-3.123652e+01 -1.710941e+03 3.093244e+03 1.000000e+00
-4.454610e+01 -1.162317e+03 3.291477e+03 1.000000e+00
-5.509129e+01 -5.708639e+02 2.530877e+03 1.000000e+00
-6.236109e+01 4.293927e+02 2.627255e+03 1.000000e+00
3.105802e+01 -1.983042e+03 3.121116e+03 1.000000e+00
2.227154e+01 -2.055185e+03 3.190033e+03 1.000000e+00
1.184407e+01 -1.911238e+03 3.464258e+03 1.000000e+00
-3.150966e-02 -1.913007e+03 3.331519e+03 1.000000e+00
-1.552102e+01 -1.798506e+03 3.593526e+03 1.000000e+00
-3.362567e+01 -1.697345e+03 3.088439e+03 1.000000e+00
-4.944252e+01 -1.136419e+03 3.282600e+03 1.000000e+00
-6.168172e+01 -5.407559e+02 2.517859e+03 1.000000e+00
-7.023764e+01 4.639773e+02 2.611103e+03 1.000000e+00
3.280989e+01 -1.987111e+03 3.130791e+03 1.000000e+00
2.612970e+01 -2.057719e+03 3.199005e+03 1.000000e+00
1.498092e+01 -1.915037e+03 3.469704e+03 1.000000e+00
-3.258854e-01 -1.915468e+03 3.335864e+03 1.000000e+00
-2.017271e+01 -1.789297e+03 3.591972e+03 1.000000e+00
-3.841034e+01 -1.679414e+03 3.086868e+03 1.000000e+00
-5.326881e+01 -1.116707e+03 3.269877e+03 1.000000e+00
-6.453050e+01 -5.176915e+02 2.507403e+03 1.000000e+00
-7.119089e+01 4.861351e+02 2.590954e+03 1.000000e+00
3.388636e+01 -1.992372e+03 3.141229e+03 1.000000e+00
2.463585e+01 -2.060567e+03 3.207684e+03 1.000000e+00
1.339697e+01 -1.915474e+03 3.475855e+03 1.000000e+00
-2.943583e-01 -1.912577e+03 3.338849e+03 1.000000e+00
-1.867368e+01 -1.779604e+03 3.591620e+03 1.000000e+00
-4.068899e+01 -1.663101e+03 3.081262e+03 1.000000e+00
-5.785926e+01 -1.095440e+03 3.259995e+03 1.000000e+00
-6.975861e+01 -4.903543e+02 2.493142e+03 1.000000e+00
-7.777693e+01 5.174825e+02 2.574952e+03 1.000000e+00
3.401746e+01 -1.998369e+03 3.150146e+03 1.000000e+00
2.501019e+01 -2.064012e+03 3.216184e+03 1.000000e+00
1.334572e+01 -1.915264e+03 3.481553e+03 1.000000e+00
-8.739554e-01 -1.907007e+03 3.343332e+03 1.000000e+00
-2.003820e+01 -1.771344e+03 3.588803e+03 1.000000e+00
-4.031125e+01 -1.649730e+03 3.075132e+03 1.000000e+00
-5.689085e+01 -1.071971e+03 3.248204e+03 1.000000e+00
-6.913627e+01 -4.617628e+02 2.478991e+03 1.000000e+00
-7.682520e+01 5.534106e+02 2.556228e+03 1.000000e+00
0.000000e+00 -2.187895e+03 2.573552e+03 1.000000e+00
0.000000e+00 -2.118243e+03 2.763111e+03 1.000000e+00
0.000000e+00 -2.068427e+03 2.771204e+03 1.000000e+00
0.000000e+00 -1.904778e+03 2.880292e+03 1.000000e+00
0.000000e+00 -1.857134e+03 2.676240e+03 1.000000e+00
0.000000e+00 -1.532313e+03 2.705592e+03 1.000000e+00
0.000000e+00 -1.042921e+03 2.257522e+03 1.000000e+00
0.000000e+00 -1.861723e+02 2.186016e+03 1.000000e+00
0.000000e+00 7.333224e+02 1.604331e+03 1.000000e+00
4.833971e+00 -2.219562e+03 2.556671e+03 1.000000e+00
4.253477e+00 -2.116222e+03 2.786279e+03 1.000000e+00
2.029694e+00 -2.098650e+03 2.745953e+03 1.000000e+00
-1.337858e+00 -1.900994e+03 2.917781e+03 1.000000e+00
-5.111191e+00 -1.882289e+03 2.618341e+03 1.000000e+00
-1.048676e+01 -1.518702e+03 2.773194e+03 1.000000e+00
-1.238117e+01 -1.058277e+03 2.183856e+03 1.000000e+00
-1.544532e+01 -1.651318e+02 2.261702e+03 1.000000e+00
-1.815980e+01 7.245720e+02 1.518141e+03 1.000000e+00
1.092570e+01 -2.243345e+03 2.546156e+03 1.000000e+00
6.458971e+00 -2.114131e+03 2.806492e+03 1.000000e+00
2.588385e+00 -2.119329e+03 2.728768e+03 1.000000e+00
-3.746619e+00 -1.896784e+03 2.947619e+03 1.000000e+00
-8.303823e+00 -1.894018e+03 2.576066e+03 1.000000e+00
-1.726364e+01 -1.498944e+03 2.821776e+03 1.000000e+00
-2.439663e+01 -1.059507e+03 2.126548e+03 1.000000e+00
-3.195895e+01 -1.349982e+02 2.311048e+03 1.000000e+00
-3.618225e+01 7.350109e+02 1.450374e+03 1.000000e+00
1.649547e+01 -2.247710e+03 2.556741e+03 1.000000e+00
1.190189e+01 -2.128820e+03 2.804937e+03 1.000000e+00
4.243518e+00 -2.118586e+03 2.739754e+03 1.000000e+00
-4.032588e+00 -1.904844e+03 2.940116e+03 1.000000e+00
-1.745768e+01 -1.882757e+03 2.591422e+03 1.000000e+00
-2.960116e+01 -1.492211e+03 2.801548e+03 1.000000e+00
-3.788976e+01 -1.034004e+03 2.140650e+03 1.000000e+00
-4.454120e+01 -1.115966e+02 2.279339e+03 1.000000e+00
-4.863797e+01 7.730004e+02 1.464041e+03 1.000000e+00
1.868222e+01 -2.256123e+03 2.562733e+03 1.000000e+00
1.299909e+01 -2.135238e+03 2.811371e+03 1.000000e+00
5.788667e+00 -2.122404e+03 2.743031e+03 1.000000e+00
-5.396026e+00 -1.905021e+03 2.942417e+03 1.000000e+00
-1.903745e+01 -1.872779e+03 2.588019e+03 1.000000e+00
-3.396474e+01 -1.476499e+03 2.800594e+03 1.000000e+00
-4.451364e+01 -1.010960e+03 2.131695e+03 1.000000e+00
-5.103626e+01 -8.648380e+01 2.272758e+03 1.000000e+00
-5.435798e+01 7.998511e+02 1.449754e+03 1.000000e+00
2.316128e+01 -2.264092e+03 2.568448e+03 1.000000e+00
1.436197e+01 -2.136077e+03 2.817482e+03 1.000000e+00
3.962844e+00 -2.123578e+03 2.746252e+03 1.000000e+00
-7.680034e+00 -1.900352e+03 2.944248e+03 1.000000e+00
-2.136533e+01 -1.861651e+03 2.586846e+03 1.000000e+00
-3.780101e+01 -1.458642e+03 2.794229e+03 1.000000e+00
-5.125304e+01 -9.927747e+02 2.123757e+03 1.000000e+00
-5.933120e+01 -5.883430e+01 2.262887e+03 1.000000e+00
-6.271651e+01 8.340401e+02 1.438314e+03 1.000000e+00
2.312013e+01 -2.270823e+03 2.576730e+03 1.000000e+00
1.650383e+01 -2.140043e+03 2.821674e+03 1.000000e+00
6.358969e+00 -2.121122e+03 2.750444e+03 1.000000e+00
-7.478745e+00 -1.891631e+03 2.943496e+03 1.000000e+00
-2.685374e+01 -1.852616e+03 2.586790e+03 1.000000e+00
-4.311417e+01 -1.444572e+03 2.787565e+03 1.000000e+00
-5.332531e+01 -9.660746e+02 2.118568e+03 1.000000e+00
-6.300493e+01 -2.555238e+01 2.247082e+03 1.000000e+00
-6.987286e+01 8.746022e+02 1.429031e+03 1.000000e+00
2.483184e+01 -2.275252e+03 2.583555e+03 1.000000e+00
1.511654e+01 -2.142801e+03 2.827645e+03 1.000000e+00
4.848315e+00 -2.120266e+03 2.753671e+03 1.000000e+00
-7.819575e+00 -1.885758e+03 2.943855e+03 1.000000e+00
-2.387470e+01 -1.842104e+03 2.583937e+03 1.000000e+00
-4.268786e+01 -1.425240e+03 2.782572e+03 1.000000e+00
-5.830942e+01 -9.384572e+02 2.108877e+03 1.000000e+00
-6.615658e+01 5.260386e+00 2.235305e+03 1.000000e+00
-6.849487e+01 9.074788e+02 1.414673e+03 1.000000e+00
2.416085e+01 -2.277918e+03 2.589601e+03 1.000000e+00
1.549615e+01 -2.143688e+03 2.832873e+03 1.000000e+00
4.752352e+00 -2.118896e+03 2.756984e+03 1.000000e+00
-8.595638e+00 -1.882237e+03 2.944402e+03 1.000000e+00
-2.567307e+01 -1.828616e+03 2.582045e+03 1.000000e+00
-4.375029e+01 -1.401017e+03 2.773319e+03 1.000000e+00
-5.751173e+01 -9.142240e+02 2.098435e+03 1.000000e+00
-6.664462e+01 3.489366e+01 2.223126e+03 1.000000e+00
-7.072757e+01 9.395683e+02 1.402153e+03 1.000000e+00
0.000000e+00 -2.276720e+03 2.195031e+03 1.000000e+00
0.000000e+00 -2.275858e+03 2.215521e+03 1.000000e+00
0.000000e+00 -2.093296e+03 2.316314e+03 1.000000e+00
0.000000e+00 -1.985045e+03 2.198077e+03 1.000000e+00
0.000000e+00 -1.741716e+03 2.248441e+03 1.000000e+00
0.000000e+00 -1.439368e+03 1.891195e+03 1.000000e+00
0.000000e+00 -7.313622e+02 1.877246e+03 1.000000e+00
0.000000e+00 5.523948e+01 1.381659e+03 1.000000e+00
0.000000e+00 1.179368e+03 1.344923e+03 1.000000e+00
3.329597e+00 -2.274191e+03 2.212792e+03 1.000000e+00
8.249822e-01 -2.310972e+03 2.195924e+03 1.000000e+00
-9.997396e-02 -2.088892e+03 2.342382e+03 1.000000e+00
-1.932286e+00 -2.015426e+03 2.161778e+03 1.000000e+00
-6.980279e+00 -1.731589e+03 2.302799e+03 1.000000e+00
-8.996248e+00 -1.462597e+03 1.826037e+03 1.000000e+00
-1.034084e+01 -7.098480e+02 1.947874e+03 1.000000e+00
-1.382508e+01 4.829644e+01 1.301476e+03 1.000000e+00
-1.674922e+01 1.220107e+03 1.424116e+03 1.000000e+00
6.858604e+00 -2.272456e+03 2.228128e+03 1.000000e+00
4.448382e+00 -2.336109e+03 2.182710e+03 1.000000e+00
-1.289607e+00 -2.084815e+03 2.362563e+03 1.000000e+00
-5.597911e+00 -2.034517e+03 2.135757e+03 1.000000e+00
-1.061617e+01 -1.719401e+03 2.344640e+03 1.000000e+00
-1.581971e+01 -1.470302e+03 1.776076e+03 1.000000e+00
-2.368979e+01 -6.808772e+02 1.995939e+03 1.000000e+00
-2.665916e+01 5.616912e+01 1.240846e+03 1.000000e+00
-2.930148e+01 1.262943e+03 1.475943e+03 1.000000e+00
1.032251e+01 -2.287833e+03 2.227779e+03 1.000000e+00
5.560795e+00 -2.335890e+03 2.190819e+03 1.000000e+00
1.345198e-01 -2.096115e+03 2.358132e+03 1.000000e+00
-7.467855e+00 -2.028967e+03 2.145794e+03 1.000000e+00
-1.817828e+01 -1.720807e+03 2.330845e+03 1.000000e+00
-2.855059e+01 -1.449179e+03 1.790497e+03 1.000000e+00
-3.366389e+01 -6.663252e+02 1.972001e+03 1.000000e+00
-3.747603e+01 8.857687e+01 1.256527e+03 1.000000e+00
-3.994226e+01 1.289531e+03 1.444192e+03 1.000000e+00
1.212671e+01 -2.294815e+03 2.232264e+03 1.000000e+00
6.422945e+00 -2.341233e+03 2.194098e+03 1.000000e+00
-4.350512e-01 -2.097561e+03 2.361320e+03 1.000000e+00
-9.584993e+00 -2.024896e+03 2.144353e+03 1.000000e+00
-2.140893e+01 -1.712696e+03 2.330195e+03 1.000000e+00
-3.416037e+01 -1.430768e+03 1.784692e+03 1.000000e+00
-4.349678e+01 -6.417020e+02 1.969402e+03 1.000000e+00
-4.872941e+01 1.209643e+02 1.246006e+03 1.000000e+00
-4.972348e+01 1.327282e+03 1.439996e+03 1.000000e+00
1.487765e+01 -2.299049e+03 2.236528e+03 1.000000e+00
7.541882e+00 -2.347250e+03 2.197256e+03 1.000000e+00
-1.928308e+00 -2.097472e+03 2.362431e+03 1.000000e+00
-1.184137e+01 -2.021243e+03 2.144903e+03 1.000000e+00
-2.362400e+01 -1.701132e+03 2.327553e+03 1.000000e+00
-3.659528e+01 -1.409804e+03 1.779752e+03 1.000000e+00
-4.718499e+01 -6.087096e+02 1.960191e+03 1.000000e+00
-5.383482e+01 1.508070e+02 1.239160e+03 1.000000e+00
-5.552841e+01 1.357613e+03 1.432249e+03 1.000000e+00
1.413498e+01 -2.303469e+03 2.241418e+03 1.000000e+00
7.457582e+00 -2.348606e+03 2.200406e+03 1.000000e+00
-5.318106e-01 -2.097683e+03 2.363270e+03 1.000000e+00
-1.170905e+01 -2.017647e+03 2.144328e+03 1.000000e+00
-2.893314e+01 -1.683636e+03 2.322339e+03 1.000000e+00
-4.353581e+01 -1.381768e+03 1.777672e+03 1.000000e+00
-5.075069e+01 -5.813234e+02 1.951448e+03 1.000000e+00
-5.447578e+01 1.832600e+02 1.234677e+03 1.000000e+00
-5.740631e+01 1.389141e+03 1.418423e+03 1.000000e+00
1.582599e+01 -2.308608e+03 2.245947e+03 1.000000e+00
7.239623e+00 -2.349802e+03 2.203620e+03 1.000000e+00
-2.703397e+00 -2.095370e+03 2.364741e+03 1.000000e+00
-1.417688e+01 -2.010993e+03 2.142480e+03 1.000000e+00
-2.739303e+01 -1.667118e+03 2.319290e+03 1.000000e+00
-4.213550e+01 -1.358828e+03 1.771168e+03 1.000000e+00
-5.488242e+01 -5.541513e+02 1.945233e+03 1.000000e+00
-6.218428e+01 2.170898e+02 1.224780e+03 1.000000e+00
-6.275859e+01 1.425820e+03 1.409071e+03 1.000000e+00
1.518061e+01 -2.314187e+03 2.249399e+03 1.000000e+00
6.988437e+00 -2.351212e+03 2.206600e+03 1.000000e+00
-2.533100e+00 -2.092956e+03 2.364802e+03 1.000000e+00
-1.386807e+01 -2.002036e+03 2.142462e+03 1.000000e+00
-2.889598e+01 -1.654132e+03 2.315434e+03 1.000000e+00
-4.356623e+01 -1.340338e+03 1.764272e+03 1.000000e+00
-5.395668e+01 -5.226406e+02 1.934542e+03 1.000000e+00
-5.998610e+01 2.491655e+02 1.215111e+03 1.000000e+00
-6.178785e+01 1.459073e+03 1.399606e+03 1.000000e+00
0.000000e+00 -2.417942e+03 1.723933e+03 1.000000e+00
0.000000e+00 -2.285142e+03 1.813500e+03 1.000000e+00
0.000000e+00 -2.186428e+03 1.735699e+03 1.000000e+00
0.000000e+00 -1.913813e+03 1.779901e+03 1.000000e+00
0.000000e+00 -1.741427e+03 1.533379e+03 1.000000e+00
0.000000e+00 -1.224990e+03 1.563629e+03 1.000000e+00
0.000000e+00 -5.994888e+02 1.146167e+03 1.000000e+00
0.000000e+00 4.038199e+02 1.162311e+03 1.000000e+00
0.000000e+00 1.395658e+03 6.900529e+02 1.000000e+00
9.253901e-01 -2.455089e+03 1.707365e+03 1.000000e+00
3.285957e-01 -2.277858e+03 1.834295e+03 1.000000e+00
-1.202145e+00 -2.220604e+03 1.711608e+03 1.000000e+00
-2.689236e+00 -1.904499e+03 1.814906e+03 1.000000e+00
-3.763827e+00 -1.767552e+03 1.479385e+03 1.000000e+00
-7.205763e+00 -1.203844e+03 1.627085e+03 1.000000e+00
-8.107373e+00 -6.164682e+02 1.075661e+03 1.000000e+00
-9.128586e+00 4.353680e+02 1.236648e+03 1.000000e+00
-9.444504e+00 1.392564e+03 6.079238e+02 1.000000e+00
3.616667e+00 -2.483296e+03 1.695846e+03 1.000000e+00
-9.437601e-02 -2.272821e+03 1.850660e+03 1.000000e+00
-3.349785e+00 -2.243723e+03 1.694074e+03 1.000000e+00
-8.267112e+00 -1.894836e+03 1.841273e+03 1.000000e+00
-1.162617e+01 -1.780497e+03 1.439825e+03 1.000000e+00
-1.697474e+01 -1.179929e+03 1.673013e+03 1.000000e+00
-1.895166e+01 -6.168227e+02 1.023404e+03 1.000000e+00
-2.288254e+01 4.726656e+02 1.286650e+03 1.000000e+00
-2.464060e+01 1.402858e+03 5.466490e+02 1.000000e+00
5.263901e+00 -2.486515e+03 1.702900e+03 1.000000e+00
1.776621e+00 -2.288589e+03 1.846580e+03 1.000000e+00
-3.602949e+00 -2.241359e+03 1.701421e+03 1.000000e+00
-8.891843e+00 -1.901807e+03 1.832030e+03 1.000000e+00
-1.775168e+01 -1.767129e+03 1.452484e+03 1.000000e+00
-2.508611e+01 -1.173928e+03 1.654823e+03 1.000000e+00
-3.046681e+01 -5.882116e+02 1.038875e+03 1.000000e+00
-3.203381e+01 4.916120e+02 1.261835e+03 1.000000e+00
-3.132418e+01 1.437567e+03 5.652281e+02 1.000000e+00
5.980830e+00 -2.494136e+03 1.704667e+03 1.000000e+00
2.755317e-01 -2.292581e+03 1.848974e+03 1.000000e+00
-4.968816e+00 -2.243492e+03 1.701615e+03 1.000000e+00
-1.169131e+01 -1.898363e+03 1.832250e+03 1.000000e+00
-2.043848e+01 -1.751973e+03 1.447324e+03 1.000000e+00
-3.087059e+01 -1.152581e+03 1.653443e+03 1.000000e+00
-3.741402e+01 -5.612758e+02 1.032200e+03 1.000000e+00
-3.934770e+01 5.219642e+02 1.261578e+03 1.000000e+00
-3.882484e+01 1.469237e+03 5.581362e+02 1.000000e+00
7.393834e+00 -2.501828e+03 1.706499e+03 1.000000e+00
8.865854e-01 -2.293038e+03 1.850259e+03 1.000000e+00
-7.400799e+00 -2.243515e+03 1.701147e+03 1.000000e+00
-1.672372e+01 -1.892368e+03 1.831518e+03 1.000000e+00
-2.588315e+01 -1.737917e+03 1.446108e+03 1.000000e+00
-3.393270e+01 -1.129426e+03 1.648665e+03 1.000000e+00
-4.018904e+01 -5.348644e+02 1.028346e+03 1.000000e+00
-4.593995e+01 5.601959e+02 1.253247e+03 1.000000e+00
-4.783508e+01 1.507196e+03 5.532418e+02 1.000000e+00
6.890262e+00 -2.506568e+03 1.709198e+03 1.000000e+00
2.912326e-01 -2.295466e+03 1.850675e+03 1.000000e+00
-5.859175e+00 -2.239809e+03 1.701442e+03 1.000000e+00
-1.445708e+01 -1.883040e+03 1.828027e+03 1.000000e+00
-2.731234e+01 -1.725677e+03 1.445085e+03 1.000000e+00
-4.013689e+01 -1.110239e+03 1.642315e+03 1.000000e+00
-4.752633e+01 -5.040667e+02 1.025852e+03 1.000000e+00
-4.823304e+01 5.924012e+02 1.244650e+03 1.000000e+00
-4.559664e+01 1.545497e+03 5.505577e+02 1.000000e+00
7.358847e+00 -2.509243e+03 1.710956e+03 1.000000e+00
-8.926637e-02 -2.296276e+03 1.852052e+03 1.000000e+00
-8.916595e+00 -2.236678e+03 1.700740e+03 1.000000e+00
-1.846351e+01 -1.873317e+03 1.826257e+03 1.000000e+00
-2.882595e+01 -1.709968e+03 1.439975e+03 1.000000e+00
-3.949538e+01 -1.084600e+03 1.637798e+03 1.000000e+00
-4.685102e+01 -4.715653e+02 1.019405e+03 1.000000e+00
-5.155305e+01 6.267696e+02 1.240280e+03 1.000000e+00
-5.256466e+01 1.581359e+03 5.448688e+02 1.000000e+00
6.816286e+00 -2.511517e+03 1.713318e+03 1.000000e+00
-3.364027e-01 -2.295819e+03 1.852313e+03 1.000000e+00
-8.288438e+00 -2.232835e+03 1.699473e+03 1.000000e+00
-1.768608e+01 -1.866225e+03 1.824661e+03 1.000000e+00
-2.977695e+01 -1.692686e+03 1.436301e+03 1.000000e+00
-4.103609e+01 -1.055398e+03 1.632466e+03 1.000000e+00
-4.795544e+01 -4.409668e+02 1.012884e+03 1.000000e+00
-5.188969e+01 6.642343e+02 1.231188e+03 1.000000e+00
-5.206092e+01 1.617765e+03 5.391453e+02 1.000000e+00
