0 729 0.00000e+00
  1     729
-4.405147e+01 -1.785483e+03 -1.678227e+03 1.000000e+00
-4.401731e+01 -1.204697e+03 -1.886603e+03 1.000000e+00
-4.242439e+01 -1.249285e+03 -2.208519e+03 1.000000e+00
-3.977925e+01 -5.911364e+02 -2.346228e+03 1.000000e+00
-3.567873e+01 -5.293518e+02 -2.747357e+03 1.000000e+00
-2.980206e+01 3.113167e+02 -2.767606e+03 1.000000e+00
-2.089258e+01 5.018367e+02 -3.280982e+03 1.000000e+00
-1.104875e+01 1.422046e+03 -3.135477e+03 1.000000e+00
-7.999281e-01 1.626532e+03 -3.656915e+03 1.000000e+00
-4.244871e+01 -1.786456e+03 -1.689277e+03 1.000000e+00
-4.352785e+01 -1.201727e+03 -1.899075e+03 1.000000e+00
-4.286505e+01 -1.247260e+03 -2.220076e+03 1.000000e+00
-3.914328e+01 -5.857377e+02 -2.357243e+03 1.000000e+00
-3.384286e+01 -5.243440e+02 -2.757486e+03 1.000000e+00
-2.904716e+01 3.191684e+02 -2.778729e+03 1.000000e+00
-2.089401e+01 5.098210e+02 -3.284425e+03 1.000000e+00
-9.270625e+00 1.431518e+03 -3.140497e+03 1.000000e+00
1.263326e+00 1.636676e+03 -3.655783e+03 1.000000e+00
-4.062030e+01 -1.786041e+03 -1.700373e+03 1.000000e+00
-4.159350e+01 -1.201895e+03 -1.910586e+03 1.000000e+00
-4.066133e+01 -1.244602e+03 -2.231484e+03 1.000000e+00
-3.992766e+01 -5.822666e+02 -2.368406e+03 1.000000e+00
-3.757119e+01 -5.189367e+02 -2.767075e+03 1.000000e+00
-2.822667e+01 3.232355e+02 -2.786486e+03 1.000000e+00
-2.045824e+01 5.194683e+02 -3.292029e+03 1.000000e+00
-1.190061e+01 1.438325e+03 -3.143278e+03 1.000000e+00
-5.152362e-01 1.645200e+03 -3.657319e+03 1.000000e+00
-3.670937e+01 -1.786178e+03 -1.710753e+03 1.000000e+00
-3.815441e+01 -1.203000e+03 -1.920734e+03 1.000000e+00
-3.750173e+01 -1.242033e+03 -2.242317e+03 1.000000e+00
-3.467820e+01 -5.797970e+02 -2.379287e+03 1.000000e+00
-3.075411e+01 -5.123869e+02 -2.777150e+03 1.000000e+00
-2.819541e+01 3.279569e+02 -2.795037e+03 1.000000e+00
-1.848025e+01 5.297402e+02 -3.297604e+03 1.000000e+00
-7.517402e+00 1.443747e+03 -3.149053e+03 1.000000e+00
3.785134e-01 1.657675e+03 -3.658886e+03 1.000000e+00
-3.083474e+01 -1.789197e+03 -1.720351e+03 1.000000e+00
-3.264106e+01 -1.202563e+03 -1.929901e+03 1.000000e+00
-3.349950e+01 -1.242792e+03 -2.252615e+03 1.000000e+00
-3.343821e+01 -5.749838e+02 -2.387522e+03 1.000000e+00
-3.128848e+01 -5.122114e+02 -2.788803e+03 1.000000e+00
-2.408851e+01 3.378892e+02 -2.802460e+03 1.000000e+00
-1.807334e+01 5.315055e+02 -3.306505e+03 1.000000e+00
-1.180039e+01 1.458408e+03 -3.152099e+03 1.000000e+00
-1.690810e+00 1.660639e+03 -3.664120e+03 1.000000e+00
-2.514405e+01 -1.786473e+03 -1.726735e+03 1.000000e+00
-2.571855e+01 -1.210037e+03 -1.939406e+03 1.000000e+00
-2.586594e+01 -1.238023e+03 -2.259168e+03 1.000000e+00
-2.551396e+01 -5.789846e+02 -2.399050e+03 1.000000e+00
-2.274850e+01 -5.029055e+02 -2.791825e+03 1.000000e+00
-2.049820e+01 3.401208e+02 -2.816603e+03 1.000000e+00
-1.408918e+01 5.413360e+02 -3.308131e+03 1.000000e+00
-5.995173e+00 1.463370e+03 -3.165191e+03 1.000000e+00
-1.484640e-01 1.668388e+03 -3.659233e+03 1.000000e+00
-1.777023e+01 -1.802666e+03 -1.733898e+03 1.000000e+00
-1.805125e+01 -1.202017e+03 -1.943441e+03 1.000000e+00
-1.878928e+01 -1.249828e+03 -2.268039e+03 1.000000e+00
-1.896194e+01 -5.682355e+02 -2.403326e+03 1.000000e+00
-1.847346e+01 -5.077768e+02 -2.803478e+03 1.000000e+00
-1.553736e+01 3.536758e+02 -2.819202e+03 1.000000e+00
-1.256612e+01 5.428214e+02 -3.320419e+03 1.000000e+00
-8.610568e+00 1.474358e+03 -3.163294e+03 1.000000e+00
-3.486049e+00 1.674461e+03 -3.673074e+03 1.000000e+00
-9.513824e+00 -1.777972e+03 -1.737878e+03 1.000000e+00
-1.009551e+01 -1.235985e+03 -1.947651e+03 1.000000e+00
-9.192842e+00 -1.223340e+03 -2.270921e+03 1.000000e+00
-8.304114e+00 -5.962261e+02 -2.410113e+03 1.000000e+00
-7.846598e+00 -4.814799e+02 -2.807034e+03 1.000000e+00
-6.180769e+00 3.331249e+02 -2.825950e+03 1.000000e+00
-2.961403e+00 5.714966e+02 -3.322169e+03 1.000000e+00
-2.260149e+00 1.462086e+03 -3.173608e+03 1.000000e+00
7.886280e-02 1.702348e+03 -3.669989e+03 1.000000e+00
0.000000e+00 -1.736941e+03 -1.736020e+03 1.000000e+00
0.000000e+00 -1.288037e+03 -1.953336e+03 1.000000e+00
0.000000e+00 -1.181789e+03 -2.266115e+03 1.000000e+00
0.000000e+00 -6.438416e+02 -2.421035e+03 1.000000e+00
0.000000e+00 -4.384840e+02 -2.795681e+03 1.000000e+00
0.000000e+00 2.971017e+02 -2.844175e+03 1.000000e+00
0.000000e+00 6.128312e+02 -3.303344e+03 1.000000e+00
0.000000e+00 1.436312e+03 -3.201433e+03 1.000000e+00
0.000000e+00 1.743566e+03 -3.642228e+03 1.000000e+00
-4.420680e+01 -1.390179e+03 -1.687086e+03 1.000000e+00
-4.414792e+01 -1.476852e+03 -2.003167e+03 1.000000e+00
-4.255342e+01 -8.407498e+02 -2.189976e+03 1.000000e+00
-3.980157e+01 -8.588817e+02 -2.528339e+03 1.000000e+00
-3.563823e+01 -9.890363e+01 -2.625645e+03 1.000000e+00
-3.013032e+01 5.264178e+01 -3.093516e+03 1.000000e+00
-2.131881e+01 9.555064e+02 -3.079167e+03 1.000000e+00
-1.127434e+01 1.137005e+03 -3.600998e+03 1.000000e+00
-1.430907e+00 2.067808e+03 -3.384267e+03 1.000000e+00
-4.314151e+01 -1.390571e+03 -1.698305e+03 1.000000e+00
-4.343780e+01 -1.476011e+03 -2.015003e+03 1.000000e+00
-4.308675e+01 -8.362863e+02 -2.202845e+03 1.000000e+00
-4.007198e+01 -8.562974e+02 -2.538289e+03 1.000000e+00
-3.464676e+01 -9.401517e+01 -2.637991e+03 1.000000e+00
-2.939900e+01 5.882812e+01 -3.102613e+03 1.000000e+00
-2.141224e+01 9.632797e+02 -3.086212e+03 1.000000e+00
-1.063341e+01 1.143096e+03 -3.604066e+03 1.000000e+00
6.596425e-01 2.076424e+03 -3.386579e+03 1.000000e+00
-4.002436e+01 -1.391397e+03 -1.709475e+03 1.000000e+00
-4.187875e+01 -1.474531e+03 -2.026804e+03 1.000000e+00
-4.097352e+01 -8.344212e+02 -2.214351e+03 1.000000e+00
-3.956448e+01 -8.513927e+02 -2.549711e+03 1.000000e+00
-3.736778e+01 -8.911870e+01 -2.647673e+03 1.000000e+00
-2.855804e+01 6.662539e+01 -3.111299e+03 1.000000e+00
-2.034424e+01 9.683503e+02 -3.093634e+03 1.000000e+00
-1.107442e+01 1.154524e+03 -3.608671e+03 1.000000e+00
-1.583910e+00 2.084843e+03 -3.388993e+03 1.000000e+00
-3.728323e+01 -1.392995e+03 -1.720312e+03 1.000000e+00
-3.780186e+01 -1.473583e+03 -2.036849e+03 1.000000e+00
-3.767166e+01 -8.340913e+02 -2.225550e+03 1.000000e+00
-3.595801e+01 -8.477756e+02 -2.560472e+03 1.000000e+00
-3.171268e+01 -8.616751e+01 -2.658221e+03 1.000000e+00
-2.783894e+01 7.497550e+01 -3.119721e+03 1.000000e+00
-1.945296e+01 9.724846e+02 -3.101219e+03 1.000000e+00
-9.277986e+00 1.165970e+03 -3.613538e+03 1.000000e+00
1.999758e-02 2.088480e+03 -3.394291e+03 1.000000e+00
-3.055372e+01 -1.394426e+03 -1.728704e+03 1.000000e+00
-3.286635e+01 -1.475640e+03 -2.047372e+03 1.000000e+00
-3.335493e+01 -8.312937e+02 -2.234118e+03 1.000000e+00
-3.292300e+01 -8.471293e+02 -2.571535e+03 1.000000e+00
-3.140105e+01 -7.852650e+01 -2.666840e+03 1.000000e+00
-2.554175e+01 7.603183e+01 -3.131780e+03 1.000000e+00
-1.837221e+01 9.843067e+02 -3.106092e+03 1.000000e+00
-1.004729e+01 1.167381e+03 -3.621504e+03 1.000000e+00
-1.628622e+00 2.104346e+03 -3.395560e+03 1.000000e+00
-2.537786e+01 -1.402451e+03 -1.737207e+03 1.000000e+00
-2.491521e+01 -1.471211e+03 -2.054148e+03 1.000000e+00
-2.651452e+01 -8.379377e+02 -2.244754e+03 1.000000e+00
-2.734060e+01 -8.402803e+02 -2.577285e+03 1.000000e+00
-2.344116e+01 -7.893568e+01 -2.678906e+03 1.000000e+00
-1.944119e+01 8.547842e+01 -3.135003e+03 1.000000e+00
-1.391533e+01 9.897248e+02 -3.121359e+03 1.000000e+00
-7.632064e+00 1.176614e+03 -3.620893e+03 1.000000e+00
-1.494502e+00 2.110843e+03 -3.408985e+03 1.000000e+00
-1.757580e+01 -1.394222e+03 -1.742270e+03 1.000000e+00
-1.870890e+01 -1.485736e+03 -2.060876e+03 1.000000e+00
-1.831912e+01 -8.290400e+02 -2.250200e+03 1.000000e+00
-1.784690e+01 -8.495889e+02 -2.586704e+03 1.000000e+00
-1.876291e+01 -6.700638e+01 -2.683192e+03 1.000000e+00
-1.708412e+01 8.332960e+01 -3.147233e+03 1.000000e+00
-1.281407e+01 1.003457e+03 -3.122744e+03 1.000000e+00
-7.677780e+00 1.177870e+03 -3.634073e+03 1.000000e+00
-2.369064e+00 2.121791e+03 -3.406404e+03 1.000000e+00
-9.467952e+00 -1.428926e+03 -1.746505e+03 1.000000e+00
-9.273047e+00 -1.459980e+03 -2.064827e+03 1.000000e+00
-9.552576e+00 -8.605699e+02 -2.253511e+03 1.000000e+00
-9.045723e+00 -8.205952e+02 -2.592459e+03 1.000000e+00
-8.591853e+00 -9.031805e+01 -2.690256e+03 1.000000e+00
-5.861348e+00 1.111928e+02 -3.149854e+03 1.000000e+00
-3.202842e+00 9.861190e+02 -3.130033e+03 1.000000e+00
-2.278363e+00 1.206979e+03 -3.636655e+03 1.000000e+00
-5.067084e-01 2.115521e+03 -3.414060e+03 1.000000e+00
0.000000e+00 -1.483676e+03 -1.750846e+03 1.000000e+00
0.000000e+00 -1.417032e+03 -2.062464e+03 1.000000e+00
0.000000e+00 -9.117769e+02 -2.259754e+03 1.000000e+00
0.000000e+00 -7.792404e+02 -2.587261e+03 1.000000e+00
0.000000e+00 -1.352010e+02 -2.703652e+03 1.000000e+00
0.000000e+00 1.528190e+02 -3.135938e+03 1.000000e+00
0.000000e+00 9.533439e+02 -3.150125e+03 1.000000e+00
0.000000e+00 1.246586e+03 -3.618825e+03 1.000000e+00
0.000000e+00 2.092105e+03 -3.440057e+03 1.000000e+00
-4.418839e+01 -1.682049e+03 -1.775479e+03 1.000000e+00
-4.418394e+01 -1.065789e+03 -1.996787e+03 1.000000e+00
-4.261455e+01 -1.130253e+03 -2.311179e+03 1.000000e+00
-3.983902e+01 -4.363108e+02 -2.470059e+03 1.000000e+00
-3.509900e+01 -3.781304e+02 -2.856742e+03 1.000000e+00
-2.981512e+01 5.069922e+02 -2.929002e+03 1.000000e+00
-2.150432e+01 6.706241e+02 -3.428601e+03 1.000000e+00
-1.126852e+01 1.601184e+03 -3.362517e+03 1.000000e+00
-1.116122e+00 1.748916e+03 -3.882741e+03 1.000000e+00
-4.352565e+01 -1.682136e+03 -1.786908e+03 1.000000e+00
-4.383183e+01 -1.064296e+03 -2.008686e+03 1.000000e+00
-4.271896e+01 -1.127243e+03 -2.323458e+03 1.000000e+00
-4.071684e+01 -4.306941e+02 -2.481941e+03 1.000000e+00
-3.639727e+01 -3.754785e+02 -2.867394e+03 1.000000e+00
-3.025001e+01 5.139086e+02 -2.940081e+03 1.000000e+00
-2.194009e+01 6.774724e+02 -3.434403e+03 1.000000e+00
-1.206769e+01 1.609045e+03 -3.368845e+03 1.000000e+00
-1.449541e+00 1.754476e+03 -3.882769e+03 1.000000e+00
-3.956665e+01 -1.681165e+03 -1.797831e+03 1.000000e+00
-4.119603e+01 -1.063858e+03 -2.020980e+03 1.000000e+00
-4.150107e+01 -1.124764e+03 -2.334847e+03 1.000000e+00
-3.927415e+01 -4.268581e+02 -2.493664e+03 1.000000e+00
-3.514072e+01 -3.688475e+02 -2.877178e+03 1.000000e+00
-2.735764e+01 5.196519e+02 -2.949101e+03 1.000000e+00
-1.968146e+01 6.860885e+02 -3.442899e+03 1.000000e+00
-9.354263e+00 1.616189e+03 -3.372880e+03 1.000000e+00
4.870128e-01 1.764304e+03 -3.887803e+03 1.000000e+00
-3.779950e+01 -1.681544e+03 -1.808152e+03 1.000000e+00
-3.787643e+01 -1.064177e+03 -2.031499e+03 1.000000e+00
-3.749437e+01 -1.122859e+03 -2.346086e+03 1.000000e+00
-3.735230e+01 -4.254082e+02 -2.504491e+03 1.000000e+00
-3.430964e+01 -3.620688e+02 -2.887202e+03 1.000000e+00
-2.942791e+01 5.218726e+02 -2.959284e+03 1.000000e+00
-2.007589e+01 6.959825e+02 -3.448704e+03 1.000000e+00
-1.146824e+01 1.621336e+03 -3.381402e+03 1.000000e+00
-2.847867e+00 1.775924e+03 -3.890556e+03 1.000000e+00
-3.012722e+01 -1.684201e+03 -1.818066e+03 1.000000e+00
-3.245841e+01 -1.064154e+03 -2.040421e+03 1.000000e+00
-3.334529e+01 -1.123308e+03 -2.356244e+03 1.000000e+00
-3.168445e+01 -4.198462e+02 -2.513348e+03 1.000000e+00
-2.930754e+01 -3.605711e+02 -2.900227e+03 1.000000e+00
-2.412531e+01 5.316266e+02 -2.967078e+03 1.000000e+00
-1.833508e+01 6.978642e+02 -3.459099e+03 1.000000e+00
-8.164801e+00 1.633759e+03 -3.384446e+03 1.000000e+00
1.760843e+00 1.778670e+03 -3.897303e+03 1.000000e+00
-2.533671e+01 -1.680298e+03 -1.824193e+03 1.000000e+00
-2.444669e+01 -1.071526e+03 -2.050106e+03 1.000000e+00
-2.660914e+01 -1.117696e+03 -2.363700e+03 1.000000e+00
-2.983084e+01 -4.243465e+02 -2.524049e+03 1.000000e+00
-2.668171e+01 -3.524217e+02 -2.904702e+03 1.000000e+00
-2.054746e+01 5.340640e+02 -2.979776e+03 1.000000e+00
-1.332461e+01 7.081587e+02 -3.463451e+03 1.000000e+00
-9.051911e+00 1.639594e+03 -3.398054e+03 1.000000e+00
-4.917039e+00 1.786374e+03 -3.896676e+03 1.000000e+00
-1.782628e+01 -1.697161e+03 -1.831220e+03 1.000000e+00
-1.879990e+01 -1.063033e+03 -2.054338e+03 1.000000e+00
-1.812652e+01 -1.129155e+03 -2.372117e+03 1.000000e+00
-1.670650e+01 -4.146539e+02 -2.529579e+03 1.000000e+00
-1.652317e+01 -3.584668e+02 -2.914980e+03 1.000000e+00
-1.609759e+01 5.473325e+02 -2.984432e+03 1.000000e+00
-1.344205e+01 7.082776e+02 -3.474625e+03 1.000000e+00
-5.930375e+00 1.652428e+03 -3.400072e+03 1.000000e+00
6.092182e-01 1.790142e+03 -3.909242e+03 1.000000e+00
-9.050710e+00 -1.672088e+03 -1.835459e+03 1.000000e+00
-8.788654e+00 -1.096910e+03 -2.058418e+03 1.000000e+00
-9.566600e+00 -1.101866e+03 -2.375068e+03 1.000000e+00
-1.006143e+01 -4.427555e+02 -2.535731e+03 1.000000e+00
-9.994560e+00 -3.276128e+02 -2.921516e+03 1.000000e+00
-7.370203e+00 5.267971e+02 -2.989853e+03 1.000000e+00
-3.093975e+00 7.364145e+02 -3.478840e+03 1.000000e+00
-3.307731e+00 1.637364e+03 -3.406295e+03 1.000000e+00
-2.089609e+00 1.820007e+03 -3.911400e+03 1.000000e+00
0.000000e+00 -1.629130e+03 -1.833883e+03 1.000000e+00
0.000000e+00 -1.149801e+03 -2.063171e+03 1.000000e+00
0.000000e+00 -1.058483e+03 -2.372764e+03 1.000000e+00
0.000000e+00 -4.910843e+02 -2.543419e+03 1.000000e+00
0.000000e+00 -2.852808e+02 -2.914353e+03 1.000000e+00
0.000000e+00 4.858516e+02 -3.002380e+03 1.000000e+00
0.000000e+00 7.788117e+02 -3.465985e+03 1.000000e+00
0.000000e+00 1.608289e+03 -3.428814e+03 1.000000e+00
0.000000e+00 1.858244e+03 -3.890375e+03 1.000000e+00
-4.428493e+01 -1.270778e+03 -1.776216e+03 1.000000e+00
-4.407354e+01 -1.374191e+03 -2.084928e+03 1.000000e+00
-4.278828e+01 -7.079628e+02 -2.287076e+03 1.000000e+00
-4.004578e+01 -7.418830e+02 -2.608679e+03 1.000000e+00
-3.506787e+01 6.454898e+01 -2.742261e+03 1.000000e+00
-2.953460e+01 2.102311e+02 -3.182824e+03 1.000000e+00
-2.162479e+01 1.140506e+03 -3.235250e+03 1.000000e+00
-1.161633e+01 1.283932e+03 -3.728155e+03 1.000000e+00
-1.421649e+00 2.222340e+03 -3.607165e+03 1.000000e+00
-4.394270e+01 -1.272184e+03 -1.787560e+03 1.000000e+00
-4.380790e+01 -1.372017e+03 -2.096398e+03 1.000000e+00
-4.225315e+01 -7.034646e+02 -2.299848e+03 1.000000e+00
-4.007776e+01 -7.377007e+02 -2.620244e+03 1.000000e+00
-3.657882e+01 7.199789e+01 -2.754868e+03 1.000000e+00
-3.094628e+01 2.155445e+02 -3.192293e+03 1.000000e+00
-2.180711e+01 1.149321e+03 -3.243151e+03 1.000000e+00
-1.174269e+01 1.292080e+03 -3.733079e+03 1.000000e+00
-1.611084e+00 2.232148e+03 -3.610333e+03 1.000000e+00
-3.912213e+01 -1.273466e+03 -1.798254e+03 1.000000e+00
-4.075191e+01 -1.370108e+03 -2.108665e+03 1.000000e+00
-4.197456e+01 -7.016252e+02 -2.311686e+03 1.000000e+00
-4.044176e+01 -7.345984e+02 -2.631780e+03 1.000000e+00
-3.454531e+01 7.652770e+01 -2.764689e+03 1.000000e+00
-2.608074e+01 2.233323e+02 -3.201630e+03 1.000000e+00
-1.909349e+01 1.154878e+03 -3.251795e+03 1.000000e+00
-9.886874e+00 1.300706e+03 -3.738806e+03 1.000000e+00
7.048802e-01 2.238898e+03 -3.614147e+03 1.000000e+00
-3.781870e+01 -1.273502e+03 -1.809258e+03 1.000000e+00
-3.782699e+01 -1.369690e+03 -2.118784e+03 1.000000e+00
-3.711841e+01 -7.012529e+02 -2.323563e+03 1.000000e+00
-3.652867e+01 -7.298099e+02 -2.641589e+03 1.000000e+00
-3.477803e+01 7.999809e+01 -2.776476e+03 1.000000e+00
-3.083292e+01 2.318088e+02 -3.210316e+03 1.000000e+00
-2.034949e+01 1.157561e+03 -3.259909e+03 1.000000e+00
-1.021413e+01 1.313908e+03 -3.744560e+03 1.000000e+00
-2.984625e+00 2.242691e+03 -3.622107e+03 1.000000e+00
-3.022557e+01 -1.275147e+03 -1.818139e+03 1.000000e+00
-3.208381e+01 -1.371759e+03 -2.129036e+03 1.000000e+00
-3.329637e+01 -6.980980e+02 -2.331462e+03 1.000000e+00
-3.259672e+01 -7.291482e+02 -2.653877e+03 1.000000e+00
-2.905378e+01 8.729548e+01 -2.785211e+03 1.000000e+00
-2.223253e+01 2.342124e+02 -3.223451e+03 1.000000e+00
-1.812998e+01 1.168290e+03 -3.265428e+03 1.000000e+00
-9.126242e+00 1.316844e+03 -3.752942e+03 1.000000e+00
2.155305e+00 2.255252e+03 -3.625103e+03 1.000000e+00
-2.496886e+01 -1.283896e+03 -1.825707e+03 1.000000e+00
-2.353140e+01 -1.366324e+03 -2.136692e+03 1.000000e+00
-2.655862e+01 -7.044560e+02 -2.341907e+03 1.000000e+00
-3.010663e+01 -7.225818e+02 -2.660615e+03 1.000000e+00
-2.816341e+01 8.574741e+01 -2.795661e+03 1.000000e+00
-2.182186e+01 2.437270e+02 -3.227889e+03 1.000000e+00
-1.271422e+01 1.173186e+03 -3.279757e+03 1.000000e+00
-7.780203e+00 1.324750e+03 -3.756370e+03 1.000000e+00
-4.815575e+00 2.262317e+03 -3.637674e+03 1.000000e+00
-1.774509e+01 -1.273752e+03 -1.831687e+03 1.000000e+00
-1.923528e+01 -1.380930e+03 -2.142644e+03 1.000000e+00
-1.807823e+01 -6.953229e+02 -2.347979e+03 1.000000e+00
-1.717071e+01 -7.305221e+02 -2.669361e+03 1.000000e+00
-1.580411e+01 9.793539e+01 -2.801278e+03 1.000000e+00
-1.493009e+01 2.402548e+02 -3.239092e+03 1.000000e+00
-1.327278e+01 1.188312e+03 -3.282792e+03 1.000000e+00
-6.004668e+00 1.326788e+03 -3.768177e+03 1.000000e+00
1.436388e+00 2.276364e+03 -3.639144e+03 1.000000e+00
-8.925536e+00 -1.308957e+03 -1.835789e+03 1.000000e+00
-8.168575e+00 -1.355261e+03 -2.146973e+03 1.000000e+00
-9.411937e+00 -7.270985e+02 -2.350391e+03 1.000000e+00
-1.009194e+01 -7.019580e+02 -2.675946e+03 1.000000e+00
-1.040214e+01 7.279794e+01 -2.807242e+03 1.000000e+00
-8.170098e+00 2.704980e+02 -3.245478e+03 1.000000e+00
-3.906487e+00 1.169314e+03 -3.287941e+03 1.000000e+00
-3.175834e+00 1.353526e+03 -3.772495e+03 1.000000e+00
-2.505385e+00 2.265744e+03 -3.643663e+03 1.000000e+00
0.000000e+00 -1.364911e+03 -1.838576e+03 1.000000e+00
0.000000e+00 -1.310950e+03 -2.146098e+03 1.000000e+00
0.000000e+00 -7.780704e+02 -2.355581e+03 1.000000e+00
0.000000e+00 -6.567621e+02 -2.672461e+03 1.000000e+00
0.000000e+00 3.061577e+01 -2.817824e+03 1.000000e+00
0.000000e+00 3.146875e+02 -3.235736e+03 1.000000e+00
0.000000e+00 1.133894e+03 -3.302186e+03 1.000000e+00
0.000000e+00 1.395819e+03 -3.762454e+03 1.000000e+00
0.000000e+00 2.244941e+03 -3.661362e+03 1.000000e+00
-4.431287e+01 -1.597783e+03 -1.841057e+03 1.000000e+00
-4.394645e+01 -9.499257e+02 -2.075407e+03 1.000000e+00
-4.272947e+01 -1.032507e+03 -2.375683e+03 1.000000e+00
-4.009264e+01 -3.064695e+02 -2.555351e+03 1.000000e+00
-3.547301e+01 -2.525812e+02 -2.913987e+03 1.000000e+00
-2.948661e+01 6.742491e+02 -3.039729e+03 1.000000e+00
-2.148385e+01 8.183562e+02 -3.495445e+03 1.000000e+00
-1.179117e+01 1.766982e+03 -3.512943e+03 1.000000e+00
-2.166632e+00 1.871222e+03 -3.980871e+03 1.000000e+00
-4.380562e+01 -1.595858e+03 -1.852993e+03 1.000000e+00
-4.399846e+01 -9.494861e+02 -2.086497e+03 1.000000e+00
-4.155050e+01 -1.028174e+03 -2.388039e+03 1.000000e+00
-3.899498e+01 -3.004490e+02 -2.568206e+03 1.000000e+00
-3.551569e+01 -2.475239e+02 -2.925735e+03 1.000000e+00
-3.029226e+01 6.829928e+02 -3.051011e+03 1.000000e+00
-2.158285e+01 8.251334e+02 -3.501673e+03 1.000000e+00
-1.048622e+01 1.777897e+03 -3.519745e+03 1.000000e+00
-2.203958e-01 1.878323e+03 -3.983702e+03 1.000000e+00
-3.921288e+01 -1.594816e+03 -1.863625e+03 1.000000e+00
-4.013704e+01 -9.492637e+02 -2.098634e+03 1.000000e+00
-4.237590e+01 -1.025152e+03 -2.399971e+03 1.000000e+00
-4.176799e+01 -2.977908e+02 -2.580263e+03 1.000000e+00
-3.608150e+01 -2.432118e+02 -2.934814e+03 1.000000e+00
-2.565973e+01 6.893413e+02 -3.060408e+03 1.000000e+00
-1.878881e+01 8.326555e+02 -3.511297e+03 1.000000e+00
-1.087662e+01 1.785612e+03 -3.525095e+03 1.000000e+00
-1.350736e+00 1.884118e+03 -3.989645e+03 1.000000e+00
-3.737753e+01 -1.595545e+03 -1.873833e+03 1.000000e+00
-3.778473e+01 -9.490253e+02 -2.109673e+03 1.000000e+00
-3.670026e+01 -1.023122e+03 -2.410998e+03 1.000000e+00
-3.487355e+01 -2.958144e+02 -2.590934e+03 1.000000e+00
-3.262558e+01 -2.351331e+02 -2.945642e+03 1.000000e+00
-3.056824e+01 6.932100e+02 -3.070923e+03 1.000000e+00
-1.977623e+01 8.429783e+02 -3.517413e+03 1.000000e+00
-8.626641e+00 1.788936e+03 -3.534123e+03 1.000000e+00
4.884890e-01 1.898220e+03 -3.993141e+03 1.000000e+00
-3.068105e+01 -1.597863e+03 -1.884136e+03 1.000000e+00
-3.150062e+01 -9.485996e+02 -2.118213e+03 1.000000e+00
-3.328031e+01 -1.023308e+03 -2.420595e+03 1.000000e+00
-3.420414e+01 -2.907861e+02 -2.601068e+03 1.000000e+00
-3.136795e+01 -2.337726e+02 -2.958146e+03 1.000000e+00
-2.202004e+01 7.018745e+02 -3.079598e+03 1.000000e+00
-1.770626e+01 8.466915e+02 -3.527778e+03 1.000000e+00
-1.050659e+01 1.799957e+03 -3.538262e+03 1.000000e+00
-5.233010e-01 1.901748e+03 -4.001519e+03 1.000000e+00
-2.409645e+01 -1.593581e+03 -1.889952e+03 1.000000e+00
-2.278168e+01 -9.557300e+02 -2.127679e+03 1.000000e+00
-2.642041e+01 -1.017557e+03 -2.429232e+03 1.000000e+00
-2.942829e+01 -2.952596e+02 -2.610657e+03 1.000000e+00
-2.662654e+01 -2.249580e+02 -2.963387e+03 1.000000e+00
-2.146275e+01 7.036256e+02 -3.090447e+03 1.000000e+00
-1.219365e+01 8.562720e+02 -3.534472e+03 1.000000e+00
-5.876184e+00 1.806154e+03 -3.551292e+03 1.000000e+00
-1.563831e+00 1.908921e+03 -4.003877e+03 1.000000e+00
-1.795221e+01 -1.610135e+03 -1.896993e+03 1.000000e+00
-1.929449e+01 -9.462831e+02 -2.132629e+03 1.000000e+00
-1.818411e+01 -1.029360e+03 -2.436735e+03 1.000000e+00
-1.810867e+01 -2.838756e+02 -2.616612e+03 1.000000e+00
-1.771367e+01 -2.307048e+02 -2.973862e+03 1.000000e+00
-1.500717e+01 7.173546e+02 -3.095938e+03 1.000000e+00
-1.256882e+01 8.563096e+02 -3.544220e+03 1.000000e+00
-6.219496e+00 1.820208e+03 -3.554670e+03 1.000000e+00
-6.105046e-01 1.913621e+03 -4.015719e+03 1.000000e+00
-8.567233e+00 -1.585005e+03 -1.901345e+03 1.000000e+00
-7.677011e+00 -9.798103e+02 -2.136650e+03 1.000000e+00
-9.317199e+00 -1.002307e+03 -2.439566e+03 1.000000e+00
-9.906482e+00 -3.127285e+02 -2.622342e+03 1.000000e+00
-8.749473e+00 -2.010760e+02 -2.980770e+03 1.000000e+00
-8.249984e+00 6.951003e+02 -3.101687e+03 1.000000e+00
-4.446785e+00 8.861740e+02 -3.550778e+03 1.000000e+00
-3.410765e+00 1.803262e+03 -3.557955e+03 1.000000e+00
-8.336528e-01 1.941332e+03 -4.020588e+03 1.000000e+00
0.000000e+00 -1.540664e+03 -1.900035e+03 1.000000e+00
0.000000e+00 -1.033291e+03 -2.140673e+03 1.000000e+00
0.000000e+00 -9.584830e+02 -2.438862e+03 1.000000e+00
0.000000e+00 -3.602034e+02 -2.627122e+03 1.000000e+00
0.000000e+00 -1.515093e+02 -2.977635e+03 1.000000e+00
0.000000e+00 6.570673e+02 -3.111295e+03 1.000000e+00
0.000000e+00 9.294128e+02 -3.542924e+03 1.000000e+00
0.000000e+00 1.773993e+03 -3.573554e+03 1.000000e+00
0.000000e+00 1.985780e+03 -4.006248e+03 1.000000e+00
-4.430594e+01 -1.172566e+03 -1.840822e+03 1.000000e+00
-4.376557e+01 -1.291845e+03 -2.137098e+03 1.000000e+00
-4.249900e+01 -5.979127e+02 -2.355153e+03 1.000000e+00
-3.965359e+01 -6.456608e+02 -2.651820e+03 1.000000e+00
-3.572246e+01 2.007087e+02 -2.824725e+03 1.000000e+00
-2.938091e+01 3.423514e+02 -3.217000e+03 1.000000e+00
-2.118680e+01 1.297996e+03 -3.340960e+03 1.000000e+00
-1.134847e+01 1.413235e+03 -3.766629e+03 1.000000e+00
-2.383672e+00 2.367883e+03 -3.753560e+03 1.000000e+00
-4.385891e+01 -1.174318e+03 -1.852315e+03 1.000000e+00
-4.391555e+01 -1.288543e+03 -2.148411e+03 1.000000e+00
-4.149278e+01 -5.948464e+02 -2.367188e+03 1.000000e+00
-3.809678e+01 -6.409536e+02 -2.664865e+03 1.000000e+00
-3.488769e+01 2.070280e+02 -2.837675e+03 1.000000e+00
-2.941668e+01 3.472689e+02 -3.226798e+03 1.000000e+00
-2.103969e+01 1.308363e+03 -3.348791e+03 1.000000e+00
-1.008094e+01 1.420845e+03 -3.772451e+03 1.000000e+00
4.188955e-01 2.375963e+03 -3.758915e+03 1.000000e+00
-3.899374e+01 -1.175250e+03 -1.862638e+03 1.000000e+00
-3.973258e+01 -1.286071e+03 -2.160572e+03 1.000000e+00
-4.213568e+01 -5.930928e+02 -2.379146e+03 1.000000e+00
-4.218437e+01 -6.369128e+02 -2.677027e+03 1.000000e+00
-3.690906e+01 2.123583e+02 -2.846900e+03 1.000000e+00
-2.567007e+01 3.534926e+02 -3.235902e+03 1.000000e+00
-1.822560e+01 1.316386e+03 -3.358220e+03 1.000000e+00
-1.095675e+01 1.429346e+03 -3.779464e+03 1.000000e+00
-1.615047e+00 2.383573e+03 -3.763461e+03 1.000000e+00
-3.716828e+01 -1.174948e+03 -1.873389e+03 1.000000e+00
-3.772657e+01 -1.285442e+03 -2.170905e+03 1.000000e+00
-3.670284e+01 -5.925338e+02 -2.391104e+03 1.000000e+00
-3.415743e+01 -6.330645e+02 -2.686412e+03 1.000000e+00
-3.106643e+01 2.167782e+02 -2.859485e+03 1.000000e+00
-2.914920e+01 3.632719e+02 -3.244665e+03 1.000000e+00
-1.972006e+01 1.318396e+03 -3.367004e+03 1.000000e+00
-7.832354e+00 1.442023e+03 -3.785784e+03 1.000000e+00
2.440872e+00 2.387066e+03 -3.769562e+03 1.000000e+00
-3.077469e+01 -1.175982e+03 -1.882681e+03 1.000000e+00
-3.102483e+01 -1.286932e+03 -2.180583e+03 1.000000e+00
-3.265282e+01 -5.893110e+02 -2.399018e+03 1.000000e+00
-3.475838e+01 -6.323243e+02 -2.699214e+03 1.000000e+00
-3.318852e+01 2.229299e+02 -2.868600e+03 1.000000e+00
-2.262249e+01 3.664277e+02 -3.256745e+03 1.000000e+00
-1.678710e+01 1.327360e+03 -3.373953e+03 1.000000e+00
-1.025099e+01 1.447776e+03 -3.793741e+03 1.000000e+00
-1.904101e+00 2.397893e+03 -3.775022e+03 1.000000e+00
-2.370108e+01 -1.184527e+03 -1.889545e+03 1.000000e+00
-2.212663e+01 -1.281762e+03 -2.188653e+03 1.000000e+00
-2.674381e+01 -5.952407e+02 -2.409425e+03 1.000000e+00
-2.930080e+01 -6.246767e+02 -2.706316e+03 1.000000e+00
-2.509278e+01 2.218090e+02 -2.877363e+03 1.000000e+00
-2.043657e+01 3.768312e+02 -3.262607e+03 1.000000e+00
-1.147845e+01 1.332285e+03 -3.386533e+03 1.000000e+00
-5.448903e+00 1.456474e+03 -3.799890e+03 1.000000e+00
1.423714e-01 2.404853e+03 -3.786467e+03 1.000000e+00
-1.786564e+01 -1.174217e+03 -1.896302e+03 1.000000e+00
-1.921075e+01 -1.296404e+03 -2.194230e+03 1.000000e+00
-1.753963e+01 -5.846412e+02 -2.415838e+03 1.000000e+00
-1.871877e+01 -6.342083e+02 -2.714126e+03 1.000000e+00
-1.932613e+01 2.341796e+02 -2.884369e+03 1.000000e+00
-1.606946e+01 3.734594e+02 -3.272971e+03 1.000000e+00
-1.148878e+01 1.347311e+03 -3.390289e+03 1.000000e+00
-5.644851e+00 1.457066e+03 -3.810429e+03 1.000000e+00
-1.298939e+00 2.419288e+03 -3.789491e+03 1.000000e+00
-8.474942e+00 -1.209472e+03 -1.900353e+03 1.000000e+00
-7.264747e+00 -1.270071e+03 -2.198575e+03 1.000000e+00
-9.720951e+00 -6.158364e+02 -2.418351e+03 1.000000e+00
-9.778001e+00 -6.052378e+02 -2.720304e+03 1.000000e+00
-7.278660e+00 2.093474e+02 -2.890105e+03 1.000000e+00
-7.695523e+00 4.038358e+02 -3.280883e+03 1.000000e+00
-4.948466e+00 1.328642e+03 -3.395121e+03 1.000000e+00
-3.678800e+00 1.486902e+03 -3.814856e+03 1.000000e+00
-2.964834e-01 2.409758e+03 -3.792925e+03 1.000000e+00
0.000000e+00 -1.266408e+03 -1.901570e+03 1.000000e+00
0.000000e+00 -1.225186e+03 -2.199272e+03 1.000000e+00
0.000000e+00 -6.687103e+02 -2.422473e+03 1.000000e+00
0.000000e+00 -5.596160e+02 -2.717165e+03 1.000000e+00
0.000000e+00 1.679259e+02 -2.898543e+03 1.000000e+00
0.000000e+00 4.513656e+02 -3.277175e+03 1.000000e+00
0.000000e+00 1.293929e+03 -3.404787e+03 1.000000e+00
0.000000e+00 1.529489e+03 -3.808757e+03 1.000000e+00
0.000000e+00 2.387550e+03 -3.803451e+03 1.000000e+00
-4.418365e+01 -1.529942e+03 -1.883740e+03 1.000000e+00
-4.356395e+01 -8.566984e+02 -2.132249e+03 1.000000e+00
-4.208273e+01 -9.545402e+02 -2.411389e+03 1.000000e+00
-3.896029e+01 -2.008759e+02 -2.617147e+03 1.000000e+00
-3.533223e+01 -1.500593e+02 -2.931854e+03 1.000000e+00
-2.908089e+01 8.122333e+02 -3.121212e+03 1.000000e+00
-2.067175e+01 9.421702e+02 -3.501720e+03 1.000000e+00
-1.070972e+01 1.904639e+03 -3.617345e+03 1.000000e+00
-1.726598e+00 1.980168e+03 -3.982087e+03 1.000000e+00
-4.383308e+01 -1.527454e+03 -1.895410e+03 1.000000e+00
-4.392144e+01 -8.565607e+02 -2.143292e+03 1.000000e+00
-4.125885e+01 -9.493564e+02 -2.423362e+03 1.000000e+00
-3.798486e+01 -1.974029e+02 -2.630843e+03 1.000000e+00
-3.507410e+01 -1.459569e+02 -2.944198e+03 1.000000e+00
-2.886973e+01 8.204127e+02 -3.131773e+03 1.000000e+00
-2.043945e+01 9.483625e+02 -3.508334e+03 1.000000e+00
-1.010682e+01 1.915785e+03 -3.624912e+03 1.000000e+00
-1.625828e-01 1.983742e+03 -3.987349e+03 1.000000e+00
-3.878773e+01 -1.526149e+03 -1.905623e+03 1.000000e+00
-3.921055e+01 -8.563524e+02 -2.155312e+03 1.000000e+00
-4.178231e+01 -9.455692e+02 -2.435369e+03 1.000000e+00
-4.140284e+01 -1.943241e+02 -2.643161e+03 1.000000e+00
-3.622142e+01 -1.397265e+02 -2.953418e+03 1.000000e+00
-2.490524e+01 8.285150e+02 -3.140764e+03 1.000000e+00
-1.793481e+01 9.542345e+02 -3.518187e+03 1.000000e+00
-9.923457e+00 1.926101e+03 -3.630979e+03 1.000000e+00
1.390519e-01 1.991578e+03 -3.993762e+03 1.000000e+00
-3.697797e+01 -1.526522e+03 -1.915747e+03 1.000000e+00
-3.767493e+01 -8.558660e+02 -2.166349e+03 1.000000e+00
-3.688795e+01 -9.437784e+02 -2.446740e+03 1.000000e+00
-3.438670e+01 -1.924249e+02 -2.653083e+03 1.000000e+00
-3.091921e+01 -1.321404e+02 -2.965104e+03 1.000000e+00
-2.868954e+01 8.320911e+02 -3.151109e+03 1.000000e+00
-1.910501e+01 9.644838e+02 -3.525445e+03 1.000000e+00
-8.148235e+00 1.929171e+03 -3.639551e+03 1.000000e+00
2.268854e+00 2.005807e+03 -3.996176e+03 1.000000e+00
-3.083389e+01 -1.528349e+03 -1.925960e+03 1.000000e+00
-3.050895e+01 -8.551151e+02 -2.174881e+03 1.000000e+00
-3.174638e+01 -9.434821e+02 -2.455830e+03 1.000000e+00
-3.419853e+01 -1.879930e+02 -2.664510e+03 1.000000e+00
-3.313163e+01 -1.300122e+02 -2.976507e+03 1.000000e+00
-2.245296e+01 8.395001e+02 -3.160431e+03 1.000000e+00
-1.574987e+01 9.698444e+02 -3.535143e+03 1.000000e+00
-8.939652e+00 1.939445e+03 -3.645025e+03 1.000000e+00
-9.511941e-01 2.009640e+03 -4.004802e+03 1.000000e+00
-2.341176e+01 -1.524067e+03 -1.931849e+03 1.000000e+00
-2.172932e+01 -8.621239e+02 -2.183919e+03 1.000000e+00
-2.713364e+01 -9.372637e+02 -2.465104e+03 1.000000e+00
-2.994141e+01 -1.919449e+02 -2.673219e+03 1.000000e+00
-2.484128e+01 -1.203630e+02 -2.982490e+03 1.000000e+00
-1.992011e+01 8.423460e+02 -3.169478e+03 1.000000e+00
-1.058026e+01 9.800187e+02 -3.543616e+03 1.000000e+00
-5.958533e+00 1.945249e+03 -3.656257e+03 1.000000e+00
-9.466958e-02 2.019033e+03 -4.010049e+03 1.000000e+00
-1.782886e+01 -1.540710e+03 -1.938981e+03 1.000000e+00
-1.879224e+01 -8.514367e+02 -2.189093e+03 1.000000e+00
-1.696939e+01 -9.498678e+02 -2.472303e+03 1.000000e+00
-1.817266e+01 -1.797016e+02 -2.679521e+03 1.000000e+00
-1.981822e+01 -1.280930e+02 -2.992094e+03 1.000000e+00
-1.670802e+01 8.560410e+02 -3.176311e+03 1.000000e+00
-1.073321e+01 9.794972e+02 -3.551518e+03 1.000000e+00
-4.118652e+00 1.959581e+03 -3.661632e+03 1.000000e+00
-7.741406e-01 2.022302e+03 -4.019644e+03 1.000000e+00
-8.476805e+00 -1.514758e+03 -1.943521e+03 1.000000e+00
-7.141411e+00 -8.849119e+02 -2.192994e+03 1.000000e+00
-9.981909e+00 -9.221101e+02 -2.475229e+03 1.000000e+00
-1.012487e+01 -2.072727e+02 -2.685076e+03 1.000000e+00
-6.558910e+00 -9.739851e+01 -2.998700e+03 1.000000e+00
-7.284847e+00 8.346537e+02 -3.183802e+03 1.000000e+00
-4.959150e+00 1.010709e+03 -3.557524e+03 1.000000e+00
-4.255773e+00 1.945549e+03 -3.663597e+03 1.000000e+00
-6.218998e-01 2.052031e+03 -4.025913e+03 1.000000e+00
0.000000e+00 -1.469574e+03 -1.942603e+03 1.000000e+00
0.000000e+00 -9.396267e+02 -2.196375e+03 1.000000e+00
0.000000e+00 -8.771501e+02 -2.476120e+03 1.000000e+00
0.000000e+00 -2.567412e+02 -2.686558e+03 1.000000e+00
0.000000e+00 -5.002784e+01 -2.998810e+03 1.000000e+00
0.000000e+00 7.969658e+02 -3.191365e+03 1.000000e+00
0.000000e+00 1.056186e+03 -3.554698e+03 1.000000e+00
0.000000e+00 1.915839e+03 -3.672119e+03 1.000000e+00
0.000000e+00 2.094612e+03 -4.018222e+03 1.000000e+00
-4.404947e+01 -1.097266e+03 -1.888703e+03 1.000000e+00
-4.341938e+01 -1.225780e+03 -2.166614e+03 1.000000e+00
-4.178635e+01 -5.129583e+02 -2.405177e+03 1.000000e+00
-3.833814e+01 -5.696628e+02 -2.666446e+03 1.000000e+00
-3.464890e+01 3.068629e+02 -2.889958e+03 1.000000e+00
-2.864036e+01 4.483434e+02 -3.207354e+03 1.000000e+00
-2.015006e+01 1.422114e+03 -3.424316e+03 1.000000e+00
-1.028450e+01 1.520774e+03 -3.737979e+03 1.000000e+00
-7.110440e-01 2.482323e+03 -3.862427e+03 1.000000e+00
-4.381898e+01 -1.098407e+03 -1.900381e+03 1.000000e+00
-4.374565e+01 -1.221623e+03 -2.177428e+03 1.000000e+00
-4.109077e+01 -5.108010e+02 -2.417379e+03 1.000000e+00
-3.798895e+01 -5.649730e+02 -2.679999e+03 1.000000e+00
-3.546044e+01 3.125122e+02 -2.903023e+03 1.000000e+00
-2.872807e+01 4.535143e+02 -3.216634e+03 1.000000e+00
-1.959777e+01 1.433162e+03 -3.431784e+03 1.000000e+00
-1.009995e+01 1.527258e+03 -3.745058e+03 1.000000e+00
-6.280485e-01 2.491463e+03 -3.868790e+03 1.000000e+00
-3.858021e+01 -1.098874e+03 -1.910546e+03 1.000000e+00
-3.904022e+01 -1.219165e+03 -2.189365e+03 1.000000e+00
-4.138825e+01 -5.093267e+02 -2.429435e+03 1.000000e+00
-4.056123e+01 -5.603088e+02 -2.692295e+03 1.000000e+00
-3.479531e+01 3.189721e+02 -2.912390e+03 1.000000e+00
-2.400379e+01 4.596133e+02 -3.225705e+03 1.000000e+00
-1.759169e+01 1.442639e+03 -3.441320e+03 1.000000e+00
-9.236779e+00 1.534142e+03 -3.751777e+03 1.000000e+00
1.929721e+00 2.500724e+03 -3.873976e+03 1.000000e+00
-3.689023e+01 -1.098612e+03 -1.920748e+03 1.000000e+00
-3.746987e+01 -1.218498e+03 -2.200305e+03 1.000000e+00
-3.681260e+01 -5.080940e+02 -2.440952e+03 1.000000e+00
-3.462667e+01 -5.561199e+02 -2.701879e+03 1.000000e+00
-3.172024e+01 3.218846e+02 -2.924700e+03 1.000000e+00
-2.844911e+01 4.691256e+02 -3.235287e+03 1.000000e+00
-1.852723e+01 1.445324e+03 -3.449843e+03 1.000000e+00
-7.939620e+00 1.547136e+03 -3.759055e+03 1.000000e+00
1.444961e+00 2.503170e+03 -3.877630e+03 1.000000e+00
-3.083048e+01 -1.099001e+03 -1.930469e+03 1.000000e+00
-3.017140e+01 -1.219455e+03 -2.209367e+03 1.000000e+00
-3.112547e+01 -5.051823e+02 -2.449219e+03 1.000000e+00
-3.340047e+01 -5.550496e+02 -2.714542e+03 1.000000e+00
-3.206431e+01 3.277180e+02 -2.934690e+03 1.000000e+00
-2.170549e+01 4.737664e+02 -3.245999e+03 1.000000e+00
-1.502590e+01 1.453435e+03 -3.458099e+03 1.000000e+00
-8.200150e+00 1.553538e+03 -3.766269e+03 1.000000e+00
7.621787e-01 2.514169e+03 -3.884536e+03 1.000000e+00
-2.336514e+01 -1.107204e+03 -1.936895e+03 1.000000e+00
-2.127678e+01 -1.214221e+03 -2.217755e+03 1.000000e+00
-2.732670e+01 -5.107680e+02 -2.459292e+03 1.000000e+00
-3.045495e+01 -5.472832e+02 -2.721995e+03 1.000000e+00
-2.537502e+01 3.272338e+02 -2.942327e+03 1.000000e+00
-1.965799e+01 4.843411e+02 -3.252922e+03 1.000000e+00
-9.849477e+00 1.458277e+03 -3.469042e+03 1.000000e+00
-5.860553e+00 1.563436e+03 -3.774294e+03 1.000000e+00
-1.022309e+00 2.521388e+03 -3.893582e+03 1.000000e+00
-1.773703e+01 -1.096448e+03 -1.943814e+03 1.000000e+00
-1.856097e+01 -1.229054e+03 -2.223365e+03 1.000000e+00
-1.648779e+01 -4.987230e+02 -2.465914e+03 1.000000e+00
-1.758615e+01 -5.575697e+02 -2.729362e+03 1.000000e+00
-1.944983e+01 3.399132e+02 -2.950129e+03 1.000000e+00
-1.672640e+01 4.805377e+02 -3.262031e+03 1.000000e+00
-1.037080e+01 1.473443e+03 -3.473819e+03 1.000000e+00
-3.288191e+00 1.564536e+03 -3.783176e+03 1.000000e+00
3.318827e-01 2.535791e+03 -3.899202e+03 1.000000e+00
-8.550598e+00 -1.131498e+03 -1.948315e+03 1.000000e+00
-6.926571e+00 -1.202202e+03 -2.227444e+03 1.000000e+00
-1.027117e+01 -5.296400e+02 -2.468613e+03 1.000000e+00
-1.027189e+01 -5.283972e+02 -2.735129e+03 1.000000e+00
-6.449850e+00 3.159025e+02 -2.956267e+03 1.000000e+00
-7.000815e+00 5.117478e+02 -3.270779e+03 1.000000e+00
-4.941833e+00 1.455559e+03 -3.478811e+03 1.000000e+00
-4.126332e+00 1.595045e+03 -3.785664e+03 1.000000e+00
-1.267874e+00 2.528011e+03 -3.904208e+03 1.000000e+00
0.000000e+00 -1.188878e+03 -1.948735e+03 1.000000e+00
0.000000e+00 -1.156074e+03 -2.229173e+03 1.000000e+00
0.000000e+00 -5.822473e+02 -2.471887e+03 1.000000e+00
0.000000e+00 -4.822675e+02 -2.732820e+03 1.000000e+00
0.000000e+00 2.718084e+02 -2.961673e+03 1.000000e+00
0.000000e+00 5.585112e+02 -3.271825e+03 1.000000e+00
0.000000e+00 1.422630e+03 -3.484167e+03 1.000000e+00
0.000000e+00 1.640279e+03 -3.784111e+03 1.000000e+00
0.000000e+00 2.505428e+03 -3.908358e+03 1.000000e+00
-4.385214e+01 -1.474640e+03 -1.907974e+03 1.000000e+00
-4.323685e+01 -7.884678e+02 -2.175181e+03 1.000000e+00
-4.150054e+01 -8.916362e+02 -2.425395e+03 1.000000e+00
-3.784771e+01 -1.244376e+02 -2.666837e+03 1.000000e+00
-3.393086e+01 -6.821839e+01 -2.917675e+03 1.000000e+00
-2.805494e+01 9.145830e+02 -3.192871e+03 1.000000e+00
-1.965604e+01 1.038693e+03 -3.459678e+03 1.000000e+00
-9.852732e+00 2.009315e+03 -3.708720e+03 1.000000e+00
2.360912e-02 2.069762e+03 -3.907984e+03 1.000000e+00
-4.363184e+01 -1.471287e+03 -1.919545e+03 1.000000e+00
-4.349809e+01 -7.884047e+02 -2.186058e+03 1.000000e+00
-4.069576e+01 -8.864540e+02 -2.437412e+03 1.000000e+00
-3.774937e+01 -1.208116e+02 -2.680821e+03 1.000000e+00
-3.549186e+01 -6.335027e+01 -2.930263e+03 1.000000e+00
-2.837586e+01 9.241259e+02 -3.202313e+03 1.000000e+00
-1.891504e+01 1.044593e+03 -3.466732e+03 1.000000e+00
-9.403666e+00 2.021194e+03 -3.715930e+03 1.000000e+00
-4.982320e-01 2.074960e+03 -3.914607e+03 1.000000e+00
-3.847785e+01 -1.469904e+03 -1.929740e+03 1.000000e+00
-3.890950e+01 -7.883164e+02 -2.197951e+03 1.000000e+00
-4.114232e+01 -8.824556e+02 -2.449451e+03 1.000000e+00
-3.988355e+01 -1.177360e+02 -2.693193e+03 1.000000e+00
-3.363145e+01 -5.788874e+01 -2.939596e+03 1.000000e+00
-2.306607e+01 9.328521e+02 -3.211417e+03 1.000000e+00
-1.730971e+01 1.050323e+03 -3.476450e+03 1.000000e+00
-8.967483e+00 2.030939e+03 -3.722200e+03 1.000000e+00
2.853494e+00 2.081683e+03 -3.920157e+03 1.000000e+00
-3.670845e+01 -1.470585e+03 -1.939933e+03 1.000000e+00
-3.707991e+01 -7.875472e+02 -2.208842e+03 1.000000e+00
-3.642767e+01 -8.797790e+02 -2.461044e+03 1.000000e+00
-3.447187e+01 -1.158042e+02 -2.702680e+03 1.000000e+00
-3.203770e+01 -5.081749e+01 -2.952099e+03 1.000000e+00
-2.833059e+01 9.358021e+02 -3.220961e+03 1.000000e+00
-1.769026e+01 1.062610e+03 -3.484798e+03 1.000000e+00
-7.200233e+00 2.033726e+03 -3.730047e+03 1.000000e+00
1.445949e+00 2.095690e+03 -3.922923e+03 1.000000e+00
-3.083990e+01 -1.472190e+03 -1.949720e+03 1.000000e+00
-2.995542e+01 -7.865059e+02 -2.217781e+03 1.000000e+00
-3.083018e+01 -8.796538e+02 -2.469440e+03 1.000000e+00
-3.276272e+01 -1.114886e+02 -2.715150e+03 1.000000e+00
-3.103378e+01 -4.784542e+01 -2.962564e+03 1.000000e+00
-2.082734e+01 9.430790e+02 -3.231086e+03 1.000000e+00
-1.470418e+01 1.069088e+03 -3.493693e+03 1.000000e+00
-7.993903e+00 2.043313e+03 -3.736719e+03 1.000000e+00
1.544845e+00 2.100380e+03 -3.930401e+03 1.000000e+00
-2.325587e+01 -1.467650e+03 -1.956016e+03 1.000000e+00
-2.093042e+01 -7.933818e+02 -2.226362e+03 1.000000e+00
-2.712947e+01 -8.730850e+02 -2.479285e+03 1.000000e+00
-3.046722e+01 -1.151451e+02 -2.722901e+03 1.000000e+00
-2.574145e+01 -3.869371e+01 -2.969653e+03 1.000000e+00
-1.946920e+01 9.453344e+02 -3.238764e+03 1.000000e+00
-9.150116e+00 1.079321e+03 -3.503780e+03 1.000000e+00
-5.277931e+00 2.049379e+03 -3.745517e+03 1.000000e+00
-1.050837e+00 2.110114e+03 -3.938221e+03 1.000000e+00
-1.773565e+01 -1.484088e+03 -1.963117e+03 1.000000e+00
-1.839082e+01 -7.818760e+02 -2.231845e+03 1.000000e+00
-1.635202e+01 -8.858446e+02 -2.486218e+03 1.000000e+00
-1.710471e+01 -1.022171e+02 -2.729770e+03 1.000000e+00
-1.885501e+01 -4.573945e+01 -2.978352e+03 1.000000e+00
-1.634304e+01 9.593337e+02 -3.246711e+03 1.000000e+00
-1.030861e+01 1.079252e+03 -3.509508e+03 1.000000e+00
-3.095840e+00 2.064839e+03 -3.753253e+03 1.000000e+00
7.089082e-01 2.113500e+03 -3.945273e+03 1.000000e+00
-8.602947e+00 -1.457668e+03 -1.967532e+03 1.000000e+00
-6.791161e+00 -8.149147e+02 -2.236136e+03 1.000000e+00
-1.024314e+01 -8.582054e+02 -2.488771e+03 1.000000e+00
-1.032534e+01 -1.301211e+02 -2.735520e+03 1.000000e+00
-6.546579e+00 -1.552568e+01 -2.984572e+03 1.000000e+00
-6.773114e+00 9.384428e+02 -3.255537e+03 1.000000e+00
-4.761563e+00 1.111074e+03 -3.514565e+03 1.000000e+00
-3.759572e+00 2.051272e+03 -3.755548e+03 1.000000e+00
-1.254578e+00 2.141531e+03 -3.950270e+03 1.000000e+00
0.000000e+00 -1.411664e+03 -1.967349e+03 1.000000e+00
0.000000e+00 -8.695716e+02 -2.238570e+03 1.000000e+00
0.000000e+00 -8.114397e+02 -2.491222e+03 1.000000e+00
0.000000e+00 -1.790480e+02 -2.734429e+03 1.000000e+00
0.000000e+00 3.059603e+01 -2.987908e+03 1.000000e+00
0.000000e+00 9.001613e+02 -3.259106e+03 1.000000e+00
0.000000e+00 1.157983e+03 -3.516802e+03 1.000000e+00
0.000000e+00 2.024356e+03 -3.757450e+03 1.000000e+00
0.000000e+00 2.185429e+03 -3.950458e+03 1.000000e+00
