0 729 0.00000e+00
  1     729
0.000000e+00 0.000000e+00 6.350602e+03 8.571537e-01
0.000000e+00 0.000000e+00 5.579369e+03 7.399081e-01
0.000000e+00 0.000000e+00 4.717297e+03 5.967547e-01
0.000000e+00 0.000000e+00 3.858533e+03 4.469133e-01
0.000000e+00 0.000000e+00 2.933186e+03 3.077485e-01
0.000000e+00 0.000000e+00 2.073451e+03 1.891254e-01
0.000000e+00 0.000000e+00 1.177924e+03 9.748217e-02
0.000000e+00 0.000000e+00 5.357850e+02 3.527858e-02
0.000000e+00 0.000000e+00 0.000000e+00 0.000000e+00
-2.911433e+01 0.000000e+00 6.354402e+03 8.571537e-01
-3.109065e+01 0.000000e+00 5.581929e+03 7.399081e-01
-3.158391e+01 0.000000e+00 4.713596e+03 5.967547e-01
-3.014084e+01 0.000000e+00 3.854515e+03 4.469133e-01
-2.645146e+01 0.000000e+00 2.923020e+03 3.077485e-01
-2.052580e+01 0.000000e+00 2.065679e+03 1.891254e-01
-1.290503e+01 0.000000e+00 1.168254e+03 9.748217e-02
-5.608510e+00 0.000000e+00 5.300128e+02 3.527858e-02
0.000000e+00 0.000000e+00 0.000000e+00 0.000000e+00
-5.193731e+01 0.000000e+00 6.352034e+03 8.571537e-01
-5.055841e+01 0.000000e+00 5.574257e+03 7.399081e-01
-4.689795e+01 0.000000e+00 4.701459e+03 5.967547e-01
-4.132832e+01 0.000000e+00 3.839491e+03 4.469133e-01
-3.322232e+01 0.000000e+00 2.908943e+03 3.077485e-01
-2.374371e+01 0.000000e+00 2.052215e+03 1.891254e-01
-1.373362e+01 0.000000e+00 1.161386e+03 9.748217e-02
-5.294133e+00 0.000000e+00 5.257376e+02 3.527858e-02
0.000000e+00 0.000000e+00 0.000000e+00 0.000000e+00
-6.221848e+01 0.000000e+00 6.340034e+03 8.571537e-01
-5.746490e+01 0.000000e+00 5.559588e+03 7.399081e-01
-5.208426e+01 0.000000e+00 4.687143e+03 5.967547e-01
-4.434059e+01 0.000000e+00 3.825298e+03 4.469133e-01
-3.497240e+01 0.000000e+00 2.899249e+03 3.077485e-01
-2.440833e+01 0.000000e+00 2.044425e+03 1.891254e-01
-1.429840e+01 0.000000e+00 1.158632e+03 9.748217e-02
-5.738729e+00 0.000000e+00 5.288951e+02 3.527858e-02
0.000000e+00 0.000000e+00 0.000000e+00 0.000000e+00
-6.463804e+01 0.000000e+00 6.325882e+03 8.571537e-01
-6.055706e+01 0.000000e+00 5.543449e+03 7.399081e-01
-5.443546e+01 0.000000e+00 4.670683e+03 5.967547e-01
-4.658026e+01 0.000000e+00 3.809162e+03 4.469133e-01
-3.696524e+01 0.000000e+00 2.883509e+03 3.077485e-01
-2.638323e+01 0.000000e+00 2.031593e+03 1.891254e-01
-1.537650e+01 0.000000e+00 1.148094e+03 9.748217e-02
-6.262167e+00 0.000000e+00 5.223336e+02 3.527858e-02
0.000000e+00 0.000000e+00 0.000000e+00 0.000000e+00
-6.518112e+01 0.000000e+00 6.310739e+03 8.571537e-01
-6.039956e+01 0.000000e+00 5.525756e+03 7.399081e-01
-5.433384e+01 0.000000e+00 4.653916e+03 5.967547e-01
-4.601007e+01 0.000000e+00 3.791340e+03 4.469133e-01
-3.602673e+01 0.000000e+00 2.868058e+03 3.077485e-01
-2.500988e+01 0.000000e+00 2.018824e+03 1.891254e-01
-1.444026e+01 0.000000e+00 1.139955e+03 9.748217e-02
-5.610589e+00 0.000000e+00 5.172604e+02 3.527858e-02
0.000000e+00 0.000000e+00 0.000000e+00 0.000000e+00
-6.476490e+01 0.000000e+00 6.296174e+03 8.571537e-01
-5.949012e+01 0.000000e+00 5.511751e+03 7.399081e-01
-5.329042e+01 0.000000e+00 4.638014e+03 5.967547e-01
-4.517898e+01 0.000000e+00 3.778702e+03 4.469133e-01
-3.530174e+01 0.000000e+00 2.855662e+03 3.077485e-01
-2.473082e+01 0.000000e+00 2.011277e+03 1.891254e-01
-1.420136e+01 0.000000e+00 1.133795e+03 9.748217e-02
-5.734785e+00 0.000000e+00 5.166854e+02 3.527858e-02
0.000000e+00 0.000000e+00 0.000000e+00 0.000000e+00
-6.265401e+01 0.000000e+00 6.282252e+03 8.571537e-01
-5.829582e+01 0.000000e+00 5.496411e+03 7.399081e-01
-5.219366e+01 0.000000e+00 4.623834e+03 5.967547e-01
-4.397880e+01 0.000000e+00 3.765238e+03 4.469133e-01
-3.428593e+01 0.000000e+00 2.844653e+03 3.077485e-01
-2.379966e+01 0.000000e+00 2.000696e+03 1.891254e-01
-1.376536e+01 0.000000e+00 1.128113e+03 9.748217e-02
-5.399971e+00 0.000000e+00 5.129569e+02 3.527858e-02
0.000000e+00 0.000000e+00 0.000000e+00 0.000000e+00
-6.101197e+01 0.000000e+00 6.269096e+03 8.571537e-01
-5.625126e+01 0.000000e+00 5.481122e+03 7.399081e-01
-5.029712e+01 0.000000e+00 4.610569e+03 5.967547e-01
-4.257442e+01 0.000000e+00 3.751935e+03 4.469133e-01
-3.337148e+01 0.000000e+00 2.834422e+03 3.077485e-01
-2.328841e+01 0.000000e+00 1.992435e+03 1.891254e-01
-1.337722e+01 0.000000e+00 1.124035e+03 9.748217e-02
-5.263190e+00 0.000000e+00 5.130878e+02 3.527858e-02
0.000000e+00 0.000000e+00 0.000000e+00 0.000000e+00
0.000000e+00 3.403165e+03 3.934306e+03 8.571537e-01
0.000000e+00 4.114256e+03 3.093175e+03 7.399081e-01
0.000000e+00 4.861513e+03 2.325699e+03 5.967547e-01
0.000000e+00 5.714041e+03 1.594453e+03 4.469133e-01
0.000000e+00 6.685784e+03 1.015221e+03 3.077485e-01
0.000000e+00 7.721107e+03 4.953594e+02 1.891254e-01
0.000000e+00 8.728340e+03 2.200497e+02 9.748217e-02
0.000000e+00 9.552443e+03 -7.829008e+00 3.527858e-02
0.000000e+00 1.009424e+04 0.000000e+00 0.000000e+00
-2.961435e+01 3.438705e+03 3.929034e+03 8.571537e-01
-2.684430e+01 4.151549e+03 3.083610e+03 7.399081e-01
-2.327663e+01 4.900514e+03 2.318625e+03 5.967547e-01
-1.891588e+01 5.752725e+03 1.585289e+03 4.469133e-01
-1.386536e+01 6.721153e+03 1.011466e+03 3.077485e-01
-8.721356e+00 7.749414e+03 4.912125e+02 1.891254e-01
-4.391197e+00 8.746596e+03 2.211935e+02 9.748217e-02
-1.343862e+00 9.560560e+03 -6.037055e+00 3.527858e-02
0.000000e+00 1.009424e+04 0.000000e+00 0.000000e+00
-4.996856e+01 3.465659e+03 3.917029e+03 8.571537e-01
-4.370358e+01 4.178012e+03 3.068515e+03 7.399081e-01
-3.698009e+01 4.925223e+03 2.303886e+03 5.967547e-01
-2.856417e+01 5.775554e+03 1.573147e+03 4.469133e-01
-2.022877e+01 6.740380e+03 1.001057e+03 3.077485e-01
-1.236882e+01 7.764128e+03 4.861985e+02 1.891254e-01
-6.313404e+00 8.755558e+03 2.162867e+02 9.748217e-02
-2.345332e+00 9.564147e+03 -6.824856e+00 3.527858e-02
0.000000e+00 1.009424e+04 0.000000e+00 0.000000e+00
-5.657702e+01 3.491564e+03 3.896049e+03 8.571537e-01
-4.948465e+01 4.203018e+03 3.049573e+03 7.399081e-01
-4.116509e+01 4.949434e+03 2.286006e+03 5.967547e-01
-3.207463e+01 5.798864e+03 1.559868e+03 4.469133e-01
-2.274392e+01 6.760838e+03 9.891490e+02 3.077485e-01
-1.432917e+01 7.779852e+03 4.789688e+02 1.891254e-01
-7.284708e+00 8.765559e+03 2.105026e+02 9.748217e-02
-2.529479e+00 9.567927e+03 -1.317908e+01 3.527858e-02
0.000000e+00 1.009424e+04 0.000000e+00 0.000000e+00
-5.944748e+01 3.518374e+03 3.876357e+03 8.571537e-01
-5.138030e+01 4.228643e+03 3.031217e+03 7.399081e-01
-4.280584e+01 4.974023e+03 2.270012e+03 5.967547e-01
-3.280458e+01 5.821699e+03 1.547386e+03 4.469133e-01
-2.304471e+01 6.780818e+03 9.816702e+02 3.077485e-01
-1.395462e+01 7.795266e+03 4.752061e+02 1.891254e-01
-7.042738e+00 8.775415e+03 2.114469e+02 9.748217e-02
-2.281101e+00 9.572414e+03 -1.060443e+01 3.527858e-02
0.000000e+00 1.009424e+04 0.000000e+00 0.000000e+00
-5.980815e+01 3.544223e+03 3.856246e+03 8.571537e-01
-5.204677e+01 4.253871e+03 3.013188e+03 7.399081e-01
-4.337127e+01 4.998104e+03 2.253946e+03 5.967547e-01
-3.354589e+01 5.844404e+03 1.536028e+03 4.469133e-01
-2.360967e+01 6.800967e+03 9.733678e+02 3.077485e-01
-1.474875e+01 7.811002e+03 4.707677e+02 1.891254e-01
-7.578711e+00 8.785264e+03 2.086754e+02 9.748217e-02
-2.836563e+00 9.576570e+03 -1.083230e+01 3.527858e-02
0.000000e+00 1.009424e+04 0.000000e+00 0.000000e+00
-5.907391e+01 3.569948e+03 3.836147e+03 8.571537e-01
-5.138779e+01 4.277719e+03 2.993934e+03 7.399081e-01
-4.262398e+01 5.021184e+03 2.239135e+03 5.967547e-01
-3.272799e+01 5.865963e+03 1.522823e+03 4.469133e-01
-2.312259e+01 6.819667e+03 9.655396e+02 3.077485e-01
-1.419722e+01 7.825183e+03 4.641799e+02 1.891254e-01
-7.239399e+00 8.794105e+03 2.064875e+02 9.748217e-02
-2.365665e+00 9.580200e+03 -1.318934e+01 3.527858e-02
0.000000e+00 1.009424e+04 0.000000e+00 0.000000e+00
-5.753183e+01 3.594531e+03 3.816578e+03 8.571537e-01
-4.968651e+01 4.301365e+03 2.977021e+03 7.399081e-01
-4.137419e+01 5.043847e+03 2.224359e+03 5.967547e-01
-3.194415e+01 5.886952e+03 1.511859e+03 4.469133e-01
-2.254848e+01 6.837451e+03 9.576912e+02 3.077485e-01
-1.394845e+01 7.838885e+03 4.618834e+02 1.891254e-01
-7.100207e+00 8.802746e+03 2.054145e+02 9.748217e-02
-2.571384e+00 9.583933e+03 -1.119620e+01 3.527858e-02
0.000000e+00 1.009424e+04 0.000000e+00 0.000000e+00
-5.548806e+01 3.618300e+03 3.798014e+03 8.571537e-01
-4.819920e+01 4.324491e+03 2.960812e+03 7.399081e-01
-4.004427e+01 5.065802e+03 2.209338e+03 5.967547e-01
-3.078601e+01 5.907213e+03 1.500846e+03 4.469133e-01
-2.163029e+01 6.854844e+03 9.489753e+02 3.077485e-01
-1.332915e+01 7.852100e+03 4.570245e+02 1.891254e-01
-6.810527e+00 8.811004e+03 2.022658e+02 9.748217e-02
-2.369018e+00 9.587217e+03 -1.386467e+01 3.527858e-02
0.000000e+00 1.009424e+04 0.000000e+00 0.000000e+00
0.000000e+00 6.600690e+03 1.148750e+03 8.571537e-01
0.000000e+00 7.270617e+03 5.735303e+02 7.399081e-01
0.000000e+00 7.943236e+03 1.586546e+02 5.967547e-01
0.000000e+00 8.647251e+03 -5.849717e+01 4.469133e-01
0.000000e+00 9.256883e+03 -1.839919e+02 3.077485e-01
0.000000e+00 9.728639e+03 -1.292701e+02 1.891254e-01
0.000000e+00 9.994678e+03 -1.055071e+02 9.748217e-02
0.000000e+00 1.009730e+04 2.671542e+01 3.527858e-02
0.000000e+00 1.009424e+04 0.000000e+00 0.000000e+00
-2.156860e+01 6.653929e+03 1.137322e+03 8.571537e-01
-1.695880e+01 7.320647e+03 5.669664e+02 7.399081e-01
-1.214157e+01 7.988236e+03 1.516328e+02 5.967547e-01
-7.374389e+00 8.685341e+03 -6.047042e+01 4.469133e-01
-3.649502e+00 9.285188e+03 -1.870791e+02 3.077485e-01
-1.333952e+00 9.746205e+03 -1.284964e+02 1.891254e-01
-2.458134e-01 1.000317e+04 -1.068173e+02 9.748217e-02
-8.247307e-02 1.009941e+04 2.577780e+01 3.527858e-02
0.000000e+00 1.009424e+04 0.000000e+00 0.000000e+00
-3.423287e+01 6.692357e+03 1.125578e+03 8.571537e-01
-2.818152e+01 7.352631e+03 5.593010e+02 7.399081e-01
-2.122044e+01 8.014807e+03 1.471682e+02 5.967547e-01
-1.456863e+01 8.704502e+03 -6.224937e+01 4.469133e-01
-8.614442e+00 9.297806e+03 -1.847649e+02 3.077485e-01
-4.545593e+00 9.752325e+03 -1.274852e+02 1.891254e-01
-1.928112e+00 1.000562e+04 -1.026978e+02 9.748217e-02
-4.984457e-01 1.010023e+04 2.650222e+01 3.527858e-02
0.000000e+00 1.009424e+04 0.000000e+00 0.000000e+00
-4.010463e+01 6.726816e+03 1.111352e+03 8.571537e-01
-3.264578e+01 7.381957e+03 5.485303e+02 7.399081e-01
-2.527255e+01 8.039034e+03 1.424090e+02 5.967547e-01
-1.756001e+01 8.722218e+03 -6.456404e+01 4.469133e-01
-1.120629e+01 9.309611e+03 -1.822640e+02 3.077485e-01
-6.186262e+00 9.759024e+03 -1.249189e+02 1.891254e-01
-3.033529e+00 1.000811e+04 -9.915941e+01 9.748217e-02
-1.084235e+00 1.010164e+04 3.188093e+01 3.527858e-02
0.000000e+00 1.009424e+04 0.000000e+00 0.000000e+00
-4.196168e+01 6.759675e+03 1.095308e+03 8.571537e-01
-3.455643e+01 7.409976e+03 5.369607e+02 7.399081e-01
-2.656708e+01 8.061854e+03 1.349901e+02 5.967547e-01
-1.863630e+01 8.739447e+03 -6.839566e+01 4.469133e-01
-1.166370e+01 9.320607e+03 -1.845376e+02 3.077485e-01
-6.685140e+00 9.764637e+03 -1.253782e+02 1.891254e-01
-3.119552e+00 1.000969e+04 -1.010970e+02 9.748217e-02
-1.224605e+00 1.010113e+04 2.980847e+01 3.527858e-02
0.000000e+00 1.009424e+04 0.000000e+00 0.000000e+00
-4.243432e+01 6.793098e+03 1.080420e+03 8.571537e-01
-3.476031e+01 7.437626e+03 5.273196e+02 7.399081e-01
-2.681014e+01 8.084745e+03 1.299185e+02 5.967547e-01
-1.863457e+01 8.756261e+03 -7.076375e+01 4.469133e-01
-1.178729e+01 9.331005e+03 -1.837794e+02 3.077485e-01
-6.493732e+00 9.769564e+03 -1.239798e+02 1.891254e-01
-3.013317e+00 1.001145e+04 -9.849033e+01 9.748217e-02
-8.782773e-01 1.010144e+04 3.049676e+01 3.527858e-02
0.000000e+00 1.009424e+04 0.000000e+00 0.000000e+00
-4.320814e+01 6.823364e+03 1.064373e+03 8.571537e-01
-3.531347e+01 7.464921e+03 5.173571e+02 7.399081e-01
-2.735186e+01 8.106759e+03 1.233883e+02 5.967547e-01
-1.931423e+01 8.772787e+03 -7.198334e+01 4.469133e-01
-1.223655e+01 9.341807e+03 -1.840728e+02 3.077485e-01
-7.017129e+00 9.775565e+03 -1.213124e+02 1.891254e-01
-3.380026e+00 1.001383e+04 -9.762196e+01 9.748217e-02
-1.344953e+00 1.010212e+04 3.270378e+01 3.527858e-02
0.000000e+00 1.009424e+04 0.000000e+00 0.000000e+00
-4.157199e+01 6.852835e+03 1.047849e+03 8.571537e-01
-3.428456e+01 7.489864e+03 5.050269e+02 7.399081e-01
-2.653220e+01 8.126956e+03 1.157895e+02 5.967547e-01
-1.874848e+01 8.787886e+03 -7.655686e+01 4.469133e-01
-1.205955e+01 9.352201e+03 -1.860353e+02 3.077485e-01
-6.923531e+00 9.780850e+03 -1.238658e+02 1.891254e-01
-3.408840e+00 1.001556e+04 -9.900155e+01 9.748217e-02
-1.140037e+00 1.010210e+04 2.958882e+01 3.527858e-02
0.000000e+00 1.009424e+04 0.000000e+00 0.000000e+00
-3.930878e+01 6.882433e+03 1.032940e+03 8.571537e-01
-3.224031e+01 7.514242e+03 4.942745e+02 7.399081e-01
-2.492540e+01 8.146948e+03 1.097661e+02 5.967547e-01
-1.754487e+01 8.802871e+03 -8.001128e+01 4.469133e-01
-1.119219e+01 9.362013e+03 -1.865882e+02 3.077485e-01
-6.344286e+00 9.786058e+03 -1.235848e+02 1.891254e-01
-3.025435e+00 1.001742e+04 -9.807782e+01 9.748217e-02
-1.075494e+00 1.010276e+04 3.101700e+01 3.527858e-02
0.000000e+00 1.009424e+04 0.000000e+00 0.000000e+00
0.000000e+00 8.488133e+03 5.212424e+02 8.571537e-01
0.000000e+00 8.755989e+03 3.103732e+02 7.399081e-01
0.000000e+00 9.034075e+03 2.137134e+02 5.967547e-01
0.000000e+00 9.274944e+03 1.457461e+02 4.469133e-01
0.000000e+00 9.487077e+03 1.555818e+02 3.077485e-01
0.000000e+00 9.640884e+03 8.431621e+01 1.891254e-01
0.000000e+00 9.805754e+03 8.304170e+01 9.748217e-02
0.000000e+00 9.955903e+03 -3.150925e+01 3.527858e-02
0.000000e+00 1.009424e+04 0.000000e+00 0.000000e+00
-1.176121e+01 8.542593e+03 5.210497e+02 8.571537e-01
-9.935728e+00 8.805058e+03 3.093368e+02 7.399081e-01
-7.973683e+00 9.077114e+03 2.163425e+02 5.967547e-01
-6.198790e+00 9.309500e+03 1.455359e+02 4.469133e-01
-4.741388e+00 9.513526e+03 1.573348e+02 3.077485e-01
-3.343439e+00 9.659796e+03 8.325546e+01 1.891254e-01
-2.052835e+00 9.817160e+03 8.290818e+01 9.748217e-02
-7.943100e-01 9.961484e+03 -3.210685e+01 3.527858e-02
0.000000e+00 1.009424e+04 0.000000e+00 0.000000e+00
-1.983946e+01 8.571488e+03 5.201292e+02 8.571537e-01
-1.693017e+01 8.829644e+03 3.093709e+02 7.399081e-01
-1.437827e+01 9.094222e+03 2.176046e+02 5.967547e-01
-1.112145e+01 9.321139e+03 1.475357e+02 4.469133e-01
-8.323072e+00 9.519422e+03 1.563405e+02 3.077485e-01
-5.584794e+00 9.663318e+03 8.374095e+01 1.891254e-01
-3.275269e+00 9.818372e+03 7.920674e+01 9.748217e-02
-1.339296e+00 9.961402e+03 -3.251665e+01 3.527858e-02
0.000000e+00 1.009424e+04 0.000000e+00 0.000000e+00
-2.534584e+01 8.595221e+03 5.141630e+02 8.571537e-01
-2.144348e+01 8.848986e+03 3.077107e+02 7.399081e-01
-1.742391e+01 9.108154e+03 2.159166e+02 5.967547e-01
-1.351793e+01 9.331085e+03 1.483023e+02 4.469133e-01
-9.661637e+00 9.525534e+03 1.545941e+02 3.077485e-01
-6.405341e+00 9.666538e+03 8.240034e+01 1.891254e-01
-3.399974e+00 9.820695e+03 7.752248e+01 9.748217e-02
-1.269844e+00 9.961227e+03 -3.629061e+01 3.527858e-02
0.000000e+00 1.009424e+04 0.000000e+00 0.000000e+00
-2.646019e+01 8.618237e+03 5.076824e+02 8.571537e-01
-2.228574e+01 8.867666e+03 3.051965e+02 7.399081e-01
-1.835386e+01 9.122232e+03 2.159020e+02 5.967547e-01
-1.404432e+01 9.340146e+03 1.483866e+02 4.469133e-01
-1.045588e+01 9.531404e+03 1.553578e+02 3.077485e-01
-6.850879e+00 9.670264e+03 8.250065e+01 1.891254e-01
-3.924507e+00 9.823585e+03 7.905919e+01 9.748217e-02
-1.407244e+00 9.963532e+03 -3.489930e+01 3.527858e-02
0.000000e+00 1.009424e+04 0.000000e+00 0.000000e+00
-2.691414e+01 8.640044e+03 5.026945e+02 8.571537e-01
-2.303041e+01 8.885875e+03 3.032798e+02 7.399081e-01
-1.889564e+01 9.135189e+03 2.158028e+02 5.967547e-01
-1.454202e+01 9.348962e+03 1.484689e+02 4.469133e-01
-1.045969e+01 9.537290e+03 1.543418e+02 3.077485e-01
-6.962440e+00 9.674275e+03 8.153948e+01 1.891254e-01
-3.847152e+00 9.825620e+03 7.644778e+01 9.748217e-02
-1.588385e+00 9.964275e+03 -3.543971e+01 3.527858e-02
0.000000e+00 1.009424e+04 0.000000e+00 0.000000e+00
-2.965724e+01 8.662275e+03 4.941132e+02 8.571537e-01
-2.456343e+01 8.901945e+03 2.993394e+02 7.399081e-01
-1.990955e+01 9.147521e+03 2.146434e+02 5.967547e-01
-1.517129e+01 9.356931e+03 1.473641e+02 4.469133e-01
-1.092794e+01 9.542269e+03 1.543260e+02 3.077485e-01
-7.070349e+00 9.676884e+03 7.913404e+01 1.891254e-01
-3.930811e+00 9.827102e+03 7.555196e+01 9.748217e-02
-1.367592e+00 9.964759e+03 -3.802071e+01 3.527858e-02
0.000000e+00 1.009424e+04 0.000000e+00 0.000000e+00
-2.725500e+01 8.682270e+03 4.848953e+02 8.571537e-01
-2.292682e+01 8.918747e+03 2.955944e+02 7.399081e-01
-1.873158e+01 9.160454e+03 2.133177e+02 5.967547e-01
-1.433500e+01 9.365739e+03 1.481546e+02 4.469133e-01
-1.030198e+01 9.547210e+03 1.551628e+02 3.077485e-01
-6.632192e+00 9.680393e+03 8.128280e+01 1.891254e-01
-3.562312e+00 9.829636e+03 7.721928e+01 9.748217e-02
-1.328286e+00 9.966459e+03 -3.478119e+01 3.527858e-02
0.000000e+00 1.009424e+04 0.000000e+00 0.000000e+00
-2.487689e+01 8.701997e+03 4.788365e+02 8.571537e-01
-2.109210e+01 8.935723e+03 2.929843e+02 7.399081e-01
-1.730176e+01 9.173071e+03 2.128379e+02 5.967547e-01
-1.331468e+01 9.374256e+03 1.487162e+02 4.469133e-01
-9.668170e+00 9.552658e+03 1.555774e+02 3.077485e-01
-6.339957e+00 9.683839e+03 8.176559e+01 1.891254e-01
-3.527689e+00 9.831977e+03 7.762103e+01 9.748217e-02
-1.324433e+00 9.967129e+03 -3.487338e+01 3.527858e-02
0.000000e+00 1.009424e+04 0.000000e+00 0.000000e+00
0.000000e+00 9.170961e+03 3.038973e+02 8.571537e-01
0.000000e+00 9.315934e+03 2.135031e+02 7.399081e-01
0.000000e+00 9.429006e+03 1.124805e+02 5.967547e-01
0.000000e+00 9.590735e+03 5.779807e+01 4.469133e-01
0.000000e+00 9.738029e+03 -3.108962e+01 3.077485e-01
0.000000e+00 9.914594e+03 -1.663888e+01 1.891254e-01
0.000000e+00 1.002881e+04 -5.718708e+01 9.748217e-02
0.000000e+00 1.009950e+04 3.702011e+01 3.527858e-02
0.000000e+00 1.009424e+04 0.000000e+00 0.000000e+00
-6.476888e+00 9.220802e+03 3.035876e+02 8.571537e-01
-5.614817e+00 9.363559e+03 2.158068e+02 7.399081e-01
-4.710444e+00 9.471992e+03 1.118989e+02 5.967547e-01
-3.541575e+00 9.628238e+03 5.941039e+01 4.469133e-01
-2.232467e+00 9.767637e+03 -3.164015e+01 3.077485e-01
-1.182017e+00 9.934377e+03 -1.531039e+01 1.891254e-01
-3.390900e-01 1.003981e+04 -5.587120e+01 9.748217e-02
-2.916454e-02 1.010269e+04 3.818433e+01 3.527858e-02
0.000000e+00 1.009424e+04 0.000000e+00 0.000000e+00
-1.299652e+01 9.242177e+03 3.025267e+02 8.571537e-01
-1.156562e+01 9.380348e+03 2.159595e+02 7.399081e-01
-9.416089e+00 9.487261e+03 1.121556e+02 5.967547e-01
-7.188038e+00 9.638638e+03 5.928417e+01 4.469133e-01
-4.597404e+00 9.776023e+03 -2.944109e+01 3.077485e-01
-2.605813e+00 9.938827e+03 -1.583330e+01 1.891254e-01
-1.131302e+00 1.004278e+04 -5.228712e+01 9.748217e-02
-3.539019e-01 1.010455e+04 3.796706e+01 3.527858e-02
0.000000e+00 1.009424e+04 0.000000e+00 0.000000e+00
-1.726442e+01 9.256087e+03 2.984044e+02 8.571537e-01
-1.449720e+01 9.391821e+03 2.119402e+02 7.399081e-01
-1.198452e+01 9.497887e+03 1.110585e+02 5.967547e-01
-9.081114e+00 9.646606e+03 5.712944e+01 4.469133e-01
-6.550056e+00 9.782238e+03 -2.911117e+01 3.077485e-01
-3.971831e+00 9.943788e+03 -1.558489e+01 1.891254e-01
-2.084073e+00 1.004474e+04 -5.215592e+01 9.748217e-02
-7.253547e-01 1.010670e+04 4.088791e+01 3.527858e-02
0.000000e+00 1.009424e+04 0.000000e+00 0.000000e+00
-1.756879e+01 9.270219e+03 2.925779e+02 8.571537e-01
-1.489366e+01 9.403708e+03 2.088020e+02 7.399081e-01
-1.191089e+01 9.507646e+03 1.079526e+02 5.967547e-01
-9.025855e+00 9.654927e+03 5.483472e+01 4.469133e-01
-5.934410e+00 9.788074e+03 -3.171674e+01 3.077485e-01
-3.599573e+00 9.947341e+03 -1.638055e+01 1.891254e-01
-1.565220e+00 1.004567e+04 -5.357882e+01 9.748217e-02
-6.213517e-01 1.010554e+04 3.969743e+01 3.527858e-02
0.000000e+00 1.009424e+04 0.000000e+00 0.000000e+00
-1.902150e+01 9.283779e+03 2.876646e+02 8.571537e-01
-1.600931e+01 9.414950e+03 2.063360e+02 7.399081e-01
-1.314969e+01 9.517955e+03 1.056093e+02 5.967547e-01
-9.821648e+00 9.663049e+03 5.400403e+01 4.469133e-01
-6.585682e+00 9.794185e+03 -3.126417e+01 3.077485e-01
-3.727135e+00 9.951152e+03 -1.600566e+01 1.891254e-01
-1.757681e+00 1.004835e+04 -5.126063e+01 9.748217e-02
-4.879013e-01 1.010677e+04 3.943177e+01 3.527858e-02
0.000000e+00 1.009424e+04 0.000000e+00 0.000000e+00
-2.129865e+01 9.295376e+03 2.803410e+02 8.571537e-01
-1.786084e+01 9.426970e+03 2.014653e+02 7.399081e-01
-1.422102e+01 9.527527e+03 1.029928e+02 5.967547e-01
-1.055124e+01 9.671198e+03 5.308929e+01 4.469133e-01
-7.146287e+00 9.800259e+03 -3.182680e+01 3.077485e-01
-4.331690e+00 9.955810e+03 -1.483114e+01 1.891254e-01
-2.153898e+00 1.005091e+04 -5.127301e+01 9.748217e-02
-8.650672e-01 1.010796e+04 4.181133e+01 3.527858e-02
0.000000e+00 1.009424e+04 0.000000e+00 0.000000e+00
-1.918445e+01 9.309303e+03 2.713515e+02 8.571537e-01
-1.607297e+01 9.437644e+03 1.945416e+02 7.399081e-01
-1.317028e+01 9.536034e+03 9.843636e+01 5.967547e-01
-1.006306e+01 9.677804e+03 4.918335e+01 4.469133e-01
-6.995709e+00 9.805762e+03 -3.439335e+01 3.077485e-01
-4.263793e+00 9.958601e+03 -1.696492e+01 1.891254e-01
-2.091415e+00 1.005162e+04 -5.243969e+01 9.748217e-02
-7.007302e-01 1.010726e+04 3.952647e+01 3.527858e-02
0.000000e+00 1.009424e+04 0.000000e+00 0.000000e+00
-1.671969e+01 9.322380e+03 2.653312e+02 8.571537e-01
-1.426324e+01 9.447512e+03 1.898653e+02 7.399081e-01
-1.163596e+01 9.544301e+03 9.437334e+01 5.967547e-01
-8.787146e+00 9.684284e+03 4.673267e+01 4.469133e-01
-5.982388e+00 9.810406e+03 -3.625029e+01 3.077485e-01
-3.566038e+00 9.961432e+03 -1.714660e+01 1.891254e-01
-1.711160e+00 1.005259e+04 -5.221771e+01 9.748217e-02
-6.038066e-01 1.010791e+04 4.005981e+01 3.527858e-02
0.000000e+00 1.009424e+04 0.000000e+00 0.000000e+00
0.000000e+00 9.514319e+03 1.491107e+02 8.571537e-01
0.000000e+00 9.600470e+03 7.990789e+01 7.399081e-01
0.000000e+00 9.727200e+03 5.607146e+01 5.967547e-01
0.000000e+00 9.812272e+03 1.701572e+01 4.469133e-01
0.000000e+00 9.916830e+03 4.836572e+01 3.077485e-01
0.000000e+00 9.953588e+03 8.855622e+00 1.891254e-01
0.000000e+00 1.000708e+04 4.867730e+01 9.748217e-02
0.000000e+00 1.003493e+04 -4.038633e+01 3.527858e-02
0.000000e+00 1.009424e+04 0.000000e+00 0.000000e+00
-2.845082e+00 9.563180e+03 1.514246e+02 8.571537e-01
-2.392315e+00 9.645989e+03 7.973512e+01 7.399081e-01
-1.717202e+00 9.769049e+03 5.786876e+01 5.967547e-01
-1.078944e+00 9.846879e+03 1.653632e+01 4.469133e-01
-7.694053e-01 9.943138e+03 4.910627e+01 3.077485e-01
-5.104047e-01 9.972229e+03 8.270264e+00 1.891254e-01
-4.442573e-01 1.001730e+04 4.717741e+01 9.748217e-02
-2.570814e-01 1.003981e+04 -4.134739e+01 3.527858e-02
0.000000e+00 1.009424e+04 0.000000e+00 0.000000e+00
-9.212358e+00 9.577919e+03 1.515933e+02 8.571537e-01
-7.612547e+00 9.660963e+03 7.989777e+01 7.399081e-01
-6.450979e+00 9.779038e+03 5.845655e+01 5.967547e-01
-4.781286e+00 9.855304e+03 1.844574e+01 4.469133e-01
-3.441869e+00 9.946517e+03 4.891953e+01 3.077485e-01
-2.141660e+00 9.974520e+03 1.063097e+01 1.891254e-01
-1.177311e+00 1.001706e+04 4.512045e+01 9.748217e-02
-4.113071e-01 1.003847e+04 -3.992257e+01 3.527858e-02
0.000000e+00 1.009424e+04 0.000000e+00 0.000000e+00
-1.062370e+01 9.586982e+03 1.468915e+02 8.571537e-01
-8.793461e+00 9.670103e+03 7.803819e+01 7.399081e-01
-6.888442e+00 9.785601e+03 5.621990e+01 5.967547e-01
-5.138877e+00 9.861146e+03 1.902939e+01 4.469133e-01
-3.384442e+00 9.950734e+03 4.853442e+01 3.077485e-01
-2.225450e+00 9.976133e+03 1.030884e+01 1.891254e-01
-1.148367e+00 1.001904e+04 4.553952e+01 9.748217e-02
-4.818755e-01 1.003754e+04 -4.271718e+01 3.527858e-02
0.000000e+00 1.009424e+04 0.000000e+00 0.000000e+00
-1.038199e+01 9.596328e+03 1.445721e+02 8.571537e-01
-8.710700e+00 9.678189e+03 7.572298e+01 7.399081e-01
-7.116314e+00 9.792425e+03 5.528571e+01 5.967547e-01
-5.256322e+00 9.865767e+03 1.802823e+01 4.469133e-01
-3.957221e+00 9.954304e+03 4.887741e+01 3.077485e-01
-2.513970e+00 9.978539e+03 1.026434e+01 1.891254e-01
-1.583852e+00 1.002120e+04 4.634597e+01 9.748217e-02
-5.360457e-01 1.004003e+04 -4.187816e+01 3.527858e-02
0.000000e+00 1.009424e+04 0.000000e+00 0.000000e+00
-1.294552e+01 9.604854e+03 1.408889e+02 8.571537e-01
-1.062887e+01 9.685828e+03 7.335796e+01 7.399081e-01
-8.286371e+00 9.797825e+03 5.454507e+01 5.967547e-01
-6.155038e+00 9.869978e+03 1.712140e+01 4.469133e-01
-4.239980e+00 9.956476e+03 4.830852e+01 3.077485e-01
-2.738564e+00 9.979771e+03 1.087769e+01 1.891254e-01
-1.426799e+00 1.002067e+04 4.539362e+01 9.748217e-02
-6.266236e-01 1.003941e+04 -4.027960e+01 3.527858e-02
0.000000e+00 1.009424e+04 0.000000e+00 0.000000e+00
-1.295767e+01 9.616291e+03 1.340602e+02 8.571537e-01
-1.044463e+01 9.693533e+03 6.961936e+01 7.399081e-01
-8.416081e+00 9.804794e+03 5.176298e+01 5.967547e-01
-6.167649e+00 9.874557e+03 1.608851e+01 4.469133e-01
-4.247758e+00 9.959531e+03 4.784834e+01 3.077485e-01
-2.638372e+00 9.980620e+03 9.513016e+00 1.891254e-01
-1.463992e+00 1.002097e+04 4.513161e+01 9.748217e-02
-4.897754e-01 1.003914e+04 -4.274780e+01 3.527858e-02
0.000000e+00 1.009424e+04 0.000000e+00 0.000000e+00
-1.147039e+01 9.626079e+03 1.295223e+02 8.571537e-01
-9.793402e+00 9.702986e+03 6.601721e+01 7.399081e-01
-7.989324e+00 9.812657e+03 4.872223e+01 5.967547e-01
-6.171794e+00 9.880605e+03 1.498275e+01 4.469133e-01
-4.519094e+00 9.963114e+03 4.683495e+01 3.077485e-01
-2.963283e+00 9.983711e+03 8.985262e+00 1.891254e-01
-1.723433e+00 1.002331e+04 4.434213e+01 9.748217e-02
-7.086401e-01 1.004106e+04 -4.230723e+01 3.527858e-02
0.000000e+00 1.009424e+04 0.000000e+00 0.000000e+00
-1.045621e+01 9.633820e+03 1.265851e+02 8.571537e-01
-8.748707e+00 9.710838e+03 6.319426e+01 7.399081e-01
-7.043971e+00 9.819201e+03 4.720025e+01 5.967547e-01
-5.267408e+00 9.885620e+03 1.296713e+01 4.469133e-01
-3.707752e+00 9.966684e+03 4.604627e+01 3.077485e-01
-2.348574e+00 9.985981e+03 7.381443e+00 1.891254e-01
-1.298166e+00 1.002485e+04 4.325300e+01 9.748217e-02
-4.834945e-01 1.004117e+04 -4.379092e+01 3.527858e-02
0.000000e+00 1.009424e+04 0.000000e+00 0.000000e+00
0.000000e+00 9.666889e+03 6.640405e+01 8.571537e-01
0.000000e+00 9.767194e+03 5.003231e+01 7.399081e-01
0.000000e+00 9.807120e+03 1.816663e+01 5.967547e-01
0.000000e+00 9.894928e+03 2.657729e+01 4.469133e-01
0.000000e+00 9.929484e+03 -1.872891e+01 3.077485e-01
0.000000e+00 1.001656e+04 1.279370e+01 1.891254e-01
0.000000e+00 1.005560e+04 -3.691663e+01 9.748217e-02
0.000000e+00 1.010650e+04 4.510963e+01 3.527858e-02
0.000000e+00 1.009424e+04 0.000000e+00 0.000000e+00
-1.463413e+00 9.713658e+03 6.705470e+01 8.571537e-01
-1.186507e+00 9.812749e+03 5.289625e+01 7.399081e-01
-8.463644e-01 9.847852e+03 1.847230e+01 5.967547e-01
-5.928048e-01 9.930148e+03 2.828819e+01 4.469133e-01
-2.207026e-01 9.957721e+03 -1.864410e+01 3.077485e-01
-1.063512e-01 1.003525e+04 1.314705e+01 1.891254e-01
7.519557e-02 1.006695e+04 -3.569099e+01 9.748217e-02
9.376109e-02 1.011008e+04 4.507571e+01 3.527858e-02
0.000000e+00 1.009424e+04 0.000000e+00 0.000000e+00
-5.611802e+00 9.729179e+03 6.729173e+01 8.571537e-01
-4.865477e+00 9.823522e+03 5.362993e+01 7.399081e-01
-3.943759e+00 9.858766e+03 1.900080e+01 5.967547e-01
-3.101431e+00 9.935880e+03 2.810318e+01 4.469133e-01
-2.018424e+00 9.963486e+03 -1.778794e+01 3.077485e-01
-1.275815e+00 1.003736e+04 1.044010e+01 1.891254e-01
-6.431647e-01 1.006923e+04 -3.494849e+01 9.748217e-02
-2.762821e-01 1.011226e+04 4.198457e+01 3.527858e-02
0.000000e+00 1.009424e+04 0.000000e+00 0.000000e+00
-7.115498e+00 9.736160e+03 6.411347e+01 8.571537e-01
-5.880426e+00 9.827733e+03 5.048055e+01 7.399081e-01
-4.685982e+00 9.863512e+03 1.848916e+01 5.967547e-01
-3.447342e+00 9.938519e+03 2.684612e+01 4.469133e-01
-2.594867e+00 9.964823e+03 -1.758956e+01 3.077485e-01
-1.524673e+00 1.003939e+04 1.100039e+01 1.891254e-01
-8.051839e-01 1.006866e+04 -3.527918e+01 9.748217e-02
-1.899380e-01 1.011396e+04 4.522744e+01 3.527858e-02
0.000000e+00 1.009424e+04 0.000000e+00 0.000000e+00
-5.852652e+00 9.741136e+03 6.154819e+01 8.571537e-01
-4.843422e+00 9.832031e+03 4.990236e+01 7.399081e-01
-3.934846e+00 9.866707e+03 1.698862e+01 5.967547e-01
-3.207458e+00 9.941220e+03 2.608660e+01 4.469133e-01
-2.116316e+00 9.965955e+03 -1.884598e+01 3.077485e-01
-1.363495e+00 1.003979e+04 1.139560e+01 1.891254e-01
-4.384547e-01 1.006804e+04 -3.502839e+01 9.748217e-02
-2.048631e-01 1.011189e+04 4.563238e+01 3.527858e-02
0.000000e+00 1.009424e+04 0.000000e+00 0.000000e+00
-6.035251e+00 9.749450e+03 6.116291e+01 8.571537e-01
-5.088116e+00 9.838606e+03 5.007243e+01 7.399081e-01
-4.284948e+00 9.872467e+03 1.553561e+01 5.967547e-01
-3.152576e+00 9.945062e+03 2.558506e+01 4.469133e-01
-2.140124e+00 9.969677e+03 -1.980299e+01 3.077485e-01
-1.291608e+00 1.004211e+04 9.552789e+00 1.891254e-01
-7.430820e-01 1.007075e+04 -3.560580e+01 9.748217e-02
-2.388175e-01 1.011335e+04 4.249855e+01 3.527858e-02
0.000000e+00 1.009424e+04 0.000000e+00 0.000000e+00
-6.608294e+00 9.755839e+03 6.031086e+01 8.571537e-01
-6.057995e+00 9.845195e+03 4.875917e+01 7.399081e-01
-4.825808e+00 9.876638e+03 1.618316e+01 5.967547e-01
-3.632120e+00 9.948791e+03 2.562660e+01 4.469133e-01
-2.426010e+00 9.972098e+03 -1.941916e+01 3.077485e-01
-1.458327e+00 1.004473e+04 9.571920e+00 1.891254e-01
-6.718585e-01 1.007203e+04 -3.634000e+01 9.748217e-02
-2.640224e-01 1.011423e+04 4.407607e+01 3.527858e-02
0.000000e+00 1.009424e+04 0.000000e+00 0.000000e+00
-6.015650e+00 9.762161e+03 5.990911e+01 8.571537e-01
-4.934450e+00 9.848912e+03 4.847597e+01 7.399081e-01
-4.123145e+00 9.879596e+03 1.671041e+01 5.967547e-01
-3.230458e+00 9.950868e+03 2.570134e+01 4.469133e-01
-2.258458e+00 9.974044e+03 -1.868231e+01 3.077485e-01
-1.286128e+00 1.004511e+04 1.095756e+01 1.891254e-01
-4.627746e-01 1.007175e+04 -3.442645e+01 9.748217e-02
-7.188902e-02 1.011310e+04 4.519930e+01 3.527858e-02
0.000000e+00 1.009424e+04 0.000000e+00 0.000000e+00
-6.792871e+00 9.767731e+03 5.873788e+01 8.571537e-01
-5.655235e+00 9.852717e+03 4.837591e+01 7.399081e-01
-4.500154e+00 9.882485e+03 1.557118e+01 5.967547e-01
-3.357726e+00 9.953085e+03 2.646996e+01 4.469133e-01
-2.253125e+00 9.975488e+03 -1.874124e+01 3.077485e-01
-1.372486e+00 1.004603e+04 1.342588e+01 1.891254e-01
-6.614993e-01 1.007211e+04 -3.265468e+01 9.748217e-02
-2.346535e-01 1.011390e+04 4.752716e+01 3.527858e-02
0.000000e+00 1.009424e+04 0.000000e+00 0.000000e+00
0.000000e+00 9.779062e+03 4.238791e+01 8.571537e-01
0.000000e+00 9.806317e+03 1.541072e+01 7.399081e-01
0.000000e+00 9.895288e+03 1.879528e+01 5.967547e-01
0.000000e+00 9.920397e+03 -1.258361e+01 4.469133e-01
0.000000e+00 1.000429e+04 1.871523e+01 3.077485e-01
0.000000e+00 1.001286e+04 -2.089488e+01 1.891254e-01
0.000000e+00 1.005868e+04 2.910905e+01 9.748217e-02
0.000000e+00 1.005481e+04 -4.928587e+01 3.527858e-02
0.000000e+00 1.009424e+04 0.000000e+00 0.000000e+00
-1.618793e+00 9.825705e+03 4.369186e+01 8.571537e-01
-1.154860e+00 9.849620e+03 1.510561e+01 7.399081e-01
-7.998224e-01 9.935355e+03 2.030546e+01 5.967547e-01
-3.373127e-01 9.953992e+03 -1.207567e+01 4.469133e-01
-1.779588e-01 1.002938e+04 1.927381e+01 3.077485e-01
-6.830510e-02 1.003110e+04 -2.047366e+01 1.891254e-01
-9.355987e-02 1.006782e+04 2.881286e+01 9.748217e-02
-2.958664e-02 1.005916e+04 -4.823325e+01 3.527858e-02
0.000000e+00 1.009424e+04 0.000000e+00 0.000000e+00
-3.353887e+00 9.835439e+03 4.360051e+01 8.571537e-01
-2.556634e+00 9.861280e+03 1.525691e+01 7.399081e-01
-2.092661e+00 9.941606e+03 2.067094e+01 5.967547e-01
-1.484218e+00 9.960646e+03 -1.009255e+01 4.469133e-01
-1.025408e+00 1.003046e+04 1.994951e+01 3.077485e-01
-4.900909e-01 1.003279e+04 -1.652463e+01 1.891254e-01
-2.283827e-01 1.006697e+04 2.988762e+01 9.748217e-02
9.794369e-03 1.005730e+04 -4.380424e+01 3.527858e-02
0.000000e+00 1.009424e+04 0.000000e+00 0.000000e+00
-4.837834e+00 9.840309e+03 4.072660e+01 8.571537e-01
-4.020090e+00 9.867570e+03 1.401918e+01 7.399081e-01
-3.293317e+00 9.945247e+03 1.869738e+01 5.967547e-01
-2.590886e+00 9.964542e+03 -1.127434e+01 4.469133e-01
-1.818602e+00 1.003425e+04 1.853386e+01 3.077485e-01
-1.326293e+00 1.003407e+04 -1.825431e+01 1.891254e-01
-7.658900e-01 1.007002e+04 2.891306e+01 9.748217e-02
-4.372737e-01 1.005622e+04 -4.806355e+01 3.527858e-02
0.000000e+00 1.009424e+04 0.000000e+00 0.000000e+00
-2.456232e+00 9.845500e+03 3.980436e+01 8.571537e-01
-2.311237e+00 9.871220e+03 1.244882e+01 7.399081e-01
-2.059269e+00 9.948321e+03 1.797926e+01 5.967547e-01
-1.416833e+00 9.966520e+03 -1.296498e+01 4.469133e-01
-1.167886e+00 1.003652e+04 1.730446e+01 3.077485e-01
-7.474674e-01 1.003564e+04 -2.039310e+01 1.891254e-01
-5.957851e-01 1.007134e+04 2.711253e+01 9.748217e-02
-1.321310e-01 1.005858e+04 -4.962170e+01 3.527858e-02
0.000000e+00 1.009424e+04 0.000000e+00 0.000000e+00
-2.320496e+00 9.848017e+03 4.184431e+01 8.571537e-01
-2.117419e+00 9.873063e+03 1.358440e+01 7.399081e-01
-1.686294e+00 9.949348e+03 1.934610e+01 5.967547e-01
-1.322964e+00 9.967935e+03 -1.163287e+01 4.469133e-01
-7.766904e-01 1.003624e+04 1.952490e+01 3.077485e-01
-3.891594e-01 1.003577e+04 -1.697991e+01 1.891254e-01
-4.856937e-02 1.006971e+04 2.991723e+01 9.748217e-02
8.377191e-03 1.005771e+04 -4.489627e+01 3.527858e-02
0.000000e+00 1.009424e+04 0.000000e+00 0.000000e+00
-4.520483e+00 9.851191e+03 4.116648e+01 8.571537e-01
-3.693238e+00 9.874697e+03 1.394070e+01 7.399081e-01
-3.083049e+00 9.951846e+03 1.955256e+01 5.967547e-01
-2.070260e+00 9.969288e+03 -1.034657e+01 4.469133e-01
-1.389538e+00 1.003763e+04 1.979586e+01 3.077485e-01
-8.224389e-01 1.003559e+04 -1.631819e+01 1.891254e-01
-5.117220e-01 1.007014e+04 3.063794e+01 9.748217e-02
-2.117612e-01 1.005746e+04 -4.620681e+01 3.527858e-02
0.000000e+00 1.009424e+04 0.000000e+00 0.000000e+00
-2.980187e+00 9.853862e+03 3.962247e+01 8.571537e-01
-2.563059e+00 9.878756e+03 1.240647e+01 7.399081e-01
-2.131004e+00 9.954832e+03 1.806881e+01 5.967547e-01
-1.839589e+00 9.971691e+03 -1.122966e+01 4.469133e-01
-1.411719e+00 1.003880e+04 1.822120e+01 3.077485e-01
-1.074424e+00 1.003692e+04 -1.843852e+01 1.891254e-01
-7.934244e-01 1.007084e+04 2.821266e+01 9.748217e-02
-3.529418e-01 1.005856e+04 -4.766282e+01 3.527858e-02
0.000000e+00 1.009424e+04 0.000000e+00 0.000000e+00
-4.742612e+00 9.856792e+03 3.904623e+01 8.571537e-01
-3.795745e+00 9.881748e+03 1.092441e+01 7.399081e-01
-3.034552e+00 9.957403e+03 1.708060e+01 5.967547e-01
-2.241064e+00 9.973284e+03 -1.328244e+01 4.469133e-01
-1.568018e+00 1.004001e+04 1.810828e+01 3.077485e-01
-9.420393e-01 1.003749e+04 -2.070177e+01 1.891254e-01
-5.125058e-01 1.007091e+04 2.747452e+01 9.748217e-02
-1.836361e-01 1.005768e+04 -4.917422e+01 3.527858e-02
0.000000e+00 1.009424e+04 0.000000e+00 0.000000e+00
0.000000e+00 9.782862e+03 1.541002e+01 8.571537e-01
0.000000e+00 9.877736e+03 1.951480e+01 7.399081e-01
0.000000e+00 9.886883e+03 5.205116e-01 5.967547e-01
0.000000e+00 9.971489e+03 2.417344e+01 4.469133e-01
0.000000e+00 9.972247e+03 -9.575435e+00 3.077485e-01
0.000000e+00 1.004510e+04 3.033082e+01 1.891254e-01
0.000000e+00 1.005302e+04 -2.209515e+01 9.748217e-02
0.000000e+00 1.010585e+04 5.310821e+01 3.527858e-02
0.000000e+00 1.009424e+04 0.000000e+00 0.000000e+00
-1.399000e+00 9.829746e+03 1.302150e+01 8.571537e-01
-1.444618e+00 9.923049e+03 1.894141e+01 7.399081e-01
-1.294135e+00 9.927370e+03 -8.623214e-01 5.967547e-01
-1.206221e+00 1.000575e+04 2.338666e+01 4.469133e-01
-1.006123e+00 9.999975e+03 -1.056387e+01 3.077485e-01
-7.875895e-01 1.006289e+04 2.951552e+01 1.891254e-01
-4.127296e-01 1.006463e+04 -2.244084e+01 9.748217e-02
-1.683156e-01 1.010942e+04 5.157652e+01 3.527858e-02
0.000000e+00 1.009424e+04 0.000000e+00 0.000000e+00
-1.013826e+00 9.845422e+03 1.288887e+01 8.571537e-01
-8.767451e-01 9.932080e+03 1.911862e+01 7.399081e-01
-6.333057e-01 9.937702e+03 -9.670066e-01 5.967547e-01
-4.731919e-01 1.000971e+04 2.186970e+01 4.469133e-01
-2.365113e-01 1.000544e+04 -1.175063e+01 3.077485e-01
-2.901944e-01 1.006376e+04 2.525201e+01 1.891254e-01
-1.748826e-01 1.006630e+04 -2.466592e+01 9.748217e-02
-1.668757e-01 1.011131e+04 4.570444e+01 3.527858e-02
0.000000e+00 1.009424e+04 0.000000e+00 0.000000e+00
-2.706004e+00 9.851013e+03 1.368783e+01 8.571537e-01
-2.105631e+00 9.934431e+03 1.976684e+01 7.399081e-01
-1.610975e+00 9.941477e+03 3.717389e-01 5.967547e-01
-9.470868e-01 1.001193e+04 2.361637e+01 4.469133e-01
-4.552360e-01 1.000619e+04 -9.922605e+00 3.077485e-01
-1.805864e-02 1.006573e+04 2.725941e+01 1.891254e-01
1.415620e-01 1.006453e+04 -2.300117e+01 9.748217e-02
3.053794e-01 1.011337e+04 5.019608e+01 3.527858e-02
0.000000e+00 1.009424e+04 0.000000e+00 0.000000e+00
-1.691187e+00 9.851315e+03 1.220984e+01 8.571537e-01
-1.641610e+00 9.935943e+03 1.892492e+01 7.399081e-01
-1.403688e+00 9.942661e+03 -4.202068e-01 5.967547e-01
-1.403487e+00 1.001320e+04 2.407300e+01 4.469133e-01
-1.085007e+00 1.000616e+04 -9.101960e+00 3.077485e-01
-8.492463e-01 1.006575e+04 2.970824e+01 1.891254e-01
-3.416358e-01 1.006440e+04 -2.058126e+01 9.748217e-02
-2.675878e-01 1.011152e+04 5.293533e+01 3.527858e-02
0.000000e+00 1.009424e+04 0.000000e+00 0.000000e+00
-1.392380e+00 9.853036e+03 1.241638e+01 8.571537e-01
-1.317006e+00 9.937930e+03 1.822863e+01 7.399081e-01
-1.179581e+00 9.944712e+03 -1.459796e+00 5.967547e-01
-7.492847e-01 1.001396e+04 2.227431e+01 4.469133e-01
-6.051205e-01 1.000795e+04 -1.229671e+01 3.077485e-01
-4.977185e-01 1.006615e+04 2.593830e+01 1.891254e-01
-3.928975e-01 1.006631e+04 -2.438108e+01 9.748217e-02
-1.637250e-01 1.011211e+04 4.755783e+01 3.527858e-02
0.000000e+00 1.009424e+04 0.000000e+00 0.000000e+00
-1.449504e+00 9.856453e+03 1.210781e+01 8.571537e-01
-1.500040e+00 9.941509e+03 1.750194e+01 7.399081e-01
-1.137937e+00 9.946326e+03 -7.648477e-01 5.967547e-01
-8.996609e-01 1.001567e+04 2.262482e+01 4.469133e-01
-3.270150e-01 1.000852e+04 -1.123239e+01 3.077485e-01
-6.475417e-02 1.006741e+04 2.558489e+01 1.891254e-01
1.001125e-01 1.006593e+04 -2.451706e+01 9.748217e-02
1.193017e-01 1.011240e+04 4.886192e+01 3.527858e-02
0.000000e+00 1.009424e+04 0.000000e+00 0.000000e+00
-1.745479e+00 9.860013e+03 1.169179e+01 8.571537e-01
-1.173187e+00 9.942747e+03 1.748926e+01 7.399081e-01
-9.460765e-01 9.947936e+03 -7.935979e-01 5.967547e-01
-7.527638e-01 1.001674e+04 2.275921e+01 4.469133e-01
-7.183955e-01 1.000981e+04 -1.057031e+01 3.077485e-01
-4.848501e-01 1.006785e+04 2.696198e+01 1.891254e-01
-1.809463e-01 1.006666e+04 -2.277911e+01 9.748217e-02
-7.237855e-02 1.011202e+04 4.952916e+01 3.527858e-02
0.000000e+00 1.009424e+04 0.000000e+00 0.000000e+00
-2.819871e+00 9.861848e+03 1.092866e+01 8.571537e-01
-2.293314e+00 9.944305e+03 1.752603e+01 7.399081e-01
-1.754861e+00 9.949109e+03 -1.976275e+00 5.967547e-01
-1.325139e+00 1.001840e+04 2.246993e+01 4.469133e-01
-8.630465e-01 1.001072e+04 -1.296553e+01 3.077485e-01
-5.483556e-01 1.006874e+04 2.749006e+01 1.891254e-01
-2.682776e-01 1.006772e+04 -2.377136e+01 9.748217e-02
-8.830000e-02 1.011349e+04 4.958212e+01 3.527858e-02
0.000000e+00 1.009424e+04 0.000000e+00 0.000000e+00
