0 729 0.00000e+00
  1     729
0.000000e+00 -2.058544e+03 0.000000e+00 1.000000e+00
0.000000e+00 -1.848011e+03 -1.890491e+02 1.000000e+00
0.000000e+00 -2.124471e+03 -3.839456e+02 1.000000e+00
0.000000e+00 -1.845240e+03 -5.908957e+02 1.000000e+00
0.000000e+00 -2.053351e+03 -8.107018e+02 1.000000e+00
0.000000e+00 -1.688816e+03 -1.048067e+03 1.000000e+00
0.000000e+00 -1.805338e+03 -1.305250e+03 1.000000e+00
0.000000e+00 -1.351677e+03 -1.569833e+03 1.000000e+00
0.000000e+00 -1.394363e+03 -1.833322e+03 1.000000e+00
-5.675773e+00 -2.128923e+03 0.000000e+00 1.000000e+00
-3.320601e+00 -1.807423e+03 -1.882070e+02 1.000000e+00
-1.673414e+00 -2.194527e+03 -3.847675e+02 1.000000e+00
-2.782888e+00 -1.804767e+03 -5.916246e+02 1.000000e+00
-4.171422e+00 -2.123216e+03 -8.115594e+02 1.000000e+00
-6.740727e+00 -1.646756e+03 -1.049934e+03 1.000000e+00
-8.936619e+00 -1.871936e+03 -1.306151e+03 1.000000e+00
-8.572851e+00 -1.308530e+03 -1.570918e+03 1.000000e+00
-9.445040e+00 -1.454760e+03 -1.837094e+03 1.000000e+00
-8.412467e+00 -2.172218e+03 0.000000e+00 1.000000e+00
-8.518920e+00 -1.790314e+03 -1.878172e+02 1.000000e+00
-7.224241e+00 -2.237278e+03 -3.856189e+02 1.000000e+00
-6.894134e+00 -1.787996e+03 -5.941063e+02 1.000000e+00
-9.555570e+00 -2.164766e+03 -8.140185e+02 1.000000e+00
-1.258843e+01 -1.627706e+03 -1.053558e+03 1.000000e+00
-1.833917e+01 -1.910666e+03 -1.310582e+03 1.000000e+00
-2.233512e+01 -1.286420e+03 -1.575376e+03 1.000000e+00
-1.830853e+01 -1.488987e+03 -1.842200e+03 1.000000e+00
-1.035878e+01 -2.165115e+03 0.000000e+00 1.000000e+00
-9.181640e+00 -1.819615e+03 -1.881041e+02 1.000000e+00
-1.078730e+01 -2.231379e+03 -3.882335e+02 1.000000e+00
-1.321638e+01 -1.816696e+03 -5.966249e+02 1.000000e+00
-1.530631e+01 -2.156893e+03 -8.185293e+02 1.000000e+00
-2.076495e+01 -1.653883e+03 -1.058557e+03 1.000000e+00
-2.560669e+01 -1.900534e+03 -1.316669e+03 1.000000e+00
-2.760419e+01 -1.307736e+03 -1.582974e+03 1.000000e+00
-2.764144e+01 -1.476577e+03 -1.849805e+03 1.000000e+00
-1.298687e+01 -2.180613e+03 0.000000e+00 1.000000e+00
-1.390861e+01 -1.824511e+03 -1.890247e+02 1.000000e+00
-1.408368e+01 -2.247554e+03 -3.915516e+02 1.000000e+00
-1.651673e+01 -1.820070e+03 -6.007769e+02 1.000000e+00
-2.067489e+01 -2.172019e+03 -8.234084e+02 1.000000e+00
-2.562620e+01 -1.653448e+03 -1.065652e+03 1.000000e+00
-3.360126e+01 -1.912490e+03 -1.323974e+03 1.000000e+00
-3.666736e+01 -1.304962e+03 -1.591725e+03 1.000000e+00
-3.356118e+01 -1.483089e+03 -1.861583e+03 1.000000e+00
-1.380305e+01 -2.188399e+03 0.000000e+00 1.000000e+00
-1.638744e+01 -1.836555e+03 -1.916387e+02 1.000000e+00
-1.859871e+01 -2.254031e+03 -3.936768e+02 1.000000e+00
-1.925452e+01 -1.831460e+03 -6.059772e+02 1.000000e+00
-2.445338e+01 -2.176527e+03 -8.302924e+02 1.000000e+00
-3.169665e+01 -1.661222e+03 -1.073095e+03 1.000000e+00
-3.832784e+01 -1.913608e+03 -1.333676e+03 1.000000e+00
-4.245396e+01 -1.309754e+03 -1.602048e+03 1.000000e+00
-3.816787e+01 -1.479725e+03 -1.872044e+03 1.000000e+00
-1.488725e+01 -2.197414e+03 0.000000e+00 1.000000e+00
-1.489173e+01 -1.845191e+03 -1.936289e+02 1.000000e+00
-1.835424e+01 -2.262750e+03 -3.983327e+02 1.000000e+00
-2.581943e+01 -1.839317e+03 -6.112772e+02 1.000000e+00
-2.952239e+01 -2.182049e+03 -8.370681e+02 1.000000e+00
-3.405599e+01 -1.667350e+03 -1.082193e+03 1.000000e+00
-4.076702e+01 -1.914238e+03 -1.343635e+03 1.000000e+00
-4.325410e+01 -1.312990e+03 -1.613811e+03 1.000000e+00
-4.330566e+01 -1.476981e+03 -1.883936e+03 1.000000e+00
-1.619097e+01 -2.204545e+03 0.000000e+00 1.000000e+00
-1.960400e+01 -1.854390e+03 -1.961078e+02 1.000000e+00
-2.238843e+01 -2.269816e+03 -4.025454e+02 1.000000e+00
-2.392637e+01 -1.847005e+03 -6.174843e+02 1.000000e+00
-3.082494e+01 -2.187207e+03 -8.443525e+02 1.000000e+00
-3.834459e+01 -1.671182e+03 -1.092030e+03 1.000000e+00
-4.327164e+01 -1.916290e+03 -1.354196e+03 1.000000e+00
-4.494365e+01 -1.313410e+03 -1.625153e+03 1.000000e+00
-4.220197e+01 -1.475601e+03 -1.896663e+03 1.000000e+00
-1.607156e+01 -2.211114e+03 0.000000e+00 1.000000e+00
-1.773922e+01 -1.863749e+03 -1.993358e+02 1.000000e+00
-2.173687e+01 -2.275651e+03 -4.059028e+02 1.000000e+00
-2.740314e+01 -1.855396e+03 -6.233152e+02 1.000000e+00
-3.299611e+01 -2.191439e+03 -8.535055e+02 1.000000e+00
-3.830457e+01 -1.675076e+03 -1.101465e+03 1.000000e+00
-4.203512e+01 -1.918755e+03 -1.365303e+03 1.000000e+00
-4.351817e+01 -1.313210e+03 -1.636155e+03 1.000000e+00
-4.385214e+01 -1.474640e+03 -1.907974e+03 1.000000e+00
0.000000e+00 -1.791846e+03 0.000000e+00 1.000000e+00
0.000000e+00 -2.098218e+03 -1.930605e+02 1.000000e+00
0.000000e+00 -1.853890e+03 -3.924415e+02 1.000000e+00
0.000000e+00 -2.092879e+03 -6.005320e+02 1.000000e+00
0.000000e+00 -1.777179e+03 -8.253001e+02 1.000000e+00
0.000000e+00 -1.932740e+03 -1.060307e+03 1.000000e+00
0.000000e+00 -1.519660e+03 -1.323497e+03 1.000000e+00
0.000000e+00 -1.594202e+03 -1.580745e+03 1.000000e+00
0.000000e+00 -1.097020e+03 -1.853079e+03 1.000000e+00
-5.747997e+00 -1.750801e+03 0.000000e+00 1.000000e+00
-3.320798e+00 -2.168210e+03 -1.921720e+02 1.000000e+00
-1.660430e+00 -1.813559e+03 -3.933398e+02 1.000000e+00
-2.808755e+00 -2.162695e+03 -6.011851e+02 1.000000e+00
-4.309159e+00 -1.735901e+03 -8.262990e+02 1.000000e+00
-6.769486e+00 -2.000668e+03 -1.061956e+03 1.000000e+00
-9.002797e+00 -1.477150e+03 -1.324711e+03 1.000000e+00
-8.581940e+00 -1.657745e+03 -1.581389e+03 1.000000e+00
-9.368316e+00 -1.052963e+03 -1.857354e+03 1.000000e+00
-8.428604e+00 -1.733183e+03 0.000000e+00 1.000000e+00
-8.596629e+00 -2.211239e+03 -1.917770e+02 1.000000e+00
-7.219661e+00 -1.796390e+03 -3.941841e+02 1.000000e+00
-7.034270e+00 -2.205096e+03 -6.037314e+02 1.000000e+00
-9.583470e+00 -1.717974e+03 -8.286990e+02 1.000000e+00
-1.272673e+01 -2.040743e+03 -1.065712e+03 1.000000e+00
-1.823802e+01 -1.456538e+03 -1.328944e+03 1.000000e+00
-2.226699e+01 -1.694372e+03 -1.586035e+03 1.000000e+00
-1.821312e+01 -1.028710e+03 -1.862194e+03 1.000000e+00
-1.047792e+01 -1.762606e+03 0.000000e+00 1.000000e+00
-9.231917e+00 -2.204876e+03 -1.920771e+02 1.000000e+00
-1.093071e+01 -1.825448e+03 -3.968396e+02 1.000000e+00
-1.332113e+01 -2.198633e+03 -6.062014e+02 1.000000e+00
-1.550751e+01 -1.745433e+03 -8.332682e+02 1.000000e+00
-2.089837e+01 -2.031363e+03 -1.070743e+03 1.000000e+00
-2.566885e+01 -1.480489e+03 -1.334953e+03 1.000000e+00
-2.758177e+01 -1.683349e+03 -1.593695e+03 1.000000e+00
-2.760420e+01 -1.046672e+03 -1.869676e+03 1.000000e+00
-1.312315e+01 -1.767201e+03 0.000000e+00 1.000000e+00
-1.409266e+01 -2.220772e+03 -1.929993e+02 1.000000e+00
-1.414130e+01 -1.829938e+03 -4.002118e+02 1.000000e+00
-1.668481e+01 -2.214413e+03 -6.102777e+02 1.000000e+00
-2.079994e+01 -1.747233e+03 -8.382972e+02 1.000000e+00
-2.573909e+01 -2.044605e+03 -1.077671e+03 1.000000e+00
-3.352785e+01 -1.478850e+03 -1.342474e+03 1.000000e+00
-3.663576e+01 -1.692914e+03 -1.602146e+03 1.000000e+00
-3.346793e+01 -1.042239e+03 -1.881730e+03 1.000000e+00
-1.408574e+01 -1.778271e+03 0.000000e+00 1.000000e+00
-1.658386e+01 -2.227900e+03 -1.956104e+02 1.000000e+00
-1.872602e+01 -1.841687e+03 -4.023155e+02 1.000000e+00
-1.942518e+01 -2.220216e+03 -6.155667e+02 1.000000e+00
-2.463567e+01 -1.756736e+03 -8.450880e+02 1.000000e+00
-3.187735e+01 -2.047371e+03 -1.085288e+03 1.000000e+00
-3.838654e+01 -1.485117e+03 -1.351942e+03 1.000000e+00
-4.240524e+01 -1.691881e+03 -1.612669e+03 1.000000e+00
-3.810225e+01 -1.044811e+03 -1.891816e+03 1.000000e+00
-1.506297e+01 -1.786558e+03 0.000000e+00 1.000000e+00
-1.510792e+01 -2.236587e+03 -1.975831e+02 1.000000e+00
-1.859455e+01 -1.850286e+03 -4.070462e+02 1.000000e+00
-2.594492e+01 -2.227691e+03 -6.207816e+02 1.000000e+00
-2.965947e+01 -1.763336e+03 -8.519860e+02 1.000000e+00
-3.416413e+01 -2.050006e+03 -1.094293e+03 1.000000e+00
-4.073421e+01 -1.490087e+03 -1.361951e+03 1.000000e+00
-4.324273e+01 -1.690823e+03 -1.624304e+03 1.000000e+00
-4.312720e+01 -1.044905e+03 -1.903665e+03 1.000000e+00
-1.648941e+01 -1.795511e+03 0.000000e+00 1.000000e+00
-1.985423e+01 -2.243716e+03 -2.000650e+02 1.000000e+00
-2.254566e+01 -1.858929e+03 -4.112918e+02 1.000000e+00
-2.410485e+01 -2.234125e+03 -6.269861e+02 1.000000e+00
-3.097247e+01 -1.769277e+03 -8.593073e+02 1.000000e+00
-3.844643e+01 -2.053512e+03 -1.104119e+03 1.000000e+00
-4.329897e+01 -1.492237e+03 -1.372445e+03 1.000000e+00
-4.480111e+01 -1.691273e+03 -1.635642e+03 1.000000e+00
-4.211957e+01 -1.043239e+03 -1.916292e+03 1.000000e+00
-1.633305e+01 -1.804567e+03 0.000000e+00 1.000000e+00
-1.798954e+01 -2.249950e+03 -2.032901e+02 1.000000e+00
-2.199263e+01 -1.867917e+03 -4.146812e+02 1.000000e+00
-2.756264e+01 -2.239444e+03 -6.328812e+02 1.000000e+00
-3.315611e+01 -1.775426e+03 -8.684091e+02 1.000000e+00
-3.843072e+01 -2.056653e+03 -1.113647e+03 1.000000e+00
-4.213735e+01 -1.494143e+03 -1.383406e+03 1.000000e+00
-4.347147e+01 -1.692026e+03 -1.646698e+03 1.000000e+00
-4.368274e+01 -1.041604e+03 -1.927487e+03 1.000000e+00
0.000000e+00 -2.035832e+03 0.000000e+00 1.000000e+00
0.000000e+00 -1.833331e+03 -1.989087e+02 1.000000e+00
0.000000e+00 -2.095631e+03 -3.998303e+02 1.000000e+00
0.000000e+00 -1.822507e+03 -6.157212e+02 1.000000e+00
0.000000e+00 -2.015469e+03 -8.360327e+02 1.000000e+00
0.000000e+00 -1.654156e+03 -1.083146e+03 1.000000e+00
0.000000e+00 -1.753710e+03 -1.332399e+03 1.000000e+00
0.000000e+00 -1.304353e+03 -1.607974e+03 1.000000e+00
0.000000e+00 -1.331377e+03 -1.855707e+03 1.000000e+00
-5.718190e+00 -2.105229e+03 0.000000e+00 1.000000e+00
-3.442696e+00 -1.793255e+03 -1.980862e+02 1.000000e+00
-1.580546e+00 -2.165158e+03 -4.005669e+02 1.000000e+00
-2.933064e+00 -1.782268e+03 -6.166541e+02 1.000000e+00
-4.220152e+00 -2.083865e+03 -8.365953e+02 1.000000e+00
-6.841866e+00 -1.612099e+03 -1.085416e+03 1.000000e+00
-8.917282e+00 -1.819158e+03 -1.332803e+03 1.000000e+00
-8.651955e+00 -1.261654e+03 -1.609731e+03 1.000000e+00
-9.263900e+00 -1.391028e+03 -1.858509e+03 1.000000e+00
-8.601352e+00 -2.148508e+03 0.000000e+00 1.000000e+00
-8.565162e+00 -1.775871e+03 -1.976739e+02 1.000000e+00
-7.379237e+00 -2.208047e+03 -4.014574e+02 1.000000e+00
-7.100482e+00 -1.764883e+03 -6.190693e+02 1.000000e+00
-9.854651e+00 -2.125560e+03 -8.392305e+02 1.000000e+00
-1.275702e+01 -1.592604e+03 -1.088870e+03 1.000000e+00
-1.819308e+01 -1.857715e+03 -1.337390e+03 1.000000e+00
-2.198304e+01 -1.239220e+03 -1.614010e+03 1.000000e+00
-1.818395e+01 -1.424946e+03 -1.863780e+03 1.000000e+00
-1.051961e+01 -2.141629e+03 0.000000e+00 1.000000e+00
-9.474743e+00 -1.804981e+03 -1.979713e+02 1.000000e+00
-1.089501e+01 -2.201858e+03 -4.041148e+02 1.000000e+00
-1.363635e+01 -1.793443e+03 -6.215267e+02 1.000000e+00
-1.547095e+01 -2.117590e+03 -8.438248e+02 1.000000e+00
-2.099104e+01 -1.617886e+03 -1.093834e+03 1.000000e+00
-2.550899e+01 -1.847907e+03 -1.343516e+03 1.000000e+00
-2.754263e+01 -1.260102e+03 -1.621480e+03 1.000000e+00
-2.742743e+01 -1.412280e+03 -1.871467e+03 1.000000e+00
-1.333011e+01 -2.156715e+03 0.000000e+00 1.000000e+00
-1.421608e+01 -1.809979e+03 -1.989492e+02 1.000000e+00
-1.437037e+01 -2.217471e+03 -4.073717e+02 1.000000e+00
-1.682467e+01 -1.797069e+03 -6.257820e+02 1.000000e+00
-2.105709e+01 -2.131859e+03 -8.485493e+02 1.000000e+00
-2.586031e+01 -1.617616e+03 -1.101166e+03 1.000000e+00
-3.337771e+01 -1.859309e+03 -1.350483e+03 1.000000e+00
-3.636949e+01 -1.257182e+03 -1.630610e+03 1.000000e+00
-3.346232e+01 -1.419088e+03 -1.882670e+03 1.000000e+00
-1.440156e+01 -2.164412e+03 0.000000e+00 1.000000e+00
-1.683653e+01 -1.821380e+03 -2.014962e+02 1.000000e+00
-1.878929e+01 -2.224123e+03 -4.095613e+02 1.000000e+00
-1.963994e+01 -1.807853e+03 -6.308938e+02 1.000000e+00
-2.472493e+01 -2.136494e+03 -8.556062e+02 1.000000e+00
-3.194142e+01 -1.625097e+03 -1.108418e+03 1.000000e+00
-3.828277e+01 -1.860553e+03 -1.360324e+03 1.000000e+00
-4.211896e+01 -1.261340e+03 -1.640483e+03 1.000000e+00
-3.778252e+01 -1.415781e+03 -1.893368e+03 1.000000e+00
-1.526201e+01 -2.172984e+03 0.000000e+00 1.000000e+00
-1.537467e+01 -1.829906e+03 -2.034751e+02 1.000000e+00
-1.884769e+01 -2.232581e+03 -4.142445e+02 1.000000e+00
-2.610512e+01 -1.815735e+03 -6.361339e+02 1.000000e+00
-2.973493e+01 -2.141353e+03 -8.624568e+02 1.000000e+00
-3.419838e+01 -1.630421e+03 -1.117430e+03 1.000000e+00
-4.064584e+01 -1.861543e+03 -1.370241e+03 1.000000e+00
-4.301623e+01 -1.264312e+03 -1.652045e+03 1.000000e+00
-4.289109e+01 -1.412411e+03 -1.904953e+03 1.000000e+00
-1.689816e+01 -2.180105e+03 0.000000e+00 1.000000e+00
-2.012101e+01 -1.838778e+03 -2.059583e+02 1.000000e+00
-2.269345e+01 -2.239504e+03 -4.184935e+02 1.000000e+00
-2.426507e+01 -1.823308e+03 -6.423009e+02 1.000000e+00
-3.114915e+01 -2.146401e+03 -8.698411e+02 1.000000e+00
-3.847113e+01 -1.634289e+03 -1.127122e+03 1.000000e+00
-4.312575e+01 -1.863505e+03 -1.380698e+03 1.000000e+00
-4.453190e+01 -1.264591e+03 -1.663324e+03 1.000000e+00
-4.191332e+01 -1.410969e+03 -1.917466e+03 1.000000e+00
-1.665968e+01 -2.186529e+03 0.000000e+00 1.000000e+00
-1.826824e+01 -1.847762e+03 -2.091342e+02 1.000000e+00
-2.224713e+01 -2.245302e+03 -4.219281e+02 1.000000e+00
-2.767330e+01 -1.831278e+03 -6.481782e+02 1.000000e+00
-3.322481e+01 -2.150309e+03 -8.790029e+02 1.000000e+00
-3.839579e+01 -1.637863e+03 -1.136546e+03 1.000000e+00
-4.208581e+01 -1.865424e+03 -1.391591e+03 1.000000e+00
-4.328489e+01 -1.264308e+03 -1.674322e+03 1.000000e+00
-4.341975e+01 -1.409923e+03 -1.928583e+03 1.000000e+00
0.000000e+00 -1.779620e+03 0.000000e+00 1.000000e+00
0.000000e+00 -2.066552e+03 -2.033954e+02 1.000000e+00
0.000000e+00 -1.834545e+03 -4.125181e+02 1.000000e+00
0.000000e+00 -2.052200e+03 -6.248895e+02 1.000000e+00
0.000000e+00 -1.747143e+03 -8.589991e+02 1.000000e+00
0.000000e+00 -1.878373e+03 -1.092401e+03 1.000000e+00
0.000000e+00 -1.474575e+03 -1.362927e+03 1.000000e+00
0.000000e+00 -1.525649e+03 -1.609746e+03 1.000000e+00
0.000000e+00 -1.038934e+03 -1.893651e+03 1.000000e+00
-5.898593e+00 -1.739262e+03 0.000000e+00 1.000000e+00
-3.420311e+00 -2.135720e+03 -2.024807e+02 1.000000e+00
-1.705499e+00 -1.794999e+03 -4.134420e+02 1.000000e+00
-2.841805e+00 -2.120487e+03 -6.254362e+02 1.000000e+00
-4.292948e+00 -1.706414e+03 -8.601921e+02 1.000000e+00
-6.596423e+00 -1.944476e+03 -1.093748e+03 1.000000e+00
-8.880575e+00 -1.432156e+03 -1.364609e+03 1.000000e+00
-8.720617e+00 -1.588475e+03 -1.610069e+03 1.000000e+00
-9.230323e+00 -9.953387e+02 -1.898184e+03 1.000000e+00
-8.502579e+00 -1.720953e+03 0.000000e+00 1.000000e+00
-8.804384e+00 -2.179229e+03 -2.021855e+02 1.000000e+00
-7.288754e+00 -1.777107e+03 -4.141169e+02 1.000000e+00
-7.500439e+00 -2.162835e+03 -6.281186e+02 1.000000e+00
-9.981474e+00 -1.687938e+03 -8.625309e+02 1.000000e+00
-1.319779e+01 -1.984557e+03 -1.097616e+03 1.000000e+00
-1.792129e+01 -1.410846e+03 -1.368692e+03 1.000000e+00
-2.174682e+01 -1.624913e+03 -1.615063e+03 1.000000e+00
-1.809176e+01 -9.711581e+02 -1.902673e+03 1.000000e+00
-1.085813e+01 -1.749766e+03 0.000000e+00 1.000000e+00
-9.489535e+00 -2.172840e+03 -2.025025e+02 1.000000e+00
-1.116394e+01 -1.805700e+03 -4.167205e+02 1.000000e+00
-1.371776e+01 -2.156380e+03 -6.306753e+02 1.000000e+00
-1.563694e+01 -1.714806e+03 -8.670030e+02 1.000000e+00
-2.072650e+01 -1.975058e+03 -1.102776e+03 1.000000e+00
-2.554329e+01 -1.434617e+03 -1.374655e+03 1.000000e+00
-2.733542e+01 -1.613811e+03 -1.622669e+03 1.000000e+00
-2.732993e+01 -9.883054e+02 -1.910198e+03 1.000000e+00
-1.352026e+01 -1.755067e+03 0.000000e+00 1.000000e+00
-1.450394e+01 -2.187912e+03 -2.033893e+02 1.000000e+00
-1.450525e+01 -1.810552e+03 -4.201947e+02 1.000000e+00
-1.723644e+01 -2.171420e+03 -6.345281e+02 1.000000e+00
-2.126423e+01 -1.716797e+03 -8.722870e+02 1.000000e+00
-2.622934e+01 -1.987379e+03 -1.109435e+03 1.000000e+00
-3.302253e+01 -1.432974e+03 -1.382425e+03 1.000000e+00
-3.617886e+01 -1.623524e+03 -1.630906e+03 1.000000e+00
-3.337699e+01 -9.831765e+02 -1.922235e+03 1.000000e+00
-1.493832e+01 -1.766059e+03 0.000000e+00 1.000000e+00
-1.704565e+01 -2.195159e+03 -2.059351e+02 1.000000e+00
-1.888694e+01 -1.821340e+03 -4.222961e+02 1.000000e+00
-1.993755e+01 -2.177794e+03 -6.398185e+02 1.000000e+00
-2.482094e+01 -1.725492e+03 -8.790477e+02 1.000000e+00
-3.190554e+01 -1.990657e+03 -1.117158e+03 1.000000e+00
-3.822416e+01 -1.438441e+03 -1.391530e+03 1.000000e+00
-4.157602e+01 -1.622485e+03 -1.641525e+03 1.000000e+00
-3.758641e+01 -9.855563e+02 -1.931818e+03 1.000000e+00
-1.543805e+01 -1.773813e+03 0.000000e+00 1.000000e+00
-1.570818e+01 -2.203758e+03 -2.079317e+02 1.000000e+00
-1.920355e+01 -1.829872e+03 -4.269208e+02 1.000000e+00
-2.627145e+01 -2.184728e+03 -6.450797e+02 1.000000e+00
-2.989068e+01 -1.731872e+03 -8.859380e+02 1.000000e+00
-3.426173e+01 -1.992925e+03 -1.126045e+03 1.000000e+00
-4.047318e+01 -1.443245e+03 -1.401599e+03 1.000000e+00
-4.279779e+01 -1.621110e+03 -1.652598e+03 1.000000e+00
-4.255382e+01 -9.855042e+02 -1.943624e+03 1.000000e+00
-1.757059e+01 -1.782403e+03 0.000000e+00 1.000000e+00
-2.040583e+01 -2.210969e+03 -2.104148e+02 1.000000e+00
-2.280079e+01 -1.838161e+03 -4.311400e+02 1.000000e+00
-2.460670e+01 -2.191024e+03 -6.513230e+02 1.000000e+00
-3.127065e+01 -1.737678e+03 -8.932815e+02 1.000000e+00
-3.848210e+01 -1.996154e+03 -1.135655e+03 1.000000e+00
-4.291509e+01 -1.445316e+03 -1.411966e+03 1.000000e+00
-4.415855e+01 -1.621499e+03 -1.663861e+03 1.000000e+00
-4.179665e+01 -9.835609e+02 -1.955854e+03 1.000000e+00
-1.707739e+01 -1.791550e+03 0.000000e+00 1.000000e+00
-1.859611e+01 -2.217007e+03 -2.134586e+02 1.000000e+00
-2.251772e+01 -1.846543e+03 -4.346385e+02 1.000000e+00
-2.777634e+01 -2.196513e+03 -6.572886e+02 1.000000e+00
-3.321610e+01 -1.743259e+03 -9.023674e+02 1.000000e+00
-3.832217e+01 -1.998806e+03 -1.145093e+03 1.000000e+00
-4.191018e+01 -1.446936e+03 -1.422657e+03 1.000000e+00
-4.308989e+01 -1.621827e+03 -1.674921e+03 1.000000e+00
-4.311212e+01 -9.819183e+02 -1.966801e+03 1.000000e+00
0.000000e+00 -2.000940e+03 0.000000e+00 1.000000e+00
0.000000e+00 -1.816928e+03 -2.111698e+02 1.000000e+00
0.000000e+00 -2.053489e+03 -4.205102e+02 1.000000e+00
0.000000e+00 -1.795196e+03 -6.454743e+02 1.000000e+00
0.000000e+00 -1.961192e+03 -8.687670e+02 1.000000e+00
0.000000e+00 -1.611579e+03 -1.124212e+03 1.000000e+00
0.000000e+00 -1.682695e+03 -1.367105e+03 1.000000e+00
0.000000e+00 -1.246387e+03 -1.649142e+03 1.000000e+00
0.000000e+00 -1.246445e+03 -1.885036e+03 1.000000e+00
-5.722310e+00 -2.068684e+03 0.000000e+00 1.000000e+00
-3.683430e+00 -1.777741e+03 -2.104519e+02 1.000000e+00
-1.697627e+00 -2.121939e+03 -4.210381e+02 1.000000e+00
-2.959394e+00 -1.755689e+03 -6.465602e+02 1.000000e+00
-4.061704e+00 -2.027800e+03 -8.691616e+02 1.000000e+00
-6.601449e+00 -1.570470e+03 -1.126694e+03 1.000000e+00
-8.531434e+00 -1.746298e+03 -1.367213e+03 1.000000e+00
-8.976638e+00 -1.204421e+03 -1.651861e+03 1.000000e+00
-9.128891e+00 -1.304956e+03 -1.886441e+03 1.000000e+00
-8.851027e+00 -2.112367e+03 0.000000e+00 1.000000e+00
-8.650231e+00 -1.759389e+03 -2.101389e+02 1.000000e+00
-7.560791e+00 -2.165169e+03 -4.217951e+02 1.000000e+00
-7.485887e+00 -1.737355e+03 -6.489487e+02 1.000000e+00
-1.049091e+01 -2.069170e+03 -8.719977e+02 1.000000e+00
-1.322210e+01 -1.550150e+03 -1.129955e+03 1.000000e+00
-1.786363e+01 -1.784482e+03 -1.371948e+03 1.000000e+00
-2.103014e+01 -1.181496e+03 -1.656268e+03 1.000000e+00
-1.804513e+01 -1.338466e+03 -1.891699e+03 1.000000e+00
-1.093388e+01 -2.106083e+03 0.000000e+00 1.000000e+00
-9.915244e+00 -1.787943e+03 -2.104064e+02 1.000000e+00
-1.116023e+01 -2.158735e+03 -4.244040e+02 1.000000e+00
-1.426195e+01 -1.765686e+03 -6.515127e+02 1.000000e+00
-1.549131e+01 -2.061285e+03 -8.764905e+02 1.000000e+00
-2.072414e+01 -1.574577e+03 -1.134952e+03 1.000000e+00
-2.531650e+01 -1.775094e+03 -1.378283e+03 1.000000e+00
-2.734712e+01 -1.201845e+03 -1.663331e+03 1.000000e+00
-2.696651e+01 -1.325791e+03 -1.899830e+03 1.000000e+00
-1.379685e+01 -2.119807e+03 0.000000e+00 1.000000e+00
-1.461329e+01 -1.793609e+03 -2.114225e+02 1.000000e+00
-1.495169e+01 -2.173396e+03 -4.275966e+02 1.000000e+00
-1.729217e+01 -1.769569e+03 -6.557193e+02 1.000000e+00
-2.169209e+01 -2.074718e+03 -8.812329e+02 1.000000e+00
-2.635306e+01 -1.574436e+03 -1.142310e+03 1.000000e+00
-3.258488e+01 -1.786021e+03 -1.385058e+03 1.000000e+00
-3.550898e+01 -1.198709e+03 -1.672864e+03 1.000000e+00
-3.344827e+01 -1.332895e+03 -1.910173e+03 1.000000e+00
-1.547523e+01 -2.127130e+03 0.000000e+00 1.000000e+00
-1.736348e+01 -1.804163e+03 -2.138387e+02 1.000000e+00
-1.897223e+01 -2.180360e+03 -4.298539e+02 1.000000e+00
-2.036138e+01 -1.779303e+03 -6.607177e+02 1.000000e+00
-2.492956e+01 -2.079741e+03 -8.883892e+02 1.000000e+00
-3.186991e+01 -1.580825e+03 -1.149462e+03 1.000000e+00
-3.799325e+01 -1.787677e+03 -1.394742e+03 1.000000e+00
-4.098992e+01 -1.201780e+03 -1.682435e+03 1.000000e+00
-3.716093e+01 -1.329939e+03 -1.920943e+03 1.000000e+00
-1.571715e+01 -2.135589e+03 0.000000e+00 1.000000e+00
-1.608576e+01 -1.812336e+03 -2.158369e+02 1.000000e+00
-1.961732e+01 -2.188436e+03 -4.343596e+02 1.000000e+00
-2.643155e+01 -1.787433e+03 -6.660977e+02 1.000000e+00
-2.990136e+01 -2.083866e+03 -8.950333e+02 1.000000e+00
-3.429514e+01 -1.586017e+03 -1.158631e+03 1.000000e+00
-4.009454e+01 -1.788843e+03 -1.404317e+03 1.000000e+00
-4.231163e+01 -1.204302e+03 -1.693758e+03 1.000000e+00
-4.225341e+01 -1.326222e+03 -1.932053e+03 1.000000e+00
-1.824770e+01 -2.142576e+03 0.000000e+00 1.000000e+00
-2.073753e+01 -1.820625e+03 -2.182700e+02 1.000000e+00
-2.298441e+01 -2.195455e+03 -4.386292e+02 1.000000e+00
-2.487062e+01 -1.794536e+03 -6.721817e+02 1.000000e+00
-3.147723e+01 -2.088452e+03 -9.025731e+02 1.000000e+00
-3.840492e+01 -1.589538e+03 -1.167922e+03 1.000000e+00
-4.252619e+01 -1.790671e+03 -1.414712e+03 1.000000e+00
-4.368586e+01 -1.204201e+03 -1.704771e+03 1.000000e+00
-4.151617e+01 -1.324673e+03 -1.944320e+03 1.000000e+00
-1.755340e+01 -2.148609e+03 0.000000e+00 1.000000e+00
-1.901189e+01 -1.829194e+03 -2.211648e+02 1.000000e+00
-2.278428e+01 -2.201322e+03 -4.422328e+02 1.000000e+00
-2.790517e+01 -1.801938e+03 -6.780868e+02 1.000000e+00
-3.312772e+01 -2.092589e+03 -9.117792e+02 1.000000e+00
-3.816114e+01 -1.592800e+03 -1.177020e+03 1.000000e+00
-4.159144e+01 -1.792342e+03 -1.425538e+03 1.000000e+00
-4.277319e+01 -1.203834e+03 -1.715444e+03 1.000000e+00
-4.269862e+01 -1.323434e+03 -1.955561e+03 1.000000e+00
0.000000e+00 -1.762329e+03 0.000000e+00 1.000000e+00
0.000000e+00 -2.024414e+03 -2.161900e+02 1.000000e+00
0.000000e+00 -1.809700e+03 -4.367080e+02 1.000000e+00
0.000000e+00 -1.997865e+03 -6.547693e+02 1.000000e+00
0.000000e+00 -1.707840e+03 -8.979851e+02 1.000000e+00
0.000000e+00 -1.807788e+03 -1.131571e+03 1.000000e+00
0.000000e+00 -1.416760e+03 -1.406299e+03 1.000000e+00
0.000000e+00 -1.438730e+03 -1.644333e+03 1.000000e+00
0.000000e+00 -9.664468e+02 -1.934318e+03 1.000000e+00
-5.907358e+00 -1.723015e+03 0.000000e+00 1.000000e+00
-3.662301e+00 -2.092170e+03 -2.153621e+02 1.000000e+00
-2.015690e+00 -1.771115e+03 -4.375269e+02 1.000000e+00
-2.797048e+00 -2.064628e+03 -6.552225e+02 1.000000e+00
-4.250570e+00 -1.668350e+03 -8.994021e+02 1.000000e+00
-6.192384e+00 -1.871790e+03 -1.132476e+03 1.000000e+00
-8.644252e+00 -1.375829e+03 -1.408677e+03 1.000000e+00
-8.967937e+00 -1.499530e+03 -1.644328e+03 1.000000e+00
-9.133056e+00 -9.232735e+02 -1.939000e+03 1.000000e+00
-8.846721e+00 -1.704049e+03 0.000000e+00 1.000000e+00
-8.926249e+00 -2.135956e+03 -2.151300e+02 1.000000e+00
-7.318573e+00 -1.752168e+03 -4.380551e+02 1.000000e+00
-7.883178e+00 -2.107236e+03 -6.579076e+02 1.000000e+00
-1.041736e+01 -1.648475e+03 -9.018511e+02 1.000000e+00
-1.361867e+01 -1.911300e+03 -1.136316e+03 1.000000e+00
-1.725149e+01 -1.354207e+03 -1.412682e+03 1.000000e+00
-2.038126e+01 -1.535024e+03 -1.649565e+03 1.000000e+00
-1.778740e+01 -8.989462e+02 -1.943517e+03 1.000000e+00
-1.132893e+01 -1.731880e+03 0.000000e+00 1.000000e+00
-9.981770e+00 -2.129580e+03 -2.154100e+02 1.000000e+00
-1.176339e+01 -1.780308e+03 -4.405552e+02 1.000000e+00
-1.435935e+01 -2.100696e+03 -6.606791e+02 1.000000e+00
-1.603147e+01 -1.674392e+03 -9.060561e+02 1.000000e+00
-2.044551e+01 -1.902120e+03 -1.141671e+03 1.000000e+00
-2.550711e+01 -1.377053e+03 -1.418603e+03 1.000000e+00
-2.717200e+01 -1.523913e+03 -1.657123e+03 1.000000e+00
-2.676020e+01 -9.155799e+02 -1.950891e+03 1.000000e+00
-1.385789e+01 -1.737362e+03 0.000000e+00 1.000000e+00
-1.499981e+01 -2.143637e+03 -2.164161e+02 1.000000e+00
-1.512523e+01 -1.785591e+03 -4.438649e+02 1.000000e+00
-1.757232e+01 -2.114598e+03 -6.644652e+02 1.000000e+00
-2.178359e+01 -1.676683e+03 -9.115133e+02 1.000000e+00
-2.657553e+01 -1.913384e+03 -1.148045e+03 1.000000e+00
-3.178222e+01 -1.375770e+03 -1.426508e+03 1.000000e+00
-3.478765e+01 -1.533150e+03 -1.665361e+03 1.000000e+00
-3.335790e+01 -9.099014e+02 -1.962575e+03 1.000000e+00
-1.626071e+01 -1.748122e+03 0.000000e+00 1.000000e+00
-1.764834e+01 -2.150984e+03 -2.188092e+02 1.000000e+00
-1.918869e+01 -1.795060e+03 -4.459734e+02 1.000000e+00
-2.087550e+01 -2.121649e+03 -6.697991e+02 1.000000e+00
-2.530536e+01 -1.684081e+03 -9.181282e+02 1.000000e+00
-3.177783e+01 -1.916646e+03 -1.155901e+03 1.000000e+00
-3.787951e+01 -1.380570e+03 -1.435102e+03 1.000000e+00
-4.028575e+01 -1.532310e+03 -1.676001e+03 1.000000e+00
-3.682127e+01 -9.116890e+02 -1.971900e+03 1.000000e+00
-1.590252e+01 -1.755957e+03 0.000000e+00 1.000000e+00
-1.654766e+01 -2.159094e+03 -2.207015e+02 1.000000e+00
-2.019626e+01 -1.803648e+03 -4.505913e+02 1.000000e+00
-2.640032e+01 -2.127921e+03 -6.749310e+02 1.000000e+00
-2.996581e+01 -1.690716e+03 -9.251185e+02 1.000000e+00
-3.420317e+01 -1.918604e+03 -1.164481e+03 1.000000e+00
-3.949344e+01 -1.385103e+03 -1.445293e+03 1.000000e+00
-4.198241e+01 -1.531397e+03 -1.686451e+03 1.000000e+00
-4.163187e+01 -9.109758e+02 -1.983229e+03 1.000000e+00
-1.894790e+01 -1.763813e+03 0.000000e+00 1.000000e+00
-2.116599e+01 -2.166281e+03 -2.231246e+02 1.000000e+00
-2.304174e+01 -1.811364e+03 -4.547821e+02 1.000000e+00
-2.534401e+01 -2.134038e+03 -6.810638e+02 1.000000e+00
-3.154993e+01 -1.695744e+03 -9.325846e+02 1.000000e+00
-3.828739e+01 -1.921372e+03 -1.173831e+03 1.000000e+00
-4.210934e+01 -1.386875e+03 -1.455288e+03 1.000000e+00
-4.294607e+01 -1.531436e+03 -1.697696e+03 1.000000e+00
-4.144995e+01 -9.089587e+02 -1.994982e+03 1.000000e+00
-1.808032e+01 -1.772523e+03 0.000000e+00 1.000000e+00
-1.950284e+01 -2.172217e+03 -2.258862e+02 1.000000e+00
-2.312872e+01 -1.819057e+03 -4.583812e+02 1.000000e+00
-2.805960e+01 -2.140114e+03 -6.872557e+02 1.000000e+00
-3.308269e+01 -1.700634e+03 -9.413220e+02 1.000000e+00
-3.801954e+01 -1.924196e+03 -1.183297e+03 1.000000e+00
-4.123029e+01 -1.388752e+03 -1.465447e+03 1.000000e+00
-4.247529e+01 -1.530920e+03 -1.708728e+03 1.000000e+00
-4.222272e+01 -9.079501e+02 -2.005963e+03 1.000000e+00
0.000000e+00 -1.957256e+03 0.000000e+00 1.000000e+00
0.000000e+00 -1.793684e+03 -2.255785e+02 1.000000e+00
0.000000e+00 -2.000311e+03 -4.453540e+02 1.000000e+00
0.000000e+00 -1.758942e+03 -6.794488e+02 1.000000e+00
0.000000e+00 -1.892406e+03 -9.071145e+02 1.000000e+00
0.000000e+00 -1.555928e+03 -1.169449e+03 1.000000e+00
0.000000e+00 -1.595819e+03 -1.406898e+03 1.000000e+00
0.000000e+00 -1.173295e+03 -1.691362e+03 1.000000e+00
0.000000e+00 -1.142568e+03 -1.916537e+03 1.000000e+00
-5.707804e+00 -2.023378e+03 0.000000e+00 1.000000e+00
-4.029485e+00 -1.755562e+03 -2.250299e+02 1.000000e+00
-1.974869e+00 -2.066878e+03 -4.455733e+02 1.000000e+00
-2.958891e+00 -1.720429e+03 -6.807727e+02 1.000000e+00
-4.023854e+00 -1.956964e+03 -9.072543e+02 1.000000e+00
-6.242337e+00 -1.516367e+03 -1.172136e+03 1.000000e+00
-8.233844e+00 -1.656648e+03 -1.406797e+03 1.000000e+00
-9.236924e+00 -1.132187e+03 -1.694955e+03 1.000000e+00
-8.717999e+00 -1.198821e+03 -1.916314e+03 1.000000e+00
-9.243503e+00 -2.066960e+03 0.000000e+00 1.000000e+00
-8.730303e+00 -1.736374e+03 -2.247770e+02 1.000000e+00
-7.746225e+00 -2.110557e+03 -4.461869e+02 1.000000e+00
-7.611057e+00 -1.700868e+03 -6.831039e+02 1.000000e+00
-1.096028e+01 -1.998321e+03 -9.102966e+02 1.000000e+00
-1.341279e+01 -1.495487e+03 -1.175333e+03 1.000000e+00
-1.707175e+01 -1.693923e+03 -1.411275e+03 1.000000e+00
-1.923382e+01 -1.109169e+03 -1.699719e+03 1.000000e+00
-1.790446e+01 -1.231901e+03 -1.921513e+03 1.000000e+00
-1.124901e+01 -2.060506e+03 0.000000e+00 1.000000e+00
-1.059710e+01 -1.764244e+03 -2.250866e+02 1.000000e+00
-1.181736e+01 -2.104280e+03 -4.486340e+02 1.000000e+00
-1.500236e+01 -1.728247e+03 -6.858640e+02 1.000000e+00
-1.609108e+01 -1.990461e+03 -9.146213e+02 1.000000e+00
-2.047963e+01 -1.518620e+03 -1.180320e+03 1.000000e+00
-2.536718e+01 -1.684887e+03 -1.417851e+03 1.000000e+00
-2.705067e+01 -1.128171e+03 -1.706188e+03 1.000000e+00
-2.602429e+01 -1.219616e+03 -1.930230e+03 1.000000e+00
-1.436927e+01 -2.074032e+03 0.000000e+00 1.000000e+00
-1.506303e+01 -1.769982e+03 -2.261489e+02 1.000000e+00
-1.573011e+01 -2.117783e+03 -4.517263e+02 1.000000e+00
-1.755622e+01 -1.732783e+03 -6.899565e+02 1.000000e+00
-2.215236e+01 -2.002497e+03 -9.195327e+02 1.000000e+00
-2.655319e+01 -1.518808e+03 -1.187504e+03 1.000000e+00
-3.108420e+01 -1.695098e+03 -1.424539e+03 1.000000e+00
-3.391720e+01 -1.125140e+03 -1.716016e+03 1.000000e+00
-3.331546e+01 -1.226042e+03 -1.939511e+03 1.000000e+00
-1.681013e+01 -2.081833e+03 0.000000e+00 1.000000e+00
-1.816819e+01 -1.779501e+03 -2.282663e+02 1.000000e+00
-1.928308e+01 -2.125018e+03 -4.541651e+02 1.000000e+00
-2.137674e+01 -1.741299e+03 -6.948612e+02 1.000000e+00
-2.566337e+01 -2.007753e+03 -9.266699e+02 1.000000e+00
-3.164791e+01 -1.524155e+03 -1.194579e+03 1.000000e+00
-3.749187e+01 -1.696752e+03 -1.433869e+03 1.000000e+00
-3.938919e+01 -1.127774e+03 -1.725439e+03 1.000000e+00
-3.625004e+01 -1.223495e+03 -1.950271e+03 1.000000e+00
-1.600824e+01 -2.089290e+03 0.000000e+00 1.000000e+00
-1.719728e+01 -1.788117e+03 -2.303463e+02 1.000000e+00
-2.079945e+01 -2.132106e+03 -4.582893e+02 1.000000e+00
-2.641648e+01 -1.749267e+03 -7.005104e+02 1.000000e+00
-2.997710e+01 -2.011496e+03 -9.330715e+02 1.000000e+00
-3.407965e+01 -1.528831e+03 -1.203684e+03 1.000000e+00
-3.900023e+01 -1.698186e+03 -1.443390e+03 1.000000e+00
-4.130495e+01 -1.129213e+03 -1.736163e+03 1.000000e+00
-4.113451e+01 -1.220299e+03 -1.960799e+03 1.000000e+00
-1.979200e+01 -2.096498e+03 0.000000e+00 1.000000e+00
-2.151097e+01 -1.795854e+03 -2.327199e+02 1.000000e+00
-2.323458e+01 -2.138993e+03 -4.624819e+02 1.000000e+00
-2.563274e+01 -1.755877e+03 -7.064470e+02 1.000000e+00
-3.167717e+01 -2.016081e+03 -9.408018e+02 1.000000e+00
-3.795149e+01 -1.531759e+03 -1.212626e+03 1.000000e+00
-4.135617e+01 -1.699925e+03 -1.453495e+03 1.000000e+00
-4.235472e+01 -1.129509e+03 -1.747103e+03 1.000000e+00
-4.087865e+01 -1.217877e+03 -1.972292e+03 1.000000e+00
-1.858205e+01 -2.102626e+03 0.000000e+00 1.000000e+00
-2.009038e+01 -1.803580e+03 -2.352418e+02 1.000000e+00
-2.351227e+01 -2.145007e+03 -4.663474e+02 1.000000e+00
-2.822858e+01 -1.762506e+03 -7.123991e+02 1.000000e+00
-3.301114e+01 -2.020376e+03 -9.496965e+02 1.000000e+00
-3.781309e+01 -1.534648e+03 -1.221594e+03 1.000000e+00
-4.080849e+01 -1.700989e+03 -1.463898e+03 1.000000e+00
-4.202536e+01 -1.129848e+03 -1.757738e+03 1.000000e+00
-4.169287e+01 -1.215321e+03 -1.983383e+03 1.000000e+00
0.000000e+00 -1.737350e+03 0.000000e+00 1.000000e+00
0.000000e+00 -1.972513e+03 -2.311466e+02 1.000000e+00
0.000000e+00 -1.775261e+03 -4.642516e+02 1.000000e+00
0.000000e+00 -1.931339e+03 -6.890883e+02 1.000000e+00
0.000000e+00 -1.655505e+03 -9.404874e+02 1.000000e+00
0.000000e+00 -1.721792e+03 -1.175290e+03 1.000000e+00
0.000000e+00 -1.344168e+03 -1.451446e+03 1.000000e+00
0.000000e+00 -1.334680e+03 -1.680960e+03 1.000000e+00
0.000000e+00 -8.769507e+02 -1.971201e+03 1.000000e+00
-5.814009e+00 -1.699098e+03 0.000000e+00 1.000000e+00
-3.982052e+00 -2.038226e+03 -2.304886e+02 1.000000e+00
-2.358246e+00 -1.737791e+03 -4.648771e+02 1.000000e+00
-2.565646e+00 -1.995770e+03 -6.894290e+02 1.000000e+00
-4.316848e+00 -1.617429e+03 -9.422780e+02 1.000000e+00
-5.734868e+00 -1.783240e+03 -1.175555e+03 1.000000e+00
-8.194682e+00 -1.304364e+03 -1.454590e+03 1.000000e+00
-8.756055e+00 -1.391956e+03 -1.680453e+03 1.000000e+00
-8.646097e+00 -8.345722e+02 -1.976064e+03 1.000000e+00
-9.133135e+00 -1.679444e+03 0.000000e+00 1.000000e+00
-9.164561e+00 -2.081948e+03 -2.303635e+02 1.000000e+00
-7.654894e+00 -1.718267e+03 -4.652990e+02 1.000000e+00
-8.166149e+00 -2.038683e+03 -6.918727e+02 1.000000e+00
-1.093296e+01 -1.596880e+03 -9.452726e+02 1.000000e+00
-1.396948e+01 -1.822577e+03 -1.178866e+03 1.000000e+00
-1.636271e+01 -1.282251e+03 -1.458554e+03 1.000000e+00
-1.880142e+01 -1.426784e+03 -1.685849e+03 1.000000e+00
-1.743715e+01 -8.097752e+02 -1.980510e+03 1.000000e+00
-1.177768e+01 -1.707065e+03 0.000000e+00 1.000000e+00
-1.067297e+01 -2.075650e+03 -2.307256e+02 1.000000e+00
-1.230789e+01 -1.745344e+03 -4.675543e+02 1.000000e+00
-1.495274e+01 -2.032346e+03 -6.949800e+02 1.000000e+00
-1.651849e+01 -1.621375e+03 -9.490459e+02 1.000000e+00
-1.978277e+01 -1.813406e+03 -1.184510e+03 1.000000e+00
-2.541972e+01 -1.303377e+03 -1.464283e+03 1.000000e+00
-2.627373e+01 -1.416216e+03 -1.693328e+03 1.000000e+00
-2.539612e+01 -8.253421e+02 -1.987553e+03 1.000000e+00
-1.434966e+01 -1.712652e+03 0.000000e+00 1.000000e+00
-1.565125e+01 -2.088926e+03 -2.317615e+02 1.000000e+00
-1.612940e+01 -1.750694e+03 -4.707269e+02 1.000000e+00
-1.796248e+01 -2.044987e+03 -6.986719e+02 1.000000e+00
-2.245781e+01 -1.624134e+03 -9.546913e+02 1.000000e+00
-2.692424e+01 -1.823178e+03 -1.190631e+03 1.000000e+00
-3.043349e+01 -1.302619e+03 -1.472310e+03 1.000000e+00
-3.327461e+01 -1.424372e+03 -1.701307e+03 1.000000e+00
-3.290582e+01 -8.196192e+02 -1.998749e+03 1.000000e+00
-1.747448e+01 -1.721776e+03 0.000000e+00 1.000000e+00
-1.855122e+01 -2.096616e+03 -2.339805e+02 1.000000e+00
-1.946730e+01 -1.759324e+03 -4.728522e+02 1.000000e+00
-2.167673e+01 -2.052047e+03 -7.040104e+02 1.000000e+00
-2.597107e+01 -1.630552e+03 -9.612819e+02 1.000000e+00
-3.118278e+01 -1.826681e+03 -1.198327e+03 1.000000e+00
-3.689518e+01 -1.306635e+03 -1.480492e+03 1.000000e+00
-3.817915e+01 -1.423814e+03 -1.711901e+03 1.000000e+00
-3.563649e+01 -8.208980e+02 -2.007989e+03 1.000000e+00
-1.652364e+01 -1.730524e+03 0.000000e+00 1.000000e+00
-1.773518e+01 -2.103430e+03 -2.359080e+02 1.000000e+00
-2.155000e+01 -1.767955e+03 -4.771392e+02 1.000000e+00
-2.656850e+01 -2.057629e+03 -7.092770e+02 1.000000e+00
-2.994493e+01 -1.636346e+03 -9.681609e+02 1.000000e+00
-3.413039e+01 -1.828793e+03 -1.206789e+03 1.000000e+00
-3.845396e+01 -1.310073e+03 -1.490538e+03 1.000000e+00
-4.081553e+01 -1.423004e+03 -1.721759e+03 1.000000e+00
-4.018081e+01 -8.194733e+02 -2.018746e+03 1.000000e+00
-2.027639e+01 -1.737844e+03 0.000000e+00 1.000000e+00
-2.213507e+01 -2.110607e+03 -2.383052e+02 1.000000e+00
-2.327413e+01 -1.775049e+03 -4.811474e+02 1.000000e+00
-2.598425e+01 -2.063985e+03 -7.153599e+02 1.000000e+00
-3.179555e+01 -1.640933e+03 -9.756846e+02 1.000000e+00
-3.737376e+01 -1.831530e+03 -1.215837e+03 1.000000e+00
-4.067141e+01 -1.312205e+03 -1.500242e+03 1.000000e+00
-4.131373e+01 -1.422592e+03 -1.732753e+03 1.000000e+00
-4.061913e+01 -8.176894e+02 -2.029807e+03 1.000000e+00
-1.916806e+01 -1.745006e+03 0.000000e+00 1.000000e+00
-2.067544e+01 -2.116963e+03 -2.408996e+02 1.000000e+00
-2.390330e+01 -1.781771e+03 -4.846779e+02 1.000000e+00
-2.833212e+01 -2.069773e+03 -7.218599e+02 1.000000e+00
-3.287683e+01 -1.645352e+03 -9.838406e+02 1.000000e+00
-3.743992e+01 -1.833548e+03 -1.225172e+03 1.000000e+00
-4.022792e+01 -1.314152e+03 -1.510126e+03 1.000000e+00
-4.145133e+01 -1.420947e+03 -1.743448e+03 1.000000e+00
-4.097244e+01 -8.173307e+02 -2.040969e+03 1.000000e+00
0.000000e+00 -1.903121e+03 0.000000e+00 1.000000e+00
0.000000e+00 -1.760114e+03 -2.420692e+02 1.000000e+00
0.000000e+00 -1.936641e+03 -4.731305e+02 1.000000e+00
0.000000e+00 -1.708850e+03 -7.164163e+02 1.000000e+00
0.000000e+00 -1.809361e+03 -9.493381e+02 1.000000e+00
0.000000e+00 -1.485074e+03 -1.216197e+03 1.000000e+00
0.000000e+00 -1.491824e+03 -1.448561e+03 1.000000e+00
0.000000e+00 -1.083405e+03 -1.731613e+03 1.000000e+00
0.000000e+00 -1.020947e+03 -1.943658e+03 1.000000e+00
-5.445974e+00 -1.967198e+03 0.000000e+00 1.000000e+00
-4.402572e+00 -1.723270e+03 -2.418472e+02 1.000000e+00
-2.197052e+00 -2.000816e+03 -4.728725e+02 1.000000e+00
-2.862066e+00 -1.672191e+03 -7.181412e+02 1.000000e+00
-4.018808e+00 -1.871509e+03 -9.490840e+02 1.000000e+00
-5.825796e+00 -1.447132e+03 -1.219192e+03 1.000000e+00
-7.615604e+00 -1.550184e+03 -1.448063e+03 1.000000e+00
-8.592823e+00 -1.042776e+03 -1.735795e+03 1.000000e+00
-7.936398e+00 -1.074502e+03 -1.942408e+03 1.000000e+00
-9.736286e+00 -2.010724e+03 0.000000e+00 1.000000e+00
-8.900171e+00 -1.703177e+03 -2.416295e+02 1.000000e+00
-8.281617e+00 -2.044343e+03 -4.734727e+02 1.000000e+00
-8.137791e+00 -1.652579e+03 -7.203654e+02 1.000000e+00
-1.150024e+01 -1.912365e+03 -9.522488e+02 1.000000e+00
-1.379604e+01 -1.425623e+03 -1.222320e+03 1.000000e+00
-1.626293e+01 -1.587179e+03 -1.451973e+03 1.000000e+00
-1.773555e+01 -1.018603e+03 -1.740979e+03 1.000000e+00
-1.739760e+01 -1.107026e+03 -1.947156e+03 1.000000e+00
-1.160917e+01 -2.004220e+03 0.000000e+00 1.000000e+00
-1.145257e+01 -1.730248e+03 -2.419197e+02 1.000000e+00
-1.224949e+01 -2.038381e+03 -4.758591e+02 1.000000e+00
-1.537849e+01 -1.678459e+03 -7.231891e+02 1.000000e+00
-1.647551e+01 -1.905012e+03 -9.565071e+02 1.000000e+00
-1.952540e+01 -1.447298e+03 -1.226993e+03 1.000000e+00
-2.485846e+01 -1.578269e+03 -1.459036e+03 1.000000e+00
-2.594242e+01 -1.036404e+03 -1.746516e+03 1.000000e+00
-2.430241e+01 -1.095593e+03 -1.956285e+03 1.000000e+00
-1.505120e+01 -2.017055e+03 0.000000e+00 1.000000e+00
-1.564796e+01 -1.735907e+03 -2.429882e+02 1.000000e+00
-1.689437e+01 -2.050955e+03 -4.788805e+02 1.000000e+00
-1.827346e+01 -1.683160e+03 -7.271417e+02 1.000000e+00
-2.277758e+01 -1.915537e+03 -9.616275e+02 1.000000e+00
-2.713382e+01 -1.448027e+03 -1.233882e+03 1.000000e+00
-2.981486e+01 -1.586946e+03 -1.465738e+03 1.000000e+00
-3.238308e+01 -1.033775e+03 -1.756259e+03 1.000000e+00
-3.222032e+01 -1.100831e+03 -1.964487e+03 1.000000e+00
-1.799272e+01 -2.025400e+03 0.000000e+00 1.000000e+00
-1.909762e+01 -1.744000e+03 -2.448676e+02 1.000000e+00
-1.959956e+01 -2.058452e+03 -4.814939e+02 1.000000e+00
-2.212045e+01 -1.691016e+03 -7.319299e+02 1.000000e+00
-2.613236e+01 -1.920341e+03 -9.687319e+02 1.000000e+00
-3.074208e+01 -1.452675e+03 -1.240899e+03 1.000000e+00
-3.610874e+01 -1.588731e+03 -1.474409e+03 1.000000e+00
-3.700576e+01 -1.035703e+03 -1.765851e+03 1.000000e+00
-3.498891e+01 -1.098463e+03 -1.974988e+03 1.000000e+00
-1.690547e+01 -2.031346e+03 0.000000e+00 1.000000e+00
-1.848905e+01 -1.753203e+03 -2.469823e+02 1.000000e+00
-2.215830e+01 -2.064518e+03 -4.852518e+02 1.000000e+00
-2.661563e+01 -1.698481e+03 -7.377725e+02 1.000000e+00
-2.998342e+01 -1.924100e+03 -9.749246e+02 1.000000e+00
-3.386398e+01 -1.456394e+03 -1.249848e+03 1.000000e+00
-3.793409e+01 -1.590391e+03 -1.483892e+03 1.000000e+00
-3.996973e+01 -1.036224e+03 -1.775743e+03 1.000000e+00
-3.905932e+01 -1.095903e+03 -1.985466e+03 1.000000e+00
-2.110201e+01 -2.038419e+03 0.000000e+00 1.000000e+00
-2.241377e+01 -1.760062e+03 -2.492320e+02 1.000000e+00
-2.361496e+01 -2.071518e+03 -4.894165e+02 1.000000e+00
-2.633860e+01 -1.704529e+03 -7.435467e+02 1.000000e+00
-3.173624e+01 -1.928228e+03 -9.826512e+02 1.000000e+00
-3.702778e+01 -1.459360e+03 -1.258582e+03 1.000000e+00
-3.965280e+01 -1.591612e+03 -1.493501e+03 1.000000e+00
-4.045837e+01 -1.036615e+03 -1.786581e+03 1.000000e+00
-3.996864e+01 -1.092792e+03 -1.996103e+03 1.000000e+00
-1.977363e+01 -2.045046e+03 0.000000e+00 1.000000e+00
-2.132517e+01 -1.766471e+03 -2.515652e+02 1.000000e+00
-2.420092e+01 -2.077768e+03 -4.932197e+02 1.000000e+00
-2.836624e+01 -1.710683e+03 -7.497778e+02 1.000000e+00
-3.264760e+01 -1.931694e+03 -9.908565e+02 1.000000e+00
-3.684217e+01 -1.462649e+03 -1.267603e+03 1.000000e+00
-3.950278e+01 -1.591807e+03 -1.503220e+03 1.000000e+00
-4.062108e+01 -1.037341e+03 -1.797222e+03 1.000000e+00
-4.009749e+01 -1.089461e+03 -2.007022e+03 1.000000e+00
