0 729 0.00000e+00
  1     729
0.000000e+00 1.581841e+03 -3.619648e+03 1.000000e+00
0.000000e+00 2.458813e+03 -3.288004e+03 1.000000e+00
0.000000e+00 2.717718e+03 -3.764509e+03 1.000000e+00
0.000000e+00 3.671500e+03 -3.109953e+03 1.000000e+00
0.000000e+00 3.935135e+03 -3.576397e+03 9.992651e-01
0.000000e+00 5.018806e+03 -2.499944e+03 9.950333e-01
0.000000e+00 5.386576e+03 -2.908966e+03 9.787423e-01
0.000000e+00 6.763620e+03 -1.778679e+03 9.366232e-01
0.000000e+00 6.863746e+03 -1.272063e+03 8.571537e-01
-3.522010e+00 1.564499e+03 -3.650360e+03 1.000000e+00
2.222529e-01 2.498989e+03 -3.256780e+03 1.000000e+00
4.212327e+00 2.715497e+03 -3.804692e+03 1.000000e+00
7.059215e+00 3.709465e+03 -3.069437e+03 1.000000e+00
9.759294e+00 3.949033e+03 -3.627455e+03 9.992651e-01
1.191036e+01 5.055455e+03 -2.448344e+03 9.950333e-01
1.038881e+01 5.412918e+03 -2.974709e+03 9.787423e-01
1.768531e+01 6.792371e+03 -1.763822e+03 9.366232e-01
1.539812e+01 6.909926e+03 -1.267526e+03 8.571537e-01
-2.090456e+00 1.562547e+03 -3.659543e+03 1.000000e+00
2.054494e+00 2.527337e+03 -3.257177e+03 1.000000e+00
8.244818e+00 2.724139e+03 -3.813547e+03 1.000000e+00
1.464222e+01 3.731710e+03 -3.067288e+03 1.000000e+00
2.204686e+01 3.967841e+03 -3.634449e+03 9.992651e-01
2.799064e+01 5.072142e+03 -2.441642e+03 9.950333e-01
3.498838e+01 5.448152e+03 -2.977712e+03 9.787423e-01
3.187233e+01 6.800657e+03 -1.747759e+03 9.366232e-01
2.627641e+01 6.951111e+03 -1.255775e+03 8.571537e-01
-5.417200e+00 1.578158e+03 -3.652802e+03 1.000000e+00
3.557180e+00 2.533982e+03 -3.272273e+03 1.000000e+00
1.076458e+01 2.740316e+03 -3.800597e+03 1.000000e+00
1.853847e+01 3.742866e+03 -3.079980e+03 1.000000e+00
2.284422e+01 3.983644e+03 -3.614178e+03 9.992651e-01
2.656236e+01 5.085690e+03 -2.450634e+03 9.950333e-01
2.640890e+01 5.475670e+03 -2.945894e+03 9.787423e-01
2.846509e+01 6.831169e+03 -1.738288e+03 9.366232e-01
2.673200e+01 6.975895e+03 -1.242195e+03 8.571537e-01
-3.278665e+00 1.589362e+03 -3.662446e+03 1.000000e+00
6.257223e+00 2.545229e+03 -3.260150e+03 1.000000e+00
1.652648e+01 2.752891e+03 -3.807931e+03 1.000000e+00
2.195086e+01 3.753048e+03 -3.063769e+03 1.000000e+00
2.974353e+01 3.996101e+03 -3.615218e+03 9.992651e-01
3.405070e+01 5.098341e+03 -2.429157e+03 9.950333e-01
3.480499e+01 5.484182e+03 -2.953787e+03 9.787423e-01
3.329994e+01 6.848671e+03 -1.731028e+03 9.366232e-01
2.806683e+01 6.991592e+03 -1.234212e+03 8.571537e-01
-2.024576e+00 1.604696e+03 -3.658911e+03 1.000000e+00
6.700918e+00 2.548494e+03 -3.263566e+03 1.000000e+00
1.589629e+01 2.767215e+03 -3.794248e+03 1.000000e+00
2.726560e+01 3.758787e+03 -3.061211e+03 1.000000e+00
3.303548e+01 4.009457e+03 -3.590452e+03 9.992651e-01
3.711623e+01 5.111479e+03 -2.422438e+03 9.950333e-01
4.225612e+01 5.500353e+03 -2.911112e+03 9.787423e-01
3.791671e+01 6.867938e+03 -1.711122e+03 9.366232e-01
3.162471e+01 7.012566e+03 -1.218742e+03 8.571537e-01
-2.140199e+00 1.608528e+03 -3.658286e+03 1.000000e+00
9.028381e+00 2.560889e+03 -3.260613e+03 1.000000e+00
1.820694e+01 2.768204e+03 -3.786227e+03 1.000000e+00
2.427698e+01 3.773019e+03 -3.047250e+03 1.000000e+00
3.159132e+01 4.013526e+03 -3.574012e+03 9.992651e-01
3.630366e+01 5.125222e+03 -2.396536e+03 9.950333e-01
3.339473e+01 5.512229e+03 -2.889110e+03 9.787423e-01
2.930243e+01 6.894888e+03 -1.697018e+03 9.366232e-01
2.557187e+01 7.030251e+03 -1.209164e+03 8.571537e-01
-2.754937e-02 1.618740e+03 -3.656671e+03 1.000000e+00
1.074903e+01 2.572013e+03 -3.256555e+03 1.000000e+00
2.019339e+01 2.778665e+03 -3.776944e+03 1.000000e+00
2.869992e+01 3.779763e+03 -3.037975e+03 1.000000e+00
3.382072e+01 4.028216e+03 -3.553309e+03 9.992651e-01
3.568720e+01 5.131286e+03 -2.381230e+03 9.950333e-01
3.773691e+01 5.530702e+03 -2.868069e+03 9.787423e-01
3.341870e+01 6.909145e+03 -1.689514e+03 9.366232e-01
2.843250e+01 7.050640e+03 -1.201718e+03 8.571537e-01
-7.999281e-01 1.626532e+03 -3.656915e+03 1.000000e+00
9.923356e+00 2.575028e+03 -3.253151e+03 1.000000e+00
1.907629e+01 2.787179e+03 -3.768665e+03 1.000000e+00
2.652184e+01 3.784717e+03 -3.027160e+03 1.000000e+00
3.219234e+01 4.038590e+03 -3.539968e+03 9.992651e-01
3.548042e+01 5.143028e+03 -2.364930e+03 9.950333e-01
3.625669e+01 5.547028e+03 -2.840464e+03 9.787423e-01
3.345003e+01 6.926100e+03 -1.669526e+03 9.366232e-01
2.807698e+01 7.065747e+03 -1.185819e+03 8.571537e-01
0.000000e+00 1.945071e+03 -3.379525e+03 1.000000e+00
0.000000e+00 2.179158e+03 -3.881856e+03 1.000000e+00
0.000000e+00 3.075830e+03 -3.449325e+03 1.000000e+00
0.000000e+00 3.261977e+03 -3.955608e+03 1.000000e+00
0.000000e+00 4.230688e+03 -3.166746e+03 9.992651e-01
0.000000e+00 4.398678e+03 -3.679444e+03 9.950333e-01
0.000000e+00 5.506035e+03 -2.424219e+03 9.787423e-01
0.000000e+00 5.740924e+03 -2.358157e+03 9.366232e-01
0.000000e+00 6.824382e+03 -1.617293e+03 8.571537e-01
-4.187325e+00 1.992065e+03 -3.358826e+03 1.000000e+00
-2.199853e+00 2.172249e+03 -3.913646e+03 1.000000e+00
1.664551e+00 3.116742e+03 -3.418560e+03 1.000000e+00
4.160905e+00 3.268962e+03 -3.998650e+03 1.000000e+00
8.289764e+00 4.270996e+03 -3.124177e+03 9.992651e-01
9.700698e+00 4.426261e+03 -3.737362e+03 9.950333e-01
7.641768e+00 5.541497e+03 -2.386864e+03 9.787423e-01
1.164193e+01 5.782575e+03 -2.371054e+03 9.366232e-01
1.361439e+01 6.858097e+03 -1.613479e+03 8.571537e-01
-4.517669e+00 2.021226e+03 -3.364800e+03 1.000000e+00
7.789316e-01 2.172880e+03 -3.921933e+03 1.000000e+00
6.717520e+00 3.140201e+03 -3.421920e+03 1.000000e+00
1.331418e+01 3.279718e+03 -4.007754e+03 1.000000e+00
1.822914e+01 4.285227e+03 -3.126397e+03 9.992651e-01
2.537454e+01 4.446720e+03 -3.743448e+03 9.950333e-01
3.373879e+01 5.539542e+03 -2.387810e+03 9.787423e-01
3.458859e+01 5.814994e+03 -2.362342e+03 9.366232e-01
2.904876e+01 6.861025e+03 -1.601101e+03 8.571537e-01
-6.892704e+00 2.028291e+03 -3.378190e+03 1.000000e+00
-5.554014e-01 2.188579e+03 -3.917492e+03 1.000000e+00
7.072644e+00 3.147956e+03 -3.435596e+03 1.000000e+00
1.511285e+01 3.293766e+03 -3.994148e+03 1.000000e+00
2.186643e+01 4.295481e+03 -3.143192e+03 9.992651e-01
2.490605e+01 4.458526e+03 -3.718933e+03 9.950333e-01
2.726490e+01 5.549300e+03 -2.391294e+03 9.787423e-01
3.073330e+01 5.839451e+03 -2.337671e+03 9.366232e-01
2.768736e+01 6.879950e+03 -1.583790e+03 8.571537e-01
-4.542801e+00 2.038782e+03 -3.372715e+03 1.000000e+00
7.154867e+00 2.201993e+03 -3.925246e+03 1.000000e+00
1.627906e+01 3.157230e+03 -3.426632e+03 1.000000e+00
2.129135e+01 3.306687e+03 -4.000567e+03 1.000000e+00
2.755166e+01 4.307221e+03 -3.124454e+03 9.992651e-01
3.288823e+01 4.473900e+03 -3.724101e+03 9.950333e-01
3.290662e+01 5.572166e+03 -2.374790e+03 9.787423e-01
3.183594e+01 5.861515e+03 -2.335772e+03 9.366232e-01
2.898050e+01 6.902204e+03 -1.575716e+03 8.571537e-01
-4.810500e+00 2.039449e+03 -3.379685e+03 1.000000e+00
1.168106e+00 2.214561e+03 -3.919900e+03 1.000000e+00
1.188962e+01 3.159269e+03 -3.426910e+03 1.000000e+00
2.331511e+01 3.316714e+03 -3.985965e+03 1.000000e+00
3.049090e+01 4.309538e+03 -3.120379e+03 9.992651e-01
3.563577e+01 4.484598e+03 -3.693997e+03 9.950333e-01
4.182389e+01 5.581537e+03 -2.362843e+03 9.787423e-01
3.897916e+01 5.875529e+03 -2.316562e+03 9.366232e-01
3.307843e+01 6.918510e+03 -1.559448e+03 8.571537e-01
-2.222571e+00 2.052753e+03 -3.379926e+03 1.000000e+00
1.062224e+01 2.217460e+03 -3.919142e+03 1.000000e+00
1.824362e+01 3.174167e+03 -3.420172e+03 1.000000e+00
2.423757e+01 3.317588e+03 -3.974831e+03 1.000000e+00
3.113396e+01 4.324256e+03 -3.103718e+03 9.992651e-01
3.375967e+01 4.488667e+03 -3.675374e+03 9.950333e-01
3.270247e+01 5.596586e+03 -2.333170e+03 9.787423e-01
3.131404e+01 5.892200e+03 -2.299028e+03 9.366232e-01
2.725009e+01 6.939216e+03 -1.544869e+03 8.571537e-01
-2.467718e+00 2.060440e+03 -3.381666e+03 1.000000e+00
7.451849e+00 2.225913e+03 -3.913127e+03 1.000000e+00
1.781062e+01 3.180831e+03 -3.418523e+03 1.000000e+00
2.638731e+01 3.327509e+03 -3.961709e+03 1.000000e+00
3.118495e+01 4.327994e+03 -3.092655e+03 9.992651e-01
3.544969e+01 4.503127e+03 -3.653995e+03 9.950333e-01
3.767386e+01 5.606143e+03 -2.316903e+03 9.787423e-01
3.275721e+01 5.915952e+03 -2.288633e+03 9.366232e-01
2.891623e+01 6.952724e+03 -1.535476e+03 8.571537e-01
-1.430907e+00 2.067808e+03 -3.384267e+03 1.000000e+00
8.840929e+00 2.235129e+03 -3.912019e+03 1.000000e+00
1.746153e+01 3.182957e+03 -3.410906e+03 1.000000e+00
2.497882e+01 3.334773e+03 -3.953715e+03 1.000000e+00
3.079095e+01 4.331667e+03 -3.081691e+03 9.992651e-01
3.413167e+01 4.511777e+03 -3.635985e+03 9.950333e-01
3.554641e+01 5.615161e+03 -2.294816e+03 9.787423e-01
3.320745e+01 5.924562e+03 -2.272035e+03 9.366232e-01
2.867658e+01 6.966592e+03 -1.520198e+03 8.571537e-01
0.000000e+00 1.703607e+03 -3.832851e+03 1.000000e+00
0.000000e+00 2.568908e+03 -3.587354e+03 1.000000e+00
0.000000e+00 2.734933e+03 -4.102713e+03 1.000000e+00
0.000000e+00 3.648815e+03 -3.561664e+03 1.000000e+00
0.000000e+00 3.740584e+03 -4.110286e+03 9.992651e-01
0.000000e+00 4.725875e+03 -3.172941e+03 9.950333e-01
0.000000e+00 4.735948e+03 -3.690273e+03 9.787423e-01
0.000000e+00 5.798343e+03 -2.665707e+03 9.366232e-01
0.000000e+00 5.789019e+03 -2.174226e+03 8.571537e-01
-3.551237e+00 1.690402e+03 -3.858740e+03 1.000000e+00
-2.081708e+00 2.615144e+03 -3.566803e+03 1.000000e+00
3.966819e-01 2.735832e+03 -4.135949e+03 1.000000e+00
3.186983e+00 3.688582e+03 -3.532381e+03 1.000000e+00
7.695978e+00 3.757542e+03 -4.152229e+03 9.992651e-01
1.032592e+01 4.762691e+03 -3.137751e+03 9.950333e-01
7.926874e+00 4.778535e+03 -3.751912e+03 9.787423e-01
1.098637e+01 5.836464e+03 -2.664977e+03 9.366232e-01
1.274548e+01 5.834888e+03 -2.174174e+03 8.571537e-01
-8.950674e+00 1.684800e+03 -3.866961e+03 1.000000e+00
-3.534189e+00 2.640631e+03 -3.574560e+03 1.000000e+00
3.548251e+00 2.740409e+03 -4.143272e+03 1.000000e+00
9.274587e+00 3.705258e+03 -3.541519e+03 1.000000e+00
1.407113e+01 3.773656e+03 -4.159443e+03 9.992651e-01
1.921214e+01 4.769747e+03 -3.147138e+03 9.950333e-01
2.547791e+01 4.802740e+03 -3.766464e+03 9.787423e-01
3.118645e+01 5.832945e+03 -2.664411e+03 9.366232e-01
2.884433e+01 5.871694e+03 -2.163572e+03 8.571537e-01
-4.939749e+00 1.702428e+03 -3.865740e+03 1.000000e+00
2.617863e-01 2.649151e+03 -3.590676e+03 1.000000e+00
6.270503e+00 2.756424e+03 -4.136133e+03 1.000000e+00
1.505198e+01 3.714308e+03 -3.557123e+03 1.000000e+00
2.122743e+01 3.783055e+03 -4.149032e+03 9.992651e-01
2.626012e+01 4.777185e+03 -3.161719e+03 9.950333e-01
2.972202e+01 4.806038e+03 -3.744540e+03 9.787423e-01
3.262447e+01 5.839822e+03 -2.648346e+03 9.366232e-01
2.869931e+01 5.887204e+03 -2.144451e+03 8.571537e-01
-8.996276e+00 1.713579e+03 -3.875050e+03 1.000000e+00
3.245055e+00 2.657507e+03 -3.584647e+03 1.000000e+00
1.357788e+01 2.768591e+03 -4.146679e+03 1.000000e+00
1.893230e+01 3.722378e+03 -3.545497e+03 1.000000e+00
2.593107e+01 3.794883e+03 -4.154506e+03 9.992651e-01
3.082105e+01 4.789609e+03 -3.143772e+03 9.950333e-01
3.368589e+01 4.830656e+03 -3.744714e+03 9.787423e-01
3.266912e+01 5.867466e+03 -2.637917e+03 9.366232e-01
3.033727e+01 5.905668e+03 -2.132023e+03 8.571537e-01
-4.480197e+00 1.726388e+03 -3.875272e+03 1.000000e+00
9.990789e-01 2.658712e+03 -3.589222e+03 1.000000e+00
1.022713e+01 2.780251e+03 -4.138386e+03 1.000000e+00
2.036286e+01 3.720897e+03 -3.546658e+03 1.000000e+00
2.769393e+01 3.805298e+03 -4.134635e+03 9.992651e-01
3.260261e+01 4.791044e+03 -3.138459e+03 9.950333e-01
3.676637e+01 4.839273e+03 -3.711532e+03 9.787423e-01
3.614518e+01 5.879210e+03 -2.627636e+03 9.366232e-01
3.183140e+01 5.920293e+03 -2.114606e+03 8.571537e-01
-4.002971e+00 1.731373e+03 -3.878329e+03 1.000000e+00
8.755029e+00 2.672810e+03 -3.588169e+03 1.000000e+00
1.769441e+01 2.781842e+03 -4.134927e+03 1.000000e+00
2.473365e+01 3.735830e+03 -3.535565e+03 1.000000e+00
3.068222e+01 3.803843e+03 -4.122943e+03 9.992651e-01
3.452206e+01 4.805442e+03 -3.117112e+03 9.950333e-01
3.552881e+01 4.845444e+03 -3.690833e+03 9.787423e-01
3.366526e+01 5.893857e+03 -2.610404e+03 9.366232e-01
2.929634e+01 5.930800e+03 -2.098957e+03 8.571537e-01
-3.352348e+00 1.738051e+03 -3.877832e+03 1.000000e+00
5.914376e+00 2.676970e+03 -3.588183e+03 1.000000e+00
1.566956e+01 2.788317e+03 -4.128583e+03 1.000000e+00
2.392406e+01 3.739868e+03 -3.532003e+03 1.000000e+00
2.844261e+01 3.812918e+03 -4.106456e+03 9.992651e-01
3.286858e+01 4.809500e+03 -3.103630e+03 9.950333e-01
3.526164e+01 4.865321e+03 -3.664211e+03 9.787423e-01
3.095358e+01 5.905897e+03 -2.599238e+03 9.366232e-01
2.844561e+01 5.950774e+03 -2.085166e+03 8.571537e-01
-1.116122e+00 1.748916e+03 -3.882741e+03 1.000000e+00
9.001835e+00 2.684785e+03 -3.588324e+03 1.000000e+00
1.700126e+01 2.797999e+03 -4.123471e+03 1.000000e+00
2.416706e+01 3.741883e+03 -3.526969e+03 1.000000e+00
2.927282e+01 3.819352e+03 -4.096729e+03 9.992651e-01
3.196089e+01 4.807708e+03 -3.091350e+03 9.950333e-01
3.285017e+01 4.863984e+03 -3.645055e+03 9.787423e-01
3.160224e+01 5.911985e+03 -2.589460e+03 9.366232e-01
2.822228e+01 5.959487e+03 -2.071214e+03 8.571537e-01
0.000000e+00 2.101684e+03 -3.577714e+03 1.000000e+00
0.000000e+00 2.274043e+03 -4.074377e+03 1.000000e+00
0.000000e+00 3.157521e+03 -3.748737e+03 1.000000e+00
0.000000e+00 3.235566e+03 -4.271875e+03 1.000000e+00
0.000000e+00 4.171120e+03 -3.628731e+03 9.992651e-01
0.000000e+00 4.137425e+03 -4.206459e+03 9.950333e-01
0.000000e+00 5.119647e+03 -3.183111e+03 9.787423e-01
0.000000e+00 4.862034e+03 -3.291240e+03 9.366232e-01
0.000000e+00 5.957482e+03 -2.683444e+03 8.571537e-01
-3.724091e+00 2.147210e+03 -3.566387e+03 1.000000e+00
-2.667248e+00 2.264253e+03 -4.099401e+03 1.000000e+00
1.450081e-01 3.199895e+03 -3.729234e+03 1.000000e+00
2.617882e+00 3.243157e+03 -4.306505e+03 1.000000e+00
6.894446e+00 4.206464e+03 -3.599357e+03 9.992651e-01
9.078960e+00 4.161458e+03 -4.255088e+03 9.950333e-01
1.047383e+01 5.150983e+03 -3.154445e+03 9.787423e-01
1.127394e+01 4.908921e+03 -3.299708e+03 9.366232e-01
1.335921e+01 5.989100e+03 -2.679239e+03 8.571537e-01
-1.125928e+01 2.179880e+03 -3.577536e+03 1.000000e+00
-6.088573e+00 2.263761e+03 -4.106835e+03 1.000000e+00
-3.518558e-01 3.221593e+03 -3.739683e+03 1.000000e+00
6.282156e+00 3.254087e+03 -4.314325e+03 1.000000e+00
1.086876e+01 4.218215e+03 -3.612720e+03 9.992651e-01
1.660340e+01 4.182751e+03 -4.263646e+03 9.950333e-01
1.918596e+01 5.152141e+03 -3.178768e+03 9.787423e-01
2.664170e+01 4.943709e+03 -3.301215e+03 9.366232e-01
2.686304e+01 5.985146e+03 -2.672158e+03 8.571537e-01
-5.324420e+00 2.184628e+03 -3.589878e+03 1.000000e+00
7.827204e-01 2.281179e+03 -4.107191e+03 1.000000e+00
8.047200e+00 3.230661e+03 -3.754055e+03 1.000000e+00
1.506321e+01 3.267587e+03 -4.308473e+03 1.000000e+00
2.101110e+01 4.228007e+03 -3.632502e+03 9.992651e-01
2.442326e+01 4.187961e+03 -4.252243e+03 9.950333e-01
2.911603e+01 5.153578e+03 -3.197107e+03 9.787423e-01
3.218379e+01 4.947698e+03 -3.289558e+03 9.366232e-01
2.906006e+01 5.993244e+03 -2.658175e+03 8.571537e-01
-1.081159e+01 2.193571e+03 -3.588394e+03 1.000000e+00
-5.620703e-01 2.292059e+03 -4.116159e+03 1.000000e+00
9.027585e+00 3.237026e+03 -3.749904e+03 1.000000e+00
1.633534e+01 3.277198e+03 -4.316999e+03 1.000000e+00
2.381041e+01 4.232444e+03 -3.619032e+03 9.992651e-01
3.175169e+01 4.198377e+03 -4.257148e+03 9.950333e-01
3.650198e+01 5.166145e+03 -3.168229e+03 9.787423e-01
3.415662e+01 4.963452e+03 -3.277001e+03 9.366232e-01
3.112472e+01 6.009937e+03 -2.642718e+03 8.571537e-01
-4.736668e+00 2.198440e+03 -3.596930e+03 1.000000e+00
2.086108e+00 2.304685e+03 -4.113624e+03 1.000000e+00
1.135489e+01 3.238717e+03 -3.752977e+03 1.000000e+00
1.953726e+01 3.288128e+03 -4.307729e+03 1.000000e+00
2.558389e+01 4.231253e+03 -3.616354e+03 9.992651e-01
2.826805e+01 4.208836e+03 -4.234438e+03 9.950333e-01
2.940961e+01 5.168461e+03 -3.159529e+03 9.787423e-01
3.190397e+01 4.972785e+03 -3.263422e+03 9.366232e-01
2.961636e+01 6.018303e+03 -2.629659e+03 8.571537e-01
-5.406825e+00 2.209127e+03 -3.597745e+03 1.000000e+00
6.508983e+00 2.306659e+03 -4.116503e+03 1.000000e+00
1.498059e+01 3.251863e+03 -3.748490e+03 1.000000e+00
2.378387e+01 3.286029e+03 -4.300524e+03 1.000000e+00
3.048637e+01 4.245435e+03 -3.603637e+03 9.992651e-01
3.580369e+01 4.204726e+03 -4.219093e+03 9.950333e-01
4.060493e+01 5.177801e+03 -3.134180e+03 9.787423e-01
3.449402e+01 4.974117e+03 -3.251626e+03 9.366232e-01
3.053594e+01 6.031061e+03 -2.615604e+03 8.571537e-01
-3.490304e+00 2.217091e+03 -3.601724e+03 1.000000e+00
5.841612e+00 2.315177e+03 -4.113772e+03 1.000000e+00
1.532180e+01 3.253988e+03 -3.749407e+03 1.000000e+00
2.281778e+01 3.292077e+03 -4.290683e+03 1.000000e+00
2.661703e+01 4.247038e+03 -3.597048e+03 9.992651e-01
2.977878e+01 4.213746e+03 -4.196972e+03 9.950333e-01
3.095571e+01 5.183105e+03 -3.112074e+03 9.787423e-01
2.866311e+01 4.988404e+03 -3.238770e+03 9.366232e-01
2.716230e+01 6.036859e+03 -2.601301e+03 8.571537e-01
-1.421649e+00 2.222340e+03 -3.607165e+03 1.000000e+00
8.793050e+00 2.325396e+03 -4.114462e+03 1.000000e+00
1.673455e+01 3.258920e+03 -3.746603e+03 1.000000e+00
2.343508e+01 3.301635e+03 -4.288035e+03 1.000000e+00
2.783382e+01 4.249043e+03 -3.590449e+03 9.992651e-01
2.976010e+01 4.217334e+03 -4.187722e+03 9.950333e-01
2.989930e+01 5.179777e+03 -3.100948e+03 9.787423e-01
2.927824e+01 4.988992e+03 -3.234194e+03 9.366232e-01
2.726359e+01 6.044393e+03 -2.591626e+03 8.571537e-01
0.000000e+00 1.829286e+03 -3.928677e+03 1.000000e+00
0.000000e+00 2.700210e+03 -3.783253e+03 1.000000e+00
0.000000e+00 2.796931e+03 -4.261421e+03 1.000000e+00
0.000000e+00 3.700432e+03 -3.860777e+03 1.000000e+00
0.000000e+00 3.669130e+03 -4.384176e+03 9.992651e-01
0.000000e+00 4.632362e+03 -3.654542e+03 9.950333e-01
0.000000e+00 4.409821e+03 -4.217264e+03 9.787423e-01
0.000000e+00 5.308109e+03 -3.527439e+03 9.366232e-01
0.000000e+00 4.987627e+03 -3.288673e+03 8.571537e-01
-5.781618e+00 1.810786e+03 -3.948726e+03 1.000000e+00
-4.186557e+00 2.742148e+03 -3.771463e+03 1.000000e+00
-1.450726e+00 2.792661e+03 -4.286201e+03 1.000000e+00
2.127646e+00 3.738166e+03 -3.843527e+03 1.000000e+00
5.852541e+00 3.684783e+03 -4.418304e+03 9.992651e-01
7.902004e+00 4.662188e+03 -3.633268e+03 9.950333e-01
8.423088e+00 4.438970e+03 -4.262653e+03 9.787423e-01
1.191680e+01 5.336253e+03 -3.522095e+03 9.366232e-01
1.353310e+01 5.027317e+03 -3.286690e+03 8.571537e-01
-1.051099e+01 1.807792e+03 -3.956484e+03 1.000000e+00
-5.906928e+00 2.771171e+03 -3.784572e+03 1.000000e+00
-7.061870e-01 2.799598e+03 -4.292473e+03 1.000000e+00
4.031275e+00 3.755117e+03 -3.858392e+03 1.000000e+00
9.641763e+00 3.702061e+03 -4.425945e+03 9.992651e-01
1.466384e+01 4.665762e+03 -3.654136e+03 9.950333e-01
1.881223e+01 4.467057e+03 -4.278921e+03 9.787423e-01
2.398209e+01 5.331034e+03 -3.526700e+03 9.366232e-01
2.492414e+01 5.061104e+03 -3.281746e+03 8.571537e-01
-8.560630e+00 1.825365e+03 -3.958833e+03 1.000000e+00
-1.496374e+00 2.776736e+03 -3.798329e+03 1.000000e+00
7.249954e+00 2.815434e+03 -4.291061e+03 1.000000e+00
1.547277e+01 3.764912e+03 -3.874104e+03 1.000000e+00
2.057491e+01 3.711426e+03 -4.423315e+03 9.992651e-01
2.348697e+01 4.674636e+03 -3.674734e+03 9.950333e-01
2.525822e+01 4.471754e+03 -4.273646e+03 9.787423e-01
3.034447e+01 5.334279e+03 -3.526350e+03 9.366232e-01
2.830611e+01 5.067222e+03 -3.273237e+03 8.571537e-01
-9.220057e+00 1.836618e+03 -3.967316e+03 1.000000e+00
-6.473460e-01 2.784575e+03 -3.797175e+03 1.000000e+00
7.188839e+00 2.824154e+03 -4.301412e+03 1.000000e+00
1.378119e+01 3.769230e+03 -3.868137e+03 1.000000e+00
2.192713e+01 3.718596e+03 -4.429528e+03 9.992651e-01
3.091181e+01 4.677904e+03 -3.658679e+03 9.950333e-01
3.750405e+01 4.472978e+03 -4.270215e+03 9.787423e-01
3.401800e+01 5.342265e+03 -3.511775e+03 9.366232e-01
3.117812e+01 5.074101e+03 -3.259827e+03 8.571537e-01
-7.199559e+00 1.849797e+03 -3.968584e+03 1.000000e+00
1.144531e+00 2.789155e+03 -3.803135e+03 1.000000e+00
1.164968e+01 2.838003e+03 -4.297380e+03 1.000000e+00
2.003388e+01 3.767837e+03 -3.870449e+03 1.000000e+00
2.529413e+01 3.731389e+03 -4.414723e+03 9.992651e-01
2.676955e+01 4.678082e+03 -3.653351e+03 9.950333e-01
2.591767e+01 4.482760e+03 -4.246787e+03 9.787423e-01
2.833026e+01 5.343169e+03 -3.507439e+03 9.366232e-01
2.771094e+01 5.082635e+03 -3.248610e+03 8.571537e-01
-4.862436e+00 1.851612e+03 -3.974000e+03 1.000000e+00
5.661867e+00 2.798396e+03 -3.803055e+03 1.000000e+00
1.352313e+01 2.838083e+03 -4.296776e+03 1.000000e+00
2.227388e+01 3.780824e+03 -3.861556e+03 1.000000e+00
2.882735e+01 3.726550e+03 -4.407083e+03 9.992651e-01
3.474102e+01 4.687491e+03 -3.636472e+03 9.950333e-01
4.078402e+01 4.479590e+03 -4.225491e+03 9.787423e-01
3.385247e+01 5.348190e+03 -3.500906e+03 9.366232e-01
3.017838e+01 5.083128e+03 -3.239421e+03 8.571537e-01
-3.467192e+00 1.862986e+03 -3.975661e+03 1.000000e+00
6.164599e+00 2.805414e+03 -3.806717e+03 1.000000e+00
1.507011e+01 2.845385e+03 -4.293273e+03 1.000000e+00
2.254982e+01 3.783215e+03 -3.859672e+03 1.000000e+00
2.648941e+01 3.730821e+03 -4.393571e+03 9.992651e-01
2.871523e+01 4.685732e+03 -3.623436e+03 9.950333e-01
2.859149e+01 4.484226e+03 -4.196314e+03 9.787423e-01
2.610561e+01 5.345555e+03 -3.491964e+03 9.366232e-01
2.575077e+01 5.092499e+03 -3.227883e+03 8.571537e-01
-2.166632e+00 1.871222e+03 -3.980871e+03 1.000000e+00
7.888436e+00 2.809970e+03 -3.807868e+03 1.000000e+00
1.614985e+01 2.852249e+03 -4.291946e+03 1.000000e+00
2.263580e+01 3.786638e+03 -3.858188e+03 1.000000e+00
2.706402e+01 3.741031e+03 -4.388489e+03 9.992651e-01
2.863236e+01 4.690760e+03 -3.615938e+03 9.950333e-01
2.807198e+01 4.490041e+03 -4.191667e+03 9.787423e-01
2.726584e+01 5.347726e+03 -3.493455e+03 9.366232e-01
2.614808e+01 5.095958e+03 -3.222434e+03 8.571537e-01
0.000000e+00 2.242224e+03 -3.709944e+03 1.000000e+00
0.000000e+00 2.369469e+03 -4.133527e+03 1.000000e+00
0.000000e+00 3.260156e+03 -3.944158e+03 1.000000e+00
0.000000e+00 3.258009e+03 -4.381621e+03 1.000000e+00
0.000000e+00 4.190585e+03 -3.928443e+03 9.992651e-01
0.000000e+00 4.024241e+03 -4.416704e+03 9.950333e-01
0.000000e+00 5.012401e+03 -3.711480e+03 9.787423e-01
0.000000e+00 4.514037e+03 -3.970858e+03 9.366232e-01
0.000000e+00 5.507769e+03 -3.674527e+03 8.571537e-01
-6.722734e+00 2.290680e+03 -3.706658e+03 1.000000e+00
-6.178296e+00 2.357828e+03 -4.151026e+03 1.000000e+00
-3.173068e+00 3.299542e+03 -3.934474e+03 1.000000e+00
1.335295e+00 3.264204e+03 -4.404779e+03 1.000000e+00
5.494139e+00 4.225416e+03 -3.915607e+03 9.992651e-01
6.445801e+00 4.045455e+03 -4.453768e+03 9.950333e-01
7.343729e+00 5.035049e+03 -3.699160e+03 9.787423e-01
1.080686e+01 4.548188e+03 -3.976906e+03 9.366232e-01
1.324982e+01 5.528861e+03 -3.673296e+03 8.571537e-01
-1.045965e+01 2.323407e+03 -3.719364e+03 1.000000e+00
-4.346443e+00 2.359325e+03 -4.158969e+03 1.000000e+00
2.162153e-01 3.322624e+03 -3.948536e+03 1.000000e+00
3.674387e+00 3.277147e+03 -4.411393e+03 1.000000e+00
8.491006e+00 4.236959e+03 -3.934649e+03 9.992651e-01
1.412816e+01 4.066098e+03 -4.466062e+03 9.950333e-01
1.758481e+01 5.028435e+03 -3.727462e+03 9.787423e-01
2.299188e+01 4.580259e+03 -3.978345e+03 9.366232e-01
2.383210e+01 5.516924e+03 -3.673135e+03 8.571537e-01
-1.068688e+01 2.327454e+03 -3.731671e+03 1.000000e+00
-4.635703e+00 2.376015e+03 -4.161807e+03 1.000000e+00
5.634119e+00 3.331371e+03 -3.960292e+03 1.000000e+00
1.450449e+01 3.289316e+03 -4.412767e+03 1.000000e+00
2.069283e+01 4.245171e+03 -3.951636e+03 9.992651e-01
2.312450e+01 4.074965e+03 -4.464860e+03 9.950333e-01
2.503678e+01 5.035908e+03 -3.748831e+03 9.787423e-01
2.851248e+01 4.584720e+03 -3.976844e+03 9.366232e-01
2.733054e+01 5.521623e+03 -3.670143e+03 8.571537e-01
-7.867827e+00 2.337827e+03 -3.733139e+03 1.000000e+00
7.568384e-01 2.385931e+03 -4.170605e+03 1.000000e+00
7.015064e+00 3.336685e+03 -3.960196e+03 1.000000e+00
1.323128e+01 3.298320e+03 -4.420489e+03 1.000000e+00
2.080877e+01 4.248526e+03 -3.943863e+03 9.992651e-01
2.842960e+01 4.078028e+03 -4.468429e+03 9.950333e-01
3.447423e+01 5.036181e+03 -3.729527e+03 9.787423e-01
3.245593e+01 4.583943e+03 -3.970403e+03 9.366232e-01
3.023460e+01 5.526842e+03 -3.660751e+03 8.571537e-01
-8.528606e+00 2.344284e+03 -3.739664e+03 1.000000e+00
-4.744958e-01 2.398973e+03 -4.170675e+03 1.000000e+00
1.079824e+01 3.338161e+03 -3.965435e+03 1.000000e+00
1.998488e+01 3.310577e+03 -4.413122e+03 1.000000e+00
2.540443e+01 4.248067e+03 -3.941269e+03 9.992651e-01
2.862691e+01 4.090381e+03 -4.450753e+03 9.950333e-01
2.809832e+01 5.040279e+03 -3.718927e+03 9.787423e-01
2.709785e+01 4.589702e+03 -3.965986e+03 9.366232e-01
2.674626e+01 5.527803e+03 -3.655399e+03 8.571537e-01
-4.762320e+00 2.354984e+03 -3.744165e+03 1.000000e+00
5.882489e+00 2.399976e+03 -4.174147e+03 1.000000e+00
1.376700e+01 3.351498e+03 -3.960700e+03 1.000000e+00
2.217502e+01 3.307580e+03 -4.410593e+03 1.000000e+00
2.675551e+01 4.258287e+03 -3.930596e+03 9.992651e-01
3.190007e+01 4.086813e+03 -4.437285e+03 9.950333e-01
3.709875e+01 5.050728e+03 -3.695232e+03 9.787423e-01
3.141924e+01 4.585138e+03 -3.964644e+03 9.366232e-01
2.895111e+01 5.534352e+03 -3.652045e+03 8.571537e-01
-3.041533e+00 2.361323e+03 -3.749064e+03 1.000000e+00
6.415760e+00 2.410798e+03 -4.175193e+03 1.000000e+00
1.437398e+01 3.354529e+03 -3.963192e+03 1.000000e+00
2.155143e+01 3.314661e+03 -4.403276e+03 1.000000e+00
2.764753e+01 4.259430e+03 -3.925590e+03 9.992651e-01
2.835066e+01 4.086852e+03 -4.418450e+03 9.950333e-01
2.913801e+01 5.044886e+03 -3.673508e+03 9.787423e-01
2.426330e+01 4.586018e+03 -3.960391e+03 9.366232e-01
2.478982e+01 5.531259e+03 -3.645169e+03 8.571537e-01
-2.383672e+00 2.367883e+03 -3.753560e+03 1.000000e+00
7.126834e+00 2.419743e+03 -4.177025e+03 1.000000e+00
1.585443e+01 3.355503e+03 -3.963816e+03 1.000000e+00
2.204412e+01 3.322266e+03 -4.400153e+03 1.000000e+00
2.697184e+01 4.266145e+03 -3.921493e+03 9.992651e-01
2.885307e+01 4.095322e+03 -4.412357e+03 9.950333e-01
2.844047e+01 5.056493e+03 -3.665570e+03 9.787423e-01
2.609044e+01 4.588032e+03 -3.965362e+03 9.366232e-01
2.530876e+01 5.536188e+03 -3.642628e+03 8.571537e-01
0.000000e+00 1.933260e+03 -3.929654e+03 1.000000e+00
0.000000e+00 2.813909e+03 -3.918556e+03 1.000000e+00
0.000000e+00 2.860385e+03 -4.267710e+03 1.000000e+00
0.000000e+00 3.769522e+03 -4.066503e+03 1.000000e+00
0.000000e+00 3.652663e+03 -4.411095e+03 9.992651e-01
0.000000e+00 4.629924e+03 -3.968897e+03 9.950333e-01
0.000000e+00 4.279848e+03 -4.354486e+03 9.787423e-01
0.000000e+00 5.269750e+03 -4.021593e+03 9.366232e-01
0.000000e+00 4.619121e+03 -4.007516e+03 8.571537e-01
-6.891440e+00 1.917868e+03 -3.944733e+03 1.000000e+00
-6.548067e+00 2.860533e+03 -3.915280e+03 1.000000e+00
-4.311487e+00 2.858531e+03 -4.283524e+03 1.000000e+00
1.317663e+00 3.808601e+03 -4.058326e+03 1.000000e+00
5.030759e+00 3.668014e+03 -4.436169e+03 9.992651e-01
6.467810e+00 4.659613e+03 -3.963699e+03 9.950333e-01
5.545417e+00 4.307751e+03 -4.388064e+03 9.787423e-01
9.907988e+00 5.286942e+03 -4.023312e+03 9.366232e-01
1.264896e+01 4.652354e+03 -4.010844e+03 8.571537e-01
-1.097767e+01 1.913384e+03 -3.952761e+03 1.000000e+00
-4.465037e+00 2.888343e+03 -3.929171e+03 1.000000e+00
6.821638e-01 2.864516e+03 -4.291253e+03 1.000000e+00
3.158267e+00 3.825691e+03 -4.072206e+03 1.000000e+00
8.308020e+00 3.686565e+03 -4.447094e+03 9.992651e-01
1.323185e+01 4.661147e+03 -3.988658e+03 9.950333e-01
1.721287e+01 4.334319e+03 -4.406270e+03 9.787423e-01
2.272225e+01 5.272106e+03 -4.029264e+03 9.366232e-01
2.333307e+01 4.683336e+03 -4.012067e+03 8.571537e-01
-1.103071e+01 1.932338e+03 -3.958560e+03 1.000000e+00
-4.960155e+00 2.894992e+03 -3.940396e+03 1.000000e+00
4.791176e+00 2.880310e+03 -4.293323e+03 1.000000e+00
1.425967e+01 3.833447e+03 -4.087036e+03 1.000000e+00
2.027266e+01 3.696367e+03 -4.448185e+03 9.992651e-01
2.367128e+01 4.669315e+03 -4.006093e+03 9.950333e-01
2.544576e+01 4.340427e+03 -4.409951e+03 9.787423e-01
2.763974e+01 5.278729e+03 -4.031010e+03 9.366232e-01
2.652427e+01 4.685793e+03 -4.011224e+03 8.571537e-01
-7.789192e+00 1.943268e+03 -3.966028e+03 1.000000e+00
6.548789e-01 2.903063e+03 -3.942736e+03 1.000000e+00
6.445922e+00 2.889557e+03 -4.301595e+03 1.000000e+00
1.334440e+01 3.839048e+03 -4.085083e+03 1.000000e+00
2.066873e+01 3.702958e+03 -4.454342e+03 9.992651e-01
2.594547e+01 4.671481e+03 -3.996073e+03 9.950333e-01
3.176887e+01 4.340067e+03 -4.408134e+03 9.787423e-01
3.064116e+01 5.280517e+03 -4.025768e+03 9.366232e-01
2.908645e+01 4.684247e+03 -4.007280e+03 8.571537e-01
-8.525082e+00 1.955293e+03 -3.967863e+03 1.000000e+00
-4.013303e-01 2.906420e+03 -3.948629e+03 1.000000e+00
1.049879e+01 2.901725e+03 -4.301619e+03 1.000000e+00
1.954013e+01 3.837925e+03 -4.083911e+03 1.000000e+00
2.563624e+01 3.714462e+03 -4.444590e+03 9.992651e-01
3.071432e+01 4.671604e+03 -3.987670e+03 9.950333e-01
3.180985e+01 4.354254e+03 -4.384865e+03 9.787423e-01
2.755704e+01 5.279993e+03 -4.025771e+03 9.366232e-01
2.682217e+01 4.690073e+03 -4.003326e+03 8.571537e-01
-5.079957e+00 1.958614e+03 -3.975794e+03 1.000000e+00
5.616288e+00 2.919828e+03 -3.949334e+03 1.000000e+00
1.449452e+01 2.903823e+03 -4.300240e+03 1.000000e+00
2.236510e+01 3.848966e+03 -4.080224e+03 1.000000e+00
2.602320e+01 3.710631e+03 -4.436322e+03 9.992651e-01
2.957842e+01 4.682608e+03 -3.971092e+03 9.950333e-01
3.356277e+01 4.355104e+03 -4.362819e+03 9.787423e-01
2.900648e+01 5.286141e+03 -4.027087e+03 9.366232e-01
2.752885e+01 4.687602e+03 -4.003220e+03 8.571537e-01
-1.993991e+00 1.968278e+03 -3.978205e+03 1.000000e+00
6.631506e+00 2.925145e+03 -3.954212e+03 1.000000e+00
1.352426e+01 2.910615e+03 -4.299387e+03 1.000000e+00
2.078595e+01 3.851963e+03 -4.078115e+03 1.000000e+00
2.804092e+01 3.715190e+03 -4.426614e+03 9.992651e-01
2.843019e+01 4.679522e+03 -3.960451e+03 9.950333e-01
2.985337e+01 4.354598e+03 -4.336371e+03 9.787423e-01
2.347136e+01 5.278498e+03 -4.027789e+03 9.366232e-01
2.390126e+01 4.689772e+03 -4.001546e+03 8.571537e-01
-1.726598e+00 1.980168e+03 -3.982087e+03 1.000000e+00
7.234118e+00 2.930921e+03 -3.957379e+03 1.000000e+00
1.616462e+01 2.917507e+03 -4.300981e+03 1.000000e+00
2.204340e+01 3.855536e+03 -4.073422e+03 1.000000e+00
2.707505e+01 3.723400e+03 -4.423465e+03 9.992651e-01
2.967594e+01 4.685332e+03 -3.952867e+03 9.950333e-01
2.995331e+01 4.363935e+03 -4.326147e+03 9.787423e-01
2.588509e+01 5.284968e+03 -4.031412e+03 9.366232e-01
2.490662e+01 4.689127e+03 -4.001976e+03 8.571537e-01
0.000000e+00 2.356973e+03 -3.815307e+03 1.000000e+00
0.000000e+00 2.448693e+03 -4.084230e+03 1.000000e+00
0.000000e+00 3.344900e+03 -4.093700e+03 1.000000e+00
0.000000e+00 3.290706e+03 -4.314904e+03 1.000000e+00
0.000000e+00 4.229908e+03 -4.149522e+03 9.992651e-01
0.000000e+00 3.974766e+03 -4.334595e+03 9.950333e-01
0.000000e+00 5.014141e+03 -4.041069e+03 9.787423e-01
0.000000e+00 4.480030e+03 -4.184081e+03 9.366232e-01
0.000000e+00 5.392325e+03 -4.099255e+03 8.571537e-01
-6.685188e+00 2.406741e+03 -3.819316e+03 1.000000e+00
-6.087803e+00 2.441560e+03 -4.094718e+03 1.000000e+00
-4.366533e+00 3.388490e+03 -4.093184e+03 1.000000e+00
1.548621e+00 3.299132e+03 -4.325927e+03 1.000000e+00
5.311750e+00 4.265826e+03 -4.151791e+03 9.992651e-01
6.484084e+00 3.997188e+03 -4.357170e+03 9.950333e-01
5.164138e+00 5.037330e+03 -4.046658e+03 9.787423e-01
9.128405e+00 4.511146e+03 -4.192747e+03 9.366232e-01
1.230060e+01 5.408148e+03 -4.103242e+03 8.571537e-01
-1.169078e+01 2.437483e+03 -3.829865e+03 1.000000e+00
-5.286581e+00 2.442920e+03 -4.105161e+03 1.000000e+00
1.320617e-01 3.410377e+03 -4.105560e+03 1.000000e+00
2.590957e+00 3.311159e+03 -4.333851e+03 1.000000e+00
7.534939e+00 4.276250e+03 -4.169528e+03 9.992651e-01
1.333690e+01 4.020438e+03 -4.375524e+03 9.950333e-01
1.628764e+01 5.027357e+03 -4.073756e+03 9.787423e-01
2.274614e+01 4.540611e+03 -4.197463e+03 9.366232e-01
2.321540e+01 5.389855e+03 -4.106916e+03 8.571537e-01
-1.034814e+01 2.441667e+03 -3.839845e+03 1.000000e+00
-4.118625e+00 2.459953e+03 -4.110953e+03 1.000000e+00
5.543832e+00 3.418851e+03 -4.114716e+03 1.000000e+00
1.474403e+01 3.322875e+03 -4.341413e+03 1.000000e+00
2.036949e+01 4.283262e+03 -4.179758e+03 9.992651e-01
2.372237e+01 4.028254e+03 -4.381044e+03 9.950333e-01
2.662725e+01 5.033681e+03 -4.089787e+03 9.787423e-01
2.761830e+01 4.544280e+03 -4.195506e+03 9.366232e-01
2.641232e+01 5.393600e+03 -4.107533e+03 8.571537e-01
-8.273676e+00 2.452253e+03 -3.844117e+03 1.000000e+00
3.825442e-02 2.470501e+03 -4.117496e+03 1.000000e+00
5.273633e+00 3.425614e+03 -4.117785e+03 1.000000e+00
1.293655e+01 3.331596e+03 -4.345935e+03 1.000000e+00
2.080055e+01 4.288332e+03 -4.179366e+03 9.992651e-01
2.449721e+01 4.029821e+03 -4.382021e+03 9.950333e-01
2.985502e+01 5.036089e+03 -4.076884e+03 9.787423e-01
2.917842e+01 4.541375e+03 -4.193573e+03 9.366232e-01
2.808519e+01 5.395480e+03 -4.105980e+03 8.571537e-01
-8.013968e+00 2.458605e+03 -3.848299e+03 1.000000e+00
5.725252e-01 2.482444e+03 -4.120875e+03 1.000000e+00
1.122514e+01 3.426344e+03 -4.121831e+03 1.000000e+00
1.928200e+01 3.342740e+03 -4.339953e+03 1.000000e+00
2.622923e+01 4.286441e+03 -4.174878e+03 9.992651e-01
3.187642e+01 4.040322e+03 -4.367943e+03 9.950333e-01
3.495290e+01 5.036778e+03 -4.056251e+03 9.787423e-01
2.900306e+01 4.548471e+03 -4.191389e+03 9.366232e-01
2.751610e+01 5.393412e+03 -4.103640e+03 8.571537e-01
-5.350221e+00 2.471456e+03 -3.855217e+03 1.000000e+00
5.138936e+00 2.484676e+03 -4.123625e+03 1.000000e+00
1.470658e+01 3.440612e+03 -4.118048e+03 1.000000e+00
2.258656e+01 3.342101e+03 -4.340405e+03 1.000000e+00
2.568958e+01 4.295318e+03 -4.163736e+03 9.992651e-01
2.843537e+01 4.038546e+03 -4.351851e+03 9.950333e-01
3.130980e+01 5.046481e+03 -4.032575e+03 9.787423e-01
2.725471e+01 4.545932e+03 -4.192911e+03 9.366232e-01
2.650220e+01 5.399489e+03 -4.104570e+03 8.571537e-01
-1.012622e+00 2.476003e+03 -3.859315e+03 1.000000e+00
6.903681e+00 2.494333e+03 -4.126494e+03 1.000000e+00
1.323825e+01 3.443450e+03 -4.120036e+03 1.000000e+00
2.028156e+01 3.348696e+03 -4.335641e+03 1.000000e+00
2.825764e+01 4.297036e+03 -4.157831e+03 9.992651e-01
2.843279e+01 4.039291e+03 -4.338838e+03 9.950333e-01
3.061681e+01 5.041959e+03 -4.010400e+03 9.787423e-01
2.298343e+01 4.543778e+03 -4.196621e+03 9.366232e-01
2.363288e+01 5.394806e+03 -4.105506e+03 8.571537e-01
-7.110440e-01 2.482323e+03 -3.862427e+03 1.000000e+00
7.835148e+00 2.505337e+03 -4.130287e+03 1.000000e+00
1.685888e+01 3.447410e+03 -4.122551e+03 1.000000e+00
2.242941e+01 3.355474e+03 -4.330154e+03 1.000000e+00
2.720511e+01 4.301988e+03 -4.154129e+03 9.992651e-01
3.017561e+01 4.042999e+03 -4.331952e+03 9.950333e-01
3.137554e+01 5.050708e+03 -3.994646e+03 9.787423e-01
2.616162e+01 4.544120e+03 -4.199882e+03 9.366232e-01
2.497026e+01 5.399537e+03 -4.106000e+03 8.571537e-01
0.000000e+00 2.020270e+03 -3.857992e+03 1.000000e+00
0.000000e+00 2.902021e+03 -4.039865e+03 1.000000e+00
0.000000e+00 2.915914e+03 -4.153851e+03 1.000000e+00
0.000000e+00 3.824656e+03 -4.244247e+03 1.000000e+00
0.000000e+00 3.659523e+03 -4.238202e+03 9.992651e-01
0.000000e+00 4.638253e+03 -4.229637e+03 9.950333e-01
0.000000e+00 4.230899e+03 -4.151584e+03 9.787423e-01
0.000000e+00 5.359522e+03 -4.155727e+03 9.366232e-01
0.000000e+00 4.480487e+03 -4.109993e+03 8.571537e-01
-6.633080e+00 2.004176e+03 -3.866102e+03 1.000000e+00
-5.576369e+00 2.949178e+03 -4.045512e+03 1.000000e+00
-4.069195e+00 2.917142e+03 -4.158836e+03 1.000000e+00
1.883897e+00 3.864557e+03 -4.248655e+03 1.000000e+00
5.486615e+00 3.675219e+03 -4.248562e+03 9.992651e-01
6.910564e+00 4.668773e+03 -4.242534e+03 9.950333e-01
5.350188e+00 4.261167e+03 -4.166601e+03 9.787423e-01
9.149257e+00 5.375622e+03 -4.163060e+03 9.366232e-01
1.215521e+01 4.511604e+03 -4.114654e+03 8.571537e-01
-1.152811e+01 2.001010e+03 -3.876521e+03 1.000000e+00
-5.937986e+00 2.976118e+03 -4.056439e+03 1.000000e+00
-2.907241e-01 2.924688e+03 -4.170336e+03 1.000000e+00
2.211468e+00 3.881473e+03 -4.257552e+03 1.000000e+00
7.140817e+00 3.693264e+03 -4.264931e+03 9.992651e-01
1.330781e+01 4.670539e+03 -4.262267e+03 9.950333e-01
1.569085e+01 4.289069e+03 -4.193043e+03 9.787423e-01
2.294855e+01 5.356700e+03 -4.169117e+03 9.366232e-01
2.332990e+01 4.541562e+03 -4.117921e+03 8.571537e-01
-9.868703e+00 2.020266e+03 -3.885229e+03 1.000000e+00
-3.225445e+00 2.982201e+03 -4.063705e+03 1.000000e+00
6.374691e+00 2.939081e+03 -4.177654e+03 1.000000e+00
1.547085e+01 3.889118e+03 -4.267871e+03 1.000000e+00
2.054635e+01 3.702240e+03 -4.272024e+03 9.992651e-01
2.419503e+01 4.676553e+03 -4.270627e+03 9.950333e-01
2.762698e+01 4.292991e+03 -4.205701e+03 9.787423e-01
2.804002e+01 5.361288e+03 -4.166802e+03 9.366232e-01
2.663947e+01 4.542522e+03 -4.117377e+03 8.571537e-01
-8.075735e+00 2.030652e+03 -3.890631e+03 1.000000e+00
-1.971278e-01 2.991198e+03 -4.068807e+03 1.000000e+00
4.743438e+00 2.949281e+03 -4.182441e+03 1.000000e+00
1.265785e+01 3.894965e+03 -4.270162e+03 1.000000e+00
2.074054e+01 3.708016e+03 -4.275162e+03 9.992651e-01
2.401770e+01 4.680284e+03 -4.268422e+03 9.950333e-01
2.858359e+01 4.292048e+03 -4.196515e+03 9.787423e-01
2.840731e+01 5.361941e+03 -4.164394e+03 9.366232e-01
2.748326e+01 4.539249e+03 -4.116651e+03 8.571537e-01
-7.671371e+00 2.042683e+03 -3.893899e+03 1.000000e+00
1.436192e+00 2.994732e+03 -4.073125e+03 1.000000e+00
1.195678e+01 2.961449e+03 -4.185863e+03 1.000000e+00
1.946709e+01 3.893948e+03 -4.264877e+03 1.000000e+00
2.675883e+01 3.718687e+03 -4.269538e+03 9.992651e-01
3.258294e+01 4.677177e+03 -4.255825e+03 9.950333e-01
3.691464e+01 4.298614e+03 -4.172979e+03 9.787423e-01
3.048506e+01 5.360085e+03 -4.161393e+03 9.366232e-01
2.835121e+01 4.543733e+03 -4.113349e+03 8.571537e-01
-5.079170e+00 2.046805e+03 -3.901463e+03 1.000000e+00
5.140599e+00 3.008641e+03 -4.074950e+03 1.000000e+00
1.487738e+01 2.961918e+03 -4.183056e+03 1.000000e+00
2.274011e+01 3.905079e+03 -4.264865e+03 1.000000e+00
2.572277e+01 3.717586e+03 -4.259025e+03 9.992651e-01
2.787697e+01 4.684899e+03 -4.238548e+03 9.950333e-01
3.004549e+01 4.295081e+03 -4.149381e+03 9.787423e-01
2.648250e+01 5.367913e+03 -4.161700e+03 9.366232e-01
2.589924e+01 4.539702e+03 -4.113645e+03 8.571537e-01
-2.083529e-01 2.058711e+03 -3.905116e+03 1.000000e+00
7.210132e+00 3.013459e+03 -4.078536e+03 1.000000e+00
1.335439e+01 2.969724e+03 -4.184178e+03 1.000000e+00
2.043069e+01 3.908486e+03 -4.261071e+03 1.000000e+00
2.833823e+01 3.722839e+03 -4.252215e+03 9.992651e-01
2.893830e+01 4.685283e+03 -4.227221e+03 9.950333e-01
3.101617e+01 4.294910e+03 -4.127420e+03 9.787423e-01
2.300136e+01 5.361419e+03 -4.167164e+03 9.366232e-01
2.364712e+01 4.540434e+03 -4.115903e+03 8.571537e-01
2.360912e-02 2.069762e+03 -3.907984e+03 1.000000e+00
8.547359e+00 3.018225e+03 -4.082537e+03 1.000000e+00
1.747293e+01 2.978139e+03 -4.186780e+03 1.000000e+00
2.280112e+01 3.912378e+03 -4.255493e+03 1.000000e+00
2.734858e+01 3.726482e+03 -4.248546e+03 9.992651e-01
3.027646e+01 4.688746e+03 -4.219229e+03 9.950333e-01
3.205707e+01 4.295396e+03 -4.110946e+03 9.787423e-01
2.664659e+01 5.366452e+03 -4.168970e+03 9.366232e-01
2.527815e+01 4.537927e+03 -4.115748e+03 8.571537e-01
