0 729 0.00000e+00
  1     729
-1.979214e+01 -9.776949e+02 0.000000e+00 1.000000e+00
-1.964270e+01 -8.650658e+02 -3.242158e+02 1.000000e+00
-1.807926e+01 -9.179907e+02 -5.853498e+02 1.000000e+00
-1.622434e+01 -7.032056e+02 -8.312063e+02 1.000000e+00
-1.361114e+01 -6.764659e+02 -9.799612e+02 1.000000e+00
-1.016456e+01 -3.977875e+02 -1.157912e+03 1.000000e+00
-6.074083e+00 -3.294534e+02 -1.189876e+03 1.000000e+00
-1.180393e+00 -3.076482e+01 -1.312558e+03 1.000000e+00
4.081816e+00 3.276404e+01 -1.229003e+03 1.000000e+00
-1.876296e+01 -9.797487e+02 0.000000e+00 1.000000e+00
-1.907109e+01 -8.671325e+02 -3.253077e+02 1.000000e+00
-1.723492e+01 -9.195248e+02 -5.862536e+02 1.000000e+00
-1.605855e+01 -7.044909e+02 -8.337631e+02 1.000000e+00
-1.316920e+01 -6.762189e+02 -9.804226e+02 1.000000e+00
-9.731842e+00 -3.978589e+02 -1.160503e+03 1.000000e+00
-6.456859e+00 -3.291274e+02 -1.189888e+03 1.000000e+00
-1.229815e+00 -2.985525e+01 -1.312916e+03 1.000000e+00
3.618352e+00 3.311174e+01 -1.228292e+03 1.000000e+00
-1.749639e+01 -9.813011e+02 0.000000e+00 1.000000e+00
-1.747048e+01 -8.699576e+02 -3.263336e+02 1.000000e+00
-1.616368e+01 -9.203586e+02 -5.870744e+02 1.000000e+00
-1.408605e+01 -7.066427e+02 -8.357103e+02 1.000000e+00
-1.200932e+01 -6.758106e+02 -9.813626e+02 1.000000e+00
-9.131688e+00 -3.985348e+02 -1.162060e+03 1.000000e+00
-4.914114e+00 -3.281867e+02 -1.190126e+03 1.000000e+00
-1.143916e+00 -2.907144e+01 -1.313004e+03 1.000000e+00
3.900258e+00 3.316912e+01 -1.227322e+03 1.000000e+00
-1.605365e+01 -9.849711e+02 0.000000e+00 1.000000e+00
-1.534507e+01 -8.712154e+02 -3.266312e+02 1.000000e+00
-1.435011e+01 -9.229919e+02 -5.887490e+02 1.000000e+00
-1.333253e+01 -7.070005e+02 -8.361363e+02 1.000000e+00
-1.065020e+01 -6.773276e+02 -9.834498e+02 1.000000e+00
-8.420685e+00 -3.979973e+02 -1.162213e+03 1.000000e+00
-5.131963e+00 -3.277938e+02 -1.190874e+03 1.000000e+00
-1.340475e+00 -2.841282e+01 -1.312734e+03 1.000000e+00
3.074423e+00 3.389914e+01 -1.226057e+03 1.000000e+00
-1.305162e+01 -9.878752e+02 0.000000e+00 1.000000e+00
-1.316922e+01 -8.733692e+02 -3.268916e+02 1.000000e+00
-1.196047e+01 -9.252819e+02 -5.899393e+02 1.000000e+00
-1.076218e+01 -7.083753e+02 -8.368871e+02 1.000000e+00
-9.099780e+00 -6.776703e+02 -9.847014e+02 1.000000e+00
-6.661930e+00 -3.988917e+02 -1.162597e+03 1.000000e+00
-4.276454e+00 -3.269876e+02 -1.191650e+03 1.000000e+00
-9.300122e-01 -2.915332e+01 -1.311622e+03 1.000000e+00
2.512828e+00 3.609288e+01 -1.225935e+03 1.000000e+00
-1.007074e+01 -9.889512e+02 0.000000e+00 1.000000e+00
-1.034279e+01 -8.778676e+02 -3.276972e+02 1.000000e+00
-9.239667e+00 -9.260845e+02 -5.898444e+02 1.000000e+00
-8.242569e+00 -7.121418e+02 -8.384685e+02 1.000000e+00
-7.139893e+00 -6.776912e+02 -9.851371e+02 1.000000e+00
-5.308303e+00 -4.009425e+02 -1.163229e+03 1.000000e+00
-3.067287e+00 -3.264527e+02 -1.191832e+03 1.000000e+00
-6.675574e-01 -2.944661e+01 -1.311169e+03 1.000000e+00
1.932979e+00 3.583435e+01 -1.225295e+03 1.000000e+00
-7.567162e+00 -9.958155e+02 0.000000e+00 1.000000e+00
-7.173961e+00 -8.773908e+02 -3.280767e+02 1.000000e+00
-6.084392e+00 -9.327355e+02 -5.897153e+02 1.000000e+00
-6.335515e+00 -7.099568e+02 -8.402080e+02 1.000000e+00
-4.413316e+00 -6.840143e+02 -9.842318e+02 1.000000e+00
-4.473412e+00 -3.966742e+02 -1.166022e+03 1.000000e+00
-2.314016e+00 -3.323167e+02 -1.188777e+03 1.000000e+00
-1.092523e+00 -2.327324e+01 -1.314680e+03 1.000000e+00
1.265842e+00 3.058720e+01 -1.220089e+03 1.000000e+00
-5.727142e+00 -9.846319e+02 0.000000e+00 1.000000e+00
-2.976676e+00 -8.959272e+02 -3.263960e+02 1.000000e+00
-3.336617e+00 -9.214353e+02 -5.925755e+02 1.000000e+00
-1.922536e+00 -7.273737e+02 -8.371378e+02 1.000000e+00
-3.519083e+00 -6.716328e+02 -9.898266e+02 1.000000e+00
-1.103607e+00 -4.127691e+02 -1.159497e+03 1.000000e+00
-1.809560e+00 -3.182974e+02 -1.197684e+03 1.000000e+00
2.885437e-01 -3.854185e+01 -1.303357e+03 1.000000e+00
4.750694e-01 4.647614e+01 -1.232798e+03 1.000000e+00
0.000000e+00 -9.700648e+02 0.000000e+00 1.000000e+00
0.000000e+00 -9.190562e+02 -3.248040e+02 1.000000e+00
0.000000e+00 -9.066767e+02 -5.952966e+02 1.000000e+00
0.000000e+00 -7.502566e+02 -8.332944e+02 1.000000e+00
0.000000e+00 -6.557458e+02 -9.962411e+02 1.000000e+00
0.000000e+00 -4.343716e+02 -1.150845e+03 1.000000e+00
0.000000e+00 -2.999717e+02 -1.209112e+03 1.000000e+00
0.000000e+00 -5.930154e+01 -1.289143e+03 1.000000e+00
0.000000e+00 6.606428e+01 -1.249410e+03 1.000000e+00
-1.875142e+01 -7.713911e+02 0.000000e+00 1.000000e+00
-1.837225e+01 -8.663267e+02 -3.106846e+02 1.000000e+00
-1.668994e+01 -7.122041e+02 -5.880350e+02 1.000000e+00
-1.438882e+01 -7.135476e+02 -7.808657e+02 1.000000e+00
-1.145465e+01 -4.850217e+02 -9.811636e+02 1.000000e+00
-7.604887e+00 -4.308779e+02 -1.053539e+03 1.000000e+00
-3.157358e+00 -1.676916e+02 -1.187947e+03 1.000000e+00
1.676056e+00 -1.004401e+02 -1.142981e+03 1.000000e+00
6.933164e+00 1.570313e+02 -1.230708e+03 1.000000e+00
-1.780122e+01 -7.736998e+02 0.000000e+00 1.000000e+00
-1.755940e+01 -8.676343e+02 -3.113079e+02 1.000000e+00
-1.607564e+01 -7.139898e+02 -5.894016e+02 1.000000e+00
-1.376965e+01 -7.135482e+02 -7.816309e+02 1.000000e+00
-1.087940e+01 -4.856297e+02 -9.828519e+02 1.000000e+00
-7.247697e+00 -4.305086e+02 -1.053665e+03 1.000000e+00
-3.237255e+00 -1.663144e+02 -1.188838e+03 1.000000e+00
1.775874e+00 -9.994963e+01 -1.141370e+03 1.000000e+00
7.005552e+00 1.585084e+02 -1.230258e+03 1.000000e+00
-1.632223e+01 -7.763351e+02 0.000000e+00 1.000000e+00
-1.658122e+01 -8.686134e+02 -3.121440e+02 1.000000e+00
-1.472051e+01 -7.163685e+02 -5.901006e+02 1.000000e+00
-1.295205e+01 -7.134000e+02 -7.828234e+02 1.000000e+00
-1.051171e+01 -4.869211e+02 -9.837518e+02 1.000000e+00
-6.904409e+00 -4.298472e+02 -1.054103e+03 1.000000e+00
-2.774323e+00 -1.661087e+02 -1.188833e+03 1.000000e+00
1.072414e+00 -9.985641e+01 -1.140710e+03 1.000000e+00
5.783441e+00 1.593337e+02 -1.228434e+03 1.000000e+00
-1.518376e+01 -7.770626e+02 0.000000e+00 1.000000e+00
-1.432650e+01 -8.717733e+02 -3.125324e+02 1.000000e+00
-1.298559e+01 -7.167867e+02 -5.909279e+02 1.000000e+00
-1.156409e+01 -7.156285e+02 -7.838387e+02 1.000000e+00
-8.764792e+00 -4.866850e+02 -9.841723e+02 1.000000e+00
-5.966084e+00 -4.303347e+02 -1.054842e+03 1.000000e+00
-2.768212e+00 -1.661161e+02 -1.188135e+03 1.000000e+00
1.407122e+00 -9.956215e+01 -1.140575e+03 1.000000e+00
5.506571e+00 1.587700e+02 -1.226200e+03 1.000000e+00
-1.229817e+01 -7.791878e+02 0.000000e+00 1.000000e+00
-1.224410e+01 -8.741617e+02 -3.126165e+02 1.000000e+00
-1.093862e+01 -7.181856e+02 -5.919101e+02 1.000000e+00
-9.480529e+00 -7.168053e+02 -7.842948e+02 1.000000e+00
-7.530147e+00 -4.875125e+02 -9.848368e+02 1.000000e+00
-5.113715e+00 -4.301328e+02 -1.055194e+03 1.000000e+00
-2.224298e+00 -1.663937e+02 -1.187742e+03 1.000000e+00
1.260272e+00 -9.754453e+01 -1.139633e+03 1.000000e+00
4.617708e+00 1.576640e+02 -1.225048e+03 1.000000e+00
-9.413177e+00 -7.836030e+02 0.000000e+00 1.000000e+00
-9.689921e+00 -8.748657e+02 -3.131521e+02 1.000000e+00
-8.490051e+00 -7.220114e+02 -5.919628e+02 1.000000e+00
-7.555839e+00 -7.168839e+02 -7.852639e+02 1.000000e+00
-6.278465e+00 -4.899294e+02 -9.852120e+02 1.000000e+00
-3.963232e+00 -4.298528e+02 -1.055221e+03 1.000000e+00
-1.835048e+00 -1.674868e+02 -1.187668e+03 1.000000e+00
1.449924e-01 -9.740607e+01 -1.138895e+03 1.000000e+00
3.238286e+00 1.583843e+02 -1.223497e+03 1.000000e+00
-7.527269e+00 -7.834969e+02 0.000000e+00 1.000000e+00
-6.140708e+00 -8.806744e+02 -3.129202e+02 1.000000e+00
-5.832411e+00 -7.212218e+02 -5.928557e+02 1.000000e+00
-4.635326e+00 -7.225643e+02 -7.849164e+02 1.000000e+00
-3.730605e+00 -4.873248e+02 -9.868278e+02 1.000000e+00
-2.451231e+00 -4.350968e+02 -1.053776e+03 1.000000e+00
-1.361617e+00 -1.631421e+02 -1.189544e+03 1.000000e+00
1.346261e+00 -1.027899e+02 -1.135533e+03 1.000000e+00
2.111567e+00 1.637093e+02 -1.226045e+03 1.000000e+00
-3.774781e+00 -7.998475e+02 0.000000e+00 1.000000e+00
-4.380704e+00 -8.708019e+02 -3.132025e+02 1.000000e+00
-1.641951e+00 -7.370278e+02 -5.913403e+02 1.000000e+00
-3.532462e+00 -7.122367e+02 -7.887351e+02 1.000000e+00
-2.009730e+00 -5.019312e+02 -9.821283e+02 1.000000e+00
-2.143188e+00 -4.233749e+02 -1.060582e+03 1.000000e+00
-2.229620e-01 -1.766145e+02 -1.180797e+03 1.000000e+00
-7.583617e-01 -8.931437e+01 -1.145662e+03 1.000000e+00
1.603368e+00 1.503556e+02 -1.212630e+03 1.000000e+00
0.000000e+00 -8.200051e+02 0.000000e+00 1.000000e+00
0.000000e+00 -8.580827e+02 -3.140151e+02 1.000000e+00
0.000000e+00 -7.569765e+02 -5.888440e+02 1.000000e+00
0.000000e+00 -6.986776e+02 -7.934312e+02 1.000000e+00
0.000000e+00 -5.208415e+02 -9.759999e+02 1.000000e+00
0.000000e+00 -4.080768e+02 -1.068635e+03 1.000000e+00
0.000000e+00 -1.947762e+02 -1.170489e+03 1.000000e+00
0.000000e+00 -7.198724e+01 -1.158577e+03 1.000000e+00
0.000000e+00 1.336585e+02 -1.196062e+03 1.000000e+00
-1.750512e+01 -7.570283e+02 0.000000e+00 1.000000e+00
-1.717893e+01 -6.682684e+02 -3.118561e+02 1.000000e+00
-1.525371e+01 -7.005848e+02 -5.553977e+02 1.000000e+00
-1.267599e+01 -5.264905e+02 -7.832402e+02 1.000000e+00
-9.327629e+00 -4.930272e+02 -9.016144e+02 1.000000e+00
-5.171903e+00 -2.713008e+02 -1.054339e+03 1.000000e+00
-5.979474e-01 -2.093522e+02 -1.048407e+03 1.000000e+00
4.434924e+00 2.108018e+01 -1.145610e+03 1.000000e+00
9.280669e+00 7.132067e+01 -1.028174e+03 1.000000e+00
-1.630823e+01 -7.579250e+02 0.000000e+00 1.000000e+00
-1.677197e+01 -6.706188e+02 -3.128312e+02 1.000000e+00
-1.441611e+01 -7.009865e+02 -5.554182e+02 1.000000e+00
-1.212592e+01 -5.280723e+02 -7.849594e+02 1.000000e+00
-9.188979e+00 -4.933392e+02 -9.014084e+02 1.000000e+00
-4.705001e+00 -2.711286e+02 -1.055007e+03 1.000000e+00
-6.984889e-01 -2.098702e+02 -1.047779e+03 1.000000e+00
4.651033e+00 2.168911e+01 -1.144081e+03 1.000000e+00
8.527775e+00 6.940206e+01 -1.027234e+03 1.000000e+00
-1.555656e+01 -7.590064e+02 0.000000e+00 1.000000e+00
-1.514620e+01 -6.729803e+02 -3.135995e+02 1.000000e+00
-1.356162e+01 -7.010924e+02 -5.556006e+02 1.000000e+00
-1.119560e+01 -5.296712e+02 -7.860682e+02 1.000000e+00
-8.352145e+00 -4.927580e+02 -9.016103e+02 1.000000e+00
-4.634580e+00 -2.713582e+02 -1.054847e+03 1.000000e+00
-5.211406e-01 -2.094650e+02 -1.047609e+03 1.000000e+00
3.478056e+00 2.246130e+01 -1.142253e+03 1.000000e+00
8.804045e+00 6.896295e+01 -1.025674e+03 1.000000e+00
-1.413356e+01 -7.624842e+02 0.000000e+00 1.000000e+00
-1.327703e+01 -6.729371e+02 -3.134733e+02 1.000000e+00
-1.180796e+01 -7.036966e+02 -5.569365e+02 1.000000e+00
-1.019343e+01 -5.292160e+02 -7.857551e+02 1.000000e+00
-6.978018e+00 -4.934451e+02 -9.024539e+02 1.000000e+00
-4.288698e+00 -2.713469e+02 -1.054537e+03 1.000000e+00
-3.302229e-01 -2.088218e+02 -1.046723e+03 1.000000e+00
3.717181e+00 2.272423e+01 -1.141605e+03 1.000000e+00
7.218801e+00 7.044410e+01 -1.022467e+03 1.000000e+00
-1.135001e+01 -7.644941e+02 0.000000e+00 1.000000e+00
-1.152890e+01 -6.745296e+02 -3.135449e+02 1.000000e+00
-9.877741e+00 -7.055629e+02 -5.575931e+02 1.000000e+00
-8.252936e+00 -5.304147e+02 -7.860220e+02 1.000000e+00
-6.558462e+00 -4.943199e+02 -9.027073e+02 1.000000e+00
-3.135709e+00 -2.722004e+02 -1.054258e+03 1.000000e+00
-7.001181e-01 -2.085204e+02 -1.046309e+03 1.000000e+00
3.068554e+00 2.116993e+01 -1.139744e+03 1.000000e+00
5.767511e+00 7.098834e+01 -1.021894e+03 1.000000e+00
-8.761355e+00 -7.648386e+02 0.000000e+00 1.000000e+00
-8.941145e+00 -6.783325e+02 -3.141195e+02 1.000000e+00
-7.604133e+00 -7.055150e+02 -5.572170e+02 1.000000e+00
-6.200590e+00 -5.329140e+02 -7.870269e+02 1.000000e+00
-4.750968e+00 -4.939328e+02 -9.026053e+02 1.000000e+00
-2.423513e+00 -2.731727e+02 -1.053794e+03 1.000000e+00
-1.967784e-01 -2.079296e+02 -1.046418e+03 1.000000e+00
2.004797e+00 2.140637e+01 -1.137881e+03 1.000000e+00
5.231110e+00 7.092889e+01 -1.020933e+03 1.000000e+00
-6.687623e+00 -7.699312e+02 0.000000e+00 1.000000e+00
-6.108593e+00 -6.781456e+02 -3.141387e+02 1.000000e+00
-4.921821e+00 -7.104006e+02 -5.572702e+02 1.000000e+00
-4.889589e+00 -5.316644e+02 -7.879034e+02 1.000000e+00
-2.705623e+00 -4.984651e+02 -9.015507e+02 1.000000e+00
-2.634022e+00 -2.707372e+02 -1.055861e+03 1.000000e+00
2.210748e-01 -2.122816e+02 -1.042619e+03 1.000000e+00
1.329324e+00 2.588171e+01 -1.141350e+03 1.000000e+00
2.699301e+00 6.667247e+01 -1.014643e+03 1.000000e+00
-4.940924e+00 -7.613985e+02 0.000000e+00 1.000000e+00
-2.297654e+00 -6.919831e+02 -3.122309e+02 1.000000e+00
-2.895950e+00 -7.019600e+02 -5.604665e+02 1.000000e+00
-1.205758e+00 -5.448191e+02 -7.839366e+02 1.000000e+00
-2.548769e+00 -4.888923e+02 -9.073674e+02 1.000000e+00
5.716017e-01 -2.827212e+02 -1.048278e+03 1.000000e+00
-8.290815e-01 -2.017778e+02 -1.051902e+03 1.000000e+00
1.310831e+00 1.392810e+01 -1.128953e+03 1.000000e+00
1.576279e+00 7.850921e+01 -1.028287e+03 1.000000e+00
0.000000e+00 -7.504210e+02 0.000000e+00 1.000000e+00
0.000000e+00 -7.091219e+02 -3.105897e+02 1.000000e+00
0.000000e+00 -6.907581e+02 -5.633487e+02 1.000000e+00
0.000000e+00 -5.611018e+02 -7.796581e+02 1.000000e+00
0.000000e+00 -4.761793e+02 -9.139899e+02 1.000000e+00
0.000000e+00 -2.977317e+02 -1.038846e+03 1.000000e+00
0.000000e+00 -1.875180e+02 -1.064315e+03 1.000000e+00
0.000000e+00 -8.519461e-01 -1.113374e+03 1.000000e+00
0.000000e+00 9.430198e+01 -1.046061e+03 1.000000e+00
-1.634588e+01 -5.703112e+02 0.000000e+00 1.000000e+00
-1.590175e+01 -6.360306e+02 -2.957103e+02 1.000000e+00
-1.382935e+01 -5.181711e+02 -5.578526e+02 1.000000e+00
-1.101960e+01 -5.095108e+02 -7.265756e+02 1.000000e+00
-7.200797e+00 -3.354716e+02 -9.054995e+02 1.000000e+00
-2.909272e+00 -2.862860e+02 -9.438027e+02 1.000000e+00
1.961248e+00 -8.954757e+01 -1.054257e+03 1.000000e+00
6.683496e+00 -3.728379e+01 -9.752211e+02 1.000000e+00
1.140289e+01 1.468271e+02 -1.045511e+03 1.000000e+00
-1.567114e+01 -5.729071e+02 0.000000e+00 1.000000e+00
-1.524189e+01 -6.359535e+02 -2.959853e+02 1.000000e+00
-1.326787e+01 -5.200269e+02 -5.585253e+02 1.000000e+00
-1.076355e+01 -5.092569e+02 -7.268378e+02 1.000000e+00
-7.017335e+00 -3.352539e+02 -9.057754e+02 1.000000e+00
-2.842160e+00 -2.865395e+02 -9.432730e+02 1.000000e+00
1.552142e+00 -8.854804e+01 -1.053522e+03 1.000000e+00
6.386237e+00 -3.786782e+01 -9.731234e+02 1.000000e+00
1.099305e+01 1.490064e+02 -1.043606e+03 1.000000e+00
-1.440438e+01 -5.752689e+02 0.000000e+00 1.000000e+00
-1.417517e+01 -6.361063e+02 -2.962881e+02 1.000000e+00
-1.197703e+01 -5.219056e+02 -5.589244e+02 1.000000e+00
-9.735054e+00 -5.090977e+02 -7.271996e+02 1.000000e+00
-6.304025e+00 -3.358722e+02 -9.055740e+02 1.000000e+00
-2.487768e+00 -2.864547e+02 -9.430836e+02 1.000000e+00
2.108567e+00 -8.825408e+01 -1.051992e+03 1.000000e+00
6.057970e+00 -3.804232e+01 -9.719992e+02 1.000000e+00
1.042853e+01 1.492685e+02 -1.040432e+03 1.000000e+00
-1.310324e+01 -5.748828e+02 0.000000e+00 1.000000e+00
-1.235687e+01 -6.392338e+02 -2.962973e+02 1.000000e+00
-1.078087e+01 -5.214355e+02 -5.595815e+02 1.000000e+00
-8.750994e+00 -5.108551e+02 -7.270336e+02 1.000000e+00
-5.683120e+00 -3.361041e+02 -9.057151e+02 1.000000e+00
-2.442744e+00 -2.864771e+02 -9.424786e+02 1.000000e+00
1.381515e+00 -8.860081e+01 -1.050695e+03 1.000000e+00
5.457642e+00 -3.742156e+01 -9.706037e+02 1.000000e+00
8.807310e+00 1.470544e+02 -1.038036e+03 1.000000e+00
-1.054707e+01 -5.763511e+02 0.000000e+00 1.000000e+00
-1.063697e+01 -6.409352e+02 -2.963789e+02 1.000000e+00
-8.823425e+00 -5.222817e+02 -5.599491e+02 1.000000e+00
-7.212634e+00 -5.115237e+02 -7.270729e+02 1.000000e+00
-4.821947e+00 -3.364006e+02 -9.056565e+02 1.000000e+00
-1.677148e+00 -2.862356e+02 -9.417949e+02 1.000000e+00
1.148727e+00 -8.916613e+01 -1.049961e+03 1.000000e+00
4.226954e+00 -3.616590e+01 -9.686371e+02 1.000000e+00
8.021053e+00 1.469991e+02 -1.036231e+03 1.000000e+00
-8.105439e+00 -5.799425e+02 0.000000e+00 1.000000e+00
-8.261911e+00 -6.408835e+02 -2.968498e+02 1.000000e+00
-6.771624e+00 -5.253351e+02 -5.595406e+02 1.000000e+00
-5.391791e+00 -5.116725e+02 -7.278245e+02 1.000000e+00
-3.680357e+00 -3.381553e+02 -9.050616e+02 1.000000e+00
-1.366642e+00 -2.864313e+02 -9.415640e+02 1.000000e+00
1.363948e+00 -8.988490e+01 -1.048855e+03 1.000000e+00
3.429837e+00 -3.644469e+01 -9.678170e+02 1.000000e+00
5.782153e+00 1.470928e+02 -1.033512e+03 1.000000e+00
-6.529011e+00 -5.797410e+02 0.000000e+00 1.000000e+00
-5.267980e+00 -6.450258e+02 -2.965506e+02 1.000000e+00
-4.811917e+00 -5.247175e+02 -5.602014e+02 1.000000e+00
-3.638413e+00 -5.154484e+02 -7.271822e+02 1.000000e+00
-2.546877e+00 -3.366174e+02 -9.059911e+02 1.000000e+00
-8.244349e-01 -2.894426e+02 -9.399438e+02 1.000000e+00
1.937640e-01 -8.714949e+01 -1.049786e+03 1.000000e+00
2.724897e+00 -4.012973e+01 -9.644328e+02 1.000000e+00
3.146410e+00 1.504444e+02 -1.035862e+03 1.000000e+00
-2.506032e+00 -5.910590e+02 0.000000e+00 1.000000e+00
-3.910828e+00 -6.383818e+02 -2.972851e+02 1.000000e+00
-9.470669e-01 -5.358838e+02 -5.579390e+02 1.000000e+00
-2.355646e+00 -5.077305e+02 -7.313713e+02 1.000000e+00
-5.115624e-01 -3.472261e+02 -9.001826e+02 1.000000e+00
-4.721744e-01 -2.808988e+02 -9.471287e+02 1.000000e+00
1.219058e+00 -9.704170e+01 -1.040266e+03 1.000000e+00
4.677341e-01 -3.028613e+01 -9.748940e+02 1.000000e+00
3.171615e+00 1.413617e+02 -1.021587e+03 1.000000e+00
0.000000e+00 -6.052715e+02 0.000000e+00 1.000000e+00
0.000000e+00 -6.297053e+02 -2.985222e+02 1.000000e+00
0.000000e+00 -5.501782e+02 -5.548572e+02 1.000000e+00
0.000000e+00 -4.983245e+02 -7.364305e+02 1.000000e+00
0.000000e+00 -3.610177e+02 -8.933756e+02 1.000000e+00
0.000000e+00 -2.707564e+02 -9.556383e+02 1.000000e+00
0.000000e+00 -1.099099e+02 -1.029384e+03 1.000000e+00
0.000000e+00 -1.807609e+01 -9.883182e+02 1.000000e+00
0.000000e+00 1.290740e+02 -1.004104e+03 1.000000e+00
-1.522716e+01 -5.212128e+02 0.000000e+00 1.000000e+00
-1.470335e+01 -4.592397e+02 -2.969594e+02 1.000000e+00
-1.263444e+01 -4.756030e+02 -5.227252e+02 1.000000e+00
-9.340428e+00 -3.517088e+02 -7.319253e+02 1.000000e+00
-5.483362e+00 -3.205719e+02 -8.232714e+02 1.000000e+00
-8.470003e-01 -1.657059e+02 -9.535834e+02 1.000000e+00
4.010627e+00 -1.179156e+02 -9.163811e+02 1.000000e+00
8.748484e+00 3.909591e+01 -9.949532e+02 1.000000e+00
1.304785e+01 7.298225e+01 -8.526526e+02 1.000000e+00
-1.435753e+01 -5.206915e+02 0.000000e+00 1.000000e+00
-1.421119e+01 -4.615639e+02 -2.973954e+02 1.000000e+00
-1.192902e+01 -4.751849e+02 -5.226614e+02 1.000000e+00
-8.798615e+00 -3.524758e+02 -7.323116e+02 1.000000e+00
-5.252391e+00 -3.210209e+02 -8.227957e+02 1.000000e+00
-4.791109e-01 -1.649161e+02 -9.527162e+02 1.000000e+00
3.752332e+00 -1.183644e+02 -9.153149e+02 1.000000e+00
8.840321e+00 4.045632e+01 -9.920555e+02 1.000000e+00
1.279775e+01 7.067336e+01 -8.511354e+02 1.000000e+00
-1.356351e+01 -5.205626e+02 0.000000e+00 1.000000e+00
-1.305718e+01 -4.636427e+02 -2.977771e+02 1.000000e+00
-1.115304e+01 -4.750234e+02 -5.225496e+02 1.000000e+00
-8.344157e+00 -3.533452e+02 -7.325231e+02 1.000000e+00
-5.149723e+00 -3.211254e+02 -8.224182e+02 1.000000e+00
-8.680894e-01 -1.647526e+02 -9.514678e+02 1.000000e+00
3.547558e+00 -1.186843e+02 -9.144338e+02 1.000000e+00
7.371753e+00 4.088699e+01 -9.891956e+02 1.000000e+00
1.162192e+01 7.001360e+01 -8.493146e+02 1.000000e+00
-1.217716e+01 -5.234827e+02 0.000000e+00 1.000000e+00
-1.148853e+01 -4.629270e+02 -2.977974e+02 1.000000e+00
-9.573595e+00 -4.772476e+02 -5.227891e+02 1.000000e+00
-7.442518e+00 -3.529887e+02 -7.324791e+02 1.000000e+00
-4.016492e+00 -3.215633e+02 -8.217051e+02 1.000000e+00
-7.411314e-01 -1.650150e+02 -9.510997e+02 1.000000e+00
3.307436e+00 -1.184848e+02 -9.121184e+02 1.000000e+00
6.983155e+00 3.984447e+01 -9.884792e+02 1.000000e+00
1.052996e+01 7.197564e+01 -8.452226e+02 1.000000e+00
-9.967489e+00 -5.249202e+02 0.000000e+00 1.000000e+00
-9.696149e+00 -4.637867e+02 -2.978284e+02 1.000000e+00
-8.045437e+00 -4.782917e+02 -5.229534e+02 1.000000e+00
-5.787641e+00 -3.536580e+02 -7.323250e+02 1.000000e+00
-3.788465e+00 -3.219935e+02 -8.212366e+02 1.000000e+00
-1.627259e-01 -1.654280e+02 -9.502504e+02 1.000000e+00
2.581471e+00 -1.178556e+02 -9.110387e+02 1.000000e+00
6.152089e+00 3.911627e+01 -9.860786e+02 1.000000e+00
8.758602e+00 7.173218e+01 -8.438821e+02 1.000000e+00
-7.621464e+00 -5.248171e+02 0.000000e+00 1.000000e+00
-7.605318e+00 -4.666680e+02 -2.980752e+02 1.000000e+00
-6.363509e+00 -4.781020e+02 -5.228317e+02 1.000000e+00
-4.660738e+00 -3.554370e+02 -7.322396e+02 1.000000e+00
-3.055435e+00 -3.219384e+02 -8.212242e+02 1.000000e+00
-5.864431e-01 -1.661655e+02 -9.487676e+02 1.000000e+00
1.944748e+00 -1.179946e+02 -9.109713e+02 1.000000e+00
3.999498e+00 3.920108e+01 -9.833723e+02 1.000000e+00
6.448157e+00 7.105996e+01 -8.432787e+02 1.000000e+00
-5.635578e+00 -5.282979e+02 0.000000e+00 1.000000e+00
-5.214523e+00 -4.664853e+02 -2.981016e+02 1.000000e+00
-3.640639e+00 -4.813165e+02 -5.226200e+02 1.000000e+00
-3.287130e+00 -3.547268e+02 -7.328571e+02 1.000000e+00
-1.033152e+00 -3.246062e+02 -8.196832e+02 1.000000e+00
-3.429131e-01 -1.648821e+02 -9.502955e+02 1.000000e+00
2.021496e+00 -1.207430e+02 -9.071586e+02 1.000000e+00
3.052089e+00 4.166084e+01 -9.861326e+02 1.000000e+00
5.110211e+00 6.897523e+01 -8.371201e+02 1.000000e+00
-4.043334e+00 -5.230238e+02 0.000000e+00 1.000000e+00
-1.802708e+00 -4.753413e+02 -2.965089e+02 1.000000e+00
-2.752796e+00 -4.757954e+02 -5.254296e+02 1.000000e+00
-4.972267e-01 -3.636790e+02 -7.286657e+02 1.000000e+00
-2.194383e+00 -3.182032e+02 -8.254968e+02 1.000000e+00
1.014572e+00 -1.731907e+02 -9.418925e+02 1.000000e+00
1.779950e-02 -1.132280e+02 -9.168545e+02 1.000000e+00
2.013897e+00 3.358248e+01 -9.729969e+02 1.000000e+00
1.478089e+00 7.636857e+01 -8.512358e+02 1.000000e+00
0.000000e+00 -5.160659e+02 0.000000e+00 1.000000e+00
0.000000e+00 -4.865425e+02 -2.950585e+02 1.000000e+00
0.000000e+00 -4.686101e+02 -5.282916e+02 1.000000e+00
0.000000e+00 -3.746721e+02 -7.239971e+02 1.000000e+00
0.000000e+00 -3.100704e+02 -8.325645e+02 1.000000e+00
0.000000e+00 -1.832479e+02 -9.317966e+02 1.000000e+00
0.000000e+00 -1.038908e+02 -9.295032e+02 1.000000e+00
0.000000e+00 2.366954e+01 -9.571483e+02 1.000000e+00
0.000000e+00 8.620113e+01 -8.696404e+02 1.000000e+00
-1.425933e+01 -3.546316e+02 0.000000e+00 1.000000e+00
-1.367831e+01 -3.931869e+02 -2.806834e+02 1.000000e+00
-1.145123e+01 -3.179075e+02 -5.278494e+02 1.000000e+00
-7.971364e+00 -3.069449e+02 -6.764540e+02 1.000000e+00
-3.918277e+00 -1.970485e+02 -8.356152e+02 1.000000e+00
8.853320e-01 -1.612542e+02 -8.484779e+02 1.000000e+00
5.748246e+00 -3.958950e+01 -9.398148e+02 1.000000e+00
1.029622e+01 -4.960712e+00 -8.371209e+02 1.000000e+00
1.444354e+01 1.050359e+02 -8.967363e+02 1.000000e+00
-1.353092e+01 -3.570201e+02 0.000000e+00 1.000000e+00
-1.324962e+01 -3.925317e+02 -2.809433e+02 1.000000e+00
-1.089270e+01 -3.195218e+02 -5.276245e+02 1.000000e+00
-7.738545e+00 -3.071026e+02 -6.766659e+02 1.000000e+00
-3.936897e+00 -1.969107e+02 -8.345240e+02 1.000000e+00
9.040261e-01 -1.622098e+02 -8.476381e+02 1.000000e+00
5.290896e+00 -3.913510e+01 -9.378080e+02 1.000000e+00
9.860254e+00 -6.622625e+00 -8.348129e+02 1.000000e+00
1.365238e+01 1.063741e+02 -8.940344e+02 1.000000e+00
-1.275624e+01 -3.590846e+02 0.000000e+00 1.000000e+00
-1.211437e+01 -3.920994e+02 -2.811380e+02 1.000000e+00
-9.920727e+00 -3.207311e+02 -5.274000e+02 1.000000e+00
-7.011427e+00 -3.071000e+02 -6.767675e+02 1.000000e+00
-3.370612e+00 -1.968446e+02 -8.333412e+02 1.000000e+00
8.251252e-01 -1.624992e+02 -8.468807e+02 1.000000e+00
5.357599e+00 -3.862954e+01 -9.355224e+02 1.000000e+00
9.037859e+00 -7.091393e+00 -8.330773e+02 1.000000e+00
1.322904e+01 1.066104e+02 -8.905054e+02 1.000000e+00
-1.149483e+01 -3.583092e+02 0.000000e+00 1.000000e+00
-1.052641e+01 -3.943024e+02 -2.808075e+02 1.000000e+00
-8.926619e+00 -3.199690e+02 -5.280672e+02 1.000000e+00
-6.164234e+00 -3.079902e+02 -6.756050e+02 1.000000e+00
-3.110446e+00 -1.968191e+02 -8.334790e+02 1.000000e+00
6.245549e-01 -1.622433e+02 -8.449186e+02 1.000000e+00
4.527313e+00 -3.876425e+01 -9.344864e+02 1.000000e+00
8.131963e+00 -5.832149e+00 -8.303285e+02 1.000000e+00
1.126578e+01 1.045508e+02 -8.882777e+02 1.000000e+00
-9.087996e+00 -3.589164e+02 0.000000e+00 1.000000e+00
-9.231226e+00 -3.954669e+02 -2.807690e+02 1.000000e+00
-7.267467e+00 -3.207419e+02 -5.281699e+02 1.000000e+00
-5.211891e+00 -3.086070e+02 -6.751500e+02 1.000000e+00
-2.794616e+00 -1.974712e+02 -8.329871e+02 1.000000e+00
5.194236e-01 -1.626397e+02 -8.436679e+02 1.000000e+00
3.598792e+00 -3.982814e+01 -9.331720e+02 1.000000e+00
6.483180e+00 -5.930162e+00 -8.281702e+02 1.000000e+00
9.413492e+00 1.040966e+02 -8.860430e+02 1.000000e+00
-7.130486e+00 -3.612406e+02 0.000000e+00 1.000000e+00
-7.031762e+00 -3.951302e+02 -2.811427e+02 1.000000e+00
-5.482677e+00 -3.225367e+02 -5.275161e+02 1.000000e+00
-3.692824e+00 -3.084598e+02 -6.756364e+02 1.000000e+00
-1.859720e+00 -1.982481e+02 -8.316987e+02 1.000000e+00
7.227382e-01 -1.625058e+02 -8.434695e+02 1.000000e+00
3.208017e+00 -3.987519e+01 -9.311525e+02 1.000000e+00
5.223799e+00 -6.338850e+00 -8.275744e+02 1.000000e+00
7.690744e+00 1.047770e+02 -8.826644e+02 1.000000e+00
-5.614347e+00 -3.610329e+02 0.000000e+00 1.000000e+00
-4.502188e+00 -3.976648e+02 -2.807994e+02 1.000000e+00
-4.052310e+00 -3.222151e+02 -5.280917e+02 1.000000e+00
-2.496718e+00 -3.106084e+02 -6.745817e+02 1.000000e+00
-1.656231e+00 -1.977353e+02 -8.324778e+02 1.000000e+00
4.194416e-01 -1.641304e+02 -8.412848e+02 1.000000e+00
1.519646e+00 -3.833070e+01 -9.321083e+02 1.000000e+00
3.977371e+00 -8.159845e+00 -8.237229e+02 1.000000e+00
4.202758e+00 1.059437e+02 -8.848195e+02 1.000000e+00
-1.858847e+00 -3.676758e+02 0.000000e+00 1.000000e+00
-3.467942e+00 -3.939893e+02 -2.816734e+02 1.000000e+00
-5.561460e-01 -3.289388e+02 -5.256254e+02 1.000000e+00
-2.010859e+00 -3.061839e+02 -6.787355e+02 1.000000e+00
7.221904e-02 -2.043666e+02 -8.262642e+02 1.000000e+00
-1.673145e-01 -1.591759e+02 -8.486282e+02 1.000000e+00
1.949141e+00 -4.487639e+01 -9.216488e+02 1.000000e+00
9.332435e-01 -2.325769e+00 -8.351181e+02 1.000000e+00
3.628510e+00 1.006422e+02 -8.693754e+02 1.000000e+00
0.000000e+00 -3.761875e+02 0.000000e+00 1.000000e+00
0.000000e+00 -3.889238e+02 -2.829756e+02 1.000000e+00
0.000000e+00 -3.371398e+02 -5.224470e+02 1.000000e+00
0.000000e+00 -3.004875e+02 -6.839036e+02 1.000000e+00
0.000000e+00 -2.120639e+02 -8.190179e+02 1.000000e+00
0.000000e+00 -1.528041e+02 -8.577061e+02 1.000000e+00
0.000000e+00 -5.232974e+01 -9.097188e+02 1.000000e+00
0.000000e+00 5.237318e+00 -8.496849e+02 1.000000e+00
0.000000e+00 9.461131e+01 -8.507614e+02 1.000000e+00
-1.348953e+01 -2.706542e+02 0.000000e+00 1.000000e+00
-1.283340e+01 -2.380904e+02 -2.846850e+02 1.000000e+00
-1.051609e+01 -2.438342e+02 -4.946803e+02 1.000000e+00
-6.915775e+00 -1.784947e+02 -6.908281e+02 1.000000e+00
-2.670735e+00 -1.586521e+02 -7.611702e+02 1.000000e+00
2.192014e+00 -7.868146e+01 -8.757445e+02 1.000000e+00
7.068619e+00 -5.115194e+01 -8.181795e+02 1.000000e+00
1.150391e+01 2.848638e+01 -8.843115e+02 1.000000e+00
1.536889e+01 4.602562e+01 -7.285601e+02 1.000000e+00
-1.310082e+01 -2.699176e+02 0.000000e+00 1.000000e+00
-1.220309e+01 -2.395575e+02 -2.845172e+02 1.000000e+00
-1.011943e+01 -2.432276e+02 -4.949821e+02 1.000000e+00
-6.554448e+00 -1.785639e+02 -6.898298e+02 1.000000e+00
-2.591578e+00 -1.588147e+02 -7.609807e+02 1.000000e+00
2.031163e+00 -7.779668e+01 -8.735261e+02 1.000000e+00
6.837183e+00 -5.126577e+01 -8.168422e+02 1.000000e+00
1.091565e+01 2.989423e+01 -8.811332e+02 1.000000e+00
1.499444e+01 4.479517e+01 -7.259451e+02 1.000000e+00
-1.200384e+01 -2.694507e+02 0.000000e+00 1.000000e+00
-1.138223e+01 -2.408488e+02 -2.843360e+02 1.000000e+00
-9.191821e+00 -2.430557e+02 -4.952264e+02 1.000000e+00
-6.140404e+00 -1.788848e+02 -6.888723e+02 1.000000e+00
-2.419948e+00 -1.591580e+02 -7.606452e+02 1.000000e+00
1.944792e+00 -7.764082e+01 -8.713845e+02 1.000000e+00
6.248417e+00 -5.173950e+01 -8.155078e+02 1.000000e+00
1.014679e+01 3.013646e+01 -8.780157e+02 1.000000e+00
1.343482e+01 4.419639e+01 -7.235806e+02 1.000000e+00
-1.046830e+01 -2.711219e+02 0.000000e+00 1.000000e+00
-1.020814e+01 -2.402477e+02 -2.844818e+02 1.000000e+00
-7.941097e+00 -2.444523e+02 -4.947053e+02 1.000000e+00
-5.538648e+00 -1.788736e+02 -6.891075e+02 1.000000e+00
-1.982213e+00 -1.595640e+02 -7.586740e+02 1.000000e+00
1.596802e+00 -7.806387e+01 -8.713259e+02 1.000000e+00
5.433995e+00 -5.203107e+01 -8.122082e+02 1.000000e+00
8.982141e+00 2.868163e+01 -8.770696e+02 1.000000e+00
1.185910e+01 4.525697e+01 -7.197188e+02 1.000000e+00
-8.871776e+00 -2.719537e+02 0.000000e+00 1.000000e+00
-8.363325e+00 -2.404708e+02 -2.845313e+02 1.000000e+00
-6.828229e+00 -2.446457e+02 -4.944745e+02 1.000000e+00
-4.239189e+00 -1.790240e+02 -6.888221e+02 1.000000e+00
-1.947352e+00 -1.593362e+02 -7.576638e+02 1.000000e+00
1.578139e+00 -7.771878e+01 -8.702553e+02 1.000000e+00
4.443635e+00 -5.133398e+01 -8.106037e+02 1.000000e+00
7.534603e+00 2.872463e+01 -8.746531e+02 1.000000e+00
1.022595e+01 4.548252e+01 -7.178156e+02 1.000000e+00
-6.739598e+00 -2.717541e+02 0.000000e+00 1.000000e+00
-6.598705e+00 -2.420573e+02 -2.844800e+02 1.000000e+00
-5.298914e+00 -2.446325e+02 -4.946114e+02 1.000000e+00
-3.419416e+00 -1.802114e+02 -6.879668e+02 1.000000e+00
-1.605743e+00 -1.596929e+02 -7.578325e+02 1.000000e+00
9.321545e-01 -7.845764e+01 -8.680720e+02 1.000000e+00
3.487560e+00 -5.184716e+01 -8.105623e+02 1.000000e+00
5.596703e+00 2.878832e+01 -8.715253e+02 1.000000e+00
7.490172e+00 4.435044e+01 -7.172155e+02 1.000000e+00
-4.621563e+00 -2.733909e+02 0.000000e+00 1.000000e+00
-4.701754e+00 -2.419066e+02 -2.845970e+02 1.000000e+00
-3.232086e+00 -2.464196e+02 -4.942132e+02 1.000000e+00
-2.717362e+00 -1.802238e+02 -6.884053e+02 1.000000e+00
-5.456124e-01 -1.610223e+02 -7.561378e+02 1.000000e+00
3.044981e-01 -7.829549e+01 -8.691853e+02 1.000000e+00
2.462721e+00 -5.359755e+01 -8.069042e+02 1.000000e+00
3.582493e+00 2.939298e+01 -8.735340e+02 1.000000e+00
5.585988e+00 4.353428e+01 -7.117109e+02 1.000000e+00
-3.843268e+00 -2.709236e+02 0.000000e+00 1.000000e+00
-1.401949e+00 -2.461311e+02 -2.830793e+02 1.000000e+00
-2.318887e+00 -2.436119e+02 -4.968831e+02 1.000000e+00
6.508628e-03 -1.845766e+02 -6.841551e+02 1.000000e+00
-1.606273e+00 -1.576315e+02 -7.618196e+02 1.000000e+00
1.582543e+00 -8.219250e+01 -8.605483e+02 1.000000e+00
5.994951e-01 -4.948457e+01 -8.166762e+02 1.000000e+00
2.872075e+00 2.548585e+01 -8.599049e+02 1.000000e+00
2.334003e+00 4.732628e+01 -7.259844e+02 1.000000e+00
0.000000e+00 -2.676492e+02 0.000000e+00 1.000000e+00
0.000000e+00 -2.517281e+02 -2.815065e+02 1.000000e+00
0.000000e+00 -2.402056e+02 -4.998556e+02 1.000000e+00
0.000000e+00 -1.900322e+02 -6.793324e+02 1.000000e+00
0.000000e+00 -1.539741e+02 -7.689252e+02 1.000000e+00
0.000000e+00 -8.725935e+01 -8.503397e+02 1.000000e+00
0.000000e+00 -4.481203e+01 -8.293118e+02 1.000000e+00
0.000000e+00 2.070212e+01 -8.439111e+02 1.000000e+00
0.000000e+00 5.137501e+01 -7.443745e+02 1.000000e+00
-1.291278e+01 -1.255259e+02 0.000000e+00 1.000000e+00
-1.230691e+01 -1.363324e+02 -2.694773e+02 1.000000e+00
-9.932997e+00 -1.089718e+02 -5.086521e+02 1.000000e+00
-6.245170e+00 -1.044132e+02 -6.435129e+02 1.000000e+00
-1.791401e+00 -6.638747e+01 -7.915934e+02 1.000000e+00
3.044398e+00 -5.199179e+01 -7.885458e+02 1.000000e+00
7.885713e+00 -1.046764e+01 -8.700685e+02 1.000000e+00
1.218514e+01 2.931177e+00 -7.547654e+02 1.000000e+00
1.595770e+01 3.928451e+01 -8.088187e+02 1.000000e+00
-1.201655e+01 -1.264358e+02 0.000000e+00 1.000000e+00
-1.193037e+01 -1.358762e+02 -2.698334e+02 1.000000e+00
-9.295934e+00 -1.097174e+02 -5.077835e+02 1.000000e+00
-5.916988e+00 -1.046408e+02 -6.438241e+02 1.000000e+00
-1.589083e+00 -6.618595e+01 -7.894970e+02 1.000000e+00
3.253885e+00 -5.242738e+01 -7.878655e+02 1.000000e+00
7.489137e+00 -1.051864e+01 -8.672305e+02 1.000000e+00
1.193523e+01 1.838159e+00 -7.523410e+02 1.000000e+00
1.515301e+01 3.969529e+01 -8.057628e+02 1.000000e+00
-1.139828e+01 -1.270107e+02 0.000000e+00 1.000000e+00
-1.079067e+01 -1.354771e+02 -2.701102e+02 1.000000e+00
-8.798488e+00 -1.101612e+02 -5.070875e+02 1.000000e+00
-5.528786e+00 -1.046086e+02 -6.438463e+02 1.000000e+00
-1.561982e+00 -6.578244e+01 -7.876492e+02 1.000000e+00
2.509961e+00 -5.233775e+01 -7.870175e+02 1.000000e+00
6.988324e+00 -1.027200e+01 -8.645333e+02 1.000000e+00
1.046595e+01 1.481716e+00 -7.502088e+02 1.000000e+00
1.423406e+01 3.982330e+01 -8.022963e+02 1.000000e+00
-1.026448e+01 -1.263608e+02 0.000000e+00 1.000000e+00
-9.387829e+00 -1.362751e+02 -2.697443e+02 1.000000e+00
-7.835559e+00 -1.097775e+02 -5.076478e+02 1.000000e+00
-4.736497e+00 -1.046607e+02 -6.421594e+02 1.000000e+00
-1.562869e+00 -6.577823e+01 -7.879529e+02 1.000000e+00
2.223079e+00 -5.210131e+01 -7.841143e+02 1.000000e+00
6.155785e+00 -1.006830e+01 -8.638910e+02 1.000000e+00
9.432763e+00 2.229359e+00 -7.466727e+02 1.000000e+00
1.250346e+01 3.895227e+01 -8.002836e+02 1.000000e+00
-8.082828e+00 -1.263138e+02 0.000000e+00 1.000000e+00
-8.302043e+00 -1.367586e+02 -2.697784e+02 1.000000e+00
-6.208981e+00 -1.102942e+02 -5.074918e+02 1.000000e+00
-4.111061e+00 -1.049926e+02 -6.415827e+02 1.000000e+00
-1.335229e+00 -6.649000e+01 -7.871940e+02 1.000000e+00
1.830874e+00 -5.278304e+01 -7.826458e+02 1.000000e+00
5.062182e+00 -1.076368e+01 -8.621956e+02 1.000000e+00
7.936797e+00 1.762233e+00 -7.445503e+02 1.000000e+00
1.032411e+01 3.837613e+01 -7.977185e+02 1.000000e+00
-6.342026e+00 -1.270349e+02 0.000000e+00 1.000000e+00
-6.341675e+00 -1.365015e+02 -2.701915e+02 1.000000e+00
-5.093712e+00 -1.109234e+02 -5.067270e+02 1.000000e+00
-3.250224e+00 -1.048945e+02 -6.420005e+02 1.000000e+00
-1.233043e+00 -6.660839e+01 -7.854757e+02 1.000000e+00
1.093163e+00 -5.267743e+01 -7.826894e+02 1.000000e+00
3.551719e+00 -1.076597e+01 -8.594729e+02 1.000000e+00
5.825801e+00 1.407181e+00 -7.440781e+02 1.000000e+00
7.942519e+00 3.890412e+01 -7.944057e+02 1.000000e+00
-4.657959e+00 -1.267604e+02 0.000000e+00 1.000000e+00
-3.896360e+00 -1.373100e+02 -2.699536e+02 1.000000e+00
-3.722723e+00 -1.108166e+02 -5.073357e+02 1.000000e+00
-2.012790e+00 -1.054843e+02 -6.406718e+02 1.000000e+00
-1.041858e+00 -6.654588e+01 -7.862582e+02 1.000000e+00
1.030857e+00 -5.301329e+01 -7.802299e+02 1.000000e+00
2.004492e+00 -1.017366e+01 -8.605253e+02 1.000000e+00
4.313557e+00 9.457696e-01 -7.398954e+02 1.000000e+00
5.215005e+00 3.912375e+01 -7.964877e+02 1.000000e+00
-6.816937e-01 -1.278793e+02 0.000000e+00 1.000000e+00
-3.318153e+00 -1.361492e+02 -2.714187e+02 1.000000e+00
-1.001671e+00 -1.138313e+02 -5.046089e+02 1.000000e+00
-2.271073e+00 -1.044795e+02 -6.447777e+02 1.000000e+00
2.454411e-02 -6.926740e+01 -7.798531e+02 1.000000e+00
-9.167513e-01 -5.229921e+01 -7.879323e+02 1.000000e+00
1.515556e+00 -1.335973e+01 -8.494686e+02 1.000000e+00
6.974260e-01 2.064198e+00 -7.517620e+02 1.000000e+00
3.073950e+00 3.676310e+01 -7.801769e+02 1.000000e+00
0.000000e+00 -1.298184e+02 0.000000e+00 1.000000e+00
0.000000e+00 -1.344215e+02 -2.731936e+02 1.000000e+00
0.000000e+00 -1.171142e+02 -5.011908e+02 1.000000e+00
0.000000e+00 -1.029419e+02 -6.500070e+02 1.000000e+00
0.000000e+00 -7.183694e+01 -7.723796e+02 1.000000e+00
0.000000e+00 -5.082647e+01 -7.975779e+02 1.000000e+00
0.000000e+00 -1.656536e+01 -8.367551e+02 1.000000e+00
0.000000e+00 3.911740e+00 -7.669163e+02 1.000000e+00
0.000000e+00 3.482109e+01 -7.610969e+02 1.000000e+00
-1.279859e+01 0.000000e+00 0.000000e+00 1.000000e+00
-1.204726e+01 0.000000e+00 -2.777370e+02 1.000000e+00
-9.825144e+00 0.000000e+00 -4.834421e+02 1.000000e+00
-5.910202e+00 0.000000e+00 -6.748199e+02 1.000000e+00
-1.403365e+00 0.000000e+00 -7.350310e+02 1.000000e+00
3.332335e+00 0.000000e+00 -8.449575e+02 1.000000e+00
8.103333e+00 0.000000e+00 -7.790461e+02 1.000000e+00
1.241216e+01 0.000000e+00 -8.406721e+02 1.000000e+00
1.613902e+01 0.000000e+00 -6.813022e+02 1.000000e+00
-1.239044e+01 0.000000e+00 0.000000e+00 1.000000e+00
-1.108892e+01 0.000000e+00 -2.771838e+02 1.000000e+00
-9.720235e+00 0.000000e+00 -4.842785e+02 1.000000e+00
-5.798416e+00 0.000000e+00 -6.728989e+02 1.000000e+00
-1.032912e+00 0.000000e+00 -7.350660e+02 1.000000e+00
3.050097e+00 0.000000e+00 -8.423008e+02 1.000000e+00
7.585745e+00 0.000000e+00 -7.777534e+02 1.000000e+00
1.123932e+01 0.000000e+00 -8.373647e+02 1.000000e+00
1.579982e+01 0.000000e+00 -6.778252e+02 1.000000e+00
-1.092312e+01 0.000000e+00 0.000000e+00 1.000000e+00
-1.057715e+01 0.000000e+00 -2.768267e+02 1.000000e+00
-8.401664e+00 0.000000e+00 -4.848156e+02 1.000000e+00
-4.940213e+00 0.000000e+00 -6.712454e+02 1.000000e+00
-1.009670e+00 0.000000e+00 -7.347155e+02 1.000000e+00
3.329784e+00 0.000000e+00 -8.399881e+02 1.000000e+00
7.500669e+00 0.000000e+00 -7.763605e+02 1.000000e+00
1.155397e+01 0.000000e+00 -8.341952e+02 1.000000e+00
1.414500e+01 0.000000e+00 -6.749700e+02 1.000000e+00
-9.371090e+00 0.000000e+00 0.000000e+00 1.000000e+00
-9.797558e+00 0.000000e+00 -2.774719e+02 1.000000e+00
-7.450959e+00 0.000000e+00 -4.834650e+02 1.000000e+00
-4.666687e+00 0.000000e+00 -6.719927e+02 1.000000e+00
-1.568553e+00 0.000000e+00 -7.322143e+02 1.000000e+00
2.131901e+00 0.000000e+00 -8.399450e+02 1.000000e+00
6.205301e+00 0.000000e+00 -7.726470e+02 1.000000e+00
9.908937e+00 0.000000e+00 -8.332699e+02 1.000000e+00
1.216903e+01 0.000000e+00 -6.714644e+02 1.000000e+00
-8.270755e+00 0.000000e+00 0.000000e+00 1.000000e+00
-7.787827e+00 0.000000e+00 -2.778477e+02 1.000000e+00
-6.768885e+00 0.000000e+00 -4.828668e+02 1.000000e+00
-3.920912e+00 0.000000e+00 -6.717640e+02 1.000000e+00
-1.580083e+00 0.000000e+00 -7.313326e+02 1.000000e+00
1.511869e+00 0.000000e+00 -8.384370e+02 1.000000e+00
4.586766e+00 0.000000e+00 -7.708403e+02 1.000000e+00
7.590156e+00 0.000000e+00 -8.310615e+02 1.000000e+00
1.062768e+01 0.000000e+00 -6.692104e+02 1.000000e+00
-6.268558e+00 0.000000e+00 0.000000e+00 1.000000e+00
-5.958736e+00 0.000000e+00 -2.776664e+02 1.000000e+00
-4.760695e+00 0.000000e+00 -4.833578e+02 1.000000e+00
-2.777958e+00 0.000000e+00 -6.702974e+02 1.000000e+00
-6.125107e-01 0.000000e+00 -7.318415e+02 1.000000e+00
1.823892e+00 0.000000e+00 -8.358525e+02 1.000000e+00
4.215591e+00 0.000000e+00 -7.709340e+02 1.000000e+00
6.474243e+00 0.000000e+00 -8.278381e+02 1.000000e+00
8.562199e+00 0.000000e+00 -6.682858e+02 1.000000e+00
-3.675983e+00 0.000000e+00 0.000000e+00 1.000000e+00
-4.591010e+00 0.000000e+00 -2.781042e+02 1.000000e+00
-3.368135e+00 0.000000e+00 -4.826853e+02 1.000000e+00
-2.718809e+00 0.000000e+00 -6.708726e+02 1.000000e+00
-1.027780e+00 0.000000e+00 -7.299989e+02 1.000000e+00
2.623437e-02 0.000000e+00 -8.367631e+02 1.000000e+00
2.253513e+00 0.000000e+00 -7.674987e+02 1.000000e+00
3.536448e+00 0.000000e+00 -8.294467e+02 1.000000e+00
5.213299e+00 0.000000e+00 -6.632279e+02 1.000000e+00
-1.849742e+00 0.000000e+00 0.000000e+00 1.000000e+00
-1.020652e+00 0.000000e+00 -2.777266e+02 1.000000e+00
-3.783127e+00 0.000000e+00 -4.849828e+02 1.000000e+00
-5.777437e-01 0.000000e+00 -6.664034e+02 1.000000e+00
-1.893119e+00 0.000000e+00 -7.359876e+02 1.000000e+00
1.405599e-01 0.000000e+00 -8.281838e+02 1.000000e+00
-1.202551e+00 0.000000e+00 -7.772479e+02 1.000000e+00
1.729082e+00 0.000000e+00 -8.154681e+02 1.000000e+00
1.944227e+00 0.000000e+00 -6.774958e+02 1.000000e+00
0.000000e+00 0.000000e+00 0.000000e+00 1.000000e+00
0.000000e+00 0.000000e+00 -2.768718e+02 1.000000e+00
0.000000e+00 0.000000e+00 -4.880059e+02 1.000000e+00
0.000000e+00 0.000000e+00 -6.610001e+02 1.000000e+00
0.000000e+00 0.000000e+00 -7.435226e+02 1.000000e+00
0.000000e+00 0.000000e+00 -8.181824e+02 1.000000e+00
0.000000e+00 0.000000e+00 -7.897629e+02 1.000000e+00
0.000000e+00 0.000000e+00 -7.992845e+02 1.000000e+00
0.000000e+00 0.000000e+00 -6.955653e+02 1.000000e+00
