0 729 0.00000e+00
  1     729
1.245864e+01 2.548295e+03 -3.264659e+03 1.000000e+00
2.169466e+01 3.296818e+03 -3.741569e+03 1.000000e+00
2.927453e+01 3.224704e+03 -3.132602e+03 1.000000e+00
3.494585e+01 3.813259e+03 -3.611593e+03 1.000000e+00
3.884476e+01 3.518844e+03 -2.625512e+03 9.992651e-01
3.973426e+01 3.851006e+03 -3.108971e+03 9.950333e-01
3.762051e+01 3.217135e+03 -1.671776e+03 9.787423e-01
3.124157e+01 3.118806e+03 -1.665048e+03 9.366232e-01
2.647897e+01 2.268475e+03 -1.012489e+03 8.571537e-01
1.358809e+01 2.555005e+03 -3.265921e+03 1.000000e+00
2.207693e+01 3.303001e+03 -3.735017e+03 1.000000e+00
2.901741e+01 3.226021e+03 -3.128989e+03 1.000000e+00
3.254646e+01 3.816492e+03 -3.601620e+03 1.000000e+00
3.583627e+01 3.512870e+03 -2.614526e+03 9.992651e-01
3.729833e+01 3.844924e+03 -3.092129e+03 9.950333e-01
3.530133e+01 3.203856e+03 -1.659496e+03 9.787423e-01
3.144227e+01 3.096994e+03 -1.650354e+03 9.366232e-01
2.672387e+01 2.251420e+03 -1.001766e+03 8.571537e-01
1.265697e+01 2.563398e+03 -3.265471e+03 1.000000e+00
1.981380e+01 3.307473e+03 -3.734227e+03 1.000000e+00
2.568243e+01 3.227964e+03 -3.123779e+03 1.000000e+00
3.307017e+01 3.819121e+03 -3.593646e+03 1.000000e+00
3.581318e+01 3.506471e+03 -2.608330e+03 9.992651e-01
3.427232e+01 3.841119e+03 -3.081202e+03 9.950333e-01
3.202190e+01 3.187477e+03 -1.651272e+03 9.787423e-01
2.703914e+01 3.081937e+03 -1.639500e+03 9.366232e-01
2.371661e+01 2.231236e+03 -9.929036e+02 8.571537e-01
1.050940e+01 2.574649e+03 -3.268370e+03 1.000000e+00
1.977595e+01 3.309096e+03 -3.730144e+03 1.000000e+00
2.650531e+01 3.237337e+03 -3.123397e+03 1.000000e+00
2.777324e+01 3.814784e+03 -3.585001e+03 1.000000e+00
3.001644e+01 3.510978e+03 -2.608219e+03 9.992651e-01
3.142694e+01 3.829106e+03 -3.069235e+03 9.950333e-01
2.777481e+01 3.179477e+03 -1.655599e+03 9.787423e-01
2.598947e+01 3.059687e+03 -1.630000e+03 9.366232e-01
2.287922e+01 2.219495e+03 -9.862336e+02 8.571537e-01
9.835237e+00 2.573980e+03 -3.267676e+03 1.000000e+00
1.489651e+01 3.321733e+03 -3.732594e+03 1.000000e+00
1.960171e+01 3.235883e+03 -3.117292e+03 1.000000e+00
2.691024e+01 3.819848e+03 -3.585145e+03 1.000000e+00
3.130294e+01 3.506264e+03 -2.595104e+03 9.992651e-01
3.124530e+01 3.824200e+03 -3.069222e+03 9.950333e-01
3.182518e+01 3.165741e+03 -1.638964e+03 9.787423e-01
2.491440e+01 3.043449e+03 -1.622530e+03 9.366232e-01
2.137381e+01 2.202963e+03 -9.782541e+02 8.571537e-01
6.087542e+00 2.583958e+03 -3.278954e+03 1.000000e+00
1.237810e+01 3.328172e+03 -3.724067e+03 1.000000e+00
1.817024e+01 3.242310e+03 -3.125646e+03 1.000000e+00
2.125478e+01 3.821927e+03 -3.566424e+03 1.000000e+00
2.327775e+01 3.505811e+03 -2.601449e+03 9.992651e-01
2.632067e+01 3.817743e+03 -3.043354e+03 9.950333e-01
2.454766e+01 3.156691e+03 -1.641951e+03 9.787423e-01
2.284851e+01 3.024792e+03 -1.611249e+03 9.366232e-01
1.951373e+01 2.190833e+03 -9.711860e+02 8.571537e-01
4.453176e+00 2.590676e+03 -3.272795e+03 1.000000e+00
7.994266e+00 3.338685e+03 -3.733530e+03 1.000000e+00
1.236521e+01 3.247179e+03 -3.112724e+03 1.000000e+00
1.652689e+01 3.827939e+03 -3.574928e+03 1.000000e+00
1.995000e+01 3.503979e+03 -2.580194e+03 9.992651e-01
2.124188e+01 3.816001e+03 -3.049243e+03 9.950333e-01
2.207928e+01 3.145276e+03 -1.619044e+03 9.787423e-01
1.902869e+01 3.009997e+03 -1.602972e+03 9.366232e-01
1.577716e+01 2.175189e+03 -9.649888e+02 8.571537e-01
1.444400e+00 2.614858e+03 -3.280251e+03 1.000000e+00
4.267384e+00 3.333122e+03 -3.727234e+03 1.000000e+00
6.123554e+00 3.263414e+03 -3.120817e+03 1.000000e+00
7.942911e+00 3.826096e+03 -3.560774e+03 1.000000e+00
9.046620e+00 3.507782e+03 -2.587111e+03 9.992651e-01
1.175507e+01 3.819988e+03 -3.026532e+03 9.950333e-01
1.226099e+01 3.129105e+03 -1.624108e+03 9.787423e-01
1.194105e+01 3.012868e+03 -1.594946e+03 9.366232e-01
9.812065e+00 2.149843e+03 -9.611103e+02 8.571537e-01
0.000000e+00 2.655936e+03 -3.310148e+03 1.000000e+00
0.000000e+00 3.320288e+03 -3.694064e+03 1.000000e+00
0.000000e+00 3.299032e+03 -3.160488e+03 1.000000e+00
0.000000e+00 3.821824e+03 -3.514945e+03 1.000000e+00
0.000000e+00 3.533924e+03 -2.635375e+03 9.992651e-01
0.000000e+00 3.822465e+03 -2.962767e+03 9.950333e-01
0.000000e+00 3.137495e+03 -1.678177e+03 9.787423e-01
0.000000e+00 3.011685e+03 -1.582262e+03 9.366232e-01
0.000000e+00 2.147639e+03 -9.591229e+02 8.571537e-01
1.628555e+01 2.941227e+03 -3.538849e+03 1.000000e+00
2.489128e+01 2.936249e+03 -3.027021e+03 1.000000e+00
3.204577e+01 3.550574e+03 -3.470186e+03 1.000000e+00
3.708112e+01 3.334417e+03 -2.622466e+03 1.000000e+00
3.996619e+01 3.706059e+03 -3.062043e+03 9.992651e-01
4.007672e+01 3.187818e+03 -1.820151e+03 9.950333e-01
3.663835e+01 3.171104e+03 -2.286353e+03 9.787423e-01
2.928146e+01 2.207582e+03 -1.188250e+03 9.366232e-01
2.470397e+01 2.172776e+03 -8.288956e+02 8.571537e-01
1.698687e+01 2.948052e+03 -3.535153e+03 1.000000e+00
2.545093e+01 2.938464e+03 -3.023272e+03 1.000000e+00
3.253283e+01 3.552594e+03 -3.459157e+03 1.000000e+00
3.664680e+01 3.331469e+03 -2.614789e+03 1.000000e+00
3.833469e+01 3.701898e+03 -3.045424e+03 9.992651e-01
3.949793e+01 3.176007e+03 -1.804914e+03 9.950333e-01
3.561396e+01 3.155508e+03 -2.272687e+03 9.787423e-01
2.904022e+01 2.187950e+03 -1.176308e+03 9.366232e-01
2.455587e+01 2.154623e+03 -8.207718e+02 8.571537e-01
1.574291e+01 2.952590e+03 -3.533521e+03 1.000000e+00
2.289180e+01 2.943423e+03 -3.020756e+03 1.000000e+00
2.820281e+01 3.555549e+03 -3.451346e+03 1.000000e+00
3.388486e+01 3.328631e+03 -2.606534e+03 1.000000e+00
3.664207e+01 3.700210e+03 -3.033723e+03 9.992651e-01
3.428215e+01 3.162859e+03 -1.795508e+03 9.950333e-01
3.093241e+01 3.144513e+03 -2.260930e+03 9.787423e-01
2.617495e+01 2.167786e+03 -1.165679e+03 9.366232e-01
2.252064e+01 2.142152e+03 -8.131984e+02 8.571537e-01
1.374738e+01 2.955614e+03 -3.531830e+03 1.000000e+00
2.225036e+01 2.952408e+03 -3.018907e+03 1.000000e+00
2.948322e+01 3.553448e+03 -3.443393e+03 1.000000e+00
3.147515e+01 3.332519e+03 -2.603773e+03 1.000000e+00
3.317287e+01 3.691229e+03 -3.020293e+03 9.992651e-01
3.297682e+01 3.158534e+03 -1.795858e+03 9.950333e-01
2.879938e+01 3.127997e+03 -2.247745e+03 9.787423e-01
2.353390e+01 2.155177e+03 -1.160461e+03 9.366232e-01
2.104150e+01 2.124577e+03 -8.066429e+02 8.571537e-01
1.177046e+01 2.969486e+03 -3.535294e+03 1.000000e+00
1.775490e+01 2.951247e+03 -3.012878e+03 1.000000e+00
2.133939e+01 3.560534e+03 -3.443555e+03 1.000000e+00
2.778561e+01 3.328409e+03 -2.591203e+03 1.000000e+00
3.100107e+01 3.688892e+03 -3.018142e+03 9.992651e-01
3.144552e+01 3.148429e+03 -1.778581e+03 9.950333e-01
2.926258e+01 3.115090e+03 -2.248896e+03 9.787423e-01
2.458914e+01 2.138563e+03 -1.150350e+03 9.366232e-01
2.007271e+01 2.111010e+03 -8.014233e+02 8.571537e-01
8.330013e+00 2.974549e+03 -3.526669e+03 1.000000e+00
1.448650e+01 2.959741e+03 -3.022664e+03 1.000000e+00
2.125767e+01 3.563768e+03 -3.427449e+03 1.000000e+00
2.425631e+01 3.330498e+03 -2.595526e+03 1.000000e+00
2.640420e+01 3.684721e+03 -2.995262e+03 9.992651e-01
2.716744e+01 3.142404e+03 -1.781865e+03 9.950333e-01
2.620909e+01 3.100333e+03 -2.219939e+03 9.787423e-01
2.041755e+01 2.126124e+03 -1.143454e+03 9.366232e-01
1.787156e+01 2.095077e+03 -7.950240e+02 8.571537e-01
5.734424e+00 2.985611e+03 -3.537825e+03 1.000000e+00
9.413762e+00 2.963962e+03 -3.009975e+03 1.000000e+00
1.311937e+01 3.571260e+03 -3.435147e+03 1.000000e+00
1.704245e+01 3.329750e+03 -2.577225e+03 1.000000e+00
1.978400e+01 3.685209e+03 -2.999708e+03 9.992651e-01
2.182903e+01 3.133528e+03 -1.757153e+03 9.950333e-01
1.973120e+01 3.092220e+03 -2.227679e+03 9.787423e-01
1.813000e+01 2.107808e+03 -1.134328e+03 9.366232e-01
1.480205e+01 2.084174e+03 -7.904718e+02 8.571537e-01
1.587288e+00 2.978269e+03 -3.530514e+03 1.000000e+00
4.539117e+00 2.984871e+03 -3.019365e+03 1.000000e+00
7.077387e+00 3.567871e+03 -3.421290e+03 1.000000e+00
8.737350e+00 3.339353e+03 -2.585711e+03 1.000000e+00
1.086394e+01 3.684508e+03 -2.975316e+03 9.992651e-01
1.260140e+01 3.127149e+03 -1.765720e+03 9.950333e-01
1.549002e+01 3.093562e+03 -2.196129e+03 9.787423e-01
1.059295e+01 2.082992e+03 -1.130384e+03 9.366232e-01
9.134126e+00 2.087049e+03 -7.874272e+02 8.571537e-01
0.000000e+00 2.959663e+03 -3.497856e+03 1.000000e+00
0.000000e+00 3.022425e+03 -3.057048e+03 1.000000e+00
0.000000e+00 3.557786e+03 -3.377771e+03 1.000000e+00
0.000000e+00 3.369238e+03 -2.632398e+03 1.000000e+00
0.000000e+00 3.681916e+03 -2.915944e+03 9.992651e-01
0.000000e+00 3.144117e+03 -1.821117e+03 9.950333e-01
0.000000e+00 3.094575e+03 -2.119522e+03 9.787423e-01
0.000000e+00 2.080720e+03 -1.136192e+03 9.366232e-01
0.000000e+00 2.086177e+03 -7.835947e+02 8.571537e-01
2.100960e+01 2.617688e+03 -2.897906e+03 1.000000e+00
2.918362e+01 3.260134e+03 -3.310081e+03 1.000000e+00
3.577737e+01 3.121838e+03 -2.583720e+03 1.000000e+00
3.982902e+01 3.540739e+03 -2.980191e+03 1.000000e+00
4.141843e+01 3.123795e+03 -1.910366e+03 9.992651e-01
3.990314e+01 3.200123e+03 -2.339699e+03 9.950333e-01
3.501569e+01 2.417980e+03 -9.479753e+02 9.787423e-01
2.660782e+01 2.057073e+03 -1.076312e+03 9.366232e-01
2.255724e+01 1.452476e+03 -6.229655e+02 8.571537e-01
2.022584e+01 2.622421e+03 -2.896526e+03 1.000000e+00
2.800998e+01 3.263188e+03 -3.300721e+03 1.000000e+00
3.489774e+01 3.119884e+03 -2.574730e+03 1.000000e+00
3.878780e+01 3.537094e+03 -2.966079e+03 1.000000e+00
4.062774e+01 3.115519e+03 -1.895769e+03 9.992651e-01
3.997483e+01 3.186833e+03 -2.323098e+03 9.950333e-01
3.570793e+01 2.402797e+03 -9.321208e+02 9.787423e-01
2.639133e+01 2.037238e+03 -1.066607e+03 9.366232e-01
2.250172e+01 1.438667e+03 -6.156750e+02 8.571537e-01
1.964281e+01 2.628347e+03 -2.894230e+03 1.000000e+00
2.766186e+01 3.266246e+03 -3.293855e+03 1.000000e+00
3.260193e+01 3.119427e+03 -2.568230e+03 1.000000e+00
3.665628e+01 3.536323e+03 -2.952589e+03 1.000000e+00
3.776228e+01 3.106062e+03 -1.885775e+03 9.992651e-01
3.472549e+01 3.178463e+03 -2.309767e+03 9.950333e-01
2.979436e+01 2.386137e+03 -9.214679e+02 9.787423e-01
2.503802e+01 2.023639e+03 -1.055297e+03 9.366232e-01
2.090621e+01 1.421914e+03 -6.085847e+02 8.571537e-01
1.600352e+01 2.635618e+03 -2.892140e+03 1.000000e+00
2.397623e+01 3.266423e+03 -3.286300e+03 1.000000e+00
3.055116e+01 3.123173e+03 -2.564318e+03 1.000000e+00
3.387857e+01 3.530205e+03 -2.939325e+03 1.000000e+00
3.411166e+01 3.102881e+03 -1.883105e+03 9.992651e-01
3.325322e+01 3.163963e+03 -2.292718e+03 9.950333e-01
2.869754e+01 2.375238e+03 -9.245869e+02 9.787423e-01
2.164400e+01 2.007018e+03 -1.045454e+03 9.366232e-01
1.883687e+01 1.411242e+03 -6.045192e+02 8.571537e-01
1.618065e+01 2.635510e+03 -2.887328e+03 1.000000e+00
2.147142e+01 3.275191e+03 -3.287204e+03 1.000000e+00
2.604089e+01 3.119808e+03 -2.551778e+03 1.000000e+00
2.949357e+01 3.529755e+03 -2.937728e+03 1.000000e+00
3.266103e+01 3.094868e+03 -1.865194e+03 9.992651e-01
3.119835e+01 3.154057e+03 -2.290696e+03 9.950333e-01
2.808881e+01 2.361492e+03 -9.061282e+02 9.787423e-01
2.275484e+01 1.991964e+03 -1.038238e+03 9.366232e-01
1.916623e+01 1.398562e+03 -5.983981e+02 8.571537e-01
8.992432e+00 2.645369e+03 -2.896879e+03 1.000000e+00
1.601309e+01 3.277871e+03 -3.273625e+03 1.000000e+00
2.217612e+01 3.125187e+03 -2.556593e+03 1.000000e+00
2.623770e+01 3.526364e+03 -2.916391e+03 1.000000e+00
2.693948e+01 3.091740e+03 -1.867383e+03 9.992651e-01
2.775770e+01 3.143529e+03 -2.264354e+03 9.950333e-01
2.530686e+01 2.350842e+03 -9.074948e+02 9.787423e-01
1.906114e+01 1.975472e+03 -1.026323e+03 9.366232e-01
1.562542e+01 1.388657e+03 -5.932747e+02 8.571537e-01
8.678804e+00 2.649613e+03 -2.886748e+03 1.000000e+00
1.142797e+01 3.286537e+03 -3.281620e+03 1.000000e+00
1.518906e+01 3.124395e+03 -2.538769e+03 1.000000e+00
1.805979e+01 3.529345e+03 -2.921196e+03 1.000000e+00
2.105669e+01 3.084220e+03 -1.844527e+03 9.992651e-01
2.102971e+01 3.138136e+03 -2.266917e+03 9.950333e-01
1.956758e+01 2.335496e+03 -8.835010e+02 9.787423e-01
1.575257e+01 1.963922e+03 -1.021549e+03 9.366232e-01
1.345597e+01 1.374055e+03 -5.905539e+02 8.571537e-01
7.992518e-01 2.672675e+03 -2.897451e+03 1.000000e+00
4.538548e+00 3.281464e+03 -3.266602e+03 1.000000e+00
7.580738e+00 3.139820e+03 -2.550700e+03 1.000000e+00
9.006124e+00 3.526005e+03 -2.896877e+03 1.000000e+00
1.091224e+01 3.085209e+03 -1.855693e+03 9.992651e-01
1.369445e+01 3.136363e+03 -2.231955e+03 9.950333e-01
1.267388e+01 2.318148e+03 -9.002177e+02 9.787423e-01
1.057676e+01 1.962525e+03 -1.013366e+03 9.366232e-01
8.240573e+00 1.353023e+03 -5.884756e+02 8.571537e-01
0.000000e+00 2.710820e+03 -2.933173e+03 1.000000e+00
0.000000e+00 3.267294e+03 -3.223901e+03 1.000000e+00
0.000000e+00 3.174109e+03 -2.596210e+03 1.000000e+00
0.000000e+00 3.517501e+03 -2.841767e+03 1.000000e+00
0.000000e+00 3.107500e+03 -1.909406e+03 9.992651e-01
0.000000e+00 3.133178e+03 -2.158640e+03 9.950333e-01
0.000000e+00 2.323113e+03 -9.644150e+02 9.787423e-01
0.000000e+00 1.959920e+03 -1.000957e+03 9.366232e-01
0.000000e+00 1.351449e+03 -5.883093e+02 8.571537e-01
2.564339e+01 2.939102e+03 -3.140635e+03 1.000000e+00
3.353631e+01 2.875325e+03 -2.517711e+03 1.000000e+00
3.952916e+01 3.341548e+03 -2.880197e+03 1.000000e+00
4.260898e+01 3.020849e+03 -1.950024e+03 1.000000e+00
4.269508e+01 3.184043e+03 -2.330649e+03 9.992651e-01
3.953681e+01 2.543400e+03 -1.117972e+03 9.950333e-01
3.299359e+01 2.317532e+03 -1.649488e+03 9.787423e-01
2.389222e+01 1.368553e+03 -7.265428e+02 9.366232e-01
2.021832e+01 1.398795e+03 -5.291779e+02 8.571537e-01
2.397772e+01 2.943364e+03 -3.133484e+03 1.000000e+00
3.191530e+01 2.877081e+03 -2.510500e+03 1.000000e+00
3.738926e+01 3.339650e+03 -2.866282e+03 1.000000e+00
4.080631e+01 3.015182e+03 -1.937452e+03 1.000000e+00
4.128293e+01 3.172655e+03 -2.313894e+03 9.992651e-01
3.990669e+01 2.531272e+03 -1.101678e+03 9.950333e-01
3.398996e+01 2.300185e+03 -1.637383e+03 9.787423e-01
2.427981e+01 1.354866e+03 -7.168483e+02 9.366232e-01
2.022913e+01 1.383093e+03 -5.233563e+02 8.571537e-01
2.366800e+01 2.946528e+03 -3.127867e+03 1.000000e+00
3.093566e+01 2.877545e+03 -2.504371e+03 1.000000e+00
3.663873e+01 3.338236e+03 -2.853926e+03 1.000000e+00
3.948579e+01 3.008398e+03 -1.927457e+03 1.000000e+00
3.889922e+01 3.164478e+03 -2.299024e+03 9.992651e-01
3.474915e+01 2.516969e+03 -1.091036e+03 9.950333e-01
2.873000e+01 2.287615e+03 -1.626402e+03 9.787423e-01
2.249357e+01 1.337203e+03 -7.065131e+02 9.366232e-01
1.897216e+01 1.372095e+03 -5.167407e+02 8.571537e-01
1.972794e+01 2.949263e+03 -3.122171e+03 1.000000e+00
2.699994e+01 2.880702e+03 -2.498882e+03 1.000000e+00
3.285469e+01 3.334113e+03 -2.841887e+03 1.000000e+00
3.541422e+01 3.006370e+03 -1.921606e+03 1.000000e+00
3.515615e+01 3.154015e+03 -2.283816e+03 9.992651e-01
3.183695e+01 2.507107e+03 -1.090468e+03 9.950333e-01
2.705429e+01 2.271104e+03 -1.611046e+03 9.787423e-01
1.993758e+01 1.324651e+03 -7.000015e+02 9.366232e-01
1.692219e+01 1.358342e+03 -5.114282e+02 8.571537e-01
1.861548e+01 2.957940e+03 -3.122967e+03 1.000000e+00
2.505250e+01 2.878828e+03 -2.487957e+03 1.000000e+00
2.876024e+01 3.336303e+03 -2.840346e+03 1.000000e+00
3.178536e+01 2.998401e+03 -1.905054e+03 1.000000e+00
3.290643e+01 3.147654e+03 -2.279448e+03 9.992651e-01
3.194799e+01 2.494814e+03 -1.073362e+03 9.950333e-01
2.655453e+01 2.257488e+03 -1.610375e+03 9.787423e-01
2.041631e+01 1.311110e+03 -6.908058e+02 9.366232e-01
1.696768e+01 1.345621e+03 -5.068406e+02 8.571537e-01
1.180785e+01 2.959427e+03 -3.111814e+03 1.000000e+00
1.770485e+01 2.885603e+03 -2.493021e+03 1.000000e+00
2.437410e+01 3.333967e+03 -2.821310e+03 1.000000e+00
2.736053e+01 2.997850e+03 -1.907249e+03 1.000000e+00
2.766538e+01 3.137998e+03 -2.254663e+03 9.992651e-01
2.608825e+01 2.486248e+03 -1.075170e+03 9.950333e-01
2.443298e+01 2.242481e+03 -1.582361e+03 9.787423e-01
1.727485e+01 1.299366e+03 -6.838909e+02 9.366232e-01
1.440726e+01 1.332079e+03 -5.010062e+02 8.571537e-01
1.044675e+01 2.970789e+03 -3.120663e+03 1.000000e+00
1.337436e+01 2.886399e+03 -2.478347e+03 1.000000e+00
1.553255e+01 3.338837e+03 -2.825967e+03 1.000000e+00
1.888824e+01 2.991636e+03 -1.884656e+03 1.000000e+00
2.105791e+01 3.136277e+03 -2.258678e+03 9.992651e-01
2.124084e+01 2.472707e+03 -1.049396e+03 9.950333e-01
1.670571e+01 2.233263e+03 -1.591117e+03 9.787423e-01
1.292225e+01 1.282899e+03 -6.776200e+02 9.366232e-01
1.121529e+01 1.324346e+03 -4.990765e+02 8.571537e-01
5.426849e-01 2.962638e+03 -3.104659e+03 1.000000e+00
4.833452e+00 2.904344e+03 -2.491449e+03 1.000000e+00
8.920204e+00 3.333605e+03 -2.802176e+03 1.000000e+00
9.501146e+00 2.998221e+03 -1.900283e+03 1.000000e+00
1.052677e+01 3.131784e+03 -2.223266e+03 9.992651e-01
1.183714e+01 2.463084e+03 -1.067879e+03 9.950333e-01
1.455461e+01 2.230794e+03 -1.549869e+03 9.787423e-01
8.938232e+00 1.262760e+03 -6.780985e+02 9.366232e-01
7.754735e+00 1.325677e+03 -4.977693e+02 8.571537e-01
0.000000e+00 2.944849e+03 -3.064408e+03 1.000000e+00
0.000000e+00 2.941165e+03 -2.532817e+03 1.000000e+00
0.000000e+00 3.323552e+03 -2.749814e+03 1.000000e+00
0.000000e+00 3.027309e+03 -1.955220e+03 1.000000e+00
0.000000e+00 3.124296e+03 -2.154970e+03 9.992651e-01
0.000000e+00 2.475117e+03 -1.130862e+03 9.950333e-01
0.000000e+00 2.227435e+03 -1.462572e+03 9.787423e-01
0.000000e+00 1.262034e+03 -6.844384e+02 9.366232e-01
0.000000e+00 1.324288e+03 -4.947730e+02 8.571537e-01
2.972682e+01 2.592760e+03 -2.432311e+03 1.000000e+00
3.707825e+01 3.106318e+03 -2.768088e+03 1.000000e+00
4.223920e+01 2.874104e+03 -1.957510e+03 1.000000e+00
4.418984e+01 3.114145e+03 -2.294346e+03 1.000000e+00
4.292017e+01 2.590790e+03 -1.228566e+03 9.992651e-01
3.842898e+01 2.486948e+03 -1.667597e+03 9.950333e-01
3.092121e+01 1.690898e+03 -4.168909e+02 9.787423e-01
2.108693e+01 1.289326e+03 -6.773423e+02 9.366232e-01
1.782550e+01 8.717903e+02 -3.873653e+02 8.571537e-01
2.928013e+01 2.595587e+03 -2.426419e+03 1.000000e+00
3.627276e+01 3.105484e+03 -2.756223e+03 1.000000e+00
4.141739e+01 2.871390e+03 -1.945126e+03 1.000000e+00
4.279372e+01 3.105038e+03 -2.280194e+03 1.000000e+00
4.203042e+01 2.580991e+03 -1.212395e+03 9.992651e-01
3.862034e+01 2.469926e+03 -1.652771e+03 9.950333e-01
3.302369e+01 1.678634e+03 -3.998332e+02 9.787423e-01
2.149911e+01 1.272690e+03 -6.690276e+02 9.366232e-01
1.821389e+01 8.622914e+02 -3.808220e+02 8.571537e-01
2.601851e+01 2.597082e+03 -2.421207e+03 1.000000e+00
3.339762e+01 3.105123e+03 -2.745052e+03 1.000000e+00
3.812180e+01 2.866469e+03 -1.935522e+03 1.000000e+00
4.036998e+01 3.097413e+03 -2.265799e+03 1.000000e+00
3.872524e+01 2.569082e+03 -1.200869e+03 9.992651e-01
3.377744e+01 2.457291e+03 -1.638680e+03 9.950333e-01
2.576859e+01 1.661971e+03 -3.910408e+02 9.787423e-01
1.950664e+01 1.259520e+03 -6.599760e+02 9.366232e-01
1.619535e+01 8.482715e+02 -3.749025e+02 8.571537e-01
2.530235e+01 2.600728e+03 -2.416447e+03 1.000000e+00
3.164380e+01 3.103520e+03 -2.734861e+03 1.000000e+00
3.602483e+01 2.863178e+03 -1.928214e+03 1.000000e+00
3.843074e+01 3.088945e+03 -2.249706e+03 1.000000e+00
3.595788e+01 2.560656e+03 -1.198171e+03 9.992651e-01
3.143496e+01 2.444167e+03 -1.623110e+03 9.950333e-01
2.518099e+01 1.648417e+03 -3.960693e+02 9.787423e-01
1.749500e+01 1.244678e+03 -6.512282e+02 9.366232e-01
1.465533e+01 8.376135e+02 -3.722632e+02 8.571537e-01
2.047644e+01 2.601016e+03 -2.407549e+03 1.000000e+00
2.622225e+01 3.106938e+03 -2.733049e+03 1.000000e+00
3.046326e+01 2.857429e+03 -1.913200e+03 1.000000e+00
3.144289e+01 3.085374e+03 -2.246298e+03 1.000000e+00
3.240922e+01 2.548914e+03 -1.179678e+03 9.992651e-01
3.018393e+01 2.432940e+03 -1.620370e+03 9.950333e-01
2.535905e+01 1.636348e+03 -3.783874e+02 9.787423e-01
1.722329e+01 1.230580e+03 -6.461470e+02 9.366232e-01
1.496320e+01 8.277930e+02 -3.680147e+02 8.571537e-01
1.559792e+01 2.609519e+03 -2.414434e+03 1.000000e+00
2.083975e+01 3.103479e+03 -2.715715e+03 1.000000e+00
2.645836e+01 2.859411e+03 -1.914729e+03 1.000000e+00
2.989035e+01 3.077156e+03 -2.224366e+03 1.000000e+00
2.807451e+01 2.542750e+03 -1.180754e+03 9.992651e-01
2.588528e+01 2.418781e+03 -1.594666e+03 9.950333e-01
2.135079e+01 1.624874e+03 -3.820807e+02 9.787423e-01
1.529367e+01 1.215622e+03 -6.372379e+02 9.366232e-01
1.249634e+01 8.193815e+02 -3.639242e+02 8.571537e-01
1.123246e+01 2.609792e+03 -2.399817e+03 1.000000e+00
1.460564e+01 3.111385e+03 -2.722910e+03 1.000000e+00
1.574424e+01 2.855251e+03 -1.895067e+03 1.000000e+00
1.736570e+01 3.077633e+03 -2.226510e+03 1.000000e+00
2.012280e+01 2.530971e+03 -1.157436e+03 9.992651e-01
1.930758e+01 2.413146e+03 -1.599160e+03 9.950333e-01
1.626894e+01 1.609664e+03 -3.586720e+02 9.787423e-01
1.027482e+01 1.207891e+03 -6.359584e+02 9.366232e-01
9.235025e+00 8.072404e+02 -3.630904e+02 8.571537e-01
1.956424e+00 2.631339e+03 -2.415331e+03 1.000000e+00
5.095237e+00 3.104106e+03 -2.697742e+03 1.000000e+00
1.003569e+01 2.866841e+03 -1.913240e+03 1.000000e+00
1.089426e+01 3.071607e+03 -2.193585e+03 1.000000e+00
9.878093e+00 2.528711e+03 -1.178322e+03 9.992651e-01
1.058302e+01 2.407805e+03 -1.556522e+03 9.950333e-01
9.158991e+00 1.595301e+03 -3.882267e+02 9.787423e-01
9.317224e+00 1.208125e+03 -6.300186e+02 9.366232e-01
7.213358e+00 7.923768e+02 -3.623301e+02 8.571537e-01
0.000000e+00 2.671806e+03 -2.459322e+03 1.000000e+00
0.000000e+00 3.088243e+03 -2.645028e+03 1.000000e+00
0.000000e+00 2.898784e+03 -1.963686e+03 1.000000e+00
0.000000e+00 3.062378e+03 -2.132482e+03 1.000000e+00
0.000000e+00 2.549489e+03 -1.241047e+03 9.992651e-01
0.000000e+00 2.400594e+03 -1.477765e+03 9.950333e-01
0.000000e+00 1.598841e+03 -4.634166e+02 9.787423e-01
0.000000e+00 1.205694e+03 -6.168035e+02 9.366232e-01
0.000000e+00 7.922462e+02 -3.612953e+02 8.571537e-01
3.383895e+01 2.830924e+03 -2.649305e+03 1.000000e+00
4.040329e+01 2.685813e+03 -1.941017e+03 1.000000e+00
4.429893e+01 2.993467e+03 -2.246036e+03 1.000000e+00
4.491346e+01 2.574957e+03 -1.299789e+03 1.000000e+00
4.223031e+01 2.577167e+03 -1.676017e+03 9.992651e-01
3.643897e+01 1.900124e+03 -5.756812e+02 9.950333e-01
2.805759e+01 1.607236e+03 -1.184229e+03 9.787423e-01
1.820080e+01 7.911530e+02 -4.100515e+02 9.366232e-01
1.534530e+01 8.549680e+02 -3.230180e+02 8.571537e-01
3.353786e+01 2.830432e+03 -2.640303e+03 1.000000e+00
3.971592e+01 2.683401e+03 -1.930019e+03 1.000000e+00
4.341661e+01 2.984701e+03 -2.231905e+03 1.000000e+00
4.449041e+01 2.566786e+03 -1.285716e+03 1.000000e+00
4.182738e+01 2.561604e+03 -1.661889e+03 9.992651e-01
3.703013e+01 1.887958e+03 -5.606601e+02 9.950333e-01
3.028559e+01 1.589021e+03 -1.172015e+03 9.787423e-01
1.862251e+01 7.806804e+02 -4.021636e+02 9.366232e-01
1.547027e+01 8.411229e+02 -3.178695e+02 8.571537e-01
2.989729e+01 2.831774e+03 -2.631611e+03 1.000000e+00
3.639733e+01 2.680695e+03 -1.920490e+03 1.000000e+00
4.055224e+01 2.979428e+03 -2.218362e+03 1.000000e+00
4.062457e+01 2.557837e+03 -1.275000e+03 1.000000e+00
3.816368e+01 2.549843e+03 -1.647101e+03 9.992651e-01
3.237606e+01 1.873839e+03 -5.512908e+02 9.950333e-01
2.310358e+01 1.576377e+03 -1.162306e+03 9.787423e-01
1.589278e+01 7.662459e+02 -3.959593e+02 9.366232e-01
1.374814e+01 8.318890e+02 -3.131945e+02 8.571537e-01
2.932865e+01 2.831143e+03 -2.622161e+03 1.000000e+00
3.433149e+01 2.678699e+03 -1.914287e+03 1.000000e+00
3.751845e+01 2.972673e+03 -2.204392e+03 1.000000e+00
3.881479e+01 2.548655e+03 -1.267686e+03 1.000000e+00
3.628378e+01 2.537936e+03 -1.631844e+03 9.992651e-01
3.021825e+01 1.862123e+03 -5.521288e+02 9.950333e-01
2.279219e+01 1.563262e+03 -1.152947e+03 9.787423e-01
1.465483e+01 7.544147e+02 -3.930910e+02 9.366232e-01
1.248607e+01 8.219700e+02 -3.103520e+02 8.571537e-01
2.305875e+01 2.834383e+03 -2.620059e+03 1.000000e+00
2.939125e+01 2.674790e+03 -1.901234e+03 1.000000e+00
3.277024e+01 2.970977e+03 -2.200413e+03 1.000000e+00
3.301792e+01 2.538606e+03 -1.251491e+03 1.000000e+00
3.088055e+01 2.529754e+03 -1.628039e+03 9.992651e-01
2.827999e+01 1.849081e+03 -5.360587e+02 9.950333e-01
2.297626e+01 1.550966e+03 -1.152413e+03 9.787423e-01
1.484772e+01 7.449244e+02 -3.876388e+02 9.366232e-01
1.248391e+01 8.116963e+02 -3.080458e+02 8.571537e-01
1.883367e+01 2.832531e+03 -2.607497e+03 1.000000e+00
2.189283e+01 2.678822e+03 -1.902827e+03 1.000000e+00
2.640341e+01 2.963345e+03 -2.179281e+03 1.000000e+00
2.935835e+01 2.535616e+03 -1.252854e+03 1.000000e+00
2.864311e+01 2.517654e+03 -1.604303e+03 9.992651e-01
2.417131e+01 1.840629e+03 -5.398845e+02 9.950333e-01
1.879958e+01 1.537509e+03 -1.128510e+03 9.787423e-01
1.270179e+01 7.368316e+02 -3.843526e+02 9.366232e-01
1.096682e+01 8.013265e+02 -3.043910e+02 8.571537e-01
1.266872e+01 2.841996e+03 -2.614008e+03 1.000000e+00
1.704933e+01 2.674288e+03 -1.885573e+03 1.000000e+00
1.772907e+01 2.966744e+03 -2.184244e+03 1.000000e+00
1.786296e+01 2.525652e+03 -1.229771e+03 1.000000e+00
1.760111e+01 2.514073e+03 -1.608611e+03 9.992651e-01
1.786936e+01 1.826493e+03 -5.164185e+02 9.950333e-01
1.404193e+01 1.531815e+03 -1.141087e+03 9.787423e-01
8.819051e+00 7.253235e+02 -3.810620e+02 9.366232e-01
7.754400e+00 7.978146e+02 -3.034281e+02 8.571537e-01
3.162278e+00 2.834389e+03 -2.589553e+03 1.000000e+00
5.329284e+00 2.690736e+03 -1.904845e+03 1.000000e+00
9.032595e+00 2.960481e+03 -2.151484e+03 1.000000e+00
1.045314e+01 2.530689e+03 -1.254631e+03 1.000000e+00
9.845884e+00 2.507681e+03 -1.567562e+03 9.992651e-01
8.548127e+00 1.818286e+03 -5.450070e+02 9.950333e-01
1.105077e+01 1.530177e+03 -1.087835e+03 9.787423e-01
7.558992e+00 7.136716e+02 -3.826664e+02 9.366232e-01
6.667777e+00 7.999291e+02 -3.010815e+02 8.571537e-01
0.000000e+00 2.816067e+03 -2.543111e+03 1.000000e+00
0.000000e+00 2.725612e+03 -1.953952e+03 1.000000e+00
0.000000e+00 2.944667e+03 -2.089485e+03 1.000000e+00
0.000000e+00 2.555041e+03 -1.315964e+03 1.000000e+00
0.000000e+00 2.497901e+03 -1.495536e+03 9.992651e-01
0.000000e+00 1.830362e+03 -6.165429e+02 9.950333e-01
0.000000e+00 1.525093e+03 -9.922250e+02 9.787423e-01
0.000000e+00 7.141526e+02 -3.878074e+02 9.366232e-01
0.000000e+00 7.975510e+02 -2.969122e+02 8.571537e-01
3.824776e+01 2.454905e+03 -1.911083e+03 1.000000e+00
4.367198e+01 2.823786e+03 -2.188594e+03 1.000000e+00
4.616714e+01 2.502293e+03 -1.346722e+03 1.000000e+00
4.540066e+01 2.594509e+03 -1.673730e+03 1.000000e+00
4.125062e+01 2.022708e+03 -6.777098e+02 9.992651e-01
3.421117e+01 1.839433e+03 -1.157459e+03 9.950333e-01
2.529920e+01 1.119846e+03 -6.244876e+01 9.787423e-01
1.519820e+01 7.630228e+02 -4.078896e+02 9.366232e-01
1.283632e+01 4.783142e+02 -2.215513e+02 8.571537e-01
3.617857e+01 2.452395e+03 -1.900906e+03 1.000000e+00
4.127722e+01 2.817081e+03 -2.177106e+03 1.000000e+00
4.383938e+01 2.495281e+03 -1.333006e+03 1.000000e+00
4.320511e+01 2.579828e+03 -1.660446e+03 1.000000e+00
4.023882e+01 2.011224e+03 -6.646212e+02 9.992651e-01
3.440895e+01 1.821885e+03 -1.144941e+03 9.950333e-01
2.697154e+01 1.108809e+03 -4.972173e+01 9.787423e-01
1.455552e+01 7.480447e+02 -4.033187e+02 9.366232e-01
1.264604e+01 4.715632e+02 -2.174519e+02 8.571537e-01
3.573891e+01 2.450776e+03 -1.893573e+03 1.000000e+00
4.051576e+01 2.812897e+03 -2.164676e+03 1.000000e+00
4.350991e+01 2.487468e+03 -1.322186e+03 1.000000e+00
4.270388e+01 2.570128e+03 -1.646751e+03 1.000000e+00
3.827771e+01 1.999029e+03 -6.557870e+02 9.992651e-01
3.139385e+01 1.809438e+03 -1.131853e+03 9.950333e-01
2.136826e+01 1.095377e+03 -4.632760e+01 9.787423e-01
1.381454e+01 7.389052e+02 -3.976632e+02 9.366232e-01
1.151753e+01 4.613650e+02 -2.138921e+02 8.571537e-01
3.047556e+01 2.450057e+03 -1.887065e+03 1.000000e+00
3.574280e+01 2.808627e+03 -2.152566e+03 1.000000e+00
3.670494e+01 2.480365e+03 -1.315608e+03 1.000000e+00
3.642389e+01 2.560479e+03 -1.631185e+03 1.000000e+00
3.382584e+01 1.987146e+03 -6.519357e+02 9.992651e-01
2.823797e+01 1.797376e+03 -1.120285e+03 9.950333e-01
2.039096e+01 1.085121e+03 -5.306856e+01 9.787423e-01
1.159045e+01 7.303889e+02 -3.931119e+02 9.366232e-01
1.005743e+01 4.534832e+02 -2.126129e+02 8.571537e-01
2.832432e+01 2.447566e+03 -1.876581e+03 1.000000e+00
3.196013e+01 2.805986e+03 -2.147788e+03 1.000000e+00
3.609737e+01 2.471366e+03 -1.300768e+03 1.000000e+00
3.522860e+01 2.553706e+03 -1.627085e+03 1.000000e+00
3.159605e+01 1.974919e+03 -6.362966e+02 9.992651e-01
2.591148e+01 1.786343e+03 -1.119798e+03 9.950333e-01
2.087667e+01 1.074999e+03 -3.475053e+01 9.787423e-01
1.315993e+01 7.213454e+02 -3.905211e+02 9.366232e-01
1.082678e+01 4.477607e+02 -2.104449e+02 8.571537e-01
1.961860e+01 2.453781e+03 -1.880162e+03 1.000000e+00
2.377963e+01 2.800246e+03 -2.129717e+03 1.000000e+00
2.506391e+01 2.471492e+03 -1.301019e+03 1.000000e+00
2.695009e+01 2.543163e+03 -1.605379e+03 1.000000e+00
2.615693e+01 1.968982e+03 -6.385541e+02 9.992651e-01
2.363341e+01 1.774874e+03 -1.096460e+03 9.950333e-01
1.691145e+01 1.068918e+03 -4.126504e+01 9.787423e-01
1.062640e+01 7.132314e+02 -3.837270e+02 9.366232e-01
9.228115e+00 4.434654e+02 -2.076445e+02 8.571537e-01
1.508162e+01 2.448539e+03 -1.861860e+03 1.000000e+00
1.820951e+01 2.806197e+03 -2.136538e+03 1.000000e+00
1.970161e+01 2.462853e+03 -1.280860e+03 1.000000e+00
1.894050e+01 2.542615e+03 -1.609510e+03 1.000000e+00
1.734169e+01 1.955755e+03 -6.162239e+02 9.992651e-01
1.404672e+01 1.770157e+03 -1.102857e+03 9.950333e-01
1.287262e+01 1.057357e+03 -1.722010e+01 9.787423e-01
8.059559e+00 7.111819e+02 -3.833655e+02 9.366232e-01
6.777016e+00 4.350796e+02 -2.061189e+02 8.571537e-01
4.888125e+00 2.468905e+03 -1.884969e+03 1.000000e+00
6.068806e+00 2.797610e+03 -2.102954e+03 1.000000e+00
8.231828e+00 2.472425e+03 -1.307139e+03 1.000000e+00
8.545547e+00 2.535219e+03 -1.570177e+03 1.000000e+00
8.523576e+00 1.954858e+03 -6.475096e+02 9.992651e-01
8.302353e+00 1.765379e+03 -1.055680e+03 9.950333e-01
5.163755e+00 1.047119e+03 -5.496973e+01 9.787423e-01
7.823089e+00 7.118597e+02 -3.744127e+02 9.366232e-01
5.643144e+00 4.246080e+02 -2.040150e+02 8.571537e-01
0.000000e+00 2.508163e+03 -1.935774e+03 1.000000e+00
0.000000e+00 2.781890e+03 -2.044566e+03 1.000000e+00
0.000000e+00 2.503038e+03 -1.365396e+03 1.000000e+00
0.000000e+00 2.520999e+03 -1.501488e+03 1.000000e+00
0.000000e+00 1.973154e+03 -7.157323e+02 9.992651e-01
0.000000e+00 1.758586e+03 -9.745744e+02 9.950333e-01
0.000000e+00 1.053005e+03 -1.413684e+02 9.787423e-01
0.000000e+00 7.075715e+02 -3.606735e+02 9.366232e-01
0.000000e+00 4.246593e+02 -2.025557e+02 8.571537e-01
4.180013e+01 2.602985e+03 -2.128715e+03 1.000000e+00
4.573153e+01 2.377952e+03 -1.376793e+03 1.000000e+00
4.692853e+01 2.545977e+03 -1.664573e+03 1.000000e+00
4.497166e+01 2.072503e+03 -7.600851e+02 1.000000e+00
3.973838e+01 1.989467e+03 -1.169468e+03 9.992651e-01
3.174225e+01 1.353717e+03 -2.050213e+02 9.950333e-01
2.241678e+01 1.077033e+03 -8.710369e+02 9.787423e-01
1.249847e+01 4.207419e+02 -2.104616e+02 9.366232e-01
1.047532e+01 4.938049e+02 -1.840101e+02 8.571537e-01
3.939864e+01 2.600005e+03 -2.119477e+03 1.000000e+00
4.394334e+01 2.373242e+03 -1.363996e+03 1.000000e+00
4.506054e+01 2.536034e+03 -1.652831e+03 1.000000e+00
4.260056e+01 2.064160e+03 -7.483538e+02 1.000000e+00
3.766630e+01 1.974272e+03 -1.158135e+03 9.992651e-01
3.109815e+01 1.343184e+03 -1.961656e+02 9.950333e-01
2.266714e+01 1.062124e+03 -8.618255e+02 9.787423e-01
1.130072e+01 4.149741e+02 -2.076780e+02 9.366232e-01
9.856274e+00 4.833228e+02 -1.814310e+02 8.571537e-01
3.904021e+01 2.596196e+03 -2.109991e+03 1.000000e+00
4.177072e+01 2.365496e+03 -1.354376e+03 1.000000e+00
4.293835e+01 2.526045e+03 -1.639440e+03 1.000000e+00
4.200089e+01 2.051686e+03 -7.397760e+02 1.000000e+00
3.753809e+01 1.961979e+03 -1.145258e+03 9.992651e-01
2.967375e+01 1.329887e+03 -1.920287e+02 9.950333e-01
1.991020e+01 1.051946e+03 -8.529844e+02 9.787423e-01
1.129010e+01 4.046659e+02 -2.044527e+02 9.366232e-01
9.521481e+00 4.770311e+02 -1.784327e+02 8.571537e-01
3.361584e+01 2.592754e+03 -2.098127e+03 1.000000e+00
3.861141e+01 2.359748e+03 -1.347747e+03 1.000000e+00
3.898491e+01 2.518212e+03 -1.626171e+03 1.000000e+00
3.613321e+01 2.041433e+03 -7.339863e+02 1.000000e+00
3.159044e+01 1.950657e+03 -1.133498e+03 9.992651e-01
2.534084e+01 1.318338e+03 -1.919415e+02 9.950333e-01
1.799052e+01 1.043301e+03 -8.466262e+02 9.787423e-01
9.880116e+00 3.971749e+02 -2.015810e+02 9.366232e-01
8.286969e+00 4.712466e+02 -1.761180e+02 8.571537e-01
3.023201e+01 2.591589e+03 -2.093767e+03 1.000000e+00
3.241638e+01 2.353599e+03 -1.335121e+03 1.000000e+00
3.390318e+01 2.511916e+03 -1.620795e+03 1.000000e+00
3.460828e+01 2.031203e+03 -7.189905e+02 1.000000e+00
3.087517e+01 1.941690e+03 -1.132038e+03 9.992651e-01
2.452872e+01 1.308040e+03 -1.787480e+02 9.950333e-01
1.772334e+01 1.033537e+03 -8.477319e+02 9.787423e-01
1.138554e+01 3.924491e+02 -1.969496e+02 9.366232e-01
9.186045e+00 4.648184e+02 -1.739319e+02 8.571537e-01
2.263936e+01 2.585609e+03 -2.080149e+03 1.000000e+00
2.632039e+01 2.354054e+03 -1.335616e+03 1.000000e+00
2.808179e+01 2.501561e+03 -1.600823e+03 1.000000e+00
2.584245e+01 2.026540e+03 -7.212191e+02 1.000000e+00
2.440010e+01 1.929463e+03 -1.109303e+03 9.992651e-01
2.156009e+01 1.302031e+03 -1.829149e+02 9.950333e-01
1.716353e+01 1.024624e+03 -8.241171e+02 9.787423e-01
1.013815e+01 3.896030e+02 -1.927490e+02 9.366232e-01
8.345529e+00 4.588867e+02 -1.697814e+02 8.571537e-01
1.566682e+01 2.594761e+03 -2.086273e+03 1.000000e+00
1.782980e+01 2.346600e+03 -1.316277e+03 1.000000e+00
1.764617e+01 2.505864e+03 -1.607470e+03 1.000000e+00
1.870933e+01 2.016014e+03 -6.995305e+02 1.000000e+00
1.587488e+01 1.927752e+03 -1.116947e+03 9.992651e-01
1.225364e+01 1.290360e+03 -1.596660e+02 9.950333e-01
8.455224e+00 1.021902e+03 -8.375648e+02 9.787423e-01
6.457499e+00 3.817960e+02 -1.878091e+02 9.366232e-01
5.482096e+00 4.576501e+02 -1.682153e+02 8.571537e-01
6.827666e+00 2.585079e+03 -2.053942e+03 1.000000e+00
8.187010e+00 2.360574e+03 -1.344922e+03 1.000000e+00
8.639600e+00 2.495423e+03 -1.567532e+03 1.000000e+00
7.720749e+00 2.019948e+03 -7.324066e+02 1.000000e+00
7.123662e+00 1.920665e+03 -1.071333e+03 9.992651e-01
7.112914e+00 1.285167e+03 -1.971234e+02 9.950333e-01
9.881334e+00 1.019508e+03 -7.754538e+02 9.787423e-01
4.695661e+00 3.705316e+02 -1.902151e+02 9.366232e-01
4.339586e+00 4.578519e+02 -1.659573e+02 8.571537e-01
0.000000e+00 2.566951e+03 -1.999961e+03 1.000000e+00
0.000000e+00 2.395563e+03 -1.401683e+03 1.000000e+00
0.000000e+00 2.479990e+03 -1.501773e+03 1.000000e+00
0.000000e+00 2.044914e+03 -8.006705e+02 1.000000e+00
0.000000e+00 1.908795e+03 -9.926221e+02 9.992651e-01
0.000000e+00 1.296343e+03 -2.727973e+02 9.950333e-01
0.000000e+00 1.015000e+03 -6.727565e+02 9.787423e-01
0.000000e+00 3.704791e+02 -1.973330e+02 9.366232e-01
0.000000e+00 4.542760e+02 -1.626247e+02 8.571537e-01
4.434776e+01 2.201061e+03 -1.396750e+03 1.000000e+00
4.695610e+01 2.441380e+03 -1.654578e+03 1.000000e+00
4.647510e+01 2.064463e+03 -8.311529e+02 1.000000e+00
4.330418e+01 2.062973e+03 -1.182954e+03 1.000000e+00
3.742068e+01 1.505539e+03 -2.852970e+02 9.992651e-01
2.932600e+01 1.318712e+03 -8.014083e+02 9.950333e-01
1.982552e+01 7.211646e+02 1.630777e+02 9.787423e-01
1.024471e+01 4.371434e+02 -2.351765e+02 9.366232e-01
8.436582e+00 2.385346e+02 -1.136853e+02 8.571537e-01
4.372647e+01 2.196917e+03 -1.385954e+03 1.000000e+00
4.676240e+01 2.432614e+03 -1.644285e+03 1.000000e+00
4.666348e+01 2.055461e+03 -8.195509e+02 1.000000e+00
4.343176e+01 2.050632e+03 -1.172166e+03 1.000000e+00
3.688430e+01 1.497237e+03 -2.777050e+02 9.992651e-01
2.832525e+01 1.305144e+03 -7.928850e+02 9.950333e-01
1.961584e+01 7.145283e+02 1.703341e+02 9.787423e-01
8.933455e+00 4.285280e+02 -2.318837e+02 9.366232e-01
7.657170e+00 2.356741e+02 -1.115104e+02 8.571537e-01
3.922453e+01 2.190616e+03 -1.377695e+03 1.000000e+00
4.151710e+01 2.425268e+03 -1.632749e+03 1.000000e+00
4.057521e+01 2.044359e+03 -8.113769e+02 1.000000e+00
3.767680e+01 2.039146e+03 -1.159983e+03 1.000000e+00
3.313311e+01 1.483749e+03 -2.726431e+02 9.992651e-01
2.671717e+01 1.294009e+03 -7.821506e+02 9.950333e-01
1.692541e+01 7.034241e+02 1.693299e+02 9.787423e-01
8.116063e+00 4.222840e+02 -2.293134e+02 9.366232e-01
7.037868e+00 2.284377e+02 -1.097622e+02 8.571537e-01
3.785003e+01 2.185781e+03 -1.371048e+03 1.000000e+00
4.132700e+01 2.417436e+03 -1.620226e+03 1.000000e+00
4.152452e+01 2.034492e+03 -8.053015e+02 1.000000e+00
3.818212e+01 2.027923e+03 -1.149192e+03 1.000000e+00
3.162611e+01 1.471876e+03 -2.697553e+02 9.992651e-01
2.373413e+01 1.284060e+03 -7.738999e+02 9.950333e-01
1.630654e+01 6.934501e+02 1.653141e+02 9.787423e-01
7.952359e+00 4.150566e+02 -2.264758e+02 9.366232e-01
6.774445e+00 2.221335e+02 -1.084250e+02 8.571537e-01
3.108538e+01 2.182561e+03 -1.361185e+03 1.000000e+00
3.192922e+01 2.412443e+03 -1.615059e+03 1.000000e+00
3.200106e+01 2.026509e+03 -7.920594e+02 1.000000e+00
3.056033e+01 2.020070e+03 -1.145261e+03 1.000000e+00
2.823751e+01 1.462875e+03 -2.568577e+02 9.992651e-01
2.241675e+01 1.276007e+03 -7.751992e+02 9.950333e-01
1.605690e+01 6.875031e+02 1.802952e+02 9.787423e-01
9.511928e+00 4.086671e+02 -2.234097e+02 9.366232e-01
7.488092e+00 2.184743e+02 -1.062627e+02 8.571537e-01
2.404918e+01 2.183674e+03 -1.362990e+03 1.000000e+00
2.789867e+01 2.403430e+03 -1.597932e+03 1.000000e+00
2.836985e+01 2.022743e+03 -7.936757e+02 1.000000e+00
2.677829e+01 2.008270e+03 -1.125151e+03 1.000000e+00
2.254244e+01 1.456685e+03 -2.600248e+02 9.992651e-01
1.960035e+01 1.264084e+03 -7.533829e+02 9.950333e-01
1.521497e+01 6.819032e+02 1.737956e+02 9.787423e-01
9.450557e+00 4.028437e+02 -2.147115e+02 9.366232e-01
7.437536e+00 2.157764e+02 -1.026393e+02 8.571537e-01
1.721810e+01 2.175750e+03 -1.343547e+03 1.000000e+00
1.790462e+01 2.409130e+03 -1.605347e+03 1.000000e+00
1.762758e+01 2.012183e+03 -7.729783e+02 1.000000e+00
1.658499e+01 2.009998e+03 -1.133457e+03 1.000000e+00
1.545261e+01 1.446211e+03 -2.386828e+02 9.992651e-01
1.111909e+01 1.263028e+03 -7.624761e+02 9.950333e-01
8.485474e+00 6.733808e+02 1.997286e+02 9.787423e-01
4.097590e+00 4.010804e+02 -2.142398e+02 9.366232e-01
4.069164e+00 2.094050e+02 -1.002312e+02 8.571537e-01
8.214605e+00 2.193613e+03 -1.373638e+03 1.000000e+00
8.387696e+00 2.399478e+03 -1.566190e+03 1.000000e+00
8.781442e+00 2.022996e+03 -8.079140e+02 1.000000e+00
6.757925e+00 2.001115e+03 -1.088292e+03 1.000000e+00
5.265285e+00 1.447128e+03 -2.780380e+02 9.992651e-01
4.611577e+00 1.259584e+03 -7.115306e+02 9.950333e-01
1.534595e+00 6.660695e+02 1.476204e+02 9.787423e-01
4.053591e+00 3.993367e+02 -2.092232e+02 9.366232e-01
2.510063e+00 2.007488e+02 -1.010761e+02 8.571537e-01
0.000000e+00 2.229228e+03 -1.430428e+03 1.000000e+00
0.000000e+00 2.380469e+03 -1.502265e+03 1.000000e+00
0.000000e+00 2.051295e+03 -8.739807e+02 1.000000e+00
0.000000e+00 1.985562e+03 -1.015716e+03 1.000000e+00
0.000000e+00 1.464603e+03 -3.527212e+02 9.992651e-01
0.000000e+00 1.249530e+03 -6.270478e+02 9.950333e-01
0.000000e+00 6.682352e+02 5.133916e+01 9.787423e-01
0.000000e+00 3.941977e+02 -1.975713e+02 9.366232e-01
0.000000e+00 2.004478e+02 -1.020611e+02 8.571537e-01
