0 729 0.00000e+00
  1     729
-3.304217e+01 -2.334315e+03 -7.451539e+02 1.000000e+00
-3.421046e+01 -1.906881e+03 -8.471971e+02 1.000000e+00
-3.357676e+01 -1.871250e+03 -1.133045e+03 1.000000e+00
-3.096064e+01 -1.329484e+03 -1.140109e+03 1.000000e+00
-2.637787e+01 -1.196612e+03 -1.493848e+03 1.000000e+00
-1.996674e+01 -4.285696e+02 -1.276081e+03 1.000000e+00
-1.215605e+01 1.074057e+01 -1.679266e+03 1.000000e+00
-3.296623e+00 1.073236e+03 -1.239763e+03 1.000000e+00
5.435983e+00 1.733774e+03 -1.609316e+03 1.000000e+00
-3.226225e+01 -2.335354e+03 -7.536321e+02 1.000000e+00
-3.468233e+01 -1.904060e+03 -8.561702e+02 1.000000e+00
-3.285806e+01 -1.869480e+03 -1.139637e+03 1.000000e+00
-2.843649e+01 -1.318897e+03 -1.147250e+03 1.000000e+00
-2.612385e+01 -1.182821e+03 -1.500233e+03 1.000000e+00
-2.217358e+01 -4.100491e+02 -1.277309e+03 1.000000e+00
-1.407385e+01 3.434237e+01 -1.677382e+03 1.000000e+00
-3.432739e+00 1.092828e+03 -1.231917e+03 1.000000e+00
6.811625e+00 1.754987e+03 -1.601988e+03 1.000000e+00
-3.114374e+01 -2.336825e+03 -7.616943e+02 1.000000e+00
-3.135841e+01 -1.903932e+03 -8.640829e+02 1.000000e+00
-3.185209e+01 -1.866015e+03 -1.147794e+03 1.000000e+00
-3.221630e+01 -1.314993e+03 -1.154201e+03 1.000000e+00
-2.668690e+01 -1.174371e+03 -1.503712e+03 1.000000e+00
-1.795387e+01 -3.966418e+02 -1.279568e+03 1.000000e+00
-1.105706e+01 4.981652e+01 -1.675627e+03 1.000000e+00
-4.061338e+00 1.113268e+03 -1.227153e+03 1.000000e+00
2.290706e+00 1.777388e+03 -1.594718e+03 1.000000e+00
-2.740800e+01 -2.339342e+03 -7.695748e+02 1.000000e+00
-3.067248e+01 -1.903918e+03 -8.716769e+02 1.000000e+00
-2.901169e+01 -1.862412e+03 -1.155330e+03 1.000000e+00
-2.500137e+01 -1.312485e+03 -1.160943e+03 1.000000e+00
-2.325169e+01 -1.164411e+03 -1.507061e+03 1.000000e+00
-1.953203e+01 -3.846905e+02 -1.282258e+03 1.000000e+00
-1.233431e+01 6.659913e+01 -1.673496e+03 1.000000e+00
-4.545997e+00 1.134970e+03 -1.226751e+03 1.000000e+00
4.438667e+00 1.801683e+03 -1.585015e+03 1.000000e+00
-2.450307e+01 -2.343276e+03 -7.763582e+02 1.000000e+00
-2.473841e+01 -1.903562e+03 -8.790914e+02 1.000000e+00
-2.527951e+01 -1.861792e+03 -1.161694e+03 1.000000e+00
-2.422539e+01 -1.305562e+03 -1.166128e+03 1.000000e+00
-2.102346e+01 -1.153810e+03 -1.514779e+03 1.000000e+00
-1.708417e+01 -3.693397e+02 -1.283749e+03 1.000000e+00
-1.243885e+01 8.684280e+01 -1.674228e+03 1.000000e+00
-4.289338e+00 1.151697e+03 -1.220842e+03 1.000000e+00
2.056309e+00 1.817398e+03 -1.581038e+03 1.000000e+00
-1.908051e+01 -2.346275e+03 -7.809099e+02 1.000000e+00
-2.096237e+01 -1.908317e+03 -8.860463e+02 1.000000e+00
-2.034000e+01 -1.859938e+03 -1.167103e+03 1.000000e+00
-2.019675e+01 -1.306874e+03 -1.172996e+03 1.000000e+00
-1.858116e+01 -1.148679e+03 -1.514715e+03 1.000000e+00
-1.389904e+01 -3.631514e+02 -1.290137e+03 1.000000e+00
-7.018248e+00 9.951012e+01 -1.668433e+03 1.000000e+00
-2.736473e+00 1.163613e+03 -1.224860e+03 1.000000e+00
1.009509e+00 1.843055e+03 -1.570792e+03 1.000000e+00
-1.376003e+01 -2.359583e+03 -7.892126e+02 1.000000e+00
-1.490229e+01 -1.903881e+03 -8.871625e+02 1.000000e+00
-1.457793e+01 -1.869561e+03 -1.175378e+03 1.000000e+00
-1.276728e+01 -1.297082e+03 -1.171892e+03 1.000000e+00
-1.211898e+01 -1.150321e+03 -1.526264e+03 1.000000e+00
-1.003527e+01 -3.442864e+02 -1.280752e+03 1.000000e+00
-9.491397e+00 1.048654e+02 -1.681332e+03 1.000000e+00
-6.220902e+00 1.190131e+03 -1.211605e+03 1.000000e+00
-7.134178e-01 1.853423e+03 -1.578992e+03 1.000000e+00
-7.714607e+00 -2.339763e+03 -7.860626e+02 1.000000e+00
-8.305539e+00 -1.936042e+03 -8.977945e+02 1.000000e+00
-8.967919e+00 -1.849911e+03 -1.169125e+03 1.000000e+00
-8.256131e+00 -1.322144e+03 -1.186689e+03 1.000000e+00
-6.758387e+00 -1.125097e+03 -1.508959e+03 1.000000e+00
-7.011105e+00 -3.607067e+02 -1.308455e+03 1.000000e+00
-4.566866e+00 1.326019e+02 -1.652646e+03 1.000000e+00
-5.790698e-01 1.185061e+03 -1.241003e+03 1.000000e+00
-1.450358e+00 1.879957e+03 -1.544599e+03 1.000000e+00
0.000000e+00 -2.312288e+03 -7.766481e+02 1.000000e+00
0.000000e+00 -1.980711e+03 -9.112034e+02 1.000000e+00
0.000000e+00 -1.823122e+03 -1.155591e+03 1.000000e+00
0.000000e+00 -1.362966e+03 -1.207947e+03 1.000000e+00
0.000000e+00 -1.095558e+03 -1.476674e+03 1.000000e+00
0.000000e+00 -3.961942e+02 -1.351365e+03 1.000000e+00
0.000000e+00 1.633765e+02 -1.603499e+03 1.000000e+00
0.000000e+00 1.161896e+03 -1.292850e+03 1.000000e+00
0.000000e+00 1.922899e+03 -1.490136e+03 1.000000e+00
-3.551039e+01 -2.021817e+03 -8.549787e+02 1.000000e+00
-3.671642e+01 -2.055138e+03 -1.141163e+03 1.000000e+00
-3.538358e+01 -1.547573e+03 -1.230291e+03 1.000000e+00
-3.246436e+01 -1.484164e+03 -1.544327e+03 1.000000e+00
-2.801054e+01 -8.686754e+02 -1.469164e+03 1.000000e+00
-2.115881e+01 -6.131875e+02 -1.877350e+03 1.000000e+00
-1.231736e+01 2.948045e+02 -1.574056e+03 1.000000e+00
-2.586046e+00 7.965434e+02 -1.968373e+03 1.000000e+00
6.718474e+00 1.922759e+03 -1.425857e+03 1.000000e+00
-3.431907e+01 -2.023108e+03 -8.644728e+02 1.000000e+00
-3.684863e+01 -2.056249e+03 -1.150649e+03 1.000000e+00
-3.525721e+01 -1.543043e+03 -1.237974e+03 1.000000e+00
-3.037474e+01 -1.483047e+03 -1.551542e+03 1.000000e+00
-2.564026e+01 -8.603434e+02 -1.476024e+03 1.000000e+00
-2.080371e+01 -6.009018e+02 -1.879542e+03 1.000000e+00
-1.264593e+01 3.094494e+02 -1.572430e+03 1.000000e+00
-4.172645e+00 8.156693e+02 -1.964885e+03 1.000000e+00
5.252053e+00 1.941637e+03 -1.415785e+03 1.000000e+00
-3.403409e+01 -2.025502e+03 -8.727123e+02 1.000000e+00
-3.368430e+01 -2.055035e+03 -1.159195e+03 1.000000e+00
-3.336103e+01 -1.540482e+03 -1.246780e+03 1.000000e+00
-3.360418e+01 -1.475414e+03 -1.558895e+03 1.000000e+00
-3.027624e+01 -8.508011e+02 -1.481453e+03 1.000000e+00
-2.203178e+01 -5.889971e+02 -1.881356e+03 1.000000e+00
-1.340671e+01 3.281682e+02 -1.571662e+03 1.000000e+00
-2.200141e+00 8.343403e+02 -1.959787e+03 1.000000e+00
6.627090e+00 1.962789e+03 -1.409316e+03 1.000000e+00
-2.916335e+01 -2.027712e+03 -8.803551e+02 1.000000e+00
-3.195257e+01 -2.054054e+03 -1.167536e+03 1.000000e+00
-3.125848e+01 -1.539266e+03 -1.255204e+03 1.000000e+00
-2.684923e+01 -1.467965e+03 -1.565816e+03 1.000000e+00
-2.247794e+01 -8.440142e+02 -1.486766e+03 1.000000e+00
-1.759583e+01 -5.757841e+02 -1.882928e+03 1.000000e+00
-1.108202e+01 3.427886e+02 -1.572961e+03 1.000000e+00
-3.982918e+00 8.524408e+02 -1.953916e+03 1.000000e+00
4.736840e+00 1.983296e+03 -1.405305e+03 1.000000e+00
-2.644097e+01 -2.029229e+03 -8.888452e+02 1.000000e+00
-2.784908e+01 -2.057556e+03 -1.175145e+03 1.000000e+00
-2.639424e+01 -1.536967e+03 -1.261672e+03 1.000000e+00
-2.575817e+01 -1.467860e+03 -1.573086e+03 1.000000e+00
-2.341022e+01 -8.383586e+02 -1.491616e+03 1.000000e+00
-1.922434e+01 -5.646483e+02 -1.888220e+03 1.000000e+00
-1.266168e+01 3.546346e+02 -1.571357e+03 1.000000e+00
-4.871038e+00 8.695347e+02 -1.953612e+03 1.000000e+00
1.772542e+00 2.002875e+03 -1.396995e+03 1.000000e+00
-2.073261e+01 -2.034704e+03 -8.958768e+02 1.000000e+00
-2.080474e+01 -2.057256e+03 -1.180046e+03 1.000000e+00
-2.201897e+01 -1.538741e+03 -1.270447e+03 1.000000e+00
-2.047733e+01 -1.460755e+03 -1.576374e+03 1.000000e+00
-1.869811e+01 -8.320408e+02 -1.499515e+03 1.000000e+00
-1.405869e+01 -5.514604e+02 -1.885954e+03 1.000000e+00
-8.747332e+00 3.670743e+02 -1.576995e+03 1.000000e+00
-1.843640e+00 8.890324e+02 -1.944414e+03 1.000000e+00
4.624800e+00 2.015346e+03 -1.400521e+03 1.000000e+00
-1.470405e+01 -2.032192e+03 -8.979882e+02 1.000000e+00
-1.703611e+01 -2.069138e+03 -1.188838e+03 1.000000e+00
-1.520230e+01 -1.533083e+03 -1.270946e+03 1.000000e+00
-1.408073e+01 -1.469044e+03 -1.587031e+03 1.000000e+00
-1.285133e+01 -8.208577e+02 -1.494511e+03 1.000000e+00
-1.079796e+01 -5.534597e+02 -1.897843e+03 1.000000e+00
-7.939919e+00 3.855307e+02 -1.567454e+03 1.000000e+00
-5.563156e+00 8.930715e+02 -1.955519e+03 1.000000e+00
-2.381357e+00 2.039084e+03 -1.383948e+03 1.000000e+00
-8.313380e+00 -2.066929e+03 -9.066605e+02 1.000000e+00
-7.970865e+00 -2.048443e+03 -1.186205e+03 1.000000e+00
-9.741019e+00 -1.562213e+03 -1.281902e+03 1.000000e+00
-9.105657e+00 -1.447733e+03 -1.577778e+03 1.000000e+00
-6.378876e+00 -8.437122e+02 -1.514566e+03 1.000000e+00
-7.565161e+00 -5.259058e+02 -1.880514e+03 1.000000e+00
-6.608406e+00 3.735068e+02 -1.591845e+03 1.000000e+00
-2.659548e+00 9.202628e+02 -1.927118e+03 1.000000e+00
6.795312e-02 2.040394e+03 -1.413889e+03 1.000000e+00
0.000000e+00 -2.114155e+03 -9.160443e+02 1.000000e+00
0.000000e+00 -2.018198e+03 -1.176852e+03 1.000000e+00
0.000000e+00 -1.604258e+03 -1.297602e+03 1.000000e+00
0.000000e+00 -1.416318e+03 -1.556991e+03 1.000000e+00
0.000000e+00 -8.787449e+02 -1.546777e+03 1.000000e+00
0.000000e+00 -4.882100e+02 -1.844956e+03 1.000000e+00
0.000000e+00 3.466685e+02 -1.634336e+03 1.000000e+00
0.000000e+00 9.564800e+02 -1.877201e+03 1.000000e+00
0.000000e+00 2.022675e+03 -1.468330e+03 1.000000e+00
-3.750990e+01 -2.188905e+03 -1.089056e+03 1.000000e+00
-3.865474e+01 -1.722637e+03 -1.228199e+03 1.000000e+00
-3.693760e+01 -1.707785e+03 -1.533685e+03 1.000000e+00
-3.362132e+01 -1.144524e+03 -1.579812e+03 1.000000e+00
-2.906472e+01 -1.043049e+03 -1.953904e+03 1.000000e+00
-2.225622e+01 -2.808372e+02 -1.791557e+03 1.000000e+00
-1.302805e+01 7.066810e+01 -2.220325e+03 1.000000e+00
-2.396036e+00 1.063985e+03 -1.827827e+03 1.000000e+00
7.810132e+00 1.588279e+03 -2.212625e+03 1.000000e+00
-3.685671e+01 -2.190812e+03 -1.098778e+03 1.000000e+00
-3.863798e+01 -1.719488e+03 -1.238267e+03 1.000000e+00
-3.763468e+01 -1.706767e+03 -1.542421e+03 1.000000e+00
-3.478633e+01 -1.138275e+03 -1.588117e+03 1.000000e+00
-2.964377e+01 -1.037621e+03 -1.959360e+03 1.000000e+00
-2.212266e+01 -2.685556e+02 -1.795041e+03 1.000000e+00
-1.465235e+01 8.564143e+01 -2.220125e+03 1.000000e+00
-5.164931e+00 1.081065e+03 -1.823578e+03 1.000000e+00
4.215253e+00 1.608560e+03 -2.205220e+03 1.000000e+00
-3.498834e+01 -2.190849e+03 -1.108221e+03 1.000000e+00
-3.588839e+01 -1.719960e+03 -1.247104e+03 1.000000e+00
-3.438026e+01 -1.703409e+03 -1.551634e+03 1.000000e+00
-3.147235e+01 -1.134085e+03 -1.596052e+03 1.000000e+00
-2.764019e+01 -1.028263e+03 -1.966152e+03 1.000000e+00
-2.311275e+01 -2.569654e+02 -1.798764e+03 1.000000e+00
-1.242239e+01 9.786038e+01 -2.218069e+03 1.000000e+00
-5.786416e-01 1.099446e+03 -1.820831e+03 1.000000e+00
8.641459e+00 1.626909e+03 -2.198193e+03 1.000000e+00
-3.186449e+01 -2.192680e+03 -1.116602e+03 1.000000e+00
-3.348228e+01 -1.721275e+03 -1.255845e+03 1.000000e+00
-3.323318e+01 -1.699851e+03 -1.560263e+03 1.000000e+00
-3.188194e+01 -1.131990e+03 -1.604264e+03 1.000000e+00
-2.748904e+01 -1.019036e+03 -1.971344e+03 1.000000e+00
-1.951724e+01 -2.485029e+02 -1.803084e+03 1.000000e+00
-1.423734e+01 1.106475e+02 -2.217761e+03 1.000000e+00
-7.096248e+00 1.113047e+03 -1.818711e+03 1.000000e+00
3.763801e+00 1.644478e+03 -2.188561e+03 1.000000e+00
-2.706015e+01 -2.196902e+03 -1.124598e+03 1.000000e+00
-2.927817e+01 -1.719191e+03 -1.264589e+03 1.000000e+00
-2.825756e+01 -1.701486e+03 -1.567427e+03 1.000000e+00
-2.458152e+01 -1.126563e+03 -1.611245e+03 1.000000e+00
-2.263203e+01 -1.013881e+03 -1.978220e+03 1.000000e+00
-1.960666e+01 -2.384799e+02 -1.805367e+03 1.000000e+00
-1.094207e+01 1.257350e+02 -2.221136e+03 1.000000e+00
-1.431309e+00 1.128744e+03 -1.813778e+03 1.000000e+00
4.054093e+00 1.661221e+03 -2.186448e+03 1.000000e+00
-2.260063e+01 -2.198812e+03 -1.130110e+03 1.000000e+00
-2.234003e+01 -1.724239e+03 -1.272458e+03 1.000000e+00
-2.206644e+01 -1.699284e+03 -1.573087e+03 1.000000e+00
-2.284229e+01 -1.126915e+03 -1.620122e+03 1.000000e+00
-1.924760e+01 -1.005463e+03 -1.979752e+03 1.000000e+00
-1.513756e+01 -2.326669e+02 -1.814741e+03 1.000000e+00
-1.052958e+01 1.392264e+02 -2.214092e+03 1.000000e+00
-5.027603e+00 1.139432e+03 -1.820487e+03 1.000000e+00
2.042662e+00 1.680141e+03 -2.175669e+03 1.000000e+00
-1.543956e+01 -2.212780e+03 -1.138063e+03 1.000000e+00
-1.764349e+01 -1.719883e+03 -1.274730e+03 1.000000e+00
-1.705562e+01 -1.708960e+03 -1.582188e+03 1.000000e+00
-1.434341e+01 -1.118292e+03 -1.620216e+03 1.000000e+00
-1.442652e+01 -1.009911e+03 -1.991654e+03 1.000000e+00
-1.180973e+01 -2.166344e+02 -1.807360e+03 1.000000e+00
-8.676922e+00 1.395814e+02 -2.227940e+03 1.000000e+00
-4.293568e+00 1.158608e+03 -1.807956e+03 1.000000e+00
8.812568e-01 1.687815e+03 -2.183570e+03 1.000000e+00
-8.561978e+00 -2.190841e+03 -1.137264e+03 1.000000e+00
-8.488850e+00 -1.752274e+03 -1.284052e+03 1.000000e+00
-9.136543e+00 -1.687036e+03 -1.578906e+03 1.000000e+00
-9.437827e+00 -1.143173e+03 -1.632317e+03 1.000000e+00
-7.092223e+00 -9.850272e+02 -1.980875e+03 1.000000e+00
-6.999556e+00 -2.343221e+02 -1.828014e+03 1.000000e+00
-6.352713e+00 1.694171e+02 -2.209005e+03 1.000000e+00
-3.812723e+00 1.152564e+03 -1.831198e+03 1.000000e+00
-3.004026e+00 1.715858e+03 -2.156257e+03 1.000000e+00
0.000000e+00 -2.160764e+03 -1.129778e+03 1.000000e+00
0.000000e+00 -1.799355e+03 -1.295243e+03 1.000000e+00
0.000000e+00 -1.655402e+03 -1.568670e+03 1.000000e+00
0.000000e+00 -1.184948e+03 -1.650560e+03 1.000000e+00
0.000000e+00 -9.538699e+02 -1.953531e+03 1.000000e+00
0.000000e+00 -2.700359e+02 -1.865605e+03 1.000000e+00
0.000000e+00 2.059413e+02 -2.168282e+03 1.000000e+00
0.000000e+00 1.128604e+03 -1.877142e+03 1.000000e+00
0.000000e+00 1.752296e+03 -2.106605e+03 1.000000e+00
-3.930538e+01 -1.850246e+03 -1.162289e+03 1.000000e+00
-4.023053e+01 -1.895235e+03 -1.466180e+03 1.000000e+00
-3.861836e+01 -1.359254e+03 -1.589242e+03 1.000000e+00
-3.502145e+01 -1.321154e+03 -1.919224e+03 1.000000e+00
-3.034711e+01 -6.838027e+02 -1.894115e+03 1.000000e+00
-2.359517e+01 -4.763564e+02 -2.330282e+03 1.000000e+00
-1.458651e+01 4.031814e+02 -2.094365e+03 1.000000e+00
-3.821152e+00 7.964277e+02 -2.526004e+03 1.000000e+00
7.132018e+00 1.839557e+03 -2.032862e+03 1.000000e+00
-3.827752e+01 -1.850270e+03 -1.172390e+03 1.000000e+00
-3.970695e+01 -1.895773e+03 -1.476596e+03 1.000000e+00
-3.871330e+01 -1.353692e+03 -1.599098e+03 1.000000e+00
-3.624826e+01 -1.317133e+03 -1.927962e+03 1.000000e+00
-3.201474e+01 -6.745790e+02 -1.901456e+03 1.000000e+00
-2.361017e+01 -4.674208e+02 -2.333048e+03 1.000000e+00
-1.403490e+01 4.178039e+02 -2.095763e+03 1.000000e+00
-4.399954e+00 8.135166e+02 -2.522163e+03 1.000000e+00
6.034814e+00 1.858168e+03 -2.026649e+03 1.000000e+00
-3.670573e+01 -1.853086e+03 -1.181905e+03 1.000000e+00
-3.824558e+01 -1.894543e+03 -1.486547e+03 1.000000e+00
-3.654596e+01 -1.352198e+03 -1.608101e+03 1.000000e+00
-3.298891e+01 -1.311979e+03 -1.937274e+03 1.000000e+00
-2.852794e+01 -6.697872e+02 -1.908392e+03 1.000000e+00
-2.365469e+01 -4.576474e+02 -2.337392e+03 1.000000e+00
-1.578420e+01 4.309287e+02 -2.096382e+03 1.000000e+00
-4.071550e+00 8.243851e+02 -2.518342e+03 1.000000e+00
6.185146e+00 1.874016e+03 -2.022185e+03 1.000000e+00
-3.316279e+01 -1.855509e+03 -1.191036e+03 1.000000e+00
-3.450526e+01 -1.893858e+03 -1.495320e+03 1.000000e+00
-3.395935e+01 -1.351973e+03 -1.617492e+03 1.000000e+00
-3.304849e+01 -1.305830e+03 -1.945531e+03 1.000000e+00
-2.963848e+01 -6.653102e+02 -1.915099e+03 1.000000e+00
-2.181495e+01 -4.469143e+02 -2.341642e+03 1.000000e+00
-1.412149e+01 4.415954e+02 -2.098920e+03 1.000000e+00
-6.063975e+00 8.386174e+02 -2.514468e+03 1.000000e+00
3.873448e+00 1.886188e+03 -2.017721e+03 1.000000e+00
-2.794412e+01 -1.856297e+03 -1.199392e+03 1.000000e+00
-3.061826e+01 -1.897105e+03 -1.504117e+03 1.000000e+00
-2.970958e+01 -1.347773e+03 -1.625685e+03 1.000000e+00
-2.627525e+01 -1.305425e+03 -1.953023e+03 1.000000e+00
-2.278967e+01 -6.575735e+02 -1.921906e+03 1.000000e+00
-2.000201e+01 -4.388224e+02 -2.346742e+03 1.000000e+00
-1.115047e+01 4.537097e+02 -2.098651e+03 1.000000e+00
-2.581422e+00 8.529703e+02 -2.516772e+03 1.000000e+00
4.919006e+00 1.903824e+03 -2.009236e+03 1.000000e+00
-2.411152e+01 -1.862476e+03 -1.207241e+03 1.000000e+00
-2.383533e+01 -1.896900e+03 -1.509819e+03 1.000000e+00
-2.325906e+01 -1.351440e+03 -1.634944e+03 1.000000e+00
-2.316882e+01 -1.300476e+03 -1.957106e+03 1.000000e+00
-2.192904e+01 -6.565185e+02 -1.933330e+03 1.000000e+00
-1.694671e+01 -4.282244e+02 -2.345335e+03 1.000000e+00
-1.318308e+01 4.595047e+02 -2.107230e+03 1.000000e+00
-6.217225e+00 8.657078e+02 -2.507957e+03 1.000000e+00
-1.091848e-01 1.913412e+03 -2.016738e+03 1.000000e+00
-1.513043e+01 -1.857975e+03 -1.210426e+03 1.000000e+00
-1.809449e+01 -1.908636e+03 -1.518297e+03 1.000000e+00
-1.711206e+01 -1.344805e+03 -1.636929e+03 1.000000e+00
-1.553983e+01 -1.307832e+03 -1.968686e+03 1.000000e+00
-1.300872e+01 -6.435121e+02 -1.929244e+03 1.000000e+00
-1.074513e+01 -4.289898e+02 -2.358614e+03 1.000000e+00
-7.220713e+00 4.775845e+02 -2.100527e+03 1.000000e+00
-3.919033e+00 8.705709e+02 -2.519215e+03 1.000000e+00
2.262052e+00 1.933060e+03 -2.001595e+03 1.000000e+00
-9.645773e+00 -1.893742e+03 -1.217282e+03 1.000000e+00
-8.909441e+00 -1.885667e+03 -1.518360e+03 1.000000e+00
-9.545691e+00 -1.374171e+03 -1.645762e+03 1.000000e+00
-9.346504e+00 -1.285336e+03 -1.964074e+03 1.000000e+00
-8.711464e+00 -6.649965e+02 -1.945214e+03 1.000000e+00
-9.676344e+00 -4.016763e+02 -2.347901e+03 1.000000e+00
-8.003872e+00 4.627019e+02 -2.118477e+03 1.000000e+00
-4.608308e+00 8.985535e+02 -2.501399e+03 1.000000e+00
-4.199242e+00 1.931518e+03 -2.023145e+03 1.000000e+00
0.000000e+00 -1.943455e+03 -1.225072e+03 1.000000e+00
0.000000e+00 -1.852919e+03 -1.510761e+03 1.000000e+00
0.000000e+00 -1.419108e+03 -1.659046e+03 1.000000e+00
0.000000e+00 -1.250517e+03 -1.947774e+03 1.000000e+00
0.000000e+00 -7.029675e+02 -1.973077e+03 1.000000e+00
0.000000e+00 -3.668500e+02 -2.318166e+03 1.000000e+00
0.000000e+00 4.308589e+02 -2.154945e+03 1.000000e+00
0.000000e+00 9.364033e+02 -2.459771e+03 1.000000e+00
0.000000e+00 1.914644e+03 -2.072734e+03 1.000000e+00
-4.079090e+01 -2.042807e+03 -1.348324e+03 1.000000e+00
-4.159288e+01 -1.538416e+03 -1.518118e+03 1.000000e+00
-4.009594e+01 -1.543464e+03 -1.835210e+03 1.000000e+00
-3.667584e+01 -9.544555e+02 -1.917803e+03 1.000000e+00
-3.218693e+01 -8.753455e+02 -2.309083e+03 1.000000e+00
-2.520964e+01 -9.874953e+01 -2.213284e+03 1.000000e+00
-1.639922e+01 1.822946e+02 -2.680290e+03 1.000000e+00
-5.823499e+00 1.126268e+03 -2.362584e+03 1.000000e+00
5.163291e+00 1.520997e+03 -2.796191e+03 1.000000e+00
-3.962450e+01 -2.044919e+03 -1.358585e+03 1.000000e+00
-4.069536e+01 -1.535784e+03 -1.529127e+03 1.000000e+00
-3.968360e+01 -1.542859e+03 -1.845536e+03 1.000000e+00
-3.624701e+01 -9.473757e+02 -1.927293e+03 1.000000e+00
-3.201453e+01 -8.685266e+02 -2.317609e+03 1.000000e+00
-2.579383e+01 -9.036713e+01 -2.218961e+03 1.000000e+00
-1.501141e+01 1.911447e+02 -2.679586e+03 1.000000e+00
-3.259372e+00 1.139526e+03 -2.361987e+03 1.000000e+00
7.248347e+00 1.535772e+03 -2.789270e+03 1.000000e+00
-3.807419e+01 -2.044803e+03 -1.369148e+03 1.000000e+00
-3.995585e+01 -1.536178e+03 -1.538803e+03 1.000000e+00
-3.820716e+01 -1.539528e+03 -1.855794e+03 1.000000e+00
-3.615929e+01 -9.450876e+02 -1.936619e+03 1.000000e+00
-3.225383e+01 -8.615666e+02 -2.325818e+03 1.000000e+00
-2.407096e+01 -8.255163e+01 -2.223299e+03 1.000000e+00
-1.727605e+01 2.013096e+02 -2.681714e+03 1.000000e+00
-8.971516e+00 1.152968e+03 -2.361122e+03 1.000000e+00
2.399921e+00 1.548472e+03 -2.783154e+03 1.000000e+00
-3.395592e+01 -2.045660e+03 -1.378117e+03 1.000000e+00
-3.523746e+01 -1.537153e+03 -1.548599e+03 1.000000e+00
-3.495210e+01 -1.536708e+03 -1.865182e+03 1.000000e+00
-3.197357e+01 -9.431703e+02 -1.945451e+03 1.000000e+00
-2.820137e+01 -8.530843e+02 -2.333351e+03 1.000000e+00
-2.380308e+01 -7.593341e+01 -2.228828e+03 1.000000e+00
-1.433872e+01 2.144406e+02 -2.683992e+03 1.000000e+00
-3.584846e+00 1.164589e+03 -2.361273e+03 1.000000e+00
5.475483e+00 1.563885e+03 -2.777361e+03 1.000000e+00
-2.922508e+01 -2.050019e+03 -1.387083e+03 1.000000e+00
-3.228449e+01 -1.536261e+03 -1.557543e+03 1.000000e+00
-3.055267e+01 -1.538521e+03 -1.873528e+03 1.000000e+00
-2.948779e+01 -9.373030e+02 -1.954184e+03 1.000000e+00
-2.787385e+01 -8.515754e+02 -2.340615e+03 1.000000e+00
-2.018704e+01 -6.697529e+01 -2.233585e+03 1.000000e+00
-1.462459e+01 2.208075e+02 -2.688772e+03 1.000000e+00
-6.477668e+00 1.176193e+03 -2.357965e+03 1.000000e+00
2.465885e+00 1.574368e+03 -2.778205e+03 1.000000e+00
-2.394973e+01 -2.050082e+03 -1.393558e+03 1.000000e+00
-2.443526e+01 -1.541447e+03 -1.566051e+03 1.000000e+00
-2.423363e+01 -1.535251e+03 -1.879397e+03 1.000000e+00
-2.246950e+01 -9.395220e+02 -1.964737e+03 1.000000e+00
-1.899287e+01 -8.424721e+02 -2.342533e+03 1.000000e+00
-1.869300e+01 -6.204964e+01 -2.246205e+03 1.000000e+00
-1.159617e+01 2.335915e+02 -2.683940e+03 1.000000e+00
-5.273990e+00 1.184000e+03 -2.367827e+03 1.000000e+00
4.414551e-01 1.588988e+03 -2.767199e+03 1.000000e+00
-1.663716e+01 -2.065021e+03 -1.400851e+03 1.000000e+00
-1.842462e+01 -1.535697e+03 -1.569268e+03 1.000000e+00
-1.787116e+01 -1.545884e+03 -1.888899e+03 1.000000e+00
-1.699018e+01 -9.299360e+02 -1.965840e+03 1.000000e+00
-1.704048e+01 -8.466392e+02 -2.355937e+03 1.000000e+00
-1.112660e+01 -4.928477e+01 -2.241324e+03 1.000000e+00
-8.808393e+00 2.346843e+02 -2.697520e+03 1.000000e+00
-5.175901e+00 1.202170e+03 -2.359039e+03 1.000000e+00
6.748479e-01 1.595398e+03 -2.776944e+03 1.000000e+00
-9.082244e+00 -2.042370e+03 -1.402092e+03 1.000000e+00
-9.494737e+00 -1.569372e+03 -1.576280e+03 1.000000e+00
-9.259719e+00 -1.521877e+03 -1.888523e+03 1.000000e+00
-8.360007e+00 -9.554700e+02 -1.975979e+03 1.000000e+00
-7.005908e+00 -8.227758e+02 -2.350198e+03 1.000000e+00
-9.321193e+00 -6.607281e+01 -2.257099e+03 1.000000e+00
-8.222029e+00 2.626367e+02 -2.687736e+03 1.000000e+00
-5.245045e+00 1.190846e+03 -2.375595e+03 1.000000e+00
-3.344672e+00 1.622890e+03 -2.758452e+03 1.000000e+00
0.000000e+00 -2.007798e+03 -1.396799e+03 1.000000e+00
0.000000e+00 -1.617760e+03 -1.585210e+03 1.000000e+00
0.000000e+00 -1.486507e+03 -1.880471e+03 1.000000e+00
0.000000e+00 -9.971170e+02 -1.991001e+03 1.000000e+00
0.000000e+00 -7.831149e+02 -2.329760e+03 1.000000e+00
0.000000e+00 -9.746437e+01 -2.289614e+03 1.000000e+00
0.000000e+00 3.027926e+02 -2.653611e+03 1.000000e+00
0.000000e+00 1.165697e+03 -2.415442e+03 1.000000e+00
0.000000e+00 1.663195e+03 -2.715354e+03 1.000000e+00
-4.183885e+01 -1.683093e+03 -1.393398e+03 1.000000e+00
-4.249345e+01 -1.739563e+03 -1.707578e+03 1.000000e+00
-4.103182e+01 -1.171651e+03 -1.857518e+03 1.000000e+00
-3.755808e+01 -1.154546e+03 -2.198854e+03 1.000000e+00
-3.340530e+01 -4.845430e+02 -2.219255e+03 1.000000e+00
-2.650987e+01 -3.080954e+02 -2.680028e+03 1.000000e+00
-1.732798e+01 5.671053e+02 -2.522767e+03 1.000000e+00
-6.659915e+00 8.676802e+02 -3.002800e+03 1.000000e+00
4.084868e+00 1.844595e+03 -2.591822e+03 1.000000e+00
-4.121040e+01 -1.683099e+03 -1.403791e+03 1.000000e+00
-4.175925e+01 -1.740387e+03 -1.719065e+03 1.000000e+00
-4.120131e+01 -1.167351e+03 -1.868636e+03 1.000000e+00
-3.718213e+01 -1.151986e+03 -2.207796e+03 1.000000e+00
-3.220544e+01 -4.766742e+02 -2.230064e+03 1.000000e+00
-2.772346e+01 -2.998647e+02 -2.686123e+03 1.000000e+00
-1.874162e+01 5.753890e+02 -2.525643e+03 1.000000e+00
-6.358954e+00 8.758505e+02 -2.999679e+03 1.000000e+00
5.196840e+00 1.856130e+03 -2.589978e+03 1.000000e+00
-3.849831e+01 -1.684946e+03 -1.414600e+03 1.000000e+00
-4.082627e+01 -1.738965e+03 -1.729481e+03 1.000000e+00
-3.853692e+01 -1.165586e+03 -1.878675e+03 1.000000e+00
-3.757693e+01 -1.146615e+03 -2.219131e+03 1.000000e+00
-3.497911e+01 -4.730146e+02 -2.236874e+03 1.000000e+00
-2.435871e+01 -2.905602e+02 -2.692732e+03 1.000000e+00
-1.630433e+01 5.848298e+02 -2.528928e+03 1.000000e+00
-7.754638e+00 8.871138e+02 -2.998964e+03 1.000000e+00
1.944357e+00 1.869907e+03 -2.588072e+03 1.000000e+00
-3.566841e+01 -1.687863e+03 -1.424125e+03 1.000000e+00
-3.621066e+01 -1.738414e+03 -1.739110e+03 1.000000e+00
-3.653124e+01 -1.164936e+03 -1.889023e+03 1.000000e+00
-3.296243e+01 -1.142267e+03 -2.228202e+03 1.000000e+00
-2.817713e+01 -4.709906e+02 -2.245093e+03 1.000000e+00
-2.546245e+01 -2.813915e+02 -2.698787e+03 1.000000e+00
-1.731089e+01 5.927798e+02 -2.532733e+03 1.000000e+00
-6.495567e+00 8.999017e+02 -2.999954e+03 1.000000e+00
3.554239e+00 1.880104e+03 -2.585818e+03 1.000000e+00
-2.937405e+01 -1.688966e+03 -1.432518e+03 1.000000e+00
-3.289726e+01 -1.741332e+03 -1.748796e+03 1.000000e+00
-3.103948e+01 -1.162071e+03 -1.897551e+03 1.000000e+00
-3.026179e+01 -1.142224e+03 -2.237024e+03 1.000000e+00
-2.977939e+01 -4.610781e+02 -2.253315e+03 1.000000e+00
-2.205710e+01 -2.781645e+02 -2.706279e+03 1.000000e+00
-1.488634e+01 6.037987e+02 -2.535808e+03 1.000000e+00
-7.817226e+00 9.056788e+02 -3.003268e+03 1.000000e+00
2.389726e+00 1.893348e+03 -2.579752e+03 1.000000e+00
-2.504853e+01 -1.695677e+03 -1.441032e+03 1.000000e+00
-2.448755e+01 -1.739503e+03 -1.754853e+03 1.000000e+00
-2.567091e+01 -1.166664e+03 -1.907659e+03 1.000000e+00
-2.350869e+01 -1.136295e+03 -2.241608e+03 1.000000e+00
-1.965641e+01 -4.619170e+02 -2.265960e+03 1.000000e+00
-1.780420e+01 -2.674655e+02 -2.705973e+03 1.000000e+00
-1.239407e+01 6.096365e+02 -2.548446e+03 1.000000e+00
-5.424449e+00 9.184764e+02 -2.996803e+03 1.000000e+00
-7.178551e-01 1.902183e+03 -2.589911e+03 1.000000e+00
-1.619483e+01 -1.689458e+03 -1.444879e+03 1.000000e+00
-1.938757e+01 -1.753016e+03 -1.762949e+03 1.000000e+00
-1.763991e+01 -1.158919e+03 -1.911030e+03 1.000000e+00
-1.737301e+01 -1.144818e+03 -2.252337e+03 1.000000e+00
-1.799257e+01 -4.504381e+02 -2.265590e+03 1.000000e+00
-1.415673e+01 -2.689067e+02 -2.719997e+03 1.000000e+00
-1.022213e+01 6.220023e+02 -2.542938e+03 1.000000e+00
-5.960563e+00 9.211622e+02 -3.009208e+03 1.000000e+00
2.499172e-01 1.917828e+03 -2.580284e+03 1.000000e+00
-9.986059e+00 -1.724892e+03 -1.450871e+03 1.000000e+00
-9.087897e+00 -1.729034e+03 -1.764403e+03 1.000000e+00
-9.774890e+00 -1.188812e+03 -1.917350e+03 1.000000e+00
-7.978722e+00 -1.119301e+03 -2.252814e+03 1.000000e+00
-6.387998e+00 -4.701084e+02 -2.276900e+03 1.000000e+00
-6.943775e+00 -2.408274e+02 -2.714940e+03 1.000000e+00
-6.435630e+00 6.090938e+02 -2.558829e+03 1.000000e+00
-5.802930e+00 9.511527e+02 -2.999074e+03 1.000000e+00
-3.316472e+00 1.913473e+03 -2.594368e+03 1.000000e+00
0.000000e+00 -1.777771e+03 -1.456664e+03 1.000000e+00
0.000000e+00 -1.692907e+03 -1.759080e+03 1.000000e+00
0.000000e+00 -1.236015e+03 -1.927860e+03 1.000000e+00
0.000000e+00 -1.082760e+03 -2.240055e+03 1.000000e+00
0.000000e+00 -5.112100e+02 -2.300588e+03 1.000000e+00
0.000000e+00 -2.003985e+02 -2.690882e+03 1.000000e+00
0.000000e+00 5.807496e+02 -2.591543e+03 1.000000e+00
0.000000e+00 9.905628e+02 -2.966077e+03 1.000000e+00
0.000000e+00 1.893961e+03 -2.634087e+03 1.000000e+00
-4.271920e+01 -1.906985e+03 -1.540197e+03 1.000000e+00
-4.313903e+01 -1.362604e+03 -1.731232e+03 1.000000e+00
-4.156685e+01 -1.387511e+03 -2.055247e+03 1.000000e+00
-3.824298e+01 -7.666036e+02 -2.167970e+03 1.000000e+00
-3.379284e+01 -6.973037e+02 -2.569238e+03 1.000000e+00
-2.755568e+01 1.054059e+02 -2.534294e+03 1.000000e+00
-1.832182e+01 3.301163e+02 -3.034958e+03 1.000000e+00
-7.400688e+00 1.253998e+03 -2.804010e+03 1.000000e+00
3.478215e+00 1.543398e+03 -3.291566e+03 1.000000e+00
-4.213540e+01 -1.908192e+03 -1.550834e+03 1.000000e+00
-4.298361e+01 -1.360412e+03 -1.743327e+03 1.000000e+00
-4.223343e+01 -1.386716e+03 -2.066243e+03 1.000000e+00
-3.858102e+01 -7.607316e+02 -2.177980e+03 1.000000e+00
-3.351335e+01 -6.930574e+02 -2.579166e+03 1.000000e+00
-2.883505e+01 1.133822e+02 -2.543528e+03 1.000000e+00
-2.097685e+01 3.400218e+02 -3.036712e+03 1.000000e+00
-9.968559e+00 1.263381e+03 -2.806480e+03 1.000000e+00
6.446680e-01 1.550762e+03 -3.286918e+03 1.000000e+00
-3.906095e+01 -1.907821e+03 -1.562032e+03 1.000000e+00
-4.077775e+01 -1.360280e+03 -1.753977e+03 1.000000e+00
-3.908003e+01 -1.384013e+03 -2.077122e+03 1.000000e+00
-3.765048e+01 -7.575270e+02 -2.188687e+03 1.000000e+00
-3.503363e+01 -6.852805e+02 -2.588371e+03 1.000000e+00
-2.576704e+01 1.181406e+02 -2.549759e+03 1.000000e+00
-1.627711e+01 3.499418e+02 -3.041594e+03 1.000000e+00
-6.094265e+00 1.273429e+03 -2.807601e+03 1.000000e+00
4.929037e+00 1.562411e+03 -3.284739e+03 1.000000e+00
-3.676874e+01 -1.908268e+03 -1.571622e+03 1.000000e+00
-3.771276e+01 -1.361774e+03 -1.764153e+03 1.000000e+00
-3.758069e+01 -1.381413e+03 -2.087322e+03 1.000000e+00
-3.481059e+01 -7.552159e+02 -2.198981e+03 1.000000e+00
-3.120583e+01 -6.799997e+02 -2.596996e+03 1.000000e+00
-2.693711e+01 1.217162e+02 -2.556133e+03 1.000000e+00
-1.931879e+01 3.603243e+02 -3.046586e+03 1.000000e+00
-1.061780e+01 1.281256e+03 -2.810474e+03 1.000000e+00
-1.287577e+00 1.576154e+03 -3.282758e+03 1.000000e+00
-2.935947e+01 -1.911302e+03 -1.580941e+03 1.000000e+00
-3.241002e+01 -1.361306e+03 -1.773367e+03 1.000000e+00
-3.171510e+01 -1.383306e+03 -2.096920e+03 1.000000e+00
-3.005820e+01 -7.498768e+02 -2.206965e+03 1.000000e+00
-2.760290e+01 -6.783221e+02 -2.606938e+03 1.000000e+00
-2.220213e+01 1.334648e+02 -2.563842e+03 1.000000e+00
-1.568140e+01 3.642617e+02 -3.053180e+03 1.000000e+00
-5.820907e+00 1.294902e+03 -2.810661e+03 1.000000e+00
3.330633e+00 1.580124e+03 -3.286296e+03 1.000000e+00
-2.582615e+01 -1.910536e+03 -1.587425e+03 1.000000e+00
-2.572925e+01 -1.368026e+03 -1.782545e+03 1.000000e+00
-2.591431e+01 -1.378881e+03 -2.103011e+03 1.000000e+00
-2.587272e+01 -7.531796e+02 -2.218569e+03 1.000000e+00
-2.403725e+01 -6.697754e+02 -2.609089e+03 1.000000e+00
-1.974762e+01 1.351055e+02 -2.577619e+03 1.000000e+00
-1.310540e+01 3.741642e+02 -3.051257e+03 1.000000e+00
-8.683452e+00 1.301031e+03 -2.823064e+03 1.000000e+00
-2.635253e+00 1.592423e+03 -3.278396e+03 1.000000e+00
-1.643589e+01 -1.926412e+03 -1.594476e+03 1.000000e+00
-1.817653e+01 -1.360914e+03 -1.786646e+03 1.000000e+00
-1.845493e+01 -1.390249e+03 -2.111837e+03 1.000000e+00
-1.652938e+01 -7.430168e+02 -2.221534e+03 1.000000e+00
-1.542430e+01 -6.756508e+02 -2.622043e+03 1.000000e+00
-1.415495e+01 1.477136e+02 -2.576199e+03 1.000000e+00
-1.107144e+01 3.760122e+02 -3.064804e+03 1.000000e+00
-5.404284e+00 1.312523e+03 -2.817701e+03 1.000000e+00
5.918063e-01 1.597142e+03 -3.289810e+03 1.000000e+00
-1.021344e+01 -1.902583e+03 -1.597490e+03 1.000000e+00
-1.001087e+01 -1.394304e+03 -1.791822e+03 1.000000e+00
-9.342077e+00 -1.365386e+03 -2.113467e+03 1.000000e+00
-9.073499e+00 -7.695800e+02 -2.229435e+03 1.000000e+00
-7.909435e+00 -6.481968e+02 -2.621911e+03 1.000000e+00
-6.615242e+00 1.314967e+02 -2.587700e+03 1.000000e+00
-5.042479e+00 4.057597e+02 -3.061541e+03 1.000000e+00
-5.214869e+00 1.303231e+03 -2.831248e+03 1.000000e+00
-3.653829e+00 1.625865e+03 -3.279605e+03 1.000000e+00
0.000000e+00 -1.865018e+03 -1.593954e+03 1.000000e+00
0.000000e+00 -1.446075e+03 -1.798596e+03 1.000000e+00
0.000000e+00 -1.326387e+03 -2.107453e+03 1.000000e+00
0.000000e+00 -8.147711e+02 -2.242331e+03 1.000000e+00
0.000000e+00 -6.107635e+02 -2.605528e+03 1.000000e+00
0.000000e+00 9.535623e+01 -2.612234e+03 1.000000e+00
0.000000e+00 4.468328e+02 -3.036859e+03 1.000000e+00
0.000000e+00 1.279894e+03 -2.865754e+03 1.000000e+00
0.000000e+00 1.665818e+03 -3.244281e+03 1.000000e+00
-4.356273e+01 -1.528262e+03 -1.563714e+03 1.000000e+00
-4.363317e+01 -1.599039e+03 -1.881092e+03 1.000000e+00
-4.213182e+01 -9.976909e+02 -2.052396e+03 1.000000e+00
-3.911367e+01 -9.980292e+02 -2.396867e+03 1.000000e+00
-3.476173e+01 -2.844358e+02 -2.456901e+03 1.000000e+00
-2.871122e+01 -1.264445e+02 -2.931494e+03 1.000000e+00
-1.980376e+01 7.565294e+02 -2.848727e+03 1.000000e+00
-9.400366e+00 9.875016e+02 -3.362462e+03 1.000000e+00
1.473938e+00 1.928206e+03 -3.048459e+03 1.000000e+00
-4.236371e+01 -1.527457e+03 -1.574792e+03 1.000000e+00
-4.345333e+01 -1.598867e+03 -1.893120e+03 1.000000e+00
-4.280019e+01 -9.928324e+02 -2.064244e+03 1.000000e+00
-3.882354e+01 -9.947619e+02 -2.406243e+03 1.000000e+00
-3.420695e+01 -2.781253e+02 -2.469087e+03 1.000000e+00
-2.930541e+01 -1.185796e+02 -2.938880e+03 1.000000e+00
-2.075480e+01 7.657432e+02 -2.854534e+03 1.000000e+00
-1.018778e+01 9.981276e+02 -3.363263e+03 1.000000e+00
-3.693541e-01 1.940502e+03 -3.050028e+03 1.000000e+00
-3.998100e+01 -1.529256e+03 -1.585936e+03 1.000000e+00
-4.105764e+01 -1.597572e+03 -1.904281e+03 1.000000e+00
-3.982377e+01 -9.911777e+02 -2.075428e+03 1.000000e+00
-3.902521e+01 -9.905210e+02 -2.417268e+03 1.000000e+00
-3.543386e+01 -2.749696e+02 -2.477992e+03 1.000000e+00
-2.701644e+01 -1.095961e+02 -2.947235e+03 1.000000e+00
-1.899703e+01 7.711524e+02 -2.859713e+03 1.000000e+00
-8.495157e+00 1.007159e+03 -3.365574e+03 1.000000e+00
3.894917e+00 1.948937e+03 -3.050052e+03 1.000000e+00
-3.686337e+01 -1.531498e+03 -1.596126e+03 1.000000e+00
-3.831918e+01 -1.596771e+03 -1.914350e+03 1.000000e+00
-3.780651e+01 -9.903063e+02 -2.086021e+03 1.000000e+00
-3.472884e+01 -9.856662e+02 -2.427929e+03 1.000000e+00
-3.235710e+01 -2.710824e+02 -2.487516e+03 1.000000e+00
-2.826760e+01 -1.019965e+02 -2.954633e+03 1.000000e+00
-1.868796e+01 7.768712e+02 -2.865292e+03 1.000000e+00
-9.642026e+00 1.019677e+03 -3.368942e+03 1.000000e+00
-2.462486e+00 1.954603e+03 -3.051976e+03 1.000000e+00
-3.010365e+01 -1.532886e+03 -1.604372e+03 1.000000e+00
-3.229180e+01 -1.599074e+03 -1.924902e+03 1.000000e+00
-3.271963e+01 -9.876910e+02 -2.094689e+03 1.000000e+00
-3.190819e+01 -9.861246e+02 -2.437592e+03 1.000000e+00
-2.785924e+01 -2.642809e+02 -2.496073e+03 1.000000e+00
-2.250010e+01 -1.000627e+02 -2.965031e+03 1.000000e+00
-1.691182e+01 7.910751e+02 -2.869845e+03 1.000000e+00
-8.939880e+00 1.022140e+03 -3.375334e+03 1.000000e+00
2.387550e+00 1.969988e+03 -3.050773e+03 1.000000e+00
-2.592090e+01 -1.540566e+03 -1.613232e+03 1.000000e+00
-2.597959e+01 -1.596149e+03 -1.930967e+03 1.000000e+00
-2.593078e+01 -9.938600e+02 -2.105334e+03 1.000000e+00
-2.559259e+01 -9.792037e+02 -2.442695e+03 1.000000e+00
-2.518710e+01 -2.645224e+02 -2.509001e+03 1.000000e+00
-2.126921e+01 -9.011123e+01 -2.966225e+03 1.000000e+00
-1.394295e+01 7.943881e+02 -2.884521e+03 1.000000e+00
-7.378907e+00 1.030194e+03 -3.371289e+03 1.000000e+00
-2.654952e+00 1.977375e+03 -3.063034e+03 1.000000e+00
-1.669495e+01 -1.533148e+03 -1.617593e+03 1.000000e+00
-1.808471e+01 -1.610006e+03 -1.938486e+03 1.000000e+00
-1.855309e+01 -9.849401e+02 -2.109806e+03 1.000000e+00
-1.814521e+01 -9.880854e+02 -2.452748e+03 1.000000e+00
-1.539748e+01 -2.515061e+02 -2.511405e+03 1.000000e+00
-1.406657e+01 -9.185638e+01 -2.979398e+03 1.000000e+00
-1.165582e+01 8.065961e+02 -2.882663e+03 1.000000e+00
-7.316923e+00 1.035009e+03 -3.384893e+03 1.000000e+00
-7.854409e-01 1.990462e+03 -3.056796e+03 1.000000e+00
-1.036430e+01 -1.568780e+03 -1.622210e+03 1.000000e+00
-1.001911e+01 -1.585281e+03 -1.941670e+03 1.000000e+00
-9.504826e+00 -1.016049e+03 -2.114428e+03 1.000000e+00
-8.362437e+00 -9.625397e+02 -2.456006e+03 1.000000e+00
-8.731064e+00 -2.760680e+02 -2.520031e+03 1.000000e+00
-6.627763e+00 -6.392456e+01 -2.979237e+03 1.000000e+00
-3.929555e+00 7.925269e+02 -2.893765e+03 1.000000e+00
-3.346006e+00 1.062804e+03 -3.382587e+03 1.000000e+00
-2.133498e+00 1.984089e+03 -3.067793e+03 1.000000e+00
0.000000e+00 -1.621652e+03 -1.627543e+03 1.000000e+00
0.000000e+00 -1.545754e+03 -1.937829e+03 1.000000e+00
0.000000e+00 -1.065332e+03 -2.121874e+03 1.000000e+00
0.000000e+00 -9.205278e+02 -2.448412e+03 1.000000e+00
0.000000e+00 -3.167990e+02 -2.538037e+03 1.000000e+00
0.000000e+00 -2.290725e+01 -2.959340e+03 1.000000e+00
0.000000e+00 7.630238e+02 -2.920461e+03 1.000000e+00
0.000000e+00 1.105045e+03 -3.357427e+03 1.000000e+00
0.000000e+00 1.967674e+03 -3.102076e+03 1.000000e+00
-4.405147e+01 -1.785483e+03 -1.678227e+03 1.000000e+00
-4.401731e+01 -1.204697e+03 -1.886603e+03 1.000000e+00
-4.242439e+01 -1.249285e+03 -2.208519e+03 1.000000e+00
-3.977925e+01 -5.911364e+02 -2.346228e+03 1.000000e+00
-3.567873e+01 -5.293518e+02 -2.747357e+03 1.000000e+00
-2.980206e+01 3.113167e+02 -2.767606e+03 1.000000e+00
-2.089258e+01 5.018367e+02 -3.280982e+03 1.000000e+00
-1.104875e+01 1.422046e+03 -3.135477e+03 1.000000e+00
-7.999281e-01 1.626532e+03 -3.656915e+03 1.000000e+00
-4.244871e+01 -1.786456e+03 -1.689277e+03 1.000000e+00
-4.352785e+01 -1.201727e+03 -1.899075e+03 1.000000e+00
-4.286505e+01 -1.247260e+03 -2.220076e+03 1.000000e+00
-3.914328e+01 -5.857377e+02 -2.357243e+03 1.000000e+00
-3.384286e+01 -5.243440e+02 -2.757486e+03 1.000000e+00
-2.904716e+01 3.191684e+02 -2.778729e+03 1.000000e+00
-2.089401e+01 5.098210e+02 -3.284425e+03 1.000000e+00
-9.270625e+00 1.431518e+03 -3.140497e+03 1.000000e+00
1.263326e+00 1.636676e+03 -3.655783e+03 1.000000e+00
-4.062030e+01 -1.786041e+03 -1.700373e+03 1.000000e+00
-4.159350e+01 -1.201895e+03 -1.910586e+03 1.000000e+00
-4.066133e+01 -1.244602e+03 -2.231484e+03 1.000000e+00
-3.992766e+01 -5.822666e+02 -2.368406e+03 1.000000e+00
-3.757119e+01 -5.189367e+02 -2.767075e+03 1.000000e+00
-2.822667e+01 3.232355e+02 -2.786486e+03 1.000000e+00
-2.045824e+01 5.194683e+02 -3.292029e+03 1.000000e+00
-1.190061e+01 1.438325e+03 -3.143278e+03 1.000000e+00
-5.152362e-01 1.645200e+03 -3.657319e+03 1.000000e+00
-3.670937e+01 -1.786178e+03 -1.710753e+03 1.000000e+00
-3.815441e+01 -1.203000e+03 -1.920734e+03 1.000000e+00
-3.750173e+01 -1.242033e+03 -2.242317e+03 1.000000e+00
-3.467820e+01 -5.797970e+02 -2.379287e+03 1.000000e+00
-3.075411e+01 -5.123869e+02 -2.777150e+03 1.000000e+00
-2.819541e+01 3.279569e+02 -2.795037e+03 1.000000e+00
-1.848025e+01 5.297402e+02 -3.297604e+03 1.000000e+00
-7.517402e+00 1.443747e+03 -3.149053e+03 1.000000e+00
3.785134e-01 1.657675e+03 -3.658886e+03 1.000000e+00
-3.083474e+01 -1.789197e+03 -1.720351e+03 1.000000e+00
-3.264106e+01 -1.202563e+03 -1.929901e+03 1.000000e+00
-3.349950e+01 -1.242792e+03 -2.252615e+03 1.000000e+00
-3.343821e+01 -5.749838e+02 -2.387522e+03 1.000000e+00
-3.128848e+01 -5.122114e+02 -2.788803e+03 1.000000e+00
-2.408851e+01 3.378892e+02 -2.802460e+03 1.000000e+00
-1.807334e+01 5.315055e+02 -3.306505e+03 1.000000e+00
-1.180039e+01 1.458408e+03 -3.152099e+03 1.000000e+00
-1.690810e+00 1.660639e+03 -3.664120e+03 1.000000e+00
-2.514405e+01 -1.786473e+03 -1.726735e+03 1.000000e+00
-2.571855e+01 -1.210037e+03 -1.939406e+03 1.000000e+00
-2.586594e+01 -1.238023e+03 -2.259168e+03 1.000000e+00
-2.551396e+01 -5.789846e+02 -2.399050e+03 1.000000e+00
-2.274850e+01 -5.029055e+02 -2.791825e+03 1.000000e+00
-2.049820e+01 3.401208e+02 -2.816603e+03 1.000000e+00
-1.408918e+01 5.413360e+02 -3.308131e+03 1.000000e+00
-5.995173e+00 1.463370e+03 -3.165191e+03 1.000000e+00
-1.484640e-01 1.668388e+03 -3.659233e+03 1.000000e+00
-1.777023e+01 -1.802666e+03 -1.733898e+03 1.000000e+00
-1.805125e+01 -1.202017e+03 -1.943441e+03 1.000000e+00
-1.878928e+01 -1.249828e+03 -2.268039e+03 1.000000e+00
-1.896194e+01 -5.682355e+02 -2.403326e+03 1.000000e+00
-1.847346e+01 -5.077768e+02 -2.803478e+03 1.000000e+00
-1.553736e+01 3.536758e+02 -2.819202e+03 1.000000e+00
-1.256612e+01 5.428214e+02 -3.320419e+03 1.000000e+00
-8.610568e+00 1.474358e+03 -3.163294e+03 1.000000e+00
-3.486049e+00 1.674461e+03 -3.673074e+03 1.000000e+00
-9.513824e+00 -1.777972e+03 -1.737878e+03 1.000000e+00
-1.009551e+01 -1.235985e+03 -1.947651e+03 1.000000e+00
-9.192842e+00 -1.223340e+03 -2.270921e+03 1.000000e+00
-8.304114e+00 -5.962261e+02 -2.410113e+03 1.000000e+00
-7.846598e+00 -4.814799e+02 -2.807034e+03 1.000000e+00
-6.180769e+00 3.331249e+02 -2.825950e+03 1.000000e+00
-2.961403e+00 5.714966e+02 -3.322169e+03 1.000000e+00
-2.260149e+00 1.462086e+03 -3.173608e+03 1.000000e+00
7.886280e-02 1.702348e+03 -3.669989e+03 1.000000e+00
0.000000e+00 -1.736941e+03 -1.736020e+03 1.000000e+00
0.000000e+00 -1.288037e+03 -1.953336e+03 1.000000e+00
0.000000e+00 -1.181789e+03 -2.266115e+03 1.000000e+00
0.000000e+00 -6.438416e+02 -2.421035e+03 1.000000e+00
0.000000e+00 -4.384840e+02 -2.795681e+03 1.000000e+00
0.000000e+00 2.971017e+02 -2.844175e+03 1.000000e+00
0.000000e+00 6.128312e+02 -3.303344e+03 1.000000e+00
0.000000e+00 1.436312e+03 -3.201433e+03 1.000000e+00
0.000000e+00 1.743566e+03 -3.642228e+03 1.000000e+00
