0 729 0.00000e+00
  1     729
0.000000e+00 -4.107760e+02 -1.863448e+03 1.000000e+00
0.000000e+00 -1.132809e+01 -2.052369e+03 1.000000e+00
0.000000e+00 1.472627e+02 -2.082232e+03 1.000000e+00
0.000000e+00 6.098376e+02 -2.238914e+03 1.000000e+00
0.000000e+00 9.553771e+02 -2.105938e+03 1.000000e+00
0.000000e+00 1.621966e+03 -2.275703e+03 1.000000e+00
0.000000e+00 1.852652e+03 -1.930742e+03 1.000000e+00
0.000000e+00 2.274849e+03 -2.058596e+03 1.000000e+00
0.000000e+00 2.237425e+03 -1.540972e+03 1.000000e+00
-3.831604e+00 -4.491595e+02 -1.855694e+03 1.000000e+00
-4.248732e+00 2.555872e+01 -2.065807e+03 1.000000e+00
-1.619232e+00 1.138591e+02 -2.067636e+03 1.000000e+00
1.216381e+00 6.496714e+02 -2.262504e+03 1.000000e+00
2.562679e+00 9.300211e+02 -2.073156e+03 1.000000e+00
6.542023e+00 1.664968e+03 -2.315810e+03 1.000000e+00
9.923017e+00 1.833956e+03 -1.883240e+03 1.000000e+00
1.129079e+01 2.317877e+03 -2.110660e+03 1.000000e+00
1.322864e+01 2.224015e+03 -1.479835e+03 1.000000e+00
-1.082933e+01 -4.759319e+02 -1.853543e+03 1.000000e+00
-7.003894e+00 5.207793e+01 -2.075778e+03 1.000000e+00
-4.562017e+00 9.221121e+01 -2.062055e+03 1.000000e+00
-8.583273e-01 6.774950e+02 -2.277903e+03 1.000000e+00
4.083456e+00 9.138599e+02 -2.054939e+03 1.000000e+00
1.109876e+01 1.691546e+03 -2.337214e+03 1.000000e+00
1.626516e+01 1.822354e+03 -1.854567e+03 1.000000e+00
2.126754e+01 2.339508e+03 -2.136586e+03 1.000000e+00
2.358165e+01 2.215410e+03 -1.442952e+03 1.000000e+00
-1.428371e+01 -4.663482e+02 -1.861012e+03 1.000000e+00
-1.262008e+01 4.455126e+01 -2.076965e+03 1.000000e+00
-8.132730e+00 1.052380e+02 -2.070741e+03 1.000000e+00
-1.818180e+00 6.731267e+02 -2.273670e+03 1.000000e+00
6.172338e+00 9.290555e+02 -2.065002e+03 1.000000e+00
1.286384e+01 1.688681e+03 -2.324855e+03 1.000000e+00
1.952858e+01 1.836561e+03 -1.863106e+03 1.000000e+00
2.548503e+01 2.333550e+03 -2.114771e+03 1.000000e+00
3.171326e+01 2.224344e+03 -1.451412e+03 1.000000e+00
-1.829373e+01 -4.666181e+02 -1.866163e+03 1.000000e+00
-1.426643e+01 4.958987e+01 -2.083915e+03 1.000000e+00
-8.984632e+00 1.078394e+02 -2.073134e+03 1.000000e+00
-1.749756e+00 6.809866e+02 -2.278399e+03 1.000000e+00
6.614514e+00 9.327300e+02 -2.062425e+03 1.000000e+00
1.752038e+01 1.696918e+03 -2.326290e+03 1.000000e+00
2.635251e+01 1.837385e+03 -1.853047e+03 1.000000e+00
3.271711e+01 2.339523e+03 -2.112178e+03 1.000000e+00
3.740767e+01 2.218568e+03 -1.434119e+03 1.000000e+00
-2.150455e+01 -4.638083e+02 -1.872315e+03 1.000000e+00
-1.660164e+01 5.182405e+01 -2.089088e+03 1.000000e+00
-1.119646e+01 1.130402e+02 -2.078504e+03 1.000000e+00
-4.048344e+00 6.850349e+02 -2.280192e+03 1.000000e+00
6.578923e+00 9.377537e+02 -2.063439e+03 1.000000e+00
1.736493e+01 1.700173e+03 -2.320883e+03 1.000000e+00
2.635958e+01 1.839298e+03 -1.849828e+03 1.000000e+00
3.440853e+01 2.338409e+03 -2.100637e+03 1.000000e+00
3.978577e+01 2.214714e+03 -1.427070e+03 1.000000e+00
-2.199960e+01 -4.604358e+02 -1.879220e+03 1.000000e+00
-1.833225e+01 5.525743e+01 -2.095043e+03 1.000000e+00
-1.128371e+01 1.179497e+02 -2.082282e+03 1.000000e+00
-1.972320e+00 6.900870e+02 -2.283069e+03 1.000000e+00
8.597513e+00 9.424698e+02 -2.062748e+03 1.000000e+00
1.988451e+01 1.704416e+03 -2.319113e+03 1.000000e+00
3.067851e+01 1.840659e+03 -1.842427e+03 1.000000e+00
3.907909e+01 2.337377e+03 -2.092276e+03 1.000000e+00
4.464858e+01 2.211101e+03 -1.415421e+03 1.000000e+00
-2.399637e+01 -4.580572e+02 -1.886330e+03 1.000000e+00
-1.821025e+01 5.973631e+01 -2.100597e+03 1.000000e+00
-1.202233e+01 1.221486e+02 -2.086320e+03 1.000000e+00
-4.122923e+00 6.950420e+02 -2.285113e+03 1.000000e+00
7.672060e+00 9.463436e+02 -2.063282e+03 1.000000e+00
2.021423e+01 1.706595e+03 -2.315094e+03 1.000000e+00
2.987607e+01 1.842152e+03 -1.837321e+03 1.000000e+00
3.789851e+01 2.334949e+03 -2.082021e+03 1.000000e+00
4.415977e+01 2.207130e+03 -1.405366e+03 1.000000e+00
-2.363949e+01 -4.553000e+02 -1.892467e+03 1.000000e+00
-1.852600e+01 6.291468e+01 -2.105839e+03 1.000000e+00
-1.192118e+01 1.260935e+02 -2.091346e+03 1.000000e+00
-3.348897e+00 6.984047e+02 -2.286371e+03 1.000000e+00
8.117884e+00 9.501671e+02 -2.063593e+03 1.000000e+00
2.012519e+01 1.708130e+03 -2.310907e+03 1.000000e+00
3.025439e+01 1.842780e+03 -1.833497e+03 1.000000e+00
3.854358e+01 2.331790e+03 -2.071069e+03 1.000000e+00
4.434776e+01 2.201061e+03 -1.396750e+03 1.000000e+00
0.000000e+00 -2.216864e+02 -1.866513e+03 1.000000e+00
0.000000e+00 -6.140614e+01 -1.925251e+03 1.000000e+00
0.000000e+00 3.251572e+02 -2.072292e+03 1.000000e+00
0.000000e+00 5.228956e+02 -2.011977e+03 1.000000e+00
0.000000e+00 1.103409e+03 -2.148948e+03 1.000000e+00
0.000000e+00 1.455330e+03 -1.877242e+03 1.000000e+00
0.000000e+00 1.943242e+03 -1.991388e+03 1.000000e+00
0.000000e+00 2.003632e+03 -1.541721e+03 1.000000e+00
0.000000e+00 2.255378e+03 -1.633899e+03 1.000000e+00
-3.420891e+00 -1.884796e+02 -1.878648e+03 1.000000e+00
-2.527051e+00 -9.546623e+01 -1.913603e+03 1.000000e+00
-1.036277e+00 3.614257e+02 -2.089154e+03 1.000000e+00
1.852503e+00 4.930967e+02 -1.989249e+03 1.000000e+00
4.587402e+00 1.143359e+03 -2.186165e+03 1.000000e+00
7.205276e+00 1.433200e+03 -1.831892e+03 1.000000e+00
1.010977e+01 1.983289e+03 -2.041325e+03 1.000000e+00
1.188980e+01 1.986738e+03 -1.483899e+03 1.000000e+00
1.432681e+01 2.294607e+03 -1.692784e+03 1.000000e+00
-8.964130e+00 -1.638929e+02 -1.888785e+03 1.000000e+00
-6.435670e+00 -1.188335e+02 -1.907811e+03 1.000000e+00
-2.284580e+00 3.880385e+02 -2.101881e+03 1.000000e+00
4.098833e-01 4.745693e+02 -1.976951e+03 1.000000e+00
5.806438e+00 1.170619e+03 -2.208737e+03 1.000000e+00
1.247701e+01 1.419761e+03 -1.802800e+03 1.000000e+00
1.884681e+01 2.006863e+03 -2.068869e+03 1.000000e+00
2.159588e+01 1.975837e+03 -1.447344e+03 1.000000e+00
2.430561e+01 2.312369e+03 -1.722599e+03 1.000000e+00
-1.260253e+01 -1.725397e+02 -1.889172e+03 1.000000e+00
-9.274187e+00 -1.071025e+02 -1.915878e+03 1.000000e+00
-5.957079e+00 3.827785e+02 -2.100606e+03 1.000000e+00
1.846654e+00 4.891947e+02 -1.985005e+03 1.000000e+00
1.018020e+01 1.167002e+03 -2.199007e+03 1.000000e+00
1.756735e+01 1.434086e+03 -1.813026e+03 1.000000e+00
2.311043e+01 2.003025e+03 -2.050404e+03 1.000000e+00
2.993878e+01 1.987230e+03 -1.455856e+03 1.000000e+00
3.385490e+01 2.303454e+03 -1.698194e+03 1.000000e+00
-1.566749e+01 -1.699157e+02 -1.895445e+03 1.000000e+00
-1.259178e+01 -1.063137e+02 -1.919938e+03 1.000000e+00
-5.933580e+00 3.880276e+02 -2.104712e+03 1.000000e+00
4.005753e-01 4.910043e+02 -1.985184e+03 1.000000e+00
8.906181e+00 1.172603e+03 -2.201350e+03 1.000000e+00
1.966209e+01 1.434152e+03 -1.806692e+03 1.000000e+00
2.842704e+01 2.006423e+03 -2.048695e+03 1.000000e+00
3.394434e+01 1.982127e+03 -1.442405e+03 1.000000e+00
3.789914e+01 2.302291e+03 -1.694192e+03 1.000000e+00
-1.851268e+01 -1.681976e+02 -1.901576e+03 1.000000e+00
-1.280572e+01 -1.022728e+02 -1.924132e+03 1.000000e+00
-7.267462e+00 3.921044e+02 -2.108454e+03 1.000000e+00
6.677549e-01 4.964554e+02 -1.987679e+03 1.000000e+00
1.241532e+01 1.177080e+03 -2.198289e+03 1.000000e+00
2.342517e+01 1.437745e+03 -1.804841e+03 1.000000e+00
3.213739e+01 2.007520e+03 -2.039888e+03 1.000000e+00
3.918891e+01 1.980831e+03 -1.436975e+03 1.000000e+00
4.380430e+01 2.298510e+03 -1.679579e+03 1.000000e+00
-1.932371e+01 -1.668091e+02 -1.906785e+03 1.000000e+00
-1.503912e+01 -9.757813e+01 -1.929432e+03 1.000000e+00
-8.223654e+00 3.953490e+02 -2.111672e+03 1.000000e+00
1.311504e+00 5.009548e+02 -1.988285e+03 1.000000e+00
1.134883e+01 1.180547e+03 -2.198633e+03 1.000000e+00
2.294295e+01 1.438942e+03 -1.799934e+03 1.000000e+00
3.340061e+01 2.007578e+03 -2.034078e+03 1.000000e+00
4.081910e+01 1.977836e+03 -1.426794e+03 1.000000e+00
4.478552e+01 2.292208e+03 -1.669999e+03 1.000000e+00
-2.038798e+01 -1.635137e+02 -1.913120e+03 1.000000e+00
-1.472840e+01 -9.507976e+01 -1.934059e+03 1.000000e+00
-7.609890e+00 3.991134e+02 -2.114349e+03 1.000000e+00
4.021370e-01 5.039062e+02 -1.989884e+03 1.000000e+00
1.308797e+01 1.182410e+03 -2.197073e+03 1.000000e+00
2.553975e+01 1.439432e+03 -1.796549e+03 1.000000e+00
3.479846e+01 2.004807e+03 -2.026291e+03 1.000000e+00
4.204612e+01 1.973826e+03 -1.418954e+03 1.000000e+00
4.679926e+01 2.283205e+03 -1.658467e+03 1.000000e+00
-2.037156e+01 -1.600545e+02 -1.918980e+03 1.000000e+00
-1.480986e+01 -9.132750e+01 -1.938056e+03 1.000000e+00
-8.075162e+00 4.035412e+02 -2.117910e+03 1.000000e+00
7.508851e-01 5.084662e+02 -1.991272e+03 1.000000e+00
1.270613e+01 1.185839e+03 -2.194092e+03 1.000000e+00
2.493157e+01 1.442378e+03 -1.794659e+03 1.000000e+00
3.459371e+01 2.004467e+03 -2.018126e+03 1.000000e+00
4.171611e+01 1.971930e+03 -1.412509e+03 1.000000e+00
4.663254e+01 2.278932e+03 -1.645145e+03 1.000000e+00
0.000000e+00 -2.561137e+02 -1.761656e+03 1.000000e+00
0.000000e+00 1.094901e+02 -1.909544e+03 1.000000e+00
0.000000e+00 2.593367e+02 -1.895415e+03 1.000000e+00
0.000000e+00 6.679278e+02 -2.005553e+03 1.000000e+00
0.000000e+00 9.737433e+02 -1.821904e+03 1.000000e+00
0.000000e+00 1.543118e+03 -1.925795e+03 1.000000e+00
0.000000e+00 1.710434e+03 -1.538935e+03 1.000000e+00
0.000000e+00 2.024868e+03 -1.615577e+03 1.000000e+00
0.000000e+00 1.925740e+03 -1.099094e+03 1.000000e+00
-2.363195e+00 -2.907542e+02 -1.751049e+03 1.000000e+00
-1.730156e+00 1.434672e+02 -1.924684e+03 1.000000e+00
-1.597313e-01 2.294957e+02 -1.878725e+03 1.000000e+00
2.267114e+00 7.047366e+02 -2.031277e+03 1.000000e+00
5.437129e+00 9.500867e+02 -1.782628e+03 1.000000e+00
8.668889e+00 1.583926e+03 -1.973720e+03 1.000000e+00
9.916704e+00 1.692665e+03 -1.484617e+03 1.000000e+00
1.222336e+01 2.064080e+03 -1.672444e+03 1.000000e+00
1.443964e+01 1.910729e+03 -1.031496e+03 1.000000e+00
-7.402200e+00 -3.148495e+02 -1.746095e+03 1.000000e+00
-4.440284e+00 1.685591e+02 -1.936276e+03 1.000000e+00
-1.168692e+00 2.092065e+02 -1.868963e+03 1.000000e+00
3.551354e+00 7.314449e+02 -2.049600e+03 1.000000e+00
7.339260e+00 9.350651e+02 -1.757050e+03 1.000000e+00
1.494599e+01 1.609349e+03 -2.002221e+03 1.000000e+00
2.024523e+01 1.680568e+03 -1.448169e+03 1.000000e+00
2.387304e+01 2.085141e+03 -1.704987e+03 1.000000e+00
2.368367e+01 1.899891e+03 -9.872534e+02 1.000000e+00
-1.040622e+01 -3.052749e+02 -1.752842e+03 1.000000e+00
-7.003101e+00 1.612803e+02 -1.935693e+03 1.000000e+00
-2.668078e+00 2.214899e+02 -1.876192e+03 1.000000e+00
3.488351e+00 7.259822e+02 -2.043997e+03 1.000000e+00
1.320331e+01 9.472653e+02 -1.767001e+03 1.000000e+00
1.968929e+01 1.603028e+03 -1.987065e+03 1.000000e+00
2.599861e+01 1.690701e+03 -1.457266e+03 1.000000e+00
3.094688e+01 2.076177e+03 -1.683211e+03 1.000000e+00
3.543342e+01 1.905896e+03 -9.977384e+02 1.000000e+00
-1.322950e+01 -3.054757e+02 -1.756921e+03 1.000000e+00
-9.538405e+00 1.659174e+02 -1.940405e+03 1.000000e+00
-3.562486e+00 2.236646e+02 -1.877667e+03 1.000000e+00
4.079445e+00 7.319007e+02 -2.046105e+03 1.000000e+00
1.252028e+01 9.499319e+02 -1.763678e+03 1.000000e+00
2.335812e+01 1.608236e+03 -1.986720e+03 1.000000e+00
3.091868e+01 1.689626e+03 -1.448171e+03 1.000000e+00
3.606652e+01 2.077389e+03 -1.679156e+03 1.000000e+00
3.897173e+01 1.900071e+03 -9.829186e+02 1.000000e+00
-1.539187e+01 -3.032105e+02 -1.761654e+03 1.000000e+00
-9.176342e+00 1.687175e+02 -1.943991e+03 1.000000e+00
-3.162228e+00 2.268849e+02 -1.880718e+03 1.000000e+00
4.489528e+00 7.354954e+02 -2.046352e+03 1.000000e+00
1.587753e+01 9.521282e+02 -1.763006e+03 1.000000e+00
2.685630e+01 1.608049e+03 -1.980367e+03 1.000000e+00
3.562858e+01 1.687700e+03 -1.444065e+03 1.000000e+00
4.206896e+01 2.073676e+03 -1.667785e+03 1.000000e+00
4.478053e+01 1.892015e+03 -9.771537e+02 1.000000e+00
-1.623574e+01 -2.996504e+02 -1.766330e+03 1.000000e+00
-1.180004e+01 1.706082e+02 -1.948115e+03 1.000000e+00
-4.573405e+00 2.316032e+02 -1.882781e+03 1.000000e+00
4.581821e+00 7.379185e+02 -2.046946e+03 1.000000e+00
1.556142e+01 9.540784e+02 -1.760422e+03 1.000000e+00
2.727993e+01 1.608675e+03 -1.977197e+03 1.000000e+00
3.653222e+01 1.684979e+03 -1.435660e+03 1.000000e+00
4.253359e+01 2.068896e+03 -1.660061e+03 1.000000e+00
4.581708e+01 1.884174e+03 -9.669701e+02 1.000000e+00
-1.699820e+01 -2.977537e+02 -1.771339e+03 1.000000e+00
-1.059536e+01 1.748827e+02 -1.951981e+03 1.000000e+00
-3.783795e+00 2.343967e+02 -1.884609e+03 1.000000e+00
5.027646e+00 7.415375e+02 -2.046944e+03 1.000000e+00
1.703962e+01 9.567194e+02 -1.758795e+03 1.000000e+00
2.929809e+01 1.609005e+03 -1.972038e+03 1.000000e+00
3.832640e+01 1.683578e+03 -1.429405e+03 1.000000e+00
4.483626e+01 2.063269e+03 -1.650559e+03 1.000000e+00
4.833493e+01 1.879489e+03 -9.576851e+02 1.000000e+00
-1.686169e+01 -2.958136e+02 -1.775689e+03 1.000000e+00
-1.106249e+01 1.781377e+02 -1.955152e+03 1.000000e+00
-3.926677e+00 2.364271e+02 -1.887385e+03 1.000000e+00
4.784204e+00 7.436415e+02 -2.046324e+03 1.000000e+00
1.672724e+01 9.565392e+02 -1.757530e+03 1.000000e+00
2.918116e+01 1.605984e+03 -1.965923e+03 1.000000e+00
3.820559e+01 1.679809e+03 -1.424874e+03 1.000000e+00
4.421199e+01 2.056142e+03 -1.639814e+03 1.000000e+00
4.766226e+01 1.869904e+03 -9.504797e+02 1.000000e+00
0.000000e+00 -9.076425e+01 -1.745252e+03 1.000000e+00
0.000000e+00 6.340198e+01 -1.761567e+03 1.000000e+00
0.000000e+00 4.022502e+02 -1.864123e+03 1.000000e+00
0.000000e+00 5.738981e+02 -1.760655e+03 1.000000e+00
0.000000e+00 1.070295e+03 -1.848137e+03 1.000000e+00
0.000000e+00 1.353550e+03 -1.532498e+03 1.000000e+00
0.000000e+00 1.736063e+03 -1.597496e+03 1.000000e+00
0.000000e+00 1.737470e+03 -1.139426e+03 1.000000e+00
0.000000e+00 1.894370e+03 -1.212499e+03 1.000000e+00
-2.479205e+00 -6.047449e+01 -1.758346e+03 1.000000e+00
-2.865542e-01 3.325967e+01 -1.747085e+03 1.000000e+00
8.821699e-01 4.364330e+02 -1.883702e+03 1.000000e+00
2.832351e+00 5.480521e+02 -1.733846e+03 1.000000e+00
6.914264e+00 1.106732e+03 -1.889221e+03 1.000000e+00
9.998356e+00 1.333595e+03 -1.481324e+03 1.000000e+00
1.167404e+01 1.775070e+03 -1.653952e+03 1.000000e+00
1.202001e+01 1.720482e+03 -1.075825e+03 1.000000e+00
1.389996e+01 1.928786e+03 -1.276823e+03 1.000000e+00
-5.119610e+00 -3.817969e+01 -1.769116e+03 1.000000e+00
-3.120339e+00 1.234228e+01 -1.738335e+03 1.000000e+00
6.184186e-01 4.613089e+02 -1.898290e+03 1.000000e+00
4.471592e+00 5.301550e+02 -1.715918e+03 1.000000e+00
1.070383e+01 1.132460e+03 -1.916771e+03 1.000000e+00
1.526946e+01 1.319792e+03 -1.445701e+03 1.000000e+00
2.143133e+01 1.797388e+03 -1.688302e+03 1.000000e+00
2.384096e+01 1.707733e+03 -1.032260e+03 1.000000e+00
2.531352e+01 1.946281e+03 -1.313940e+03 1.000000e+00
-8.799380e+00 -4.633269e+01 -1.768830e+03 1.000000e+00
-4.511595e+00 2.285227e+01 -1.744759e+03 1.000000e+00
-3.143294e-01 4.551449e+02 -1.895326e+03 1.000000e+00
6.072708e+00 5.422613e+02 -1.723092e+03 1.000000e+00
1.377423e+01 1.127201e+03 -1.905408e+03 1.000000e+00
2.223611e+01 1.330639e+03 -1.455614e+03 1.000000e+00
2.722812e+01 1.789799e+03 -1.668746e+03 1.000000e+00
3.158368e+01 1.715592e+03 -1.042645e+03 1.000000e+00
3.312169e+01 1.935503e+03 -1.290089e+03 1.000000e+00
-9.705393e+00 -4.327972e+01 -1.773097e+03 1.000000e+00
-5.786552e+00 2.405695e+01 -1.747285e+03 1.000000e+00
1.664094e-01 4.600825e+02 -1.897638e+03 1.000000e+00
7.782528e+00 5.444963e+02 -1.722097e+03 1.000000e+00
1.769607e+01 1.130666e+03 -1.905885e+03 1.000000e+00
2.676108e+01 1.329479e+03 -1.449262e+03 1.000000e+00
3.426813e+01 1.790881e+03 -1.666470e+03 1.000000e+00
3.897099e+01 1.711205e+03 -1.031282e+03 1.000000e+00
4.187247e+01 1.931860e+03 -1.286119e+03 1.000000e+00
-1.295483e+01 -4.164642e+01 -1.777234e+03 1.000000e+00
-6.850667e+00 2.640997e+01 -1.750097e+03 1.000000e+00
-4.441855e-01 4.630701e+02 -1.899236e+03 1.000000e+00
6.533486e+00 5.465130e+02 -1.722475e+03 1.000000e+00
1.706728e+01 1.132613e+03 -1.902046e+03 1.000000e+00
2.833661e+01 1.328896e+03 -1.446654e+03 1.000000e+00
3.624862e+01 1.787998e+03 -1.657463e+03 1.000000e+00
4.063342e+01 1.704867e+03 -1.026797e+03 1.000000e+00
4.159193e+01 1.925078e+03 -1.273942e+03 1.000000e+00
-1.231897e+01 -4.082240e+01 -1.781208e+03 1.000000e+00
-6.933170e+00 3.062958e+01 -1.752887e+03 1.000000e+00
4.383374e-02 4.646725e+02 -1.900740e+03 1.000000e+00
9.732060e+00 5.498967e+02 -1.721669e+03 1.000000e+00
2.094641e+01 1.132937e+03 -1.900087e+03 1.000000e+00
3.230120e+01 1.327284e+03 -1.440795e+03 1.000000e+00
4.092941e+01 1.784715e+03 -1.651404e+03 1.000000e+00
4.638503e+01 1.698170e+03 -1.017937e+03 1.000000e+00
4.973603e+01 1.917605e+03 -1.265273e+03 1.000000e+00
-1.372085e+01 -3.739273e+01 -1.785080e+03 1.000000e+00
-7.544849e+00 3.294971e+01 -1.755956e+03 1.000000e+00
-3.192191e-01 4.681772e+02 -1.901498e+03 1.000000e+00
7.886652e+00 5.518746e+02 -1.721154e+03 1.000000e+00
1.985781e+01 1.133386e+03 -1.897206e+03 1.000000e+00
3.166148e+01 1.325840e+03 -1.436046e+03 1.000000e+00
3.987696e+01 1.779792e+03 -1.644437e+03 1.000000e+00
4.501261e+01 1.693398e+03 -1.009344e+03 1.000000e+00
4.649804e+01 1.908010e+03 -1.256047e+03 1.000000e+00
-1.335515e+01 -3.483381e+01 -1.788642e+03 1.000000e+00
-7.323431e+00 3.427344e+01 -1.758333e+03 1.000000e+00
-1.782642e-02 4.707364e+02 -1.902533e+03 1.000000e+00
8.584580e+00 5.525282e+02 -1.720882e+03 1.000000e+00
2.012098e+01 1.133139e+03 -1.892595e+03 1.000000e+00
3.223273e+01 1.324133e+03 -1.432745e+03 1.000000e+00
4.081324e+01 1.774400e+03 -1.635974e+03 1.000000e+00
4.553865e+01 1.686156e+03 -1.003795e+03 1.000000e+00
4.741971e+01 1.897266e+03 -1.246076e+03 1.000000e+00
0.000000e+00 -1.201930e+02 -1.620039e+03 1.000000e+00
0.000000e+00 2.041364e+02 -1.727061e+03 1.000000e+00
0.000000e+00 3.343362e+02 -1.670360e+03 1.000000e+00
0.000000e+00 6.775872e+02 -1.737420e+03 1.000000e+00
0.000000e+00 9.268442e+02 -1.518426e+03 1.000000e+00
0.000000e+00 1.386227e+03 -1.578833e+03 1.000000e+00
0.000000e+00 1.489896e+03 -1.175090e+03 1.000000e+00
0.000000e+00 1.709017e+03 -1.230140e+03 1.000000e+00
0.000000e+00 1.573335e+03 -7.449250e+02 1.000000e+00
-1.457702e+00 -1.502831e+02 -1.607500e+03 1.000000e+00
-5.780328e-01 2.337865e+02 -1.743494e+03 1.000000e+00
1.671449e+00 3.074749e+02 -1.650732e+03 1.000000e+00
3.439031e+00 7.104715e+02 -1.767091e+03 1.000000e+00
6.159802e+00 9.040978e+02 -1.472489e+03 1.000000e+00
1.091473e+01 1.421755e+03 -1.632134e+03 1.000000e+00
1.150433e+01 1.470869e+03 -1.115431e+03 1.000000e+00
1.161158e+01 1.743762e+03 -1.294172e+03 1.000000e+00
1.194845e+01 1.556597e+03 -6.720219e+02 1.000000e+00
-3.758197e+00 -1.716234e+02 -1.599469e+03 1.000000e+00
-3.489254e-01 2.560803e+02 -1.756557e+03 1.000000e+00
1.850765e+00 2.891690e+02 -1.637431e+03 1.000000e+00
7.033404e+00 7.348301e+02 -1.788072e+03 1.000000e+00
1.230571e+01 8.881104e+02 -1.439675e+03 1.000000e+00
1.835151e+01 1.445348e+03 -1.667543e+03 1.000000e+00
2.147649e+01 1.457076e+03 -1.073088e+03 1.000000e+00
2.525561e+01 1.763348e+03 -1.333158e+03 1.000000e+00
2.559402e+01 1.544011e+03 -6.218006e+02 1.000000e+00
-6.174520e+00 -1.622545e+02 -1.605509e+03 1.000000e+00
-2.669974e+00 2.499274e+02 -1.754221e+03 1.000000e+00
2.637002e+00 3.008980e+02 -1.643700e+03 1.000000e+00
8.100509e+00 7.301619e+02 -1.780377e+03 1.000000e+00
1.606877e+01 8.998019e+02 -1.449916e+03 1.000000e+00
2.288543e+01 1.439351e+03 -1.650628e+03 1.000000e+00
2.964098e+01 1.466977e+03 -1.083565e+03 1.000000e+00
3.143826e+01 1.755260e+03 -1.310992e+03 1.000000e+00
3.222177e+01 1.550797e+03 -6.353325e+02 1.000000e+00
-7.276759e+00 -1.630325e+02 -1.608348e+03 1.000000e+00
-2.655468e+00 2.525384e+02 -1.756743e+03 1.000000e+00
2.735148e+00 3.015587e+02 -1.643788e+03 1.000000e+00
9.909545e+00 7.323370e+02 -1.781120e+03 1.000000e+00
1.875194e+01 8.983983e+02 -1.445762e+03 1.000000e+00
2.807023e+01 1.438595e+03 -1.649306e+03 1.000000e+00
3.366647e+01 1.461811e+03 -1.075123e+03 1.000000e+00
3.783711e+01 1.750056e+03 -1.308597e+03 1.000000e+00
3.963381e+01 1.541234e+03 -6.236497e+02 1.000000e+00
-9.153989e+00 -1.610760e+02 -1.611004e+03 1.000000e+00
-3.041139e+00 2.558608e+02 -1.758952e+03 1.000000e+00
3.400026e+00 3.039463e+02 -1.644681e+03 1.000000e+00
1.103009e+01 7.356708e+02 -1.779920e+03 1.000000e+00
2.182930e+01 8.992658e+02 -1.443316e+03 1.000000e+00
3.286664e+01 1.438694e+03 -1.643375e+03 1.000000e+00
3.969551e+01 1.458017e+03 -1.071839e+03 1.000000e+00
4.328563e+01 1.746216e+03 -1.298044e+03 1.000000e+00
4.378815e+01 1.534925e+03 -6.199058e+02 1.000000e+00
-9.358402e+00 -1.578199e+02 -1.614137e+03 1.000000e+00
-3.857250e+00 2.567132e+02 -1.760723e+03 1.000000e+00
3.314158e+00 3.073319e+02 -1.645284e+03 1.000000e+00
1.183266e+01 7.361246e+02 -1.778322e+03 1.000000e+00
2.199876e+01 8.996299e+02 -1.440845e+03 1.000000e+00
3.202226e+01 1.435308e+03 -1.637833e+03 1.000000e+00
4.082420e+01 1.452772e+03 -1.064801e+03 1.000000e+00
4.509355e+01 1.740260e+03 -1.290722e+03 1.000000e+00
4.598431e+01 1.524797e+03 -6.130002e+02 1.000000e+00
-9.754159e+00 -1.570566e+02 -1.617472e+03 1.000000e+00
-3.389068e+00 2.592175e+02 -1.762386e+03 1.000000e+00
3.792137e+00 3.083313e+02 -1.645552e+03 1.000000e+00
1.223164e+01 7.364921e+02 -1.776743e+03 1.000000e+00
2.407268e+01 8.978389e+02 -1.437522e+03 1.000000e+00
3.611692e+01 1.430302e+03 -1.632896e+03 1.000000e+00
4.275545e+01 1.447269e+03 -1.057658e+03 1.000000e+00
4.649023e+01 1.729745e+03 -1.283501e+03 1.000000e+00
4.776804e+01 1.514775e+03 -6.047994e+02 1.000000e+00
-9.659672e+00 -1.546696e+02 -1.620486e+03 1.000000e+00
-3.622328e+00 2.629850e+02 -1.763541e+03 1.000000e+00
3.693455e+00 3.101532e+02 -1.646029e+03 1.000000e+00
1.222404e+01 7.391348e+02 -1.774977e+03 1.000000e+00
2.330517e+01 8.985810e+02 -1.434072e+03 1.000000e+00
3.461849e+01 1.428495e+03 -1.626967e+03 1.000000e+00
4.242587e+01 1.443932e+03 -1.053073e+03 1.000000e+00
4.639174e+01 1.723838e+03 -1.274699e+03 1.000000e+00
4.710088e+01 1.510157e+03 -5.994988e+02 1.000000e+00
0.000000e+00 1.584299e+01 -1.586643e+03 1.000000e+00
0.000000e+00 1.542090e+02 -1.562309e+03 1.000000e+00
0.000000e+00 4.389219e+02 -1.625046e+03 1.000000e+00
0.000000e+00 5.729457e+02 -1.486184e+03 1.000000e+00
0.000000e+00 9.719487e+02 -1.538641e+03 1.000000e+00
0.000000e+00 1.181083e+03 -1.204464e+03 1.000000e+00
0.000000e+00 1.464446e+03 -1.248408e+03 1.000000e+00
0.000000e+00 1.421164e+03 -8.097823e+02 1.000000e+00
0.000000e+00 1.512189e+03 -8.842755e+02 1.000000e+00
-1.421077e+00 4.334253e+01 -1.601324e+03 1.000000e+00
8.287553e-01 1.295477e+02 -1.545504e+03 1.000000e+00
2.351812e+00 4.698230e+02 -1.646473e+03 1.000000e+00
4.491318e+00 5.517482e+02 -1.455767e+03 1.000000e+00
8.877933e+00 1.007382e+03 -1.584580e+03 1.000000e+00
1.169212e+01 1.163670e+03 -1.147516e+03 1.000000e+00
1.283139e+01 1.500821e+03 -1.310998e+03 1.000000e+00
1.301906e+01 1.407512e+03 -7.398022e+02 1.000000e+00
1.393309e+01 1.547350e+03 -9.561194e+02 1.000000e+00
-1.949269e+00 6.312117e+01 -1.613279e+03 1.000000e+00
1.587871e-01 1.109484e+02 -1.533767e+03 1.000000e+00
3.998888e+00 4.920488e+02 -1.662520e+03 1.000000e+00
7.068648e+00 5.353890e+02 -1.433678e+03 1.000000e+00
1.277193e+01 1.030088e+03 -1.616699e+03 1.000000e+00
1.723106e+01 1.147937e+03 -1.105381e+03 1.000000e+00
2.241340e+01 1.522341e+03 -1.352306e+03 1.000000e+00
2.249653e+01 1.393961e+03 -6.904331e+02 1.000000e+00
2.290237e+01 1.562903e+03 -1.001708e+03 1.000000e+00
-3.682159e+00 5.569075e+01 -1.611744e+03 1.000000e+00
4.366322e-01 1.199912e+02 -1.539316e+03 1.000000e+00
4.825119e+00 4.857477e+02 -1.657670e+03 1.000000e+00
1.106746e+01 5.447197e+02 -1.440599e+03 1.000000e+00
1.793831e+01 1.022335e+03 -1.603626e+03 1.000000e+00
2.510835e+01 1.155058e+03 -1.116466e+03 1.000000e+00
2.911300e+01 1.512070e+03 -1.331556e+03 1.000000e+00
3.285240e+01 1.398216e+03 -7.041107e+02 1.000000e+00
3.254922e+01 1.550542e+03 -9.775175e+02 1.000000e+00
-5.043654e+00 5.812655e+01 -1.613837e+03 1.000000e+00
-7.834189e-02 1.217643e+02 -1.540430e+03 1.000000e+00
5.431711e+00 4.892860e+02 -1.658255e+03 1.000000e+00
1.170838e+01 5.467280e+02 -1.438472e+03 1.000000e+00
2.030032e+01 1.025679e+03 -1.602729e+03 1.000000e+00
2.919328e+01 1.155238e+03 -1.110412e+03 1.000000e+00
3.437051e+01 1.511193e+03 -1.330273e+03 1.000000e+00
3.597831e+01 1.395030e+03 -6.946706e+02 1.000000e+00
3.651458e+01 1.548498e+03 -9.756522e+02 1.000000e+00
-4.895637e+00 5.955162e+01 -1.616040e+03 1.000000e+00
3.640895e-01 1.223379e+02 -1.541717e+03 1.000000e+00
6.819890e+00 4.911127e+02 -1.657938e+03 1.000000e+00
1.426707e+01 5.461207e+02 -1.437508e+03 1.000000e+00
2.411510e+01 1.024198e+03 -1.598536e+03 1.000000e+00
3.323505e+01 1.149155e+03 -1.107209e+03 1.000000e+00
4.046810e+01 1.506478e+03 -1.322762e+03 1.000000e+00
4.408979e+01 1.386130e+03 -6.913928e+02 1.000000e+00
4.390245e+01 1.538919e+03 -9.663530e+02 1.000000e+00
-6.371701e+00 6.028768e+01 -1.618970e+03 1.000000e+00
-4.940261e-01 1.255705e+02 -1.542304e+03 1.000000e+00
6.676933e+00 4.917821e+02 -1.657598e+03 1.000000e+00
1.439620e+01 5.477049e+02 -1.435865e+03 1.000000e+00
2.464532e+01 1.022524e+03 -1.594548e+03 1.000000e+00
3.498768e+01 1.146532e+03 -1.103171e+03 1.000000e+00
4.116296e+01 1.500436e+03 -1.315048e+03 1.000000e+00
4.391678e+01 1.377792e+03 -6.860433e+02 1.000000e+00
4.325290e+01 1.531545e+03 -9.592598e+02 1.000000e+00
-5.867094e+00 6.268930e+01 -1.620664e+03 1.000000e+00
5.281058e-01 1.273215e+02 -1.543376e+03 1.000000e+00
7.162284e+00 4.936983e+02 -1.656959e+03 1.000000e+00
1.561258e+01 5.485718e+02 -1.433543e+03 1.000000e+00
2.630280e+01 1.021463e+03 -1.591173e+03 1.000000e+00
3.680749e+01 1.144640e+03 -1.097431e+03 1.000000e+00
4.360003e+01 1.493836e+03 -1.309775e+03 1.000000e+00
4.673449e+01 1.372292e+03 -6.786714e+02 1.000000e+00
4.727781e+01 1.522651e+03 -9.527335e+02 1.000000e+00
-5.879161e+00 6.443879e+01 -1.621591e+03 1.000000e+00
1.180300e-01 1.278215e+02 -1.544845e+03 1.000000e+00
7.168063e+00 4.942724e+02 -1.655726e+03 1.000000e+00
1.542296e+01 5.471412e+02 -1.431643e+03 1.000000e+00
2.606375e+01 1.017401e+03 -1.587253e+03 1.000000e+00
3.620862e+01 1.137271e+03 -1.092800e+03 1.000000e+00
4.296115e+01 1.485101e+03 -1.303081e+03 1.000000e+00
4.630625e+01 1.363340e+03 -6.733975e+02 1.000000e+00
4.625793e+01 1.510575e+03 -9.444921e+02 1.000000e+00
0.000000e+00 -1.311174e+01 -1.446502e+03 1.000000e+00
0.000000e+00 2.607795e+02 -1.515056e+03 1.000000e+00
0.000000e+00 3.644077e+02 -1.422724e+03 1.000000e+00
0.000000e+00 6.379797e+02 -1.457892e+03 1.000000e+00
0.000000e+00 8.222117e+02 -1.216904e+03 1.000000e+00
0.000000e+00 1.172243e+03 -1.260428e+03 1.000000e+00
0.000000e+00 1.221707e+03 -8.685595e+02 1.000000e+00
0.000000e+00 1.368479e+03 -9.242871e+02 1.000000e+00
0.000000e+00 1.223780e+03 -4.853471e+02 1.000000e+00
1.433336e-01 -3.821653e+01 -1.432032e+03 1.000000e+00
1.160309e+00 2.866075e+02 -1.533099e+03 1.000000e+00
3.593281e+00 3.418590e+02 -1.400664e+03 1.000000e+00
5.780342e+00 6.661264e+02 -1.490109e+03 1.000000e+00
8.477050e+00 8.000967e+02 -1.167085e+03 1.000000e+00
1.188525e+01 1.201317e+03 -1.319482e+03 1.000000e+00
1.272376e+01 1.202523e+03 -8.023147e+02 1.000000e+00
1.379090e+01 1.397399e+03 -9.937670e+02 1.000000e+00
1.375375e+01 1.205068e+03 -4.080592e+02 1.000000e+00
-1.338604e+00 -5.642373e+01 -1.421769e+03 1.000000e+00
2.094478e+00 3.064932e+02 -1.547119e+03 1.000000e+00
4.491385e+00 3.258504e+02 -1.384405e+03 1.000000e+00
8.838350e+00 6.872940e+02 -1.513365e+03 1.000000e+00
1.245964e+01 7.847579e+02 -1.129784e+03 1.000000e+00
1.884256e+01 1.221942e+03 -1.360133e+03 1.000000e+00
2.117956e+01 1.187124e+03 -7.535265e+02 1.000000e+00
2.251583e+01 1.415334e+03 -1.040994e+03 1.000000e+00
1.995586e+01 1.191984e+03 -3.532456e+02 1.000000e+00
-1.023001e+00 -4.857997e+01 -1.426985e+03 1.000000e+00
2.411460e+00 3.006391e+02 -1.543418e+03 1.000000e+00
6.984466e+00 3.351867e+02 -1.389955e+03 1.000000e+00
1.189840e+01 6.816676e+02 -1.503866e+03 1.000000e+00
1.912299e+01 7.941774e+02 -1.140515e+03 1.000000e+00
2.414469e+01 1.215001e+03 -1.342075e+03 1.000000e+00
2.822042e+01 1.193801e+03 -7.667517e+02 1.000000e+00
3.025870e+01 1.405958e+03 -1.018467e+03 1.000000e+00
3.134506e+01 1.196882e+03 -3.696785e+02 1.000000e+00
-1.774449e+00 -4.818448e+01 -1.428464e+03 1.000000e+00
3.064418e+00 3.021336e+02 -1.544222e+03 1.000000e+00
8.659554e+00 3.361141e+02 -1.388886e+03 1.000000e+00
1.484137e+01 6.826329e+02 -1.503376e+03 1.000000e+00
2.248337e+01 7.920367e+02 -1.136185e+03 1.000000e+00
3.104190e+01 1.211462e+03 -1.341051e+03 1.000000e+00
3.558625e+01 1.189330e+03 -7.598495e+02 1.000000e+00
3.713243e+01 1.400693e+03 -1.016851e+03 1.000000e+00
3.621307e+01 1.189385e+03 -3.610119e+02 1.000000e+00
-2.516509e+00 -4.781200e+01 -1.429526e+03 1.000000e+00
2.910341e+00 3.045211e+02 -1.544668e+03 1.000000e+00
8.470822e+00 3.366750e+02 -1.388206e+03 1.000000e+00
1.522904e+01 6.841163e+02 -1.500992e+03 1.000000e+00
2.370901e+01 7.903525e+02 -1.133489e+03 1.000000e+00
3.220005e+01 1.210737e+03 -1.335219e+03 1.000000e+00
3.777245e+01 1.183159e+03 -7.565836e+02 1.000000e+00
4.019952e+01 1.395651e+03 -1.010248e+03 1.000000e+00
3.860648e+01 1.181179e+03 -3.594576e+02 1.000000e+00
-2.025387e+00 -4.593276e+01 -1.430479e+03 1.000000e+00
3.887809e+00 3.051456e+02 -1.544888e+03 1.000000e+00
1.056785e+01 3.379823e+02 -1.387477e+03 1.000000e+00
1.833237e+01 6.830658e+02 -1.497804e+03 1.000000e+00
2.831395e+01 7.886229e+02 -1.131180e+03 1.000000e+00
3.744133e+01 1.205399e+03 -1.328950e+03 1.000000e+00
4.272727e+01 1.176385e+03 -7.530259e+02 1.000000e+00
4.487556e+01 1.387717e+03 -1.002513e+03 1.000000e+00
4.562532e+01 1.172482e+03 -3.552092e+02 1.000000e+00
-2.496892e+00 -4.459152e+01 -1.431797e+03 1.000000e+00
3.103587e+00 3.064454e+02 -1.544939e+03 1.000000e+00
9.956770e+00 3.388169e+02 -1.385842e+03 1.000000e+00
1.735959e+01 6.824448e+02 -1.495897e+03 1.000000e+00
2.669406e+01 7.862299e+02 -1.126416e+03 1.000000e+00
3.649641e+01 1.198989e+03 -1.325044e+03 1.000000e+00
4.220352e+01 1.170782e+03 -7.470256e+02 1.000000e+00
4.469393e+01 1.378642e+03 -9.969881e+02 1.000000e+00
4.245938e+01 1.164763e+03 -3.493655e+02 1.000000e+00
-2.381937e+00 -4.363916e+01 -1.433190e+03 1.000000e+00
3.696592e+00 3.074973e+02 -1.544452e+03 1.000000e+00
1.021682e+01 3.393984e+02 -1.384540e+03 1.000000e+00
1.788605e+01 6.815464e+02 -1.493018e+03 1.000000e+00
2.768159e+01 7.835966e+02 -1.122308e+03 1.000000e+00
3.691785e+01 1.195079e+03 -1.320201e+03 1.000000e+00
4.241912e+01 1.164329e+03 -7.419755e+02 1.000000e+00
4.475518e+01 1.369795e+03 -9.908082e+02 1.000000e+00
4.405009e+01 1.154295e+03 -3.471667e+02 1.000000e+00
0.000000e+00 9.134765e+01 -1.402181e+03 1.000000e+00
0.000000e+00 2.066859e+02 -1.341997e+03 1.000000e+00
0.000000e+00 4.326035e+02 -1.372993e+03 1.000000e+00
0.000000e+00 5.272501e+02 -1.210348e+03 1.000000e+00
0.000000e+00 8.288813e+02 -1.245666e+03 1.000000e+00
0.000000e+00 9.657120e+02 -9.143833e+02 1.000000e+00
0.000000e+00 1.167985e+03 -9.612863e+02 1.000000e+00
0.000000e+00 1.103930e+03 -5.577189e+02 1.000000e+00
0.000000e+00 1.155889e+03 -6.488905e+02 1.000000e+00
-6.167288e-01 1.140074e+02 -1.418319e+03 1.000000e+00
1.538004e+00 1.852545e+02 -1.323058e+03 1.000000e+00
3.240119e+00 4.577492e+02 -1.396000e+03 1.000000e+00
4.729783e+00 5.077404e+02 -1.177069e+03 1.000000e+00
7.572080e+00 8.567300e+02 -1.295790e+03 1.000000e+00
9.726752e+00 9.489113e+02 -8.522050e+02 1.000000e+00
1.105694e+01 1.196777e+03 -1.028541e+03 1.000000e+00
1.037964e+01 1.086493e+03 -4.840503e+02 1.000000e+00
9.428687e+00 1.181166e+03 -7.263851e+02 1.000000e+00
1.546591e+00 1.314119e+02 -1.431221e+03 1.000000e+00
3.616693e+00 1.693898e+02 -1.308924e+03 1.000000e+00
7.223224e+00 4.766283e+02 -1.413167e+03 1.000000e+00
9.879197e+00 4.929445e+02 -1.151807e+03 1.000000e+00
1.583831e+01 8.756770e+02 -1.331732e+03 1.000000e+00
1.908956e+01 9.336764e+02 -8.053091e+02 1.000000e+00
2.214401e+01 1.213924e+03 -1.075828e+03 1.000000e+00
2.267255e+01 1.071363e+03 -4.291786e+02 1.000000e+00
2.401705e+01 1.196497e+03 -7.786625e+02 1.000000e+00
2.852893e-01 1.252899e+02 -1.428268e+03 1.000000e+00
4.289019e+00 1.776565e+02 -1.313701e+03 1.000000e+00
8.140687e+00 4.717386e+02 -1.407102e+03 1.000000e+00
1.299805e+01 5.015279e+02 -1.158456e+03 1.000000e+00
1.823098e+01 8.690363e+02 -1.317186e+03 1.000000e+00
2.375611e+01 9.400117e+02 -8.182101e+02 1.000000e+00
2.675138e+01 1.205745e+03 -1.054893e+03 1.000000e+00
2.819440e+01 1.077063e+03 -4.448969e+02 1.000000e+00
2.534077e+01 1.187360e+03 -7.548948e+02 1.000000e+00
1.220611e+00 1.256726e+02 -1.429285e+03 1.000000e+00
5.336777e+00 1.780916e+02 -1.313455e+03 1.000000e+00
1.040082e+01 4.721826e+02 -1.406345e+03 1.000000e+00
1.604328e+01 5.011091e+02 -1.155625e+03 1.000000e+00
2.278578e+01 8.673981e+02 -1.316343e+03 1.000000e+00
2.952357e+01 9.371277e+02 -8.124905e+02 1.000000e+00
3.340993e+01 1.201128e+03 -1.053657e+03 1.000000e+00
3.412910e+01 1.070462e+03 -4.387443e+02 1.000000e+00
3.429362e+01 1.179320e+03 -7.547135e+02 1.000000e+00
1.009871e+00 1.279272e+02 -1.429959e+03 1.000000e+00
6.450554e+00 1.785269e+02 -1.313176e+03 1.000000e+00
1.197938e+01 4.741088e+02 -1.404843e+03 1.000000e+00
1.762023e+01 5.001151e+02 -1.153962e+03 1.000000e+00
2.670825e+01 8.672988e+02 -1.311525e+03 1.000000e+00
3.459597e+01 9.323619e+02 -8.098844e+02 1.000000e+00
3.828499e+01 1.197090e+03 -1.048443e+03 1.000000e+00
4.009108e+01 1.063365e+03 -4.358406e+02 1.000000e+00
3.881934e+01 1.176190e+03 -7.486023e+02 1.000000e+00
1.092787e+00 1.284434e+02 -1.431127e+03 1.000000e+00
5.837925e+00 1.793658e+02 -1.312246e+03 1.000000e+00
1.225473e+01 4.742615e+02 -1.403129e+03 1.000000e+00
1.917838e+01 4.998131e+02 -1.151759e+03 1.000000e+00
2.704046e+01 8.638865e+02 -1.306783e+03 1.000000e+00
3.406950e+01 9.277850e+02 -8.074834e+02 1.000000e+00
3.968515e+01 1.190767e+03 -1.040911e+03 1.000000e+00
4.149092e+01 1.056673e+03 -4.334945e+02 1.000000e+00
3.899803e+01 1.166576e+03 -7.431764e+02 1.000000e+00
9.534112e-01 1.290182e+02 -1.431413e+03 1.000000e+00
7.332778e+00 1.799460e+02 -1.311472e+03 1.000000e+00
1.303529e+01 4.734837e+02 -1.401401e+03 1.000000e+00
1.995931e+01 4.985511e+02 -1.148095e+03 1.000000e+00
2.951794e+01 8.595958e+02 -1.304448e+03 1.000000e+00
3.815775e+01 9.224216e+02 -8.015911e+02 1.000000e+00
4.262140e+01 1.182266e+03 -1.036836e+03 1.000000e+00
4.297088e+01 1.048135e+03 -4.288150e+02 1.000000e+00
4.291101e+01 1.155671e+03 -7.384916e+02 1.000000e+00
9.861677e-01 1.302385e+02 -1.430466e+03 1.000000e+00
6.830023e+00 1.818019e+02 -1.311003e+03 1.000000e+00
1.308196e+01 4.736979e+02 -1.399307e+03 1.000000e+00
1.971692e+01 4.980176e+02 -1.145175e+03 1.000000e+00
2.878794e+01 8.575759e+02 -1.299905e+03 1.000000e+00
3.702135e+01 9.178901e+02 -7.973093e+02 1.000000e+00
4.160015e+01 1.176368e+03 -1.032470e+03 1.000000e+00
4.289093e+01 1.040796e+03 -4.254403e+02 1.000000e+00
4.160975e+01 1.151811e+03 -7.321652e+02 1.000000e+00
0.000000e+00 5.711640e+01 -1.255225e+03 1.000000e+00
0.000000e+00 2.743813e+02 -1.290891e+03 1.000000e+00
0.000000e+00 3.498485e+02 -1.173371e+03 1.000000e+00
0.000000e+00 5.523951e+02 -1.188809e+03 1.000000e+00
0.000000e+00 6.725975e+02 -9.439567e+02 1.000000e+00
0.000000e+00 9.242320e+02 -9.881991e+02 1.000000e+00
0.000000e+00 9.353497e+02 -6.224470e+02 1.000000e+00
0.000000e+00 1.029936e+03 -6.956237e+02 1.000000e+00
0.000000e+00 8.965232e+02 -3.060372e+02 1.000000e+00
1.235693e+00 3.811707e+01 -1.238266e+03 1.000000e+00
2.477926e+00 2.979419e+02 -1.310824e+03 1.000000e+00
4.388392e+00 3.329099e+02 -1.148845e+03 1.000000e+00
6.351983e+00 5.779278e+02 -1.223567e+03 1.000000e+00
8.506452e+00 6.582559e+02 -8.894481e+02 1.000000e+00
1.173934e+01 9.517065e+02 -1.051914e+03 1.000000e+00
1.181352e+01 9.215236e+02 -5.521769e+02 1.000000e+00
1.182738e+01 1.059331e+03 -7.699896e+02 1.000000e+00
1.125321e+01 8.865411e+02 -2.251696e+02 1.000000e+00
1.986470e+00 2.307167e+01 -1.225632e+03 1.000000e+00
4.538221e+00 3.145797e+02 -1.326163e+03 1.000000e+00
6.432727e+00 3.188686e+02 -1.129729e+03 1.000000e+00
1.046071e+01 5.952930e+02 -1.248884e+03 1.000000e+00
1.240716e+01 6.442880e+02 -8.478798e+02 1.000000e+00
1.674521e+01 9.676613e+02 -1.097261e+03 1.000000e+00
1.811840e+01 9.071414e+02 -4.994736e+02 1.000000e+00
1.949511e+01 1.074726e+03 -8.221511e+02 1.000000e+00
1.772048e+01 8.716833e+02 -1.666029e+02 1.000000e+00
2.842250e+00 2.951140e+01 -1.230709e+03 1.000000e+00
6.527089e+00 3.085031e+02 -1.320538e+03 1.000000e+00
1.063340e+01 3.255945e+02 -1.135259e+03 1.000000e+00
1.416660e+01 5.887993e+02 -1.238093e+03 1.000000e+00
2.044696e+01 6.495972e+02 -8.597480e+02 1.000000e+00
2.435541e+01 9.586884e+02 -1.077808e+03 1.000000e+00
2.715948e+01 9.103069e+02 -5.148441e+02 1.000000e+00
2.713059e+01 1.063257e+03 -7.995989e+02 1.000000e+00
2.620216e+01 8.728211e+02 -1.863137e+02 1.000000e+00
3.452887e+00 3.054659e+01 -1.230484e+03 1.000000e+00
7.297195e+00 3.099555e+02 -1.320508e+03 1.000000e+00
1.159852e+01 3.271972e+02 -1.133113e+03 1.000000e+00
1.687218e+01 5.895480e+02 -1.237122e+03 1.000000e+00
2.266037e+01 6.503130e+02 -8.550768e+02 1.000000e+00
2.854728e+01 9.574648e+02 -1.077126e+03 1.000000e+00
3.104859e+01 9.083135e+02 -5.092390e+02 1.000000e+00
3.140593e+01 1.060916e+03 -7.998151e+02 1.000000e+00
3.012329e+01 8.719935e+02 -1.799968e+02 1.000000e+00
3.950702e+00 2.954749e+01 -1.229803e+03 1.000000e+00
9.167599e+00 3.107849e+02 -1.320219e+03 1.000000e+00
1.383722e+01 3.253315e+02 -1.131118e+03 1.000000e+00
1.922391e+01 5.893920e+02 -1.234591e+03 1.000000e+00
2.622256e+01 6.449489e+02 -8.521675e+02 1.000000e+00
3.272279e+01 9.524989e+02 -1.072674e+03 1.000000e+00
3.628068e+01 9.006123e+02 -5.067147e+02 1.000000e+00
3.760221e+01 1.054791e+03 -7.946549e+02 1.000000e+00
3.657521e+01 8.613358e+02 -1.781534e+02 1.000000e+00
3.815886e+00 3.031453e+01 -1.230033e+03 1.000000e+00
8.858335e+00 3.116079e+02 -1.318334e+03 1.000000e+00
1.435217e+01 3.251254e+02 -1.130073e+03 1.000000e+00
2.057460e+01 5.880341e+02 -1.230144e+03 1.000000e+00
2.825298e+01 6.427371e+02 -8.510721e+02 1.000000e+00
3.499578e+01 9.478650e+02 -1.065896e+03 1.000000e+00
3.885092e+01 8.950120e+02 -5.049042e+02 1.000000e+00
3.845241e+01 1.046430e+03 -7.885696e+02 1.000000e+00
3.563056e+01 8.557666e+02 -1.778018e+02 1.000000e+00
4.625271e+00 3.170822e+01 -1.229585e+03 1.000000e+00
9.798327e+00 3.116597e+02 -1.317342e+03 1.000000e+00
1.527047e+01 3.257679e+02 -1.127046e+03 1.000000e+00
2.129973e+01 5.862503e+02 -1.227912e+03 1.000000e+00
2.913519e+01 6.406563e+02 -8.459897e+02 1.000000e+00
3.664193e+01 9.433353e+02 -1.062955e+03 1.000000e+00
3.963666e+01 8.893907e+02 -5.000800e+02 1.000000e+00
4.125731e+01 1.039621e+03 -7.850567e+02 1.000000e+00
4.005899e+01 8.498328e+02 -1.745093e+02 1.000000e+00
4.081816e+00 3.276404e+01 -1.229003e+03 1.000000e+00
9.707991e+00 3.100301e+02 -1.315837e+03 1.000000e+00
1.527271e+01 3.251064e+02 -1.124324e+03 1.000000e+00
2.143056e+01 5.834708e+02 -1.225242e+03 1.000000e+00
2.912317e+01 6.349800e+02 -8.412228e+02 1.000000e+00
3.639771e+01 9.355414e+02 -1.059284e+03 1.000000e+00
4.011390e+01 8.798755e+02 -4.966759e+02 1.000000e+00
4.071080e+01 1.032035e+03 -7.795158e+02 1.000000e+00
3.896848e+01 8.378773e+02 -1.729886e+02 1.000000e+00
