0 729 0.00000e+00
  1     729
0.000000e+00 -3.815291e+00 -4.319429e+00 8.571537e-01
0.000000e+00 3.111114e+01 -1.371211e+01 7.399081e-01
0.000000e+00 -9.211999e+00 4.260392e-01 5.967547e-01
0.000000e+00 2.475306e+01 -2.480191e+01 4.469133e-01
0.000000e+00 -1.355759e+01 1.969556e+00 3.077485e-01
0.000000e+00 1.723503e+01 -4.365893e+01 1.891254e-01
0.000000e+00 -1.395435e+01 1.117994e-01 9.748217e-02
0.000000e+00 7.617515e+00 -6.329204e+01 3.527858e-02
0.000000e+00 0.000000e+00 0.000000e+00 0.000000e+00
1.151122e+00 -4.623506e+00 -2.754254e+00 8.571537e-01
9.458982e-01 3.137736e+01 -1.382750e+01 7.399081e-01
6.879433e-01 -9.408835e+00 1.974018e+00 5.967547e-01
6.283107e-01 2.490362e+01 -2.395649e+01 4.469133e-01
5.118647e-01 -1.251108e+01 3.639072e+00 3.077485e-01
4.845027e-01 1.681703e+01 -4.191188e+01 1.891254e-01
3.284671e-01 -1.201867e+01 1.773370e+00 9.748217e-02
1.922230e-01 7.629237e+00 -6.055093e+01 3.527858e-02
0.000000e+00 0.000000e+00 0.000000e+00 0.000000e+00
1.747875e+00 -3.120452e+00 3.216174e-01 8.571537e-01
1.422482e+00 2.927344e+01 -1.215427e+01 7.399081e-01
1.042307e+00 -7.734468e+00 3.566601e+00 5.967547e-01
8.571422e-01 2.317876e+01 -2.167230e+01 4.469133e-01
4.936031e-01 -1.040005e+01 5.001330e+00 3.077485e-01
3.406959e-01 1.581582e+01 -3.795387e+01 1.891254e-01
1.195271e-01 -1.043491e+01 3.910175e+00 9.748217e-02
1.430067e-01 9.785694e+00 -5.399982e+01 3.527858e-02
0.000000e+00 0.000000e+00 0.000000e+00 0.000000e+00
-1.873115e+00 -1.952911e+00 -5.579634e-01 8.571537e-01
-1.446787e+00 2.780880e+01 -1.287881e+01 7.399081e-01
-1.158071e+00 -7.338068e+00 1.679227e+00 5.967547e-01
-1.002527e+00 2.254359e+01 -2.369387e+01 4.469133e-01
-8.335291e-01 -1.147356e+01 1.750059e+00 3.077485e-01
-7.477130e-01 1.662657e+01 -4.194115e+01 1.891254e-01
-4.725843e-01 -1.299015e+01 5.962313e-02 9.748217e-02
-4.383788e-01 1.156223e+01 -6.053751e+01 3.527858e-02
0.000000e+00 0.000000e+00 0.000000e+00 0.000000e+00
-1.604226e+00 -2.002219e+00 -4.499657e+00 8.571537e-01
-1.008516e+00 2.790746e+01 -1.580957e+01 7.399081e-01
-7.806413e-01 -7.818541e+00 -5.516899e-01 5.967547e-01
-4.071395e-01 2.277724e+01 -2.583004e+01 4.469133e-01
-2.399592e-01 -1.245919e+01 1.442956e-01 3.077485e-01
7.407963e-02 1.650308e+01 -4.412378e+01 1.891254e-01
6.951401e-02 -1.334443e+01 -1.815081e+00 9.748217e-02
2.320498e-01 9.541331e+00 -6.361043e+01 3.527858e-02
0.000000e+00 0.000000e+00 0.000000e+00 0.000000e+00
1.337995e+00 -2.220069e+00 -4.851383e+00 8.571537e-01
9.856152e-01 2.818268e+01 -1.563655e+01 7.399081e-01
9.064801e-01 -7.795502e+00 -2.358401e-02 5.967547e-01
6.825564e-01 2.234595e+01 -2.472376e+01 4.469133e-01
5.307789e-01 -1.187904e+01 2.365843e+00 3.077485e-01
3.044243e-01 1.535497e+01 -4.085828e+01 1.891254e-01
1.980725e-01 -1.237951e+01 1.876646e+00 9.748217e-02
7.714123e-02 9.720858e+00 -5.746110e+01 3.527858e-02
0.000000e+00 0.000000e+00 0.000000e+00 0.000000e+00
1.241654e+00 -3.743412e+00 -3.623760e+00 8.571537e-01
9.434626e-01 2.802095e+01 -1.510440e+01 7.399081e-01
4.200612e-01 -8.713485e+00 -2.231158e-01 5.967547e-01
2.885893e-01 2.197434e+01 -2.464474e+01 4.469133e-01
-2.112041e-02 -1.255923e+01 7.715213e-01 3.077485e-01
-7.300583e-02 1.538760e+01 -4.200542e+01 1.891254e-01
-1.723350e-01 -1.368917e+01 -2.027742e-01 9.748217e-02
-1.852601e-01 9.984762e+00 -6.082587e+01 3.527858e-02
0.000000e+00 0.000000e+00 0.000000e+00 0.000000e+00
9.470558e-01 -4.138311e+00 -3.090015e+00 8.571537e-01
7.836469e-01 2.661692e+01 -1.480645e+01 7.399081e-01
8.485714e-01 -8.575647e+00 1.164090e-01 5.967547e-01
6.722314e-01 2.163004e+01 -2.467141e+01 4.469133e-01
6.026431e-01 -1.219121e+01 5.406427e-01 3.077485e-01
4.687491e-01 1.572438e+01 -4.227812e+01 1.891254e-01
3.029491e-01 -1.300141e+01 -5.940132e-01 9.748217e-02
2.449861e-01 9.674288e+00 -6.087840e+01 3.527858e-02
0.000000e+00 0.000000e+00 0.000000e+00 0.000000e+00
8.881140e-01 -4.495321e+00 -2.504415e+00 8.571537e-01
7.378502e-01 2.660092e+01 -1.423594e+01 7.399081e-01
5.315050e-01 -8.695409e+00 1.422961e+00 5.967547e-01
4.129241e-01 2.240260e+01 -2.480018e+01 4.469133e-01
2.519578e-01 -1.183545e+01 2.708710e+00 3.077485e-01
1.678203e-01 1.646888e+01 -4.194310e+01 1.891254e-01
8.152951e-02 -1.192706e+01 2.420964e+00 9.748217e-02
4.175647e-02 1.092418e+01 -5.861621e+01 3.527858e-02
0.000000e+00 0.000000e+00 0.000000e+00 0.000000e+00
0.000000e+00 2.624530e+01 -5.108384e+00 8.571537e-01
0.000000e+00 -6.791863e+00 7.139640e+00 7.399081e-01
0.000000e+00 2.213306e+01 -4.265517e+00 5.967547e-01
0.000000e+00 -9.299038e+00 2.157570e+01 4.469133e-01
0.000000e+00 1.883980e+01 -4.014055e+00 3.077485e-01
0.000000e+00 -9.326665e+00 4.115963e+01 1.891254e-01
0.000000e+00 1.444051e+01 -2.686271e+00 9.748217e-02
0.000000e+00 -5.438769e+00 5.999527e+01 3.527858e-02
0.000000e+00 0.000000e+00 0.000000e+00 0.000000e+00
1.065029e+00 2.699000e+01 -5.598199e+00 8.571537e-01
6.382044e-01 -7.328508e+00 8.580415e+00 7.399081e-01
4.487559e-01 2.222646e+01 -4.622390e+00 5.967547e-01
2.362651e-01 -9.677292e+00 2.220009e+01 4.469133e-01
1.528062e-01 1.779808e+01 -4.475669e+00 3.077485e-01
-2.308596e-03 -9.230829e+00 4.088350e+01 1.891254e-01
9.362775e-03 1.260194e+01 -2.651419e+00 9.748217e-02
-6.990019e-03 -5.616228e+00 5.871015e+01 3.527858e-02
0.000000e+00 0.000000e+00 0.000000e+00 0.000000e+00
1.319672e+00 2.472368e+01 -4.016047e+00 8.571537e-01
8.816038e-01 -6.545623e+00 1.022600e+01 7.399081e-01
7.714581e-01 2.013888e+01 -3.829521e+00 5.967547e-01
5.018610e-01 -8.821391e+00 2.166377e+01 4.469133e-01
4.151721e-01 1.556854e+01 -4.383873e+00 3.077485e-01
1.740724e-01 -8.773329e+00 3.820652e+01 1.891254e-01
1.009804e-01 1.096590e+01 -2.967841e+00 9.748217e-02
-5.820309e-02 -7.897246e+00 5.386228e+01 3.527858e-02
0.000000e+00 0.000000e+00 0.000000e+00 0.000000e+00
-1.693578e+00 2.280564e+01 -3.924929e+00 8.571537e-01
-1.098760e+00 -5.789939e+00 9.858974e+00 7.399081e-01
-7.959682e-01 1.943558e+01 -2.814670e+00 5.967547e-01
-4.111406e-01 -8.314962e+00 2.239614e+01 4.469133e-01
-2.233453e-01 1.662115e+01 -2.449522e+00 3.077485e-01
5.385282e-02 -9.065632e+00 4.088223e+01 1.891254e-01
5.976287e-02 1.351401e+01 -8.751158e-01 9.748217e-02
2.151166e-01 -9.025983e+00 5.912107e+01 3.527858e-02
0.000000e+00 0.000000e+00 0.000000e+00 0.000000e+00
-5.359895e-01 2.412008e+01 -6.655275e+00 8.571537e-01
-4.916738e-01 -5.054824e+00 8.080194e+00 7.399081e-01
-3.699708e-01 2.036860e+01 -4.138174e+00 5.967547e-01
-4.592572e-01 -8.107356e+00 2.211723e+01 4.469133e-01
-3.182826e-01 1.780054e+01 -2.778541e+00 3.077485e-01
-4.236905e-01 -8.754141e+00 4.152703e+01 1.891254e-01
-1.766543e-01 1.399509e+01 -3.822274e-01 9.748217e-02
-2.401830e-01 -6.956731e+00 6.061319e+01 3.527858e-02
0.000000e+00 0.000000e+00 0.000000e+00 0.000000e+00
9.875556e-01 2.502503e+01 -6.335531e+00 8.571537e-01
7.354707e-01 -5.014671e+00 7.740735e+00 7.399081e-01
4.779239e-01 2.027232e+01 -5.381950e+00 5.967547e-01
4.037291e-01 -7.974526e+00 2.055406e+01 4.469133e-01
2.059433e-01 1.688336e+01 -5.594464e+00 3.077485e-01
1.007298e-01 -8.411470e+00 3.764549e+01 1.891254e-01
-2.952345e-02 1.258613e+01 -3.960235e+00 9.748217e-02
-2.769796e-02 -7.789620e+00 5.442275e+01 3.527858e-02
0.000000e+00 0.000000e+00 0.000000e+00 0.000000e+00
4.078958e-01 2.461155e+01 -5.338817e+00 8.571537e-01
2.322643e-01 -6.192510e+00 8.362714e+00 7.399081e-01
3.472494e-01 2.034807e+01 -4.263395e+00 5.967547e-01
2.219725e-01 -8.235787e+00 2.106085e+01 4.469133e-01
3.360195e-01 1.720777e+01 -4.107688e+00 3.077485e-01
2.900866e-01 -8.469578e+00 3.894049e+01 1.891254e-01
2.618195e-01 1.373958e+01 -2.675274e+00 9.748217e-02
1.987227e-01 -7.828622e+00 5.749716e+01 3.527858e-02
0.000000e+00 0.000000e+00 0.000000e+00 0.000000e+00
6.715537e-01 2.341449e+01 -5.576640e+00 8.571537e-01
6.955361e-01 -6.042811e+00 8.582346e+00 7.399081e-01
5.290133e-01 1.949323e+01 -3.632801e+00 5.967547e-01
5.062747e-01 -8.363688e+00 2.190679e+01 4.469133e-01
3.407854e-01 1.674829e+01 -2.783976e+00 3.077485e-01
1.810317e-01 -8.694326e+00 4.028578e+01 1.891254e-01
8.802859e-02 1.331562e+01 -1.124369e+00 9.748217e-02
-3.390012e-02 -7.375133e+00 5.866672e+01 3.527858e-02
0.000000e+00 0.000000e+00 0.000000e+00 0.000000e+00
8.861984e-01 2.327488e+01 -5.370969e+00 8.571537e-01
6.646594e-01 -6.331871e+00 9.212158e+00 7.399081e-01
5.738364e-01 1.908153e+01 -3.890800e+00 5.967547e-01
4.169406e-01 -9.267074e+00 2.285135e+01 4.469133e-01
3.169271e-01 1.618843e+01 -3.932265e+00 3.077485e-01
1.866844e-01 -9.551746e+00 4.080083e+01 1.891254e-01
1.128435e-01 1.220996e+01 -2.564862e+00 9.748217e-02
3.219641e-02 -8.815680e+00 5.784915e+01 3.527858e-02
0.000000e+00 0.000000e+00 0.000000e+00 0.000000e+00
0.000000e+00 -5.517590e+00 -4.201364e-01 8.571537e-01
0.000000e+00 1.752080e+01 -1.044268e+01 7.399081e-01
0.000000e+00 -8.227521e+00 2.174175e+00 5.967547e-01
0.000000e+00 1.461541e+01 -2.194972e+01 4.469133e-01
0.000000e+00 -1.026772e+01 4.263493e+00 3.077485e-01
0.000000e+00 1.065262e+01 -3.956179e+01 1.891254e-01
0.000000e+00 -1.027750e+01 4.808477e+00 9.748217e-02
0.000000e+00 5.316689e+00 -5.706515e+01 3.527858e-02
0.000000e+00 0.000000e+00 0.000000e+00 0.000000e+00
8.427497e-01 -6.330752e+00 1.336792e+00 8.571537e-01
6.497362e-01 1.798881e+01 -1.116850e+01 7.399081e-01
4.810224e-01 -8.428413e+00 2.924034e+00 5.967547e-01
3.185591e-01 1.489765e+01 -2.308708e+01 4.469133e-01
1.379245e-01 -9.543758e+00 4.040695e+00 3.077485e-01
8.544216e-02 1.050025e+01 -4.065492e+01 1.891254e-01
-6.945979e-02 -8.902963e+00 3.208522e+00 9.748217e-02
-7.220719e-02 5.320935e+00 -5.740866e+01 3.527858e-02
0.000000e+00 0.000000e+00 0.000000e+00 0.000000e+00
-1.919827e-01 -6.126510e+00 2.172788e+00 8.571537e-01
8.211491e-02 1.637194e+01 -1.117648e+01 7.399081e-01
1.721218e-02 -7.462281e+00 2.918961e+00 5.967547e-01
1.122089e-01 1.360568e+01 -2.247849e+01 4.469133e-01
1.280058e-02 -8.146437e+00 3.208677e+00 3.077485e-01
1.055515e-01 9.876712e+00 -3.868639e+01 1.891254e-01
7.526079e-02 -7.656349e+00 2.073024e+00 9.748217e-02
1.267403e-01 7.375852e+00 -5.417685e+01 3.527858e-02
0.000000e+00 0.000000e+00 0.000000e+00 0.000000e+00
-5.951577e-01 -4.738883e+00 3.008323e-01 8.571537e-01
-4.720830e-01 1.554334e+01 -1.142434e+01 7.399081e-01
-3.162342e-01 -7.013393e+00 1.681278e+00 5.967547e-01
-2.951817e-01 1.293422e+01 -2.240951e+01 4.469133e-01
-1.035189e-01 -9.170465e+00 2.295242e+00 3.077485e-01
-1.622314e-01 9.914370e+00 -3.954272e+01 1.891254e-01
-1.392055e-02 -9.843177e+00 2.229052e+00 9.748217e-02
-9.949949e-02 8.268407e+00 -5.744132e+01 3.527858e-02
0.000000e+00 0.000000e+00 0.000000e+00 0.000000e+00
6.868927e-01 -3.442989e+00 4.998871e-01 8.571537e-01
6.197374e-01 1.653909e+01 -1.148791e+01 7.399081e-01
4.506409e-01 -6.565373e+00 2.114140e+00 5.967547e-01
5.592777e-01 1.380195e+01 -2.248356e+01 4.469133e-01
3.408082e-01 -9.394256e+00 2.845218e+00 3.077485e-01
4.057460e-01 1.021685e+01 -3.988393e+01 1.891254e-01
1.085341e-01 -9.991481e+00 2.324106e+00 9.748217e-02
1.522832e-01 6.417971e+00 -5.802765e+01 3.527858e-02
0.000000e+00 0.000000e+00 0.000000e+00 0.000000e+00
4.395207e-01 -3.775323e+00 1.891481e+00 8.571537e-01
2.481122e-01 1.682187e+01 -1.070878e+01 7.399081e-01
2.333312e-01 -6.108271e+00 3.540653e+00 5.967547e-01
9.699897e-02 1.415620e+01 -2.138167e+01 4.469133e-01
1.016954e-01 -8.146912e+00 4.708374e+00 3.077485e-01
5.115440e-02 1.057721e+01 -3.701704e+01 1.891254e-01
1.201411e-01 -8.239862e+00 4.227462e+00 9.748217e-02
5.144109e-02 7.688760e+00 -5.329061e+01 3.527858e-02
0.000000e+00 0.000000e+00 0.000000e+00 0.000000e+00
-3.904404e-01 -4.788519e+00 8.993917e-01 8.571537e-01
-8.299261e-02 1.696282e+01 -1.098005e+01 7.399081e-01
-1.951467e-01 -7.002118e+00 2.780783e+00 5.967547e-01
-1.146370e-01 1.373390e+01 -2.142375e+01 4.469133e-01
-1.781537e-01 -8.942901e+00 4.110330e+00 3.077485e-01
-1.601550e-01 1.020055e+01 -3.771141e+01 1.891254e-01
-1.366551e-01 -9.376119e+00 4.426411e+00 9.748217e-02
-7.364390e-02 7.604881e+00 -5.521953e+01 3.527858e-02
0.000000e+00 0.000000e+00 0.000000e+00 0.000000e+00
9.294333e-01 -4.043295e+00 7.086495e-01 8.571537e-01
5.422307e-01 1.641025e+01 -1.129012e+01 7.399081e-01
4.496717e-01 -6.711624e+00 2.166143e+00 5.967547e-01
2.950933e-01 1.332746e+01 -2.200824e+01 4.469133e-01
1.799221e-01 -9.074821e+00 2.794500e+00 3.077485e-01
1.095954e-01 9.834542e+00 -3.907216e+01 1.891254e-01
1.283324e-03 -9.520910e+00 2.753169e+00 9.748217e-02
-5.273562e-05 6.853244e+00 -5.633768e+01 3.527858e-02
0.000000e+00 0.000000e+00 0.000000e+00 0.000000e+00
3.382645e-01 -4.069430e+00 1.776835e+00 8.571537e-01
3.118209e-01 1.616725e+01 -1.131913e+01 7.399081e-01
2.178788e-01 -6.670744e+00 2.759272e+00 5.967547e-01
1.809461e-01 1.365144e+01 -2.298691e+01 4.469133e-01
1.081307e-01 -8.922946e+00 3.096609e+00 3.077485e-01
8.180515e-02 1.033081e+01 -4.037891e+01 1.891254e-01
3.001395e-02 -8.761281e+00 2.533834e+00 9.748217e-02
2.342263e-02 8.142304e+00 -5.698315e+01 3.527858e-02
0.000000e+00 0.000000e+00 0.000000e+00 0.000000e+00
0.000000e+00 1.346889e+01 -2.304386e+00 8.571537e-01
0.000000e+00 -6.372880e+00 8.757189e+00 7.399081e-01
0.000000e+00 1.206096e+01 -2.874803e+00 5.967547e-01
0.000000e+00 -7.398049e+00 2.128883e+01 4.469133e-01
0.000000e+00 1.066953e+01 -4.637836e+00 3.077485e-01
0.000000e+00 -6.951321e+00 3.856325e+01 1.891254e-01
0.000000e+00 8.790858e+00 -5.869256e+00 9.748217e-02
0.000000e+00 -4.412263e+00 5.514063e+01 3.527858e-02
0.000000e+00 0.000000e+00 0.000000e+00 0.000000e+00
8.138569e-01 1.409360e+01 -2.346644e+00 8.571537e-01
5.706598e-01 -6.928057e+00 1.075902e+01 7.399081e-01
4.550829e-01 1.224586e+01 -2.818178e+00 5.967547e-01
4.095341e-01 -7.555562e+00 2.341847e+01 4.469133e-01
4.452825e-01 1.039980e+01 -3.789737e+00 3.077485e-01
3.675347e-01 -6.489727e+00 4.079121e+01 1.891254e-01
3.779341e-01 8.148752e+00 -3.417632e+00 9.748217e-02
2.215920e-01 -4.020992e+00 5.658397e+01 3.527858e-02
0.000000e+00 0.000000e+00 0.000000e+00 0.000000e+00
-2.291027e-01 1.343734e+01 -2.693816e+00 8.571537e-01
-2.812209e-01 -6.100583e+00 1.124217e+01 7.399081e-01
-9.928625e-02 1.121756e+01 -2.399353e+00 5.967547e-01
-2.156004e-01 -6.663785e+00 2.314863e+01 4.469133e-01
-1.129313e-01 9.321912e+00 -2.432562e+00 3.077485e-01
-2.245472e-01 -5.921544e+00 3.933833e+01 1.891254e-01
-1.680728e-01 7.235439e+00 -1.209467e+00 9.748217e-02
-1.320166e-01 -5.733734e+00 5.468225e+01 3.527858e-02
0.000000e+00 0.000000e+00 0.000000e+00 0.000000e+00
5.096565e-01 1.300556e+01 -2.595368e+00 8.571537e-01
3.536221e-01 -5.003005e+00 1.023981e+01 7.399081e-01
1.771246e-01 1.107322e+01 -2.026884e+00 5.967547e-01
1.700881e-01 -6.021052e+00 2.193758e+01 4.469133e-01
-6.815738e-02 9.962649e+00 -2.537981e+00 3.077485e-01
4.193070e-03 -6.188759e+00 3.875205e+01 1.891254e-01
-1.303003e-01 8.614081e+00 -2.756464e+00 9.748217e-02
-2.185655e-02 -6.772182e+00 5.647102e+01 3.527858e-02
0.000000e+00 0.000000e+00 0.000000e+00 0.000000e+00
1.223534e+00 1.354974e+01 -1.372637e+00 8.571537e-01
8.887755e-01 -4.688854e+00 1.140615e+01 7.399081e-01
8.086252e-01 1.140168e+01 -1.724751e+00 5.967547e-01
4.986054e-01 -6.388537e+00 2.269373e+01 4.469133e-01
5.636811e-01 1.029491e+01 -2.555778e+00 3.077485e-01
2.853061e-01 -6.426474e+00 3.972664e+01 1.891254e-01
3.538046e-01 8.836596e+00 -2.736027e+00 9.748217e-02
9.060682e-02 -5.064257e+00 5.691017e+01 3.527858e-02
0.000000e+00 0.000000e+00 0.000000e+00 0.000000e+00
-1.092478e-01 1.372834e+01 -9.967578e-01 8.571537e-01
4.662468e-02 -4.794957e+00 1.210230e+01 7.399081e-01
-2.515755e-02 1.104976e+01 -1.915023e+00 5.967547e-01
2.602912e-02 -6.755540e+00 2.297260e+01 4.469133e-01
-3.765558e-02 9.232982e+00 -2.741995e+00 3.077485e-01
-6.201131e-02 -6.966422e+00 3.870140e+01 1.891254e-01
-1.330994e-01 7.233603e+00 -2.266372e+00 9.748217e-02
-4.162957e-02 -6.383183e+00 5.458829e+01 3.527858e-02
0.000000e+00 0.000000e+00 0.000000e+00 0.000000e+00
-7.551633e-03 1.412048e+01 -1.602667e+00 8.571537e-01
-2.549922e-01 -5.450836e+00 1.117100e+01 7.399081e-01
-1.791628e-01 1.150190e+01 -2.137098e+00 5.967547e-01
-2.452345e-01 -6.636761e+00 2.242340e+01 4.469133e-01
-1.974631e-01 9.655761e+00 -3.440641e+00 3.077485e-01
-1.727570e-01 -6.828999e+00 3.848468e+01 1.891254e-01
-9.731569e-02 7.900157e+00 -3.816979e+00 9.748217e-02
-1.086013e-01 -6.479431e+00 5.529042e+01 3.527858e-02
0.000000e+00 0.000000e+00 0.000000e+00 0.000000e+00
9.710577e-01 1.352059e+01 -9.655485e-01 8.571537e-01
8.421278e-01 -5.019267e+00 1.148068e+01 7.399081e-01
6.762667e-01 1.123740e+01 -1.571414e+00 5.967547e-01
5.715719e-01 -6.300972e+00 2.255191e+01 4.469133e-01
4.909372e-01 9.819035e+00 -2.672597e+00 3.077485e-01
3.724836e-01 -6.300466e+00 3.907779e+01 1.891254e-01
3.060300e-01 8.313366e+00 -2.857073e+00 9.748217e-02
1.733615e-01 -5.560988e+00 5.551574e+01 3.527858e-02
0.000000e+00 0.000000e+00 0.000000e+00 0.000000e+00
-3.456866e-02 1.291715e+01 -1.776159e-01 8.571537e-01
-7.315405e-02 -5.041718e+00 1.262644e+01 7.399081e-01
-4.153275e-02 1.091679e+01 -1.337383e+00 5.967547e-01
-5.492895e-02 -6.693744e+00 2.383459e+01 4.469133e-01
-2.703584e-02 9.656929e+00 -2.116970e+00 3.077485e-01
-3.861582e-02 -6.653494e+00 4.095002e+01 1.891254e-01
-5.549412e-03 7.858432e+00 -1.380695e+00 9.748217e-02
-1.566775e-02 -6.552450e+00 5.737229e+01 3.527858e-02
0.000000e+00 0.000000e+00 0.000000e+00 0.000000e+00
0.000000e+00 -3.630055e+00 -1.239415e+00 8.571537e-01
0.000000e+00 9.624134e+00 -1.096451e+01 7.399081e-01
0.000000e+00 -5.255708e+00 9.898207e-01 5.967547e-01
0.000000e+00 8.442952e+00 -2.241848e+01 4.469133e-01
0.000000e+00 -5.997155e+00 3.591858e+00 3.077485e-01
0.000000e+00 6.747188e+00 -3.873169e+01 1.891254e-01
0.000000e+00 -5.820127e+00 5.516556e+00 9.748217e-02
0.000000e+00 4.125129e+00 -5.445344e+01 3.527858e-02
0.000000e+00 0.000000e+00 0.000000e+00 0.000000e+00
3.649312e-01 -4.471508e+00 9.613278e-03 8.571537e-01
2.655206e-01 9.921254e+00 -1.238174e+01 7.399081e-01
1.882168e-01 -5.636193e+00 1.591619e+00 5.967547e-01
8.132471e-02 8.317424e+00 -2.435526e+01 4.469133e-01
-8.326609e-02 -6.265332e+00 3.308250e+00 3.077485e-01
-1.296887e-01 5.899767e+00 -4.088778e+01 1.891254e-01
-2.164456e-01 -5.897144e+00 3.665877e+00 9.748217e-02
-1.369740e-01 3.347698e+00 -5.578595e+01 3.527858e-02
0.000000e+00 0.000000e+00 0.000000e+00 0.000000e+00
-2.358319e-01 -4.117247e+00 7.256491e-01 8.571537e-01
7.038983e-04 9.248170e+00 -1.261752e+01 7.399081e-01
-1.741948e-01 -4.997370e+00 1.391991e+00 5.967547e-01
1.770184e-02 7.521957e+00 -2.384313e+01 4.469133e-01
-5.160061e-02 -5.633201e+00 1.996350e+00 3.077485e-01
1.146088e-01 5.342889e+00 -3.938772e+01 1.891254e-01
1.054526e-01 -5.294016e+00 1.192523e+00 9.748217e-02
6.453361e-02 4.666629e+00 -5.474022e+01 3.527858e-02
0.000000e+00 0.000000e+00 0.000000e+00 0.000000e+00
2.806492e-01 -3.881893e+00 1.542437e-01 8.571537e-01
1.637753e-01 8.412137e+00 -1.169793e+01 7.399081e-01
2.486951e-01 -4.797708e+00 9.101226e-01 5.967547e-01
1.414409e-01 7.222717e+00 -2.240120e+01 4.469133e-01
2.755381e-01 -5.634215e+00 1.970796e+00 3.077485e-01
1.030892e-01 6.082577e+00 -3.845083e+01 1.891254e-01
1.748161e-01 -5.734216e+00 2.668205e+00 9.748217e-02
8.384826e-02 5.949927e+00 -5.641316e+01 3.527858e-02
0.000000e+00 0.000000e+00 0.000000e+00 0.000000e+00
1.362483e+00 -4.350353e+00 1.309570e+00 8.571537e-01
9.619895e-01 8.050530e+00 -1.149127e+01 7.399081e-01
5.507541e-01 -5.106508e+00 1.226519e+00 5.967547e-01
4.018099e-01 7.430235e+00 -2.300382e+01 4.469133e-01
-4.526292e-03 -6.046391e+00 1.847891e+00 3.077485e-01
-1.740341e-02 6.043251e+00 -3.973651e+01 1.891254e-01
-2.541699e-01 -6.210439e+00 2.746717e+00 9.748217e-02
-8.390211e-02 4.301076e+00 -5.666313e+01 3.527858e-02
0.000000e+00 0.000000e+00 0.000000e+00 0.000000e+00
1.914164e-01 -3.898939e+00 2.453338e+00 8.571537e-01
8.631734e-02 8.305090e+00 -1.134247e+01 7.399081e-01
1.622871e-01 -4.676384e+00 1.470821e+00 5.967547e-01
7.076016e-02 7.760424e+00 -2.365646e+01 4.469133e-01
8.684576e-02 -5.381186e+00 9.451850e-01 3.077485e-01
4.614859e-02 6.372667e+00 -4.014357e+01 1.891254e-01
9.656517e-02 -5.103310e+00 6.056712e-01 9.748217e-02
-1.561358e-02 5.326094e+00 -5.647706e+01 3.527858e-02
0.000000e+00 0.000000e+00 0.000000e+00 0.000000e+00
-6.989121e-01 -4.518421e+00 1.183672e+00 8.571537e-01
-2.967668e-01 8.951201e+00 -1.164293e+01 7.399081e-01
-2.665760e-01 -4.905059e+00 1.428493e+00 5.967547e-01
-1.117702e-01 7.880170e+00 -2.345741e+01 4.469133e-01
-3.835488e-02 -5.336368e+00 2.080979e+00 3.077485e-01
8.457613e-02 6.664878e+00 -3.970169e+01 1.891254e-01
8.759323e-02 -5.171190e+00 2.594545e+00 9.748217e-02
1.735643e-01 5.738031e+00 -5.671213e+01 3.527858e-02
0.000000e+00 0.000000e+00 0.000000e+00 0.000000e+00
1.003714e+00 -4.418692e+00 1.091474e+00 8.571537e-01
6.478219e-01 8.366474e+00 -1.147205e+01 7.399081e-01
4.487208e-01 -4.885306e+00 1.246145e+00 5.967547e-01
2.982206e-01 7.522793e+00 -2.309161e+01 4.469133e-01
1.104813e-01 -5.531087e+00 1.853524e+00 3.077485e-01
1.213169e-03 6.091463e+00 -3.927993e+01 1.891254e-01
-1.081210e-01 -5.705758e+00 2.537225e+00 9.748217e-02
-1.318928e-01 4.810822e+00 -5.576869e+01 3.527858e-02
0.000000e+00 0.000000e+00 0.000000e+00 0.000000e+00
-4.587110e-01 -3.988942e+00 1.924411e+00 8.571537e-01
-3.135191e-01 8.018755e+00 -1.150413e+01 7.399081e-01
-2.286503e-01 -4.871552e+00 1.211591e+00 5.967547e-01
-1.507243e-01 7.603175e+00 -2.414627e+01 4.469133e-01
-1.110067e-01 -5.681805e+00 7.610117e-01 3.077485e-01
-5.081397e-02 6.079875e+00 -4.125680e+01 1.891254e-01
-3.888952e-02 -5.678189e+00 5.081302e-01 9.748217e-02
2.804959e-03 5.393080e+00 -5.824445e+01 3.527858e-02
0.000000e+00 0.000000e+00 0.000000e+00 0.000000e+00
0.000000e+00 7.080212e+00 8.691599e-03 8.571537e-01
0.000000e+00 -3.242169e+00 1.021977e+01 7.399081e-01
0.000000e+00 6.440901e+00 -7.458935e-01 5.967547e-01
0.000000e+00 -3.979197e+00 2.268260e+01 4.469133e-01
0.000000e+00 5.585896e+00 -2.663156e+00 3.077485e-01
0.000000e+00 -4.110459e+00 3.911273e+01 1.891254e-01
0.000000e+00 4.496247e+00 -4.530602e+00 9.748217e-02
0.000000e+00 -3.193365e+00 5.455831e+01 3.527858e-02
0.000000e+00 0.000000e+00 0.000000e+00 0.000000e+00
4.048694e-01 7.683952e+00 -2.769567e-01 8.571537e-01
2.743705e-01 -3.549559e+00 1.234428e+01 7.399081e-01
1.927214e-01 6.722655e+00 -1.330447e+00 5.967547e-01
1.925347e-01 -3.825902e+00 2.454598e+01 4.469133e-01
2.372244e-01 6.070178e+00 -3.332478e+00 3.077485e-01
2.036826e-01 -3.154654e+00 4.056364e+01 1.891254e-01
2.096803e-01 4.973679e+00 -4.270751e+00 9.748217e-02
7.402235e-02 -2.253843e+00 5.471157e+01 3.527858e-02
0.000000e+00 0.000000e+00 0.000000e+00 0.000000e+00
-4.626754e-01 6.776630e+00 -6.316715e-01 8.571537e-01
-5.529386e-01 -3.638322e+00 1.288659e+01 7.399081e-01
-2.248348e-01 5.864659e+00 -1.175042e+00 5.967547e-01
-3.388681e-01 -3.575302e+00 2.402225e+01 4.469133e-01
-1.489845e-01 5.403226e+00 -2.179000e+00 3.077485e-01
-2.065411e-01 -2.934226e+00 3.924381e+01 1.891254e-01
-1.050551e-01 4.425524e+00 -1.675165e+00 9.748217e-02
8.194720e-03 -3.269715e+00 5.428024e+01 3.527858e-02
0.000000e+00 0.000000e+00 0.000000e+00 0.000000e+00
-5.623447e-01 5.224647e+00 -1.482557e+00 8.571537e-01
-3.233487e-01 -4.127507e+00 1.127096e+01 7.399081e-01
-3.381924e-01 4.855869e+00 -7.976459e-01 5.967547e-01
-1.487565e-01 -4.106906e+00 2.288516e+01 4.469133e-01
-2.351001e-01 4.541735e+00 -1.279482e+00 3.077485e-01
-7.657193e-02 -4.220975e+00 3.916809e+01 1.891254e-01
-1.451819e-01 4.046074e+00 -1.569485e+00 9.748217e-02
-9.678317e-02 -4.679017e+00 5.710606e+01 3.527858e-02
0.000000e+00 0.000000e+00 0.000000e+00 0.000000e+00
1.232163e+00 4.484108e+00 -1.129433e+00 8.571537e-01
9.119740e-01 -4.517846e+00 1.198182e+01 7.399081e-01
8.838938e-01 4.739031e+00 -2.893670e-01 5.967547e-01
6.518561e-01 -4.361876e+00 2.379897e+01 4.469133e-01
6.978880e-01 5.042113e+00 -1.152008e+00 3.077485e-01
4.197375e-01 -3.817478e+00 4.017913e+01 1.891254e-01
4.357766e-01 4.820135e+00 -2.401990e+00 9.748217e-02
1.197213e-01 -3.091905e+00 5.633111e+01 3.527858e-02
0.000000e+00 0.000000e+00 0.000000e+00 0.000000e+00
7.008325e-01 4.162653e+00 5.692437e-01 8.571537e-01
5.864818e-01 -4.494052e+00 1.349154e+01 7.399081e-01
4.067899e-01 4.665075e+00 7.333956e-01 5.967547e-01
3.646955e-01 -4.294251e+00 2.499374e+01 4.469133e-01
2.345338e-01 5.060278e+00 2.910050e-01 3.077485e-01
1.745132e-01 -3.636467e+00 4.122969e+01 1.891254e-01
5.292036e-02 4.375207e+00 1.971093e-01 9.748217e-02
1.211812e-01 -3.640958e+00 5.718671e+01 3.527858e-02
0.000000e+00 0.000000e+00 0.000000e+00 0.000000e+00
-5.320228e-01 5.110466e+00 -2.748446e-01 8.571537e-01
-4.564817e-01 -4.819069e+00 1.303008e+01 7.399081e-01
-3.333817e-01 4.888466e+00 1.089955e-01 5.967547e-01
-3.861121e-01 -4.455481e+00 2.511192e+01 4.469133e-01
-3.211139e-01 4.700823e+00 -7.540067e-01 3.077485e-01
-3.429325e-01 -4.272315e+00 4.137240e+01 1.891254e-01
-2.265886e-01 3.956372e+00 -1.115005e+00 9.748217e-02
-2.461000e-01 -4.293752e+00 5.800687e+01 3.527858e-02
0.000000e+00 0.000000e+00 0.000000e+00 0.000000e+00
1.260611e+00 5.251004e+00 -1.177007e-01 8.571537e-01
9.123170e-01 -4.185767e+00 1.283306e+01 7.399081e-01
7.959461e-01 5.054268e+00 3.241817e-01 5.967547e-01
6.460890e-01 -4.055197e+00 2.449900e+01 4.469133e-01
5.410079e-01 4.926591e+00 -8.400636e-01 3.077485e-01
3.882115e-01 -3.740063e+00 4.012101e+01 1.891254e-01
2.729557e-01 4.491202e+00 -1.716615e+00 9.748217e-02
2.012670e-01 -3.486212e+00 5.601295e+01 3.527858e-02
0.000000e+00 0.000000e+00 0.000000e+00 0.000000e+00
-1.280037e-01 5.230788e+00 1.348082e+00 8.571537e-01
-1.341506e-01 -3.504965e+00 1.381172e+01 7.399081e-01
-1.006994e-01 5.353849e+00 1.175090e+00 5.967547e-01
-1.011001e-01 -3.819888e+00 2.537266e+01 4.469133e-01
-6.363297e-02 5.391949e+00 3.375377e-01 3.077485e-01
-5.566333e-02 -3.379815e+00 4.161842e+01 1.891254e-01
-8.303605e-03 4.826547e+00 8.636700e-02 9.748217e-02
-1.708641e-02 -3.684936e+00 5.837434e+01 3.527858e-02
0.000000e+00 0.000000e+00 0.000000e+00 0.000000e+00
0.000000e+00 -1.647743e+00 -1.095921e+00 8.571537e-01
0.000000e+00 3.916938e+00 -1.067487e+01 7.399081e-01
0.000000e+00 -2.716365e+00 -4.627233e-02 5.967547e-01
0.000000e+00 3.322201e+00 -2.303548e+01 4.469133e-01
0.000000e+00 -3.055127e+00 1.775727e+00 3.077485e-01
0.000000e+00 2.863427e+00 -3.944290e+01 1.891254e-01
0.000000e+00 -2.745087e+00 3.532264e+00 9.748217e-02
0.000000e+00 2.274717e+00 -5.496787e+01 3.527858e-02
0.000000e+00 0.000000e+00 0.000000e+00 0.000000e+00
8.202273e-02 -2.160161e+00 5.444168e-01 8.571537e-01
-5.378027e-03 4.040540e+00 -1.202324e+01 7.399081e-01
6.904920e-02 -2.997289e+00 1.457744e+00 5.967547e-01
5.148313e-02 3.145704e+00 -2.423376e+01 4.469133e-01
4.252002e-02 -3.571639e+00 3.826101e+00 3.077485e-01
9.707672e-02 2.039753e+00 -3.974847e+01 1.891254e-01
3.168772e-02 -3.298025e+00 5.323662e+00 9.748217e-02
1.101936e-01 1.455525e+00 -5.346969e+01 3.527858e-02
0.000000e+00 0.000000e+00 0.000000e+00 0.000000e+00
-1.952566e+00 -2.260437e+00 -3.776329e-02 8.571537e-01
-1.167025e+00 3.682118e+00 -1.354020e+01 7.399081e-01
-1.053296e+00 -2.706160e+00 7.137520e-01 5.967547e-01
-6.312158e-01 2.931354e+00 -2.442818e+01 4.469133e-01
-6.093528e-01 -3.106426e+00 2.290581e+00 3.077485e-01
-3.547896e-01 2.003204e+00 -3.903720e+01 1.891254e-01
-2.893925e-01 -2.845515e+00 2.581218e+00 9.748217e-02
-2.401312e-01 2.164862e+00 -5.362691e+01 3.527858e-02
0.000000e+00 0.000000e+00 0.000000e+00 0.000000e+00
-1.062271e+00 -1.997343e+00 -3.479383e+00 8.571537e-01
-8.791811e-01 3.536492e+00 -1.501143e+01 7.399081e-01
-5.526384e-01 -2.350962e+00 -1.883185e+00 5.967547e-01
-5.071943e-01 3.161859e+00 -2.520540e+01 4.469133e-01
-2.377527e-01 -2.376602e+00 -6.269355e-01 3.077485e-01
-2.262965e-01 3.091975e+00 -4.069351e+01 1.891254e-01
-5.938739e-03 -2.272397e+00 2.016639e-01 9.748217e-02
5.308287e-02 3.335889e+00 -5.829460e+01 3.527858e-02
0.000000e+00 0.000000e+00 0.000000e+00 0.000000e+00
8.348464e-01 -1.711819e+00 -3.471860e+00 8.571537e-01
7.325736e-01 3.482121e+00 -1.509801e+01 7.399081e-01
4.329999e-01 -2.695472e+00 -1.917814e+00 5.967547e-01
4.233621e-01 2.815341e+00 -2.523649e+01 4.469133e-01
1.841083e-01 -3.339558e+00 4.101050e-01 3.077485e-01
2.351072e-01 2.231890e+00 -4.018822e+01 1.891254e-01
2.633436e-02 -3.288195e+00 2.807709e+00 9.748217e-02
1.182191e-01 1.975428e+00 -5.557377e+01 3.527858e-02
0.000000e+00 0.000000e+00 0.000000e+00 0.000000e+00
5.690554e-02 -1.993434e+00 -2.610677e+00 8.571537e-01
3.889356e-03 2.984536e+00 -1.472414e+01 7.399081e-01
2.105541e-02 -3.098165e+00 -1.946214e+00 5.967547e-01
-5.272827e-02 2.322263e+00 -2.539500e+01 4.469133e-01
-7.885943e-02 -3.901154e+00 -3.230173e-01 3.077485e-01
-1.514895e-01 1.677408e+00 -4.076464e+01 1.891254e-01
-1.049490e-01 -3.363223e+00 9.955580e-01 9.748217e-02
-1.935534e-01 2.137306e+00 -5.625885e+01 3.527858e-02
0.000000e+00 0.000000e+00 0.000000e+00 0.000000e+00
2.054673e-02 -2.574350e+00 -3.500422e+00 8.571537e-01
5.800764e-02 3.372934e+00 -1.579098e+01 7.399081e-01
5.581480e-02 -3.040875e+00 -1.980547e+00 5.967547e-01
1.372199e-01 2.717667e+00 -2.669149e+01 4.469133e-01
7.371505e-02 -3.243333e+00 -3.292134e-01 3.077485e-01
1.549221e-01 2.535824e+00 -4.232132e+01 1.891254e-01
7.123546e-02 -2.681356e+00 8.332494e-01 9.748217e-02
1.976154e-01 2.832930e+00 -5.847095e+01 3.527858e-02
0.000000e+00 0.000000e+00 0.000000e+00 0.000000e+00
1.442700e+00 -1.994903e+00 -2.745441e+00 8.571537e-01
1.147014e+00 3.453631e+00 -1.480812e+01 7.399081e-01
8.214336e-01 -2.788338e+00 -1.630094e+00 5.967547e-01
5.994737e-01 2.722218e+00 -2.552699e+01 4.469133e-01
4.260205e-01 -3.199272e+00 1.951082e-01 3.077485e-01
2.869019e-01 2.291404e+00 -4.033527e+01 1.891254e-01
1.477632e-01 -2.999007e+00 1.944125e+00 9.748217e-02
2.779871e-04 2.269835e+00 -5.566986e+01 3.527858e-02
0.000000e+00 0.000000e+00 0.000000e+00 0.000000e+00
3.217303e-01 -1.464896e+00 -1.152042e+00 8.571537e-01
2.055695e-01 3.333213e+00 -1.351231e+01 7.399081e-01
1.349407e-01 -2.742876e+00 -1.382806e+00 5.967547e-01
1.010812e-01 2.661279e+00 -2.513771e+01 4.469133e-01
3.231571e-02 -3.576749e+00 -2.203069e-01 3.077485e-01
3.382374e-02 1.908243e+00 -4.083434e+01 1.891254e-01
-1.721643e-02 -3.406863e+00 9.617465e-01 9.748217e-02
4.724797e-03 2.250191e+00 -5.730532e+01 3.527858e-02
0.000000e+00 0.000000e+00 0.000000e+00 0.000000e+00
0.000000e+00 1.592872e+00 1.837774e+00 8.571537e-01
0.000000e+00 -1.243307e+00 1.129174e+01 7.399081e-01
0.000000e+00 1.746250e+00 9.588741e-01 5.967547e-01
0.000000e+00 -1.205877e+00 2.343503e+01 4.469133e-01
0.000000e+00 1.738781e+00 -9.969287e-01 3.077485e-01
0.000000e+00 -1.171620e+00 3.966889e+01 1.891254e-01
0.000000e+00 1.416865e+00 -2.856004e+00 9.748217e-02
0.000000e+00 -1.105079e+00 5.529735e+01 3.527858e-02
0.000000e+00 0.000000e+00 0.000000e+00 0.000000e+00
8.166958e-02 1.739506e+00 8.198654e-01 8.571537e-01
8.985578e-02 -1.351488e+00 1.284273e+01 7.399081e-01
6.477496e-03 1.894640e+00 -8.056102e-01 5.967547e-01
1.633314e-02 -1.098464e+00 2.427234e+01 4.469133e-01
-2.409774e-02 2.065377e+00 -4.065854e+00 3.077485e-01
-1.177016e-01 -7.021327e-01 3.909800e+01 1.891254e-01
-8.297402e-02 1.764769e+00 -6.186895e+00 9.748217e-02
-1.912049e-01 -6.409760e-01 5.245071e+01 3.527858e-02
0.000000e+00 0.000000e+00 0.000000e+00 0.000000e+00
-5.390177e-01 2.158074e+00 -4.400399e-02 8.571537e-01
-6.130888e-01 -9.623225e-01 1.351591e+01 7.399081e-01
-2.147728e-01 1.878437e+00 -7.332422e-01 5.967547e-01
-1.979218e-01 -1.005625e+00 2.447908e+01 4.469133e-01
1.646494e-01 1.770969e+00 -2.558925e+00 3.077485e-01
1.818107e-01 -7.928437e-01 3.888987e+01 1.891254e-01
2.772155e-01 1.455479e+00 -3.201776e+00 9.748217e-02
3.098556e-01 -1.030959e+00 5.313811e+01 3.527858e-02
0.000000e+00 0.000000e+00 0.000000e+00 0.000000e+00
-3.557185e-01 3.053559e+00 1.469618e-01 8.571537e-01
-1.527129e-01 -2.510804e-01 1.323140e+01 7.399081e-01
-2.558095e-01 2.101462e+00 9.115258e-01 5.967547e-01
-9.936059e-02 -9.093059e-01 2.538641e+01 4.469133e-01
-1.732759e-01 1.435781e+00 1.154940e+00 3.077485e-01
-3.124514e-02 -1.387110e+00 4.167686e+01 1.891254e-01
-1.339992e-01 1.074406e+00 9.080549e-01 9.748217e-02
-1.129478e-01 -1.689270e+00 5.936055e+01 3.527858e-02
0.000000e+00 0.000000e+00 0.000000e+00 0.000000e+00
6.221430e-01 3.101556e+00 3.816159e-01 8.571537e-01
2.398107e-01 -1.753956e-03 1.284165e+01 7.399081e-01
2.251218e-01 2.501894e+00 2.652324e-01 5.967547e-01
-4.233665e-02 -4.156310e-01 2.415981e+01 4.469133e-01
-7.322212e-02 2.274016e+00 -1.464260e+00 3.077485e-01
-2.689063e-01 -6.314806e-01 3.936261e+01 1.891254e-01
-1.313008e-01 1.845503e+00 -3.651386e+00 9.748217e-02
-2.249600e-01 -8.667505e-01 5.460692e+01 3.527858e-02
0.000000e+00 0.000000e+00 0.000000e+00 0.000000e+00
6.154175e-02 2.873400e+00 4.046483e-01 8.571537e-01
1.530783e-01 6.521537e-02 1.255720e+01 7.399081e-01
1.132851e-01 2.597510e+00 2.683965e-01 5.967547e-01
1.924204e-01 -1.541586e-01 2.368820e+01 4.469133e-01
2.221778e-01 2.665356e+00 -1.502906e+00 3.077485e-01
2.932634e-01 -2.157920e-01 3.921867e+01 1.891254e-01
2.181973e-01 2.021128e+00 -2.898108e+00 9.748217e-02
2.815805e-01 -8.602887e-01 5.461418e+01 3.527858e-02
0.000000e+00 0.000000e+00 0.000000e+00 0.000000e+00
4.208440e-01 3.303118e+00 3.725702e-01 8.571537e-01
3.976031e-01 -1.509693e-01 1.368584e+01 7.399081e-01
3.228660e-01 2.481999e+00 4.385979e-01 5.967547e-01
2.019932e-01 -5.022455e-01 2.593760e+01 4.469133e-01
2.434562e-01 2.117183e+00 -4.164799e-01 3.077485e-01
9.592634e-02 -8.508338e-01 4.217691e+01 1.891254e-01
9.906691e-02 1.505620e+00 -1.249529e+00 9.748217e-02
-1.152286e-01 -1.316655e+00 5.821668e+01 3.527858e-02
0.000000e+00 0.000000e+00 0.000000e+00 0.000000e+00
9.763979e-01 2.721146e+00 1.008519e+00 8.571537e-01
5.569997e-01 -4.283895e-01 1.355533e+01 7.399081e-01
4.674914e-01 2.187284e+00 6.161135e-01 5.967547e-01
3.185112e-01 -6.399547e-01 2.489774e+01 4.469133e-01
1.432268e-01 1.997900e+00 -9.623563e-01 3.077485e-01
2.991334e-02 -7.994854e-01 3.986886e+01 1.891254e-01
-3.664266e-02 1.636872e+00 -2.682106e+00 9.748217e-02
4.664660e-03 -1.040791e+00 5.487344e+01 3.527858e-02
0.000000e+00 0.000000e+00 0.000000e+00 0.000000e+00
5.311672e-01 2.019812e+00 1.734609e+00 8.571537e-01
4.270779e-01 -5.959506e-01 1.332617e+01 7.399081e-01
3.334531e-01 2.032254e+00 1.091391e+00 5.967547e-01
2.409666e-01 -6.501870e-01 2.427027e+01 4.469133e-01
1.865856e-01 2.226902e+00 -9.346315e-01 3.077485e-01
1.048886e-01 -5.403302e-01 3.960611e+01 1.891254e-01
8.489827e-02 1.926630e+00 -2.577301e+00 9.748217e-02
1.904604e-02 -9.687045e-01 5.567712e+01 3.527858e-02
0.000000e+00 0.000000e+00 0.000000e+00 0.000000e+00
0.000000e+00 0.000000e+00 -2.121084e+00 8.571537e-01
0.000000e+00 0.000000e+00 -1.119103e+01 7.399081e-01
0.000000e+00 0.000000e+00 -9.144654e-01 5.967547e-01
0.000000e+00 0.000000e+00 -2.302120e+01 4.469133e-01
0.000000e+00 0.000000e+00 1.003480e+00 3.077485e-01
0.000000e+00 0.000000e+00 -3.944339e+01 1.891254e-01
0.000000e+00 0.000000e+00 2.711280e+00 9.748217e-02
0.000000e+00 0.000000e+00 -5.544723e+01 3.527858e-02
0.000000e+00 0.000000e+00 0.000000e+00 0.000000e+00
-1.411445e-01 0.000000e+00 -4.685778e-01 8.571537e-01
-8.217106e-02 0.000000e+00 -1.222262e+01 7.399081e-01
8.016903e-02 0.000000e+00 1.422509e+00 5.967547e-01
1.553726e-01 0.000000e+00 -2.341348e+01 4.469133e-01
2.299553e-01 0.000000e+00 4.919355e+00 3.077485e-01
3.164049e-01 0.000000e+00 -3.821037e+01 1.891254e-01
2.333094e-01 0.000000e+00 6.941042e+00 9.748217e-02
2.819634e-01 0.000000e+00 -5.171901e+01 3.527858e-02
0.000000e+00 0.000000e+00 0.000000e+00 0.000000e+00
-8.265892e-01 0.000000e+00 -3.261054e-01 8.571537e-01
-5.131668e-01 0.000000e+00 -1.385149e+01 7.399081e-01
-8.473325e-01 0.000000e+00 6.130998e-01 5.967547e-01
-7.400998e-01 0.000000e+00 -2.460695e+01 4.469133e-01
-9.815056e-01 0.000000e+00 2.845366e+00 3.077485e-01
-8.018781e-01 0.000000e+00 -3.875758e+01 1.891254e-01
-6.677806e-01 0.000000e+00 3.367960e+00 9.748217e-02
-5.169455e-01 0.000000e+00 -5.292269e+01 3.527858e-02
0.000000e+00 0.000000e+00 0.000000e+00 0.000000e+00
2.578576e-01 0.000000e+00 -1.567182e+00 8.571537e-01
3.559697e-02 0.000000e+00 -1.484928e+01 7.399081e-01
1.533883e-01 0.000000e+00 -2.017206e+00 5.967547e-01
6.703246e-02 0.000000e+00 -2.675562e+01 4.469133e-01
1.512551e-01 0.000000e+00 -2.151859e+00 3.077485e-01
2.333918e-02 0.000000e+00 -4.274068e+01 1.891254e-01
1.344398e-01 0.000000e+00 -2.044872e+00 9.748217e-02
1.301096e-01 0.000000e+00 -6.025982e+01 3.527858e-02
0.000000e+00 0.000000e+00 0.000000e+00 0.000000e+00
3.339066e-01 0.000000e+00 -4.608013e-01 8.571537e-01
5.530611e-01 0.000000e+00 -1.290254e+01 7.399081e-01
4.679547e-01 0.000000e+00 1.319319e-01 5.967547e-01
6.829389e-01 0.000000e+00 -2.379469e+01 4.469133e-01
7.082089e-01 0.000000e+00 2.272686e+00 3.077485e-01
8.083314e-01 0.000000e+00 -3.857033e+01 1.891254e-01
4.911303e-01 0.000000e+00 4.482166e+00 9.748217e-02
4.414541e-01 0.000000e+00 -5.367249e+01 3.527858e-02
0.000000e+00 0.000000e+00 0.000000e+00 0.000000e+00
1.542092e-01 0.000000e+00 4.521959e-02 8.571537e-01
4.544738e-03 0.000000e+00 -1.167980e+01 7.399081e-01
-4.796419e-02 0.000000e+00 9.589927e-01 5.967547e-01
-1.875031e-01 0.000000e+00 -2.215883e+01 4.469133e-01
-2.417678e-01 0.000000e+00 3.530162e+00 3.077485e-01
-3.235975e-01 0.000000e+00 -3.734696e+01 1.891254e-01
-2.699347e-01 0.000000e+00 4.863654e+00 9.748217e-02
-3.257410e-01 0.000000e+00 -5.282498e+01 3.527858e-02
0.000000e+00 0.000000e+00 0.000000e+00 0.000000e+00
2.594533e-01 0.000000e+00 -4.773250e-01 8.571537e-01
1.151925e-01 0.000000e+00 -1.362898e+01 7.399081e-01
1.872612e-02 0.000000e+00 3.046198e-01 5.967547e-01
-6.331128e-03 0.000000e+00 -2.529292e+01 4.469133e-01
-2.268864e-01 0.000000e+00 1.492479e+00 3.077485e-01
-1.520523e-01 0.000000e+00 -4.132576e+01 1.891254e-01
-1.639717e-01 0.000000e+00 1.996952e+00 9.748217e-02
5.966524e-02 0.000000e+00 -5.754743e+01 3.527858e-02
0.000000e+00 0.000000e+00 0.000000e+00 0.000000e+00
5.520973e-01 0.000000e+00 -2.811548e-01 8.571537e-01
6.932504e-01 0.000000e+00 -1.272648e+01 7.399081e-01
5.296323e-01 0.000000e+00 8.576924e-01 5.967547e-01
5.049050e-01 0.000000e+00 -2.356805e+01 4.469133e-01
5.168584e-01 0.000000e+00 2.586891e+00 3.077485e-01
4.487741e-01 0.000000e+00 -3.840218e+01 1.891254e-01
3.448386e-01 0.000000e+00 4.000474e+00 9.748217e-02
1.375286e-01 0.000000e+00 -5.372932e+01 3.527858e-02
0.000000e+00 0.000000e+00 0.000000e+00 0.000000e+00
3.073052e-01 0.000000e+00 2.477441e-01 8.571537e-01
2.166977e-01 0.000000e+00 -1.109042e+01 7.399081e-01
1.521699e-01 0.000000e+00 1.461613e+00 5.967547e-01
1.171967e-01 0.000000e+00 -2.166038e+01 4.469133e-01
5.561395e-02 0.000000e+00 3.688218e+00 3.077485e-01
5.038416e-02 0.000000e+00 -3.702802e+01 1.891254e-01
-1.071792e-02 0.000000e+00 5.028317e+00 9.748217e-02
7.771151e-03 0.000000e+00 -5.365698e+01 3.527858e-02
0.000000e+00 0.000000e+00 0.000000e+00 0.000000e+00
