0 729 0.00000e+00
  1     729
0.000000e+00 9.782862e+03 1.541002e+01 8.571537e-01
0.000000e+00 9.877736e+03 1.951480e+01 7.399081e-01
0.000000e+00 9.886883e+03 5.205116e-01 5.967547e-01
0.000000e+00 9.971489e+03 2.417344e+01 4.469133e-01
0.000000e+00 9.972247e+03 -9.575435e+00 3.077485e-01
0.000000e+00 1.004510e+04 3.033082e+01 1.891254e-01
0.000000e+00 1.005302e+04 -2.209515e+01 9.748217e-02
0.000000e+00 1.010585e+04 5.310821e+01 3.527858e-02
0.000000e+00 1.009424e+04 0.000000e+00 0.000000e+00
-1.399000e+00 9.829746e+03 1.302150e+01 8.571537e-01
-1.444618e+00 9.923049e+03 1.894141e+01 7.399081e-01
-1.294135e+00 9.927370e+03 -8.623214e-01 5.967547e-01
-1.206221e+00 1.000575e+04 2.338666e+01 4.469133e-01
-1.006123e+00 9.999975e+03 -1.056387e+01 3.077485e-01
-7.875895e-01 1.006289e+04 2.951552e+01 1.891254e-01
-4.127296e-01 1.006463e+04 -2.244084e+01 9.748217e-02
-1.683156e-01 1.010942e+04 5.157652e+01 3.527858e-02
0.000000e+00 1.009424e+04 0.000000e+00 0.000000e+00
-1.013826e+00 9.845422e+03 1.288887e+01 8.571537e-01
-8.767451e-01 9.932080e+03 1.911862e+01 7.399081e-01
-6.333057e-01 9.937702e+03 -9.670066e-01 5.967547e-01
-4.731919e-01 1.000971e+04 2.186970e+01 4.469133e-01
-2.365113e-01 1.000544e+04 -1.175063e+01 3.077485e-01
-2.901944e-01 1.006376e+04 2.525201e+01 1.891254e-01
-1.748826e-01 1.006630e+04 -2.466592e+01 9.748217e-02
-1.668757e-01 1.011131e+04 4.570444e+01 3.527858e-02
0.000000e+00 1.009424e+04 0.000000e+00 0.000000e+00
-2.706004e+00 9.851013e+03 1.368783e+01 8.571537e-01
-2.105631e+00 9.934431e+03 1.976684e+01 7.399081e-01
-1.610975e+00 9.941477e+03 3.717389e-01 5.967547e-01
-9.470868e-01 1.001193e+04 2.361637e+01 4.469133e-01
-4.552360e-01 1.000619e+04 -9.922605e+00 3.077485e-01
-1.805864e-02 1.006573e+04 2.725941e+01 1.891254e-01
1.415620e-01 1.006453e+04 -2.300117e+01 9.748217e-02
3.053794e-01 1.011337e+04 5.019608e+01 3.527858e-02
0.000000e+00 1.009424e+04 0.000000e+00 0.000000e+00
-1.691187e+00 9.851315e+03 1.220984e+01 8.571537e-01
-1.641610e+00 9.935943e+03 1.892492e+01 7.399081e-01
-1.403688e+00 9.942661e+03 -4.202068e-01 5.967547e-01
-1.403487e+00 1.001320e+04 2.407300e+01 4.469133e-01
-1.085007e+00 1.000616e+04 -9.101960e+00 3.077485e-01
-8.492463e-01 1.006575e+04 2.970824e+01 1.891254e-01
-3.416358e-01 1.006440e+04 -2.058126e+01 9.748217e-02
-2.675878e-01 1.011152e+04 5.293533e+01 3.527858e-02
0.000000e+00 1.009424e+04 0.000000e+00 0.000000e+00
-1.392380e+00 9.853036e+03 1.241638e+01 8.571537e-01
-1.317006e+00 9.937930e+03 1.822863e+01 7.399081e-01
-1.179581e+00 9.944712e+03 -1.459796e+00 5.967547e-01
-7.492847e-01 1.001396e+04 2.227431e+01 4.469133e-01
-6.051205e-01 1.000795e+04 -1.229671e+01 3.077485e-01
-4.977185e-01 1.006615e+04 2.593830e+01 1.891254e-01
-3.928975e-01 1.006631e+04 -2.438108e+01 9.748217e-02
-1.637250e-01 1.011211e+04 4.755783e+01 3.527858e-02
0.000000e+00 1.009424e+04 0.000000e+00 0.000000e+00
-1.449504e+00 9.856453e+03 1.210781e+01 8.571537e-01
-1.500040e+00 9.941509e+03 1.750194e+01 7.399081e-01
-1.137937e+00 9.946326e+03 -7.648477e-01 5.967547e-01
-8.996609e-01 1.001567e+04 2.262482e+01 4.469133e-01
-3.270150e-01 1.000852e+04 -1.123239e+01 3.077485e-01
-6.475417e-02 1.006741e+04 2.558489e+01 1.891254e-01
1.001125e-01 1.006593e+04 -2.451706e+01 9.748217e-02
1.193017e-01 1.011240e+04 4.886192e+01 3.527858e-02
0.000000e+00 1.009424e+04 0.000000e+00 0.000000e+00
-1.745479e+00 9.860013e+03 1.169179e+01 8.571537e-01
-1.173187e+00 9.942747e+03 1.748926e+01 7.399081e-01
-9.460765e-01 9.947936e+03 -7.935979e-01 5.967547e-01
-7.527638e-01 1.001674e+04 2.275921e+01 4.469133e-01
-7.183955e-01 1.000981e+04 -1.057031e+01 3.077485e-01
-4.848501e-01 1.006785e+04 2.696198e+01 1.891254e-01
-1.809463e-01 1.006666e+04 -2.277911e+01 9.748217e-02
-7.237855e-02 1.011202e+04 4.952916e+01 3.527858e-02
0.000000e+00 1.009424e+04 0.000000e+00 0.000000e+00
-2.819871e+00 9.861848e+03 1.092866e+01 8.571537e-01
-2.293314e+00 9.944305e+03 1.752603e+01 7.399081e-01
-1.754861e+00 9.949109e+03 -1.976275e+00 5.967547e-01
-1.325139e+00 1.001840e+04 2.246993e+01 4.469133e-01
-8.630465e-01 1.001072e+04 -1.296553e+01 3.077485e-01
-5.483556e-01 1.006874e+04 2.749006e+01 1.891254e-01
-2.682776e-01 1.006772e+04 -2.377136e+01 9.748217e-02
-8.830000e-02 1.011349e+04 4.958212e+01 3.527858e-02
0.000000e+00 1.009424e+04 0.000000e+00 0.000000e+00
0.000000e+00 9.846582e+03 1.039419e+01 8.571537e-01
0.000000e+00 9.848777e+03 -4.351968e+00 7.399081e-01
0.000000e+00 9.943009e+03 8.825860e+00 5.967547e-01
0.000000e+00 9.939622e+03 -2.023779e+01 4.469133e-01
0.000000e+00 1.002756e+04 1.036118e+01 3.077485e-01
0.000000e+00 1.002029e+04 -3.395594e+01 1.891254e-01
0.000000e+00 1.007795e+04 1.816615e+01 9.748217e-02
0.000000e+00 1.006038e+04 -5.564778e+01 3.527858e-02
0.000000e+00 1.009424e+04 0.000000e+00 0.000000e+00
-2.921083e-01 9.894183e+03 1.085376e+01 8.571537e-01
-7.154317e-01 9.893056e+03 -6.014542e+00 7.399081e-01
-1.046191e+00 9.983475e+03 8.828680e+00 5.967547e-01
-8.633075e-01 9.974315e+03 -1.994997e+01 4.469133e-01
-6.350503e-01 1.005346e+04 1.079288e+01 3.077485e-01
-3.736768e-01 1.003960e+04 -3.322429e+01 1.891254e-01
-1.900333e-01 1.008697e+04 1.897687e+01 9.748217e-02
-3.083145e-02 1.006500e+04 -5.362321e+01 3.527858e-02
0.000000e+00 1.009424e+04 0.000000e+00 0.000000e+00
-3.533044e-01 9.901896e+03 1.248211e+01 8.571537e-01
8.662719e-02 9.904825e+03 -5.660221e+00 7.399081e-01
3.477486e-01 9.988745e+03 9.659321e+00 5.967547e-01
5.059056e-01 9.981684e+03 -1.838841e+01 4.469133e-01
3.250525e-01 1.005427e+04 1.133701e+01 3.077485e-01
2.870231e-01 1.004239e+04 -2.987810e+01 1.891254e-01
1.192050e-01 1.008679e+04 2.105189e+01 9.748217e-02
1.353516e-01 1.006374e+04 -4.749736e+01 3.527858e-02
0.000000e+00 1.009424e+04 0.000000e+00 0.000000e+00
-1.742020e+00 9.903068e+03 1.203618e+01 8.571537e-01
-1.523291e+00 9.908657e+03 -5.623215e+00 7.399081e-01
-1.192844e+00 9.990338e+03 9.477121e+00 5.967547e-01
-9.217727e-01 9.983656e+03 -1.960663e+01 4.469133e-01
-6.631592e-01 1.005644e+04 9.862144e+00 3.077485e-01
-5.157825e-01 1.004217e+04 -3.174136e+01 1.891254e-01
-3.279690e-01 1.009003e+04 1.866105e+01 9.748217e-02
-3.623913e-01 1.006161e+04 -5.266863e+01 3.527858e-02
0.000000e+00 1.009424e+04 0.000000e+00 0.000000e+00
-1.950308e+00 9.905824e+03 9.724701e+00 8.571537e-01
-1.407983e+00 9.909858e+03 -7.093904e+00 7.399081e-01
-1.260491e+00 9.991563e+03 8.518945e+00 5.967547e-01
-9.132304e-01 9.984226e+03 -2.083042e+01 4.469133e-01
-6.304109e-01 1.005785e+04 9.184147e+00 3.077485e-01
-3.096969e-01 1.004284e+04 -3.370210e+01 1.891254e-01
-2.665706e-01 1.009012e+04 1.673751e+01 9.748217e-02
8.783843e-02 1.006332e+04 -5.541109e+01 3.527858e-02
0.000000e+00 1.009424e+04 0.000000e+00 0.000000e+00
1.974488e-01 9.907077e+03 9.064163e+00 8.571537e-01
4.600294e-02 9.910710e+03 -7.085340e+00 7.399081e-01
1.456866e-01 9.991911e+03 8.689840e+00 5.967547e-01
1.628401e-01 9.985406e+03 -1.998563e+01 4.469133e-01
1.909809e-01 1.005754e+04 1.084495e+01 3.077485e-01
1.631924e-01 1.004387e+04 -3.125011e+01 1.891254e-01
1.805662e-01 1.008896e+04 2.011799e+01 9.748217e-02
5.384721e-02 1.006350e+04 -5.024607e+01 3.527858e-02
0.000000e+00 1.009424e+04 0.000000e+00 0.000000e+00
6.242120e-02 9.908671e+03 9.511276e+00 8.571537e-01
-1.367042e-01 9.911231e+03 -7.195079e+00 7.399081e-01
-4.388279e-01 9.993471e+03 8.723605e+00 5.967547e-01
-2.982593e-01 9.986002e+03 -1.918950e+01 4.469133e-01
-3.652661e-01 1.005837e+04 1.011182e+01 3.077485e-01
-1.759974e-01 1.004350e+04 -3.036718e+01 1.891254e-01
-1.338963e-01 1.009031e+04 1.974734e+01 9.748217e-02
-1.187588e-01 1.006345e+04 -5.229266e+01 3.527858e-02
0.000000e+00 1.009424e+04 0.000000e+00 0.000000e+00
-2.428222e-01 9.910180e+03 1.009235e+01 8.571537e-01
-1.901136e-01 9.914046e+03 -7.221660e+00 7.399081e-01
1.738447e-02 9.994855e+03 8.965180e+00 5.967547e-01
5.891427e-02 9.987311e+03 -1.894343e+01 4.469133e-01
2.687646e-01 1.005892e+04 1.043996e+01 3.077485e-01
2.540878e-01 1.004428e+04 -3.059692e+01 1.891254e-01
7.150956e-02 1.008987e+04 1.899157e+01 9.748217e-02
8.314358e-02 1.006387e+04 -5.198949e+01 3.527858e-02
0.000000e+00 1.009424e+04 0.000000e+00 0.000000e+00
-9.756868e-01 9.913654e+03 1.014025e+01 8.571537e-01
-7.237753e-01 9.916505e+03 -7.483425e+00 7.399081e-01
-6.204564e-01 9.997074e+03 9.189776e+00 5.967547e-01
-4.527266e-01 9.987977e+03 -1.981235e+01 4.469133e-01
-3.743463e-01 1.006006e+04 1.198052e+01 3.077485e-01
-2.317754e-01 1.004465e+04 -3.147180e+01 1.891254e-01
-1.393496e-01 1.008918e+04 2.032143e+01 9.748217e-02
-4.956429e-02 1.006254e+04 -5.101261e+01 3.527858e-02
0.000000e+00 1.009424e+04 0.000000e+00 0.000000e+00
0.000000e+00 9.793163e+03 -6.116549e+00 8.571537e-01
0.000000e+00 9.902758e+03 7.721447e+00 7.399081e-01
0.000000e+00 9.890567e+03 -7.493093e+00 5.967547e-01
0.000000e+00 9.991242e+03 2.178776e+01 4.469133e-01
0.000000e+00 9.974402e+03 -9.375475e+00 3.077485e-01
0.000000e+00 1.005642e+04 3.704870e+01 1.891254e-01
0.000000e+00 1.004436e+04 -1.548147e+01 9.748217e-02
0.000000e+00 1.010515e+04 5.781483e+01 3.527858e-02
0.000000e+00 1.009424e+04 0.000000e+00 0.000000e+00
2.181232e-01 9.840209e+03 -7.476438e+00 8.571537e-01
-3.081683e-01 9.948200e+03 7.760045e+00 7.399081e-01
-3.267832e-01 9.932256e+03 -8.178473e+00 5.967547e-01
-4.072035e-01 1.002605e+04 2.117917e+01 4.469133e-01
-3.303711e-01 1.000284e+04 -1.004013e+01 3.077485e-01
-2.941039e-01 1.007438e+04 3.609576e+01 1.891254e-01
-1.918238e-01 1.005677e+04 -1.693249e+01 9.748217e-02
-1.474798e-01 1.010847e+04 5.534150e+01 3.527858e-02
0.000000e+00 1.009424e+04 0.000000e+00 0.000000e+00
-2.728942e-01 9.855002e+03 -7.959673e+00 8.571537e-01
-7.401093e-02 9.954969e+03 8.228499e+00 7.399081e-01
2.881186e-01 9.942545e+03 -8.094240e+00 5.967547e-01
3.709137e-01 1.002875e+04 2.004387e+01 4.469133e-01
3.587796e-01 1.000852e+04 -1.106345e+01 3.077485e-01
1.721627e-01 1.007433e+04 3.330780e+01 1.891254e-01
2.358878e-01 1.005816e+04 -1.865110e+01 9.748217e-02
4.457925e-02 1.010981e+04 4.937767e+01 3.527858e-02
0.000000e+00 1.009424e+04 0.000000e+00 0.000000e+00
-1.674102e+00 9.858022e+03 -8.852520e+00 8.571537e-01
-1.161577e+00 9.954896e+03 7.461646e+00 7.399081e-01
-1.098706e+00 9.943767e+03 -9.085696e+00 5.967547e-01
-9.173239e-01 1.002889e+04 2.078125e+01 4.469133e-01
-4.689057e-01 1.000816e+04 -1.002173e+01 3.077485e-01
-1.518498e-01 1.007604e+04 3.548124e+01 1.891254e-01
-8.121128e-02 1.005532e+04 -1.541215e+01 9.748217e-02
2.039016e-01 1.011295e+04 5.471842e+01 3.527858e-02
0.000000e+00 1.009424e+04 0.000000e+00 0.000000e+00
-9.461201e-01 9.858359e+03 -1.176753e+01 8.571537e-01
-7.733403e-01 9.956645e+03 4.843811e+00 7.399081e-01
-2.596331e-01 9.944764e+03 -1.054638e+01 5.967547e-01
-1.008773e-02 1.003021e+04 2.087538e+01 4.469133e-01
2.862339e-02 1.000794e+04 -1.015952e+01 3.077485e-01
-6.292526e-02 1.007625e+04 3.660832e+01 1.891254e-01
-1.873787e-02 1.005584e+04 -1.488068e+01 9.748217e-02
-1.962885e-01 1.011149e+04 5.691153e+01 3.527858e-02
0.000000e+00 1.009424e+04 0.000000e+00 0.000000e+00
1.507896e+00 9.861525e+03 -1.159396e+01 8.571537e-01
1.364555e+00 9.959650e+03 5.124222e+00 7.399081e-01
1.117378e+00 9.948031e+03 -9.234497e+00 5.967547e-01
8.333860e-01 1.003208e+04 2.071813e+01 4.469133e-01
5.721191e-01 1.001035e+04 -1.126620e+01 3.077485e-01
4.143431e-01 1.007631e+04 3.510737e+01 1.891254e-01
2.284005e-01 1.005774e+04 -1.760241e+01 9.748217e-02
1.632238e-01 1.011109e+04 5.265242e+01 3.527858e-02
0.000000e+00 1.009424e+04 0.000000e+00 0.000000e+00
1.692445e+00 9.864710e+03 -9.447651e+00 8.571537e-01
7.875398e-01 9.962866e+03 6.466794e+00 7.399081e-01
3.626803e-01 9.949412e+03 -7.940560e+00 5.967547e-01
5.830287e-02 1.003346e+04 2.113407e+01 4.469133e-01
1.825424e-01 1.001101e+04 -9.489310e+00 3.077485e-01
1.481195e-02 1.007753e+04 3.542045e+01 1.891254e-01
3.124182e-02 1.005632e+04 -1.521041e+01 9.748217e-02
7.007379e-02 1.011140e+04 5.588818e+01 3.527858e-02
0.000000e+00 1.009424e+04 0.000000e+00 0.000000e+00
4.610179e-01 9.866937e+03 -8.807115e+00 8.571537e-01
5.755254e-01 9.962815e+03 6.423677e+00 7.399081e-01
5.859553e-01 9.950239e+03 -7.977566e+00 5.967547e-01
5.655732e-01 1.003365e+04 2.140617e+01 4.469133e-01
2.641353e-01 1.001134e+04 -9.874365e+00 3.077485e-01
1.290117e-01 1.007704e+04 3.491914e+01 1.891254e-01
1.066005e-01 1.005711e+04 -1.554265e+01 9.748217e-02
-5.066853e-02 1.011104e+04 5.472094e+01 3.527858e-02
0.000000e+00 1.009424e+04 0.000000e+00 0.000000e+00
5.035993e-01 9.867009e+03 -8.572551e+00 8.571537e-01
3.263049e-01 9.963583e+03 6.748301e+00 7.399081e-01
2.773741e-01 9.950461e+03 -8.147716e+00 5.967547e-01
1.938083e-01 1.003520e+04 2.207115e+01 4.469133e-01
1.933433e-01 1.001134e+04 -1.133532e+01 3.077485e-01
1.115704e-01 1.007738e+04 3.519725e+01 1.891254e-01
6.537432e-02 1.005839e+04 -1.798078e+01 9.748217e-02
2.968241e-02 1.011242e+04 5.276149e+01 3.527858e-02
0.000000e+00 1.009424e+04 0.000000e+00 0.000000e+00
0.000000e+00 9.845414e+03 -8.551950e+00 8.571537e-01
0.000000e+00 9.828706e+03 -1.611845e+01 7.399081e-01
0.000000e+00 9.946103e+03 4.052647e+00 5.967547e-01
0.000000e+00 9.924377e+03 -2.294475e+01 4.469133e-01
0.000000e+00 1.003112e+04 9.347424e+00 3.077485e-01
0.000000e+00 1.001032e+04 -3.937090e+01 1.891254e-01
0.000000e+00 1.008737e+04 1.345560e+01 9.748217e-02
0.000000e+00 1.006037e+04 -6.073809e+01 3.527858e-02
0.000000e+00 1.009424e+04 0.000000e+00 0.000000e+00
8.531042e-01 9.892732e+03 -6.360385e+00 8.571537e-01
1.009193e+00 9.873983e+03 -1.567742e+01 7.399081e-01
8.978736e-01 9.986607e+03 5.285645e+00 5.967547e-01
7.994734e-01 9.959630e+03 -2.221542e+01 4.469133e-01
5.663771e-01 1.005691e+04 1.021165e+01 3.077485e-01
3.867997e-01 1.002978e+04 -3.829083e+01 1.891254e-01
2.194424e-01 1.009580e+04 1.517076e+01 9.748217e-02
1.428537e-01 1.006560e+04 -5.783892e+01 3.527858e-02
0.000000e+00 1.009424e+04 0.000000e+00 0.000000e+00
-7.103534e-01 9.899206e+03 -5.884905e+00 8.571537e-01
-7.789130e-01 9.886804e+03 -1.687333e+01 7.399081e-01
-7.408445e-01 9.990541e+03 5.152891e+00 5.967547e-01
-6.003783e-01 9.967062e+03 -2.203397e+01 4.469133e-01
-4.871709e-01 1.005627e+04 1.050653e+01 3.077485e-01
-2.626535e-01 1.003244e+04 -3.595735e+01 1.891254e-01
-2.968036e-01 1.009483e+04 1.685552e+01 9.748217e-02
-5.391920e-02 1.006456e+04 -5.111557e+01 3.527858e-02
0.000000e+00 1.009424e+04 0.000000e+00 0.000000e+00
-1.627670e+00 9.900424e+03 -9.551231e+00 8.571537e-01
-1.125814e+00 9.890207e+03 -2.050813e+01 7.399081e-01
-7.807796e-01 9.992212e+03 2.660923e+00 5.967547e-01
-6.200921e-01 9.969186e+03 -2.503277e+01 4.469133e-01
-5.965155e-01 1.005807e+04 7.607975e+00 3.077485e-01
-5.002594e-01 1.003146e+04 -3.888823e+01 1.891254e-01
-2.779753e-01 1.009845e+04 1.314181e+01 9.748217e-02
-3.328377e-01 1.006070e+04 -5.608480e+01 3.527858e-02
0.000000e+00 1.009424e+04 0.000000e+00 0.000000e+00
8.607848e-01 9.905140e+03 -1.200710e+01 8.571537e-01
1.119488e+00 9.892778e+03 -2.146266e+01 7.399081e-01
1.036615e+00 9.995271e+03 2.208171e+00 5.967547e-01
1.004672e+00 9.970818e+03 -2.588285e+01 4.469133e-01
9.069263e-01 1.006044e+04 7.085571e+00 3.077485e-01
7.598082e-01 1.003246e+04 -4.080927e+01 1.891254e-01
4.022375e-01 1.009851e+04 1.228806e+01 9.748217e-02
3.660541e-01 1.006243e+04 -5.906946e+01 3.527858e-02
0.000000e+00 1.009424e+04 0.000000e+00 0.000000e+00
3.512842e+00 9.908441e+03 -1.002045e+01 8.571537e-01
2.758662e+00 9.895252e+03 -1.898067e+01 7.399081e-01
2.262738e+00 9.996181e+03 3.902128e+00 5.967547e-01
1.767674e+00 9.972146e+03 -2.401567e+01 4.469133e-01
1.220283e+00 1.006050e+04 8.629068e+00 3.077485e-01
6.761582e-01 1.003412e+04 -3.964532e+01 1.891254e-01
2.847178e-01 1.009715e+04 1.424301e+01 9.748217e-02
4.721274e-02 1.006356e+04 -5.544785e+01 3.527858e-02
0.000000e+00 1.009424e+04 0.000000e+00 0.000000e+00
2.380287e+00 9.910364e+03 -7.011739e+00 8.571537e-01
1.992342e+00 9.896635e+03 -1.717301e+01 7.399081e-01
1.239074e+00 9.998453e+03 4.056108e+00 5.967547e-01
7.066116e-01 9.973595e+03 -2.334122e+01 4.469133e-01
1.684337e-01 1.006150e+04 6.615729e+00 3.077485e-01
8.443825e-02 1.003392e+04 -4.007202e+01 1.891254e-01
1.383029e-02 1.009946e+04 1.064793e+01 9.748217e-02
-8.600501e-02 1.006303e+04 -5.977667e+01 3.527858e-02
0.000000e+00 1.009424e+04 0.000000e+00 0.000000e+00
4.812461e-01 9.910162e+03 -7.058473e+00 8.571537e-01
4.585827e-01 9.898967e+03 -1.749427e+01 7.399081e-01
6.058849e-01 9.999563e+03 4.407452e+00 5.967547e-01
6.871425e-01 9.974852e+03 -2.339753e+01 4.469133e-01
7.184232e-01 1.006197e+04 6.700290e+00 3.077485e-01
4.681228e-01 1.003495e+04 -3.994376e+01 1.891254e-01
1.867644e-01 1.009872e+04 1.110596e+01 9.748217e-02
1.943104e-01 1.006355e+04 -5.843582e+01 3.527858e-02
0.000000e+00 1.009424e+04 0.000000e+00 0.000000e+00
8.922443e-01 9.911678e+03 -7.416321e+00 8.571537e-01
8.591426e-01 9.899363e+03 -1.788034e+01 7.399081e-01
7.064793e-01 1.000064e+04 5.613914e+00 5.967547e-01
6.061738e-01 9.974107e+03 -2.356034e+01 4.469133e-01
3.705660e-01 1.006288e+04 8.144286e+00 3.077485e-01
2.395474e-01 1.003501e+04 -4.045939e+01 1.891254e-01
1.053155e-01 1.009733e+04 1.398317e+01 9.748217e-02
4.456124e-02 1.006247e+04 -5.518537e+01 3.527858e-02
0.000000e+00 1.009424e+04 0.000000e+00 0.000000e+00
0.000000e+00 9.744309e+03 -3.293368e+01 8.571537e-01
0.000000e+00 9.883435e+03 -7.747644e+00 7.399081e-01
0.000000e+00 9.852806e+03 -1.747283e+01 5.967547e-01
0.000000e+00 9.981918e+03 1.747950e+01 4.469133e-01
0.000000e+00 9.950862e+03 -1.172261e+01 3.077485e-01
0.000000e+00 1.005642e+04 4.181587e+01 1.891254e-01
0.000000e+00 1.002927e+04 -1.057084e+01 9.748217e-02
0.000000e+00 1.010415e+04 6.478634e+01 3.527858e-02
0.000000e+00 1.009424e+04 0.000000e+00 0.000000e+00
1.540323e+00 9.792059e+03 -3.290085e+01 8.571537e-01
1.476028e+00 9.927928e+03 -5.602462e+00 7.399081e-01
1.608215e+00 9.894499e+03 -1.728456e+01 5.967547e-01
1.357944e+00 1.001628e+04 1.823886e+01 4.469133e-01
1.085772e+00 9.979729e+03 -1.195410e+01 3.077485e-01
6.447248e-01 1.007444e+04 4.130808e+01 1.891254e-01
3.399194e-01 1.004241e+04 -1.224462e+01 9.748217e-02
8.517078e-02 1.010670e+04 6.168407e+01 3.527858e-02
0.000000e+00 1.009424e+04 0.000000e+00 0.000000e+00
-4.973757e-01 9.809035e+03 -3.434411e+01 8.571537e-01
-3.610670e-01 9.934814e+03 -5.042199e+00 7.399081e-01
-5.106677e-01 9.907239e+03 -1.827302e+01 5.967547e-01
-7.739435e-01 1.001953e+04 1.726081e+01 4.469133e-01
-6.923462e-01 9.987460e+03 -1.339278e+01 3.077485e-01
-6.147105e-01 1.007486e+04 3.817475e+01 1.891254e-01
-2.588528e-01 1.004504e+04 -1.513886e+01 9.748217e-02
-2.040894e-01 1.010779e+04 5.377006e+01 3.527858e-02
0.000000e+00 1.009424e+04 0.000000e+00 0.000000e+00
-2.779990e-03 9.814826e+03 -3.704643e+01 8.571537e-01
4.552262e-03 9.937761e+03 -7.783049e+00 7.399081e-01
1.906174e-01 9.910771e+03 -1.945297e+01 5.967547e-01
3.933660e-01 1.002134e+04 1.652344e+01 4.469133e-01
3.887965e-01 9.988528e+03 -1.329298e+01 3.077485e-01
3.578935e-01 1.007802e+04 3.980308e+01 1.891254e-01
2.629874e-01 1.004240e+04 -1.192391e+01 9.748217e-02
3.626717e-01 1.011324e+04 5.840044e+01 3.527858e-02
0.000000e+00 1.009424e+04 0.000000e+00 0.000000e+00
3.048386e+00 9.817957e+03 -3.637628e+01 8.571537e-01
2.568517e+00 9.941226e+03 -7.647772e+00 7.399081e-01
2.169432e+00 9.912125e+03 -1.877501e+01 5.967547e-01
1.724654e+00 1.002346e+04 1.820635e+01 4.469133e-01
1.337406e+00 9.988744e+03 -1.248183e+01 3.077485e-01
8.198112e-01 1.007882e+04 4.256786e+01 1.891254e-01
4.583661e-01 1.004331e+04 -1.039553e+01 9.748217e-02
-1.368428e-02 1.011184e+04 6.261534e+01 3.527858e-02
0.000000e+00 1.009424e+04 0.000000e+00 0.000000e+00
5.030811e+00 9.821448e+03 -3.261135e+01 8.571537e-01
4.073531e+00 9.944097e+03 -4.711585e+00 7.399081e-01
3.204530e+00 9.915384e+03 -1.702492e+01 5.967547e-01
2.390737e+00 1.002498e+04 1.951981e+01 4.469133e-01
1.695176e+00 9.990646e+03 -1.252596e+01 3.077485e-01
1.093400e+00 1.007828e+04 4.158111e+01 1.891254e-01
5.643346e-01 1.004568e+04 -1.304962e+01 9.748217e-02
2.022945e-01 1.011044e+04 5.785990e+01 3.527858e-02
0.000000e+00 1.009424e+04 0.000000e+00 0.000000e+00
3.582272e+00 9.824592e+03 -2.891759e+01 8.571537e-01
2.990099e+00 9.947043e+03 -1.940557e+00 7.399081e-01
2.662502e+00 9.917146e+03 -1.403296e+01 5.967547e-01
1.950860e+00 1.002647e+04 2.033892e+01 4.469133e-01
1.463398e+00 9.991939e+03 -9.320989e+00 3.077485e-01
9.621190e-01 1.007999e+04 4.340744e+01 1.891254e-01
6.398203e-01 1.004395e+04 -7.982199e+00 9.748217e-02
4.576171e-01 1.011203e+04 6.304227e+01 3.527858e-02
0.000000e+00 1.009424e+04 0.000000e+00 0.000000e+00
7.495357e-01 9.828259e+03 -2.888116e+01 8.571537e-01
1.104333e+00 9.948282e+03 -1.072414e+00 7.399081e-01
1.012641e+00 9.919512e+03 -1.348757e+01 5.967547e-01
8.933078e-01 1.002810e+04 2.099983e+01 4.469133e-01
5.666991e-01 9.993791e+03 -9.368097e+00 3.077485e-01
2.091492e-01 1.008041e+04 4.313295e+01 1.891254e-01
-1.505111e-02 1.004555e+04 -8.674835e+00 9.748217e-02
-2.616066e-01 1.011162e+04 6.216436e+01 3.527858e-02
0.000000e+00 1.009424e+04 0.000000e+00 0.000000e+00
1.383449e+00 9.828646e+03 -3.075999e+01 8.571537e-01
1.205245e+00 9.950568e+03 -1.576181e+00 7.399081e-01
1.071805e+00 9.920326e+03 -1.474863e+01 5.967547e-01
8.052284e-01 1.003049e+04 2.124441e+01 4.469133e-01
6.205601e-01 9.993731e+03 -1.191223e+01 3.077485e-01
3.927897e-01 1.008107e+04 4.134627e+01 1.891254e-01
2.244702e-01 1.004747e+04 -1.396649e+01 9.748217e-02
9.413390e-02 1.011229e+04 5.682331e+01 3.527858e-02
0.000000e+00 1.009424e+04 0.000000e+00 0.000000e+00
0.000000e+00 9.796366e+03 -4.123041e+01 8.571537e-01
0.000000e+00 9.761814e+03 -3.945937e+01 7.399081e-01
0.000000e+00 9.916035e+03 -8.539163e+00 5.967547e-01
0.000000e+00 9.879546e+03 -3.290171e+01 4.469133e-01
0.000000e+00 1.001883e+04 5.076786e+00 3.077485e-01
0.000000e+00 9.984960e+03 -4.695115e+01 1.891254e-01
0.000000e+00 1.008964e+04 7.869570e+00 9.748217e-02
0.000000e+00 1.005541e+04 -6.923171e+01 3.527858e-02
0.000000e+00 1.009424e+04 0.000000e+00 0.000000e+00
2.416027e+00 9.843111e+03 -3.768641e+01 8.571537e-01
2.281860e+00 9.807391e+03 -3.810474e+01 7.399081e-01
1.940733e+00 9.955485e+03 -6.277328e+00 5.967547e-01
1.800191e+00 9.914275e+03 -3.145685e+01 4.469133e-01
1.571822e+00 1.004362e+04 7.179005e+00 3.077485e-01
1.241044e+00 1.000443e+04 -4.564478e+01 1.891254e-01
6.985154e-01 1.009739e+04 9.406187e+00 9.748217e-02
2.943116e-01 1.006164e+04 -6.642057e+01 3.527858e-02
0.000000e+00 1.009424e+04 0.000000e+00 0.000000e+00
1.124382e+00 9.851521e+03 -3.606122e+01 8.571537e-01
9.752947e-01 9.823185e+03 -3.770277e+01 7.399081e-01
8.158756e-01 9.959629e+03 -5.029942e+00 5.967547e-01
6.105218e-01 9.923774e+03 -2.982029e+01 4.469133e-01
2.771908e-01 1.004313e+04 9.808170e+00 3.077485e-01
2.528971e-01 1.000867e+04 -4.141485e+01 1.891254e-01
8.124661e-02 1.009624e+04 1.296565e+01 9.748217e-02
1.943403e-01 1.006157e+04 -5.764603e+01 3.527858e-02
0.000000e+00 1.009424e+04 0.000000e+00 0.000000e+00
1.242764e+00 9.856139e+03 -3.892491e+01 8.571537e-01
1.354794e+00 9.829479e+03 -3.954642e+01 7.399081e-01
1.079467e+00 9.963863e+03 -7.296652e+00 5.967547e-01
7.380579e-01 9.928058e+03 -3.158629e+01 4.469133e-01
4.421760e-01 1.004671e+04 8.064308e+00 3.077485e-01
1.847477e-01 1.000834e+04 -4.310892e+01 1.891254e-01
4.026281e-02 1.010086e+04 1.077522e+01 9.748217e-02
-2.147243e-01 1.005574e+04 -6.011238e+01 3.527858e-02
0.000000e+00 1.009424e+04 0.000000e+00 0.000000e+00
4.244246e+00 9.859989e+03 -3.889852e+01 8.571537e-01
3.347699e+00 9.831644e+03 -4.039070e+01 7.399081e-01
2.688533e+00 9.967104e+03 -7.767301e+00 5.967547e-01
2.144032e+00 9.928515e+03 -3.352113e+01 4.469133e-01
1.421747e+00 1.004794e+04 6.949884e+00 3.077485e-01
9.562576e-01 1.000790e+04 -4.559480e+01 1.891254e-01
4.884811e-01 1.009995e+04 9.502942e+00 9.748217e-02
2.850430e-01 1.005701e+04 -6.423338e+01 3.527858e-02
0.000000e+00 1.009424e+04 0.000000e+00 0.000000e+00
6.415405e+00 9.862501e+03 -3.547898e+01 8.571537e-01
5.096922e+00 9.833244e+03 -3.800873e+01 7.399081e-01
3.866517e+00 9.967208e+03 -5.801971e+00 5.967547e-01
2.632904e+00 9.929156e+03 -3.211830e+01 4.469133e-01
1.631346e+00 1.004701e+04 9.094483e+00 3.077485e-01
9.498101e-01 1.000905e+04 -4.247572e+01 1.891254e-01
5.371544e-01 1.009762e+04 1.337110e+01 9.748217e-02
2.870423e-01 1.005924e+04 -5.868568e+01 3.527858e-02
0.000000e+00 1.009424e+04 0.000000e+00 0.000000e+00
5.375752e+00 9.866332e+03 -3.105828e+01 8.571537e-01
4.843325e+00 9.836364e+03 -3.390703e+01 7.399081e-01
3.944271e+00 9.969782e+03 -5.126532e+00 5.967547e-01
3.249110e+00 9.931146e+03 -3.039064e+01 4.469133e-01
2.338890e+00 1.004823e+04 7.292763e+00 3.077485e-01
1.407585e+00 1.000876e+04 -4.398490e+01 1.891254e-01
4.964252e-01 1.010015e+04 8.500211e+00 9.748217e-02
-9.693312e-02 1.005689e+04 -6.354289e+01 3.527858e-02
0.000000e+00 1.009424e+04 0.000000e+00 0.000000e+00
2.245838e+00 9.869490e+03 -3.024812e+01 8.571537e-01
2.018627e+00 9.840729e+03 -3.290410e+01 7.399081e-01
1.847429e+00 9.971882e+03 -4.067927e+00 5.967547e-01
1.407617e+00 9.933079e+03 -2.947147e+01 4.469133e-01
1.068319e+00 1.004903e+04 8.441709e+00 3.077485e-01
1.014844e+00 1.001041e+04 -4.278903e+01 1.891254e-01
8.582003e-01 1.009973e+04 9.567187e+00 9.748217e-02
6.411327e-01 1.005797e+04 -6.327214e+01 3.527858e-02
0.000000e+00 1.009424e+04 0.000000e+00 0.000000e+00
2.195199e+00 9.874463e+03 -3.212721e+01 8.571537e-01
2.009456e+00 9.842260e+03 -3.398767e+01 7.399081e-01
1.615782e+00 9.974683e+03 -3.064271e+00 5.967547e-01
1.235374e+00 9.933000e+03 -2.889284e+01 4.469133e-01
8.091072e-01 1.005095e+04 1.204897e+01 3.077485e-01
5.038949e-01 1.001127e+04 -3.890641e+01 1.891254e-01
2.310883e-01 1.009910e+04 1.627508e+01 9.748217e-02
7.668064e-02 1.005885e+04 -5.712901e+01 3.527858e-02
0.000000e+00 1.009424e+04 0.000000e+00 0.000000e+00
0.000000e+00 9.634165e+03 -7.890591e+01 8.571537e-01
0.000000e+00 9.819270e+03 -3.543478e+01 7.399081e-01
0.000000e+00 9.774041e+03 -3.587179e+01 5.967547e-01
0.000000e+00 9.948466e+03 1.063083e+01 4.469133e-01
0.000000e+00 9.906886e+03 -1.665784e+01 3.077485e-01
0.000000e+00 1.005050e+04 4.522818e+01 1.891254e-01
0.000000e+00 1.000983e+04 -8.106089e+00 9.748217e-02
0.000000e+00 1.010451e+04 7.211704e+01 3.527858e-02
0.000000e+00 1.009424e+04 0.000000e+00 0.000000e+00
3.203241e+00 9.682638e+03 -7.890375e+01 8.571537e-01
2.547999e+00 9.863096e+03 -3.337982e+01 7.399081e-01
1.983871e+00 9.815989e+03 -3.624268e+01 5.967547e-01
1.199663e+00 9.981902e+03 1.055983e+01 4.469133e-01
5.621690e-01 9.934838e+03 -1.848600e+01 3.077485e-01
7.776080e-02 1.006619e+04 4.368547e+01 1.891254e-01
-6.996136e-02 1.002217e+04 -9.759590e+00 9.748217e-02
-5.863711e-02 1.010532e+04 6.990106e+01 3.527858e-02
0.000000e+00 1.009424e+04 0.000000e+00 0.000000e+00
2.962116e+00 9.702422e+03 -7.900015e+01 8.571537e-01
2.554891e+00 9.869808e+03 -3.221461e+01 7.399081e-01
2.174994e+00 9.830327e+03 -3.640971e+01 5.967547e-01
1.736567e+00 9.983763e+03 9.737768e+00 4.469133e-01
1.286092e+00 9.942257e+03 -2.061202e+01 3.077485e-01
7.623324e-01 1.006387e+04 4.003373e+01 1.891254e-01
4.829094e-01 1.002425e+04 -1.246762e+01 9.748217e-02
5.804902e-02 1.010486e+04 6.199258e+01 3.527858e-02
0.000000e+00 1.009424e+04 0.000000e+00 0.000000e+00
3.523577e+00 9.710904e+03 -7.880492e+01 8.571537e-01
2.976664e+00 9.874141e+03 -3.335672e+01 7.399081e-01
2.485905e+00 9.834968e+03 -3.637638e+01 5.967547e-01
1.958909e+00 9.986850e+03 9.676682e+00 4.469133e-01
1.510965e+00 9.944422e+03 -1.961582e+01 3.077485e-01
1.169047e+00 1.006878e+04 4.048493e+01 1.891254e-01
6.519379e-01 1.002176e+04 -1.258757e+01 9.748217e-02
3.418607e-01 1.011247e+04 6.100750e+01 3.527858e-02
0.000000e+00 1.009424e+04 0.000000e+00 0.000000e+00
4.953940e+00 9.715207e+03 -7.890148e+01 8.571537e-01
4.324709e+00 9.879605e+03 -3.351326e+01 7.399081e-01
3.398629e+00 9.837570e+03 -3.786193e+01 5.967547e-01
2.321114e+00 9.990988e+03 9.579960e+00 4.469133e-01
1.398330e+00 9.946269e+03 -2.055222e+01 3.077485e-01
5.214745e-01 1.007133e+04 4.110366e+01 1.891254e-01
1.927880e-01 1.002378e+04 -1.343176e+01 9.748217e-02
-1.072673e-02 1.011158e+04 6.329657e+01 3.527858e-02
0.000000e+00 1.009424e+04 0.000000e+00 0.000000e+00
7.371144e+00 9.718290e+03 -7.687379e+01 8.571537e-01
5.863885e+00 9.883355e+03 -3.229780e+01 7.399081e-01
4.575367e+00 9.841637e+03 -3.825023e+01 5.967547e-01
3.233749e+00 9.993028e+03 8.304952e+00 4.469133e-01
2.097992e+00 9.948768e+03 -2.282833e+01 3.077485e-01
1.248994e+00 1.007023e+04 3.876750e+01 1.891254e-01
6.403186e-01 1.002617e+04 -1.533317e+01 9.748217e-02
1.739620e-01 1.010840e+04 5.946164e+01 3.527858e-02
0.000000e+00 1.009424e+04 0.000000e+00 0.000000e+00
7.581846e+00 9.722404e+03 -7.184840e+01 8.571537e-01
6.013493e+00 9.885371e+03 -2.948645e+01 7.399081e-01
4.968632e+00 9.843253e+03 -3.477935e+01 5.967547e-01
3.788234e+00 9.993696e+03 9.176239e+00 4.469133e-01
2.912219e+00 9.949213e+03 -1.933798e+01 3.077485e-01
2.115686e+00 1.007205e+04 4.075584e+01 1.891254e-01
1.323039e+00 1.002461e+04 -1.113637e+01 9.748217e-02
6.957942e-01 1.011226e+04 6.296840e+01 3.527858e-02
0.000000e+00 1.009424e+04 0.000000e+00 0.000000e+00
4.640584e+00 9.729335e+03 -6.960901e+01 8.571537e-01
4.210088e+00 9.888664e+03 -2.778079e+01 7.399081e-01
3.332593e+00 9.846979e+03 -3.444345e+01 5.967547e-01
2.354671e+00 9.995477e+03 9.691874e+00 4.469133e-01
1.421581e+00 9.950798e+03 -1.881909e+01 3.077485e-01
5.746086e-01 1.007145e+04 4.123064e+01 1.891254e-01
4.794193e-02 1.002548e+04 -1.125471e+01 9.748217e-02
-2.207869e-01 1.011114e+04 6.390310e+01 3.527858e-02
0.000000e+00 1.009424e+04 0.000000e+00 0.000000e+00
4.063695e+00 9.733270e+03 -7.006492e+01 8.571537e-01
3.453945e+00 9.895230e+03 -2.799729e+01 7.399081e-01
2.848241e+00 9.850081e+03 -3.661238e+01 5.967547e-01
2.078737e+00 1.000014e+04 8.599365e+00 4.469133e-01
1.465225e+00 9.951592e+03 -2.161351e+01 3.077485e-01
9.219428e-01 1.007145e+04 3.939174e+01 1.891254e-01
5.116512e-01 1.002567e+04 -1.530678e+01 9.748217e-02
1.964760e-01 1.010884e+04 6.030494e+01 3.527858e-02
0.000000e+00 1.009424e+04 0.000000e+00 0.000000e+00
0.000000e+00 9.679452e+03 -9.889326e+01 8.571537e-01
0.000000e+00 9.630927e+03 -7.705858e+01 7.399081e-01
0.000000e+00 9.840479e+03 -2.742526e+01 5.967547e-01
0.000000e+00 9.793665e+03 -4.413988e+01 4.469133e-01
0.000000e+00 9.984110e+03 4.770856e+00 3.077485e-01
0.000000e+00 9.939244e+03 -5.096046e+01 1.891254e-01
0.000000e+00 1.008417e+04 8.212389e+00 9.748217e-02
0.000000e+00 1.004456e+04 -7.351496e+01 3.527858e-02
0.000000e+00 1.009424e+04 0.000000e+00 0.000000e+00
4.387239e+00 9.725809e+03 -9.596442e+01 8.571537e-01
3.346988e+00 9.677395e+03 -7.728545e+01 7.399081e-01
2.601212e+00 9.880133e+03 -2.596321e+01 5.967547e-01
1.965145e+00 9.829988e+03 -4.484473e+01 4.469133e-01
1.122009e+00 1.001007e+04 4.781404e+00 3.077485e-01
5.746751e-01 9.961371e+03 -5.110949e+01 1.891254e-01
2.048643e-01 1.009275e+04 8.242004e+00 9.748217e-02
5.162346e-02 1.005247e+04 -7.311633e+01 3.527858e-02
0.000000e+00 1.009424e+04 0.000000e+00 0.000000e+00
5.789434e+00 9.735745e+03 -9.215750e+01 8.571537e-01
4.878195e+00 9.696801e+03 -7.586747e+01 7.399081e-01
3.933858e+00 9.885086e+03 -2.463933e+01 5.967547e-01
3.044277e+00 9.842769e+03 -4.442478e+01 4.469133e-01
2.264005e+00 1.001098e+04 4.908075e+00 3.077485e-01
1.652736e+00 9.969313e+03 -5.026981e+01 1.891254e-01
7.891042e-01 1.009235e+04 7.558255e+00 9.748217e-02
3.446971e-01 1.005398e+04 -6.851785e+01 3.527858e-02
0.000000e+00 1.009424e+04 0.000000e+00 0.000000e+00
5.076217e+00 9.742436e+03 -9.159035e+01 8.571537e-01
4.455958e+00 9.705411e+03 -7.505458e+01 7.399081e-01
3.587527e+00 9.890607e+03 -2.509729e+01 5.967547e-01
2.845803e+00 9.847299e+03 -4.317569e+01 4.469133e-01
2.083317e+00 1.001449e+04 5.726697e+00 3.077485e-01
1.321966e+00 9.967427e+03 -4.895505e+01 1.891254e-01
8.370788e-01 1.009710e+04 9.352012e+00 9.748217e-02
3.710672e-01 1.004645e+04 -6.513023e+01 3.527858e-02
0.000000e+00 1.009424e+04 0.000000e+00 0.000000e+00
6.869308e+00 9.749059e+03 -9.143641e+01 8.571537e-01
5.884792e+00 9.709014e+03 -7.597092e+01 7.399081e-01
4.675076e+00 9.895795e+03 -2.537204e+01 5.967547e-01
3.205334e+00 9.848700e+03 -4.402000e+01 4.469133e-01
1.997381e+00 1.001669e+04 7.070638e+00 3.077485e-01
1.318745e+00 9.967513e+03 -4.836959e+01 1.891254e-01
6.207979e-01 1.009684e+04 1.147636e+01 9.748217e-02
1.972179e-01 1.004827e+04 -6.594028e+01 3.527858e-02
0.000000e+00 1.009424e+04 0.000000e+00 0.000000e+00
8.415760e+00 9.754912e+03 -8.951204e+01 8.571537e-01
7.250844e+00 9.713223e+03 -7.418114e+01 7.399081e-01
6.004204e+00 9.898883e+03 -2.452646e+01 5.967547e-01
4.717127e+00 9.852667e+03 -4.432228e+01 4.469133e-01
3.305494e+00 1.001862e+04 7.290502e+00 3.077485e-01
1.962577e+00 9.972395e+03 -4.829836e+01 1.891254e-01
8.884224e-01 1.009607e+04 1.070359e+01 9.748217e-02
3.192202e-01 1.005281e+04 -6.451723e+01 3.527858e-02
0.000000e+00 1.009424e+04 0.000000e+00 0.000000e+00
9.592795e+00 9.759521e+03 -8.483982e+01 8.571537e-01
7.605000e+00 9.719200e+03 -7.046237e+01 7.399081e-01
5.675673e+00 9.903375e+03 -2.328536e+01 5.967547e-01
4.139265e+00 9.856952e+03 -4.262745e+01 4.469133e-01
2.733894e+00 1.002154e+04 6.079016e+00 3.077485e-01
1.677591e+00 9.971854e+03 -4.859487e+01 1.891254e-01
9.228002e-01 1.009814e+04 9.287301e+00 9.748217e-02
3.136628e-01 1.004809e+04 -6.527618e+01 3.527858e-02
0.000000e+00 1.009424e+04 0.000000e+00 0.000000e+00
6.977138e+00 9.763632e+03 -8.148399e+01 8.571537e-01
5.948459e+00 9.724564e+03 -6.933016e+01 7.399081e-01
4.806102e+00 9.906029e+03 -2.317786e+01 5.967547e-01
3.440114e+00 9.859646e+03 -4.362188e+01 4.469133e-01
2.217862e+00 1.002238e+04 4.623128e+00 3.077485e-01
1.342259e+00 9.973700e+03 -4.998502e+01 1.891254e-01
6.057670e-01 1.009779e+04 8.292624e+00 9.748217e-02
2.259113e-01 1.004948e+04 -6.735155e+01 3.527858e-02
0.000000e+00 1.009424e+04 0.000000e+00 0.000000e+00
6.118500e+00 9.770928e+03 -8.119153e+01 8.571537e-01
5.274967e+00 9.726447e+03 -6.984265e+01 7.399081e-01
4.252696e+00 9.910198e+03 -2.385092e+01 5.967547e-01
3.225843e+00 9.859900e+03 -4.578212e+01 4.469133e-01
2.161954e+00 1.002496e+04 3.654539e+00 3.077485e-01
1.321438e+00 9.975909e+03 -5.149021e+01 1.891254e-01
6.377560e-01 1.009884e+04 7.875696e+00 9.748217e-02
2.231959e-01 1.005299e+04 -6.772620e+01 3.527858e-02
0.000000e+00 1.009424e+04 0.000000e+00 0.000000e+00
0.000000e+00 9.434897e+03 -1.605259e+02 8.571537e-01
0.000000e+00 9.686210e+03 -8.437856e+01 7.399081e-01
0.000000e+00 9.630807e+03 -6.798198e+01 5.967547e-01
0.000000e+00 9.872904e+03 -4.110763e+00 4.469133e-01
0.000000e+00 9.824307e+03 -3.002067e+01 3.077485e-01
0.000000e+00 1.002549e+04 4.369792e+01 1.891254e-01
0.000000e+00 9.975473e+03 -1.140309e+01 9.748217e-02
0.000000e+00 1.010204e+04 7.589583e+01 3.527858e-02
0.000000e+00 1.009424e+04 0.000000e+00 0.000000e+00
4.515403e+00 9.482147e+03 -1.610535e+02 8.571537e-01
3.912537e+00 9.729054e+03 -8.223721e+01 7.399081e-01
3.139401e+00 9.673039e+03 -6.845734e+01 5.967547e-01
2.357941e+00 9.905775e+03 -2.601598e+00 4.469133e-01
1.912747e+00 9.853565e+03 -2.917779e+01 3.077485e-01
1.365272e+00 1.004125e+04 4.452982e+01 1.891254e-01
7.781700e-01 9.989259e+03 -1.083073e+01 9.748217e-02
3.120383e-01 1.010233e+04 7.715734e+01 3.527858e-02
0.000000e+00 1.009424e+04 0.000000e+00 0.000000e+00
8.421034e+00 9.502664e+03 -1.583495e+02 8.571537e-01
6.732170e+00 9.734438e+03 -7.976253e+01 7.399081e-01
5.559545e+00 9.689303e+03 -6.667811e+01 5.967547e-01
4.308745e+00 9.906954e+03 -1.624505e+00 4.469133e-01
2.850732e+00 9.862743e+03 -2.773347e+01 3.077485e-01
1.639331e+00 1.003812e+04 4.459350e+01 1.891254e-01
9.707822e-01 9.993143e+03 -9.566925e+00 9.748217e-02
3.043256e-01 1.010165e+04 7.378751e+01 3.527858e-02
0.000000e+00 1.009424e+04 0.000000e+00 0.000000e+00
7.737520e+00 9.514364e+03 -1.549931e+02 8.571537e-01
6.698047e+00 9.740576e+03 -7.883310e+01 7.399081e-01
5.325024e+00 9.696090e+03 -6.521156e+01 5.967547e-01
3.740970e+00 9.911523e+03 -2.661684e+00 4.469133e-01
2.478388e+00 9.864579e+03 -2.825266e+01 3.077485e-01
1.444612e+00 1.004359e+04 4.323005e+01 1.891254e-01
6.038014e-01 9.989454e+03 -1.124208e+01 9.748217e-02
1.519174e-01 1.011019e+04 6.923527e+01 3.527858e-02
0.000000e+00 1.009424e+04 0.000000e+00 0.000000e+00
8.854650e+00 9.522115e+03 -1.543779e+02 8.571537e-01
7.641955e+00 9.749813e+03 -7.775187e+01 7.399081e-01
6.194833e+00 9.700751e+03 -6.648938e+01 5.967547e-01
4.732774e+00 9.917821e+03 -2.018290e+00 4.469133e-01
3.520915e+00 9.867561e+03 -2.896161e+01 3.077485e-01
2.123601e+00 1.004627e+04 4.294355e+01 1.891254e-01
1.144426e+00 9.990401e+03 -1.233197e+01 9.748217e-02
4.896428e-01 1.010822e+04 7.156081e+01 3.527858e-02
0.000000e+00 1.009424e+04 0.000000e+00 0.000000e+00
1.051204e+01 9.528682e+03 -1.516913e+02 8.571537e-01
8.845456e+00 9.756312e+03 -7.575978e+01 7.399081e-01
7.358149e+00 9.706379e+03 -6.520901e+01 5.967547e-01
5.621879e+00 9.920836e+03 -4.220863e-01 4.469133e-01
3.889013e+00 9.871420e+03 -2.746120e+01 3.077485e-01
2.463445e+00 1.004470e+04 4.324429e+01 1.891254e-01
1.388005e+00 9.993759e+03 -1.140695e+01 9.748217e-02
4.486327e-01 1.010405e+04 7.080562e+01 3.527858e-02
0.000000e+00 1.009424e+04 0.000000e+00 0.000000e+00
1.110738e+01 9.534902e+03 -1.467651e+02 8.571537e-01
9.261777e+00 9.759877e+03 -7.275351e+01 7.399081e-01
7.472476e+00 9.710500e+03 -6.238921e+01 5.967547e-01
5.457249e+00 9.922924e+03 -6.868777e-01 4.469133e-01
3.710677e+00 9.872869e+03 -2.658190e+01 3.077485e-01
2.287745e+00 1.004874e+04 4.226633e+01 1.891254e-01
1.129749e+00 9.993354e+03 -1.274810e+01 9.748217e-02
3.601193e-01 1.011003e+04 6.778114e+01 3.527858e-02
0.000000e+00 1.009424e+04 0.000000e+00 0.000000e+00
9.393627e+00 9.542238e+03 -1.434161e+02 8.571537e-01
7.747841e+00 9.764484e+03 -7.058909e+01 7.399081e-01
6.179472e+00 9.716226e+03 -6.131349e+01 5.967547e-01
4.664487e+00 9.926686e+03 2.447610e-01 4.469133e-01
3.338333e+00 9.877189e+03 -2.573499e+01 3.077485e-01
2.065403e+00 1.005031e+04 4.291426e+01 1.891254e-01
1.143425e+00 9.995505e+03 -1.209615e+01 9.748217e-02
4.987165e-01 1.010935e+04 7.007504e+01 3.527858e-02
0.000000e+00 1.009424e+04 0.000000e+00 0.000000e+00
8.650517e+00 9.547835e+03 -1.417588e+02 8.571537e-01
7.232794e+00 9.773375e+03 -6.938662e+01 7.399081e-01
5.892362e+00 9.720111e+03 -6.087877e+01 5.967547e-01
4.410490e+00 9.933149e+03 2.040409e+00 4.469133e-01
3.071651e+00 9.879683e+03 -2.442667e+01 3.077485e-01
1.920789e+00 1.005156e+04 4.489264e+01 1.891254e-01
1.022070e+00 9.996678e+03 -1.012211e+01 9.748217e-02
3.729231e-01 1.010647e+04 7.276279e+01 3.527858e-02
0.000000e+00 1.009424e+04 0.000000e+00 0.000000e+00
