0 729 0.00000e+00
  1     729
0.000000e+00 -2.108353e+03 0.000000e+00 1.000000e+00
0.000000e+00 -1.982276e+03 -1.289822e+02 1.000000e+00
0.000000e+00 -2.207735e+03 -2.756299e+02 1.000000e+00
0.000000e+00 -2.031334e+03 -4.301633e+02 1.000000e+00
0.000000e+00 -2.198572e+03 -6.270090e+02 1.000000e+00
0.000000e+00 -1.947707e+03 -8.236824e+02 1.000000e+00
0.000000e+00 -2.035875e+03 -1.080404e+03 1.000000e+00
0.000000e+00 -1.689187e+03 -1.303840e+03 1.000000e+00
0.000000e+00 -1.693581e+03 -1.602308e+03 1.000000e+00
-5.137019e+00 -2.174292e+03 0.000000e+00 1.000000e+00
-3.596461e+00 -1.947519e+03 -1.284594e+02 1.000000e+00
-1.625595e+00 -2.274039e+03 -2.759547e+02 1.000000e+00
-1.039257e+00 -1.997545e+03 -4.302534e+02 1.000000e+00
-2.982367e+00 -2.263729e+03 -6.291754e+02 1.000000e+00
-4.594564e+00 -1.913434e+03 -8.233511e+02 1.000000e+00
-7.718068e+00 -2.098583e+03 -1.084267e+03 1.000000e+00
-9.246307e+00 -1.653784e+03 -1.303118e+03 1.000000e+00
-8.993566e+00 -1.753247e+03 -1.607421e+03 1.000000e+00
-7.539831e+00 -2.219287e+03 0.000000e+00 1.000000e+00
-7.350340e+00 -1.930448e+03 -1.282194e+02 1.000000e+00
-5.680876e+00 -2.319371e+03 -2.761675e+02 1.000000e+00
-6.349378e+00 -1.980692e+03 -4.322254e+02 1.000000e+00
-8.739516e+00 -2.307470e+03 -6.323657e+02 1.000000e+00
-1.248170e+01 -1.896167e+03 -8.263294e+02 1.000000e+00
-1.558694e+01 -2.139452e+03 -1.088585e+03 1.000000e+00
-1.818153e+01 -1.634730e+03 -1.308469e+03 1.000000e+00
-1.789312e+01 -1.789909e+03 -1.612754e+03 1.000000e+00
-9.035203e+00 -2.215059e+03 0.000000e+00 1.000000e+00
-8.151103e+00 -1.959276e+03 -1.283593e+02 1.000000e+00
-9.656167e+00 -2.315919e+03 -2.782672e+02 1.000000e+00
-1.236414e+01 -2.008476e+03 -4.350984e+02 1.000000e+00
-1.391472e+01 -2.303324e+03 -6.356834e+02 1.000000e+00
-1.757012e+01 -1.922278e+03 -8.321522e+02 1.000000e+00
-2.454390e+01 -2.132490e+03 -1.094162e+03 1.000000e+00
-2.712685e+01 -1.655658e+03 -1.316675e+03 1.000000e+00
-2.669189e+01 -1.781124e+03 -1.620123e+03 1.000000e+00
-1.036268e+01 -2.229796e+03 0.000000e+00 1.000000e+00
-1.187566e+01 -1.966889e+03 -1.293053e+02 1.000000e+00
-1.267863e+01 -2.331373e+03 -2.811637e+02 1.000000e+00
-1.468102e+01 -2.014924e+03 -4.384977e+02 1.000000e+00
-1.904992e+01 -2.317738e+03 -6.409197e+02 1.000000e+00
-2.427679e+01 -1.926371e+03 -8.381721e+02 1.000000e+00
-2.897802e+01 -2.143537e+03 -1.102416e+03 1.000000e+00
-3.265961e+01 -1.655204e+03 -1.325109e+03 1.000000e+00
-3.360336e+01 -1.788907e+03 -1.631888e+03 1.000000e+00
-1.299196e+01 -2.239459e+03 0.000000e+00 1.000000e+00
-1.400912e+01 -1.978309e+03 -1.312560e+02 1.000000e+00
-1.532724e+01 -2.341430e+03 -2.832549e+02 1.000000e+00
-1.820364e+01 -2.025251e+03 -4.433681e+02 1.000000e+00
-2.253623e+01 -2.325899e+03 -6.470043e+02 1.000000e+00
-2.806006e+01 -1.934228e+03 -8.456639e+02 1.000000e+00
-3.516668e+01 -2.147752e+03 -1.110919e+03 1.000000e+00
-3.859307e+01 -1.659900e+03 -1.335975e+03 1.000000e+00
-3.791167e+01 -1.787704e+03 -1.642544e+03 1.000000e+00
-1.122830e+01 -2.247769e+03 0.000000e+00 1.000000e+00
-1.273635e+01 -1.989242e+03 -1.329063e+02 1.000000e+00
-1.717225e+01 -2.349598e+03 -2.874171e+02 1.000000e+00
-2.217111e+01 -2.035675e+03 -4.479316e+02 1.000000e+00
-2.578521e+01 -2.332216e+03 -6.535771e+02 1.000000e+00
-3.107942e+01 -1.941436e+03 -8.537940e+02 1.000000e+00
-3.674563e+01 -2.150207e+03 -1.121235e+03 1.000000e+00
-4.075871e+01 -1.662283e+03 -1.346404e+03 1.000000e+00
-4.162114e+01 -1.787931e+03 -1.654057e+03 1.000000e+00
-1.437062e+01 -2.256875e+03 0.000000e+00 1.000000e+00
-1.638015e+01 -1.998434e+03 -1.350240e+02 1.000000e+00
-1.834171e+01 -2.358625e+03 -2.912496e+02 1.000000e+00
-2.198068e+01 -2.043832e+03 -4.532149e+02 1.000000e+00
-2.810680e+01 -2.339062e+03 -6.607890e+02 1.000000e+00
-3.402282e+01 -1.946880e+03 -8.625052e+02 1.000000e+00
-3.906474e+01 -2.153260e+03 -1.131254e+03 1.000000e+00
-4.181505e+01 -1.663847e+03 -1.357672e+03 1.000000e+00
-4.350108e+01 -1.787426e+03 -1.665990e+03 1.000000e+00
-1.315874e+01 -2.265292e+03 0.000000e+00 1.000000e+00
-1.494935e+01 -2.007691e+03 -1.372607e+02 1.000000e+00
-1.889772e+01 -2.367126e+03 -2.944442e+02 1.000000e+00
-2.394109e+01 -2.051623e+03 -4.591656e+02 1.000000e+00
-2.908300e+01 -2.345290e+03 -6.683209e+02 1.000000e+00
-3.429216e+01 -1.952105e+03 -8.715207e+02 1.000000e+00
-3.875987e+01 -2.155233e+03 -1.141478e+03 1.000000e+00
-4.200106e+01 -1.666063e+03 -1.368748e+03 1.000000e+00
-4.405147e+01 -1.785483e+03 -1.678227e+03 1.000000e+00
0.000000e+00 -1.903301e+03 0.000000e+00 1.000000e+00
0.000000e+00 -2.160460e+03 -1.426618e+02 1.000000e+00
0.000000e+00 -1.996278e+03 -2.914293e+02 1.000000e+00
0.000000e+00 -2.201619e+03 -4.687631e+02 1.000000e+00
0.000000e+00 -1.972847e+03 -6.512642e+02 1.000000e+00
0.000000e+00 -2.108340e+03 -8.839018e+02 1.000000e+00
0.000000e+00 -1.791332e+03 -1.103743e+03 1.000000e+00
0.000000e+00 -1.840093e+03 -1.386872e+03 1.000000e+00
0.000000e+00 -1.432104e+03 -1.615519e+03 1.000000e+00
-5.084473e+00 -1.867203e+03 0.000000e+00 1.000000e+00
-3.869507e+00 -2.227183e+03 -1.423448e+02 1.000000e+00
-1.465719e+00 -1.960812e+03 -2.912037e+02 1.000000e+00
-1.637334e+00 -2.268675e+03 -4.700907e+02 1.000000e+00
-2.778859e+00 -1.937608e+03 -6.514442e+02 1.000000e+00
-5.024880e+00 -2.173362e+03 -8.864278e+02 1.000000e+00
-7.672962e+00 -1.755292e+03 -1.103822e+03 1.000000e+00
-9.648091e+00 -1.901395e+03 -1.390991e+03 1.000000e+00
-9.190820e+00 -1.393684e+03 -1.614749e+03 1.000000e+00
-8.167188e+00 -1.849733e+03 0.000000e+00 1.000000e+00
-7.349659e+00 -2.272262e+03 -1.420632e+02 1.000000e+00
-6.285067e+00 -1.943688e+03 -2.915318e+02 1.000000e+00
-6.237792e+00 -2.313594e+03 -4.722045e+02 1.000000e+00
-9.317724e+00 -1.920570e+03 -6.544296e+02 1.000000e+00
-1.225920e+01 -2.215196e+03 -8.896310e+02 1.000000e+00
-1.702319e+01 -1.737250e+03 -1.108365e+03 1.000000e+00
-1.893863e+01 -1.940080e+03 -1.396074e+03 1.000000e+00
-1.837716e+01 -1.372043e+03 -1.620420e+03 1.000000e+00
-8.987607e+00 -1.878787e+03 0.000000e+00 1.000000e+00
-8.577922e+00 -2.268156e+03 -1.421420e+02 1.000000e+00
-9.716541e+00 -1.972393e+03 -2.939445e+02 1.000000e+00
-1.275269e+01 -2.309065e+03 -4.747036e+02 1.000000e+00
-1.395496e+01 -1.948057e+03 -6.585416e+02 1.000000e+00
-1.832041e+01 -2.209435e+03 -8.945776e+02 1.000000e+00
-2.430110e+01 -1.760657e+03 -1.115159e+03 1.000000e+00
-2.743713e+01 -1.931753e+03 -1.402842e+03 1.000000e+00
-2.693460e+01 -1.390036e+03 -1.629942e+03 1.000000e+00
-1.118120e+01 -1.886004e+03 0.000000e+00 1.000000e+00
-1.214705e+01 -2.283308e+03 -1.431624e+02 1.000000e+00
-1.327339e+01 -1.979473e+03 -2.968337e+02 1.000000e+00
-1.501983e+01 -2.324150e+03 -4.784539e+02 1.000000e+00
-1.957926e+01 -1.952838e+03 -6.633883e+02 1.000000e+00
-2.458709e+01 -2.223156e+03 -9.014604e+02 1.000000e+00
-3.040964e+01 -1.761368e+03 -1.122287e+03 1.000000e+00
-3.395527e+01 -1.941399e+03 -1.413113e+03 1.000000e+00
-3.408464e+01 -1.387059e+03 -1.639703e+03 1.000000e+00
-1.327134e+01 -1.896951e+03 0.000000e+00 1.000000e+00
-1.446564e+01 -2.292881e+03 -1.450797e+02 1.000000e+00
-1.589752e+01 -1.990964e+03 -2.992798e+02 1.000000e+00
-1.861025e+01 -2.332905e+03 -4.829813e+02 1.000000e+00
-2.283224e+01 -1.961949e+03 -6.701381e+02 1.000000e+00
-2.885858e+01 -2.229128e+03 -9.083942e+02 1.000000e+00
-3.575235e+01 -1.767425e+03 -1.131973e+03 1.000000e+00
-3.920161e+01 -1.942955e+03 -1.422809e+03 1.000000e+00
-3.800115e+01 -1.389563e+03 -1.651694e+03 1.000000e+00
-1.165222e+01 -1.906753e+03 0.000000e+00 1.000000e+00
-1.326563e+01 -2.301666e+03 -1.469983e+02 1.000000e+00
-1.752369e+01 -2.001396e+03 -3.032072e+02 1.000000e+00
-2.299794e+01 -2.340240e+03 -4.882242e+02 1.000000e+00
-2.669477e+01 -1.971162e+03 -6.761196e+02 1.000000e+00
-3.168923e+01 -2.233329e+03 -9.174175e+02 1.000000e+00
-3.791460e+01 -1.771854e+03 -1.141724e+03 1.000000e+00
-4.157380e+01 -1.943737e+03 -1.434021e+03 1.000000e+00
-4.236135e+01 -1.389945e+03 -1.662837e+03 1.000000e+00
-1.512378e+01 -1.915496e+03 0.000000e+00 1.000000e+00
-1.681026e+01 -2.310763e+03 -1.491725e+02 1.000000e+00
-1.921096e+01 -2.010406e+03 -3.071776e+02 1.000000e+00
-2.250942e+01 -2.348097e+03 -4.936241e+02 1.000000e+00
-2.873538e+01 -1.978069e+03 -6.835074e+02 1.000000e+00
-3.515158e+01 -2.238313e+03 -9.262261e+02 1.000000e+00
-3.989462e+01 -1.774787e+03 -1.152049e+03 1.000000e+00
-4.262370e+01 -1.944930e+03 -1.445275e+03 1.000000e+00
-4.340393e+01 -1.390126e+03 -1.674977e+03 1.000000e+00
-1.372476e+01 -1.924774e+03 0.000000e+00 1.000000e+00
-1.543096e+01 -2.318919e+03 -1.513610e+02 1.000000e+00
-1.948191e+01 -2.019417e+03 -3.107659e+02 1.000000e+00
-2.474696e+01 -2.355143e+03 -4.991900e+02 1.000000e+00
-2.998250e+01 -1.984350e+03 -6.917864e+02 1.000000e+00
-3.519564e+01 -2.242740e+03 -9.350727e+02 1.000000e+00
-3.957067e+01 -1.777928e+03 -1.162624e+03 1.000000e+00
-4.238583e+01 -1.944913e+03 -1.456302e+03 1.000000e+00
-4.420680e+01 -1.390179e+03 -1.687086e+03 1.000000e+00
0.000000e+00 -2.094893e+03 0.000000e+00 1.000000e+00
0.000000e+00 -1.942178e+03 -1.503400e+02 1.000000e+00
0.000000e+00 -2.182763e+03 -3.149717e+02 1.000000e+00
0.000000e+00 -1.973251e+03 -4.870011e+02 1.000000e+00
0.000000e+00 -2.151710e+03 -6.956975e+02 1.000000e+00
0.000000e+00 -1.864162e+03 -9.041068e+02 1.000000e+00
0.000000e+00 -1.960465e+03 -1.167264e+03 1.000000e+00
0.000000e+00 -1.579226e+03 -1.401722e+03 1.000000e+00
0.000000e+00 -1.594448e+03 -1.698994e+03 1.000000e+00
-5.421522e+00 -2.162209e+03 0.000000e+00 1.000000e+00
-3.589633e+00 -1.905159e+03 -1.496620e+02 1.000000e+00
-1.810287e+00 -2.250531e+03 -3.155360e+02 1.000000e+00
-1.622959e+00 -1.937199e+03 -4.872060e+02 1.000000e+00
-3.238638e+00 -2.218807e+03 -6.975410e+02 1.000000e+00
-5.080967e+00 -1.827834e+03 -9.043889e+02 1.000000e+00
-8.211177e+00 -2.024905e+03 -1.170370e+03 1.000000e+00
-9.371339e+00 -1.540486e+03 -1.401548e+03 1.000000e+00
-9.566533e+00 -1.654297e+03 -1.703966e+03 1.000000e+00
-8.100122e+00 -2.206464e+03 0.000000e+00 1.000000e+00
-7.898801e+00 -1.887675e+03 -1.493944e+02 1.000000e+00
-6.238615e+00 -2.295504e+03 -3.159070e+02 1.000000e+00
-6.798905e+00 -1.920268e+03 -4.895211e+02 1.000000e+00
-9.102410e+00 -2.262262e+03 -7.002389e+02 1.000000e+00
-1.262691e+01 -1.810086e+03 -9.079096e+02 1.000000e+00
-1.717584e+01 -2.064386e+03 -1.174769e+03 1.000000e+00
-2.034721e+01 -1.520677e+03 -1.406900e+03 1.000000e+00
-1.842644e+01 -1.690153e+03 -1.709161e+03 1.000000e+00
-9.601006e+00 -2.201816e+03 0.000000e+00 1.000000e+00
-8.394534e+00 -1.916803e+03 -1.494835e+02 1.000000e+00
-1.022260e+01 -2.290915e+03 -3.183469e+02 1.000000e+00
-1.257188e+01 -1.948441e+03 -4.922096e+02 1.000000e+00
-1.437254e+01 -2.256802e+03 -7.041470e+02 1.000000e+00
-1.869374e+01 -1.836284e+03 -9.133883e+02 1.000000e+00
-2.479479e+01 -2.055899e+03 -1.180713e+03 1.000000e+00
-2.728846e+01 -1.542558e+03 -1.415015e+03 1.000000e+00
-2.713686e+01 -1.679623e+03 -1.716869e+03 1.000000e+00
-1.131521e+01 -2.216515e+03 0.000000e+00 1.000000e+00
-1.281157e+01 -1.923929e+03 -1.505058e+02 1.000000e+00
-1.336349e+01 -2.306246e+03 -3.213876e+02 1.000000e+00
-1.558813e+01 -1.953953e+03 -4.958743e+02 1.000000e+00
-1.983880e+01 -2.271647e+03 -7.094360e+02 1.000000e+00
-2.483476e+01 -1.838613e+03 -9.195972e+02 1.000000e+00
-3.122810e+01 -2.067646e+03 -1.189043e+03 1.000000e+00
-3.501913e+01 -1.540591e+03 -1.423620e+03 1.000000e+00
-3.456414e+01 -1.687459e+03 -1.729096e+03 1.000000e+00
-1.349584e+01 -2.224333e+03 0.000000e+00 1.000000e+00
-1.473519e+01 -1.935894e+03 -1.527695e+02 1.000000e+00
-1.659305e+01 -2.315538e+03 -3.234292e+02 1.000000e+00
-1.867039e+01 -1.964107e+03 -5.010124e+02 1.000000e+00
-2.310884e+01 -2.278975e+03 -7.156553e+02 1.000000e+00
-2.955709e+01 -1.846118e+03 -9.273710e+02 1.000000e+00
-3.652544e+01 -2.070724e+03 -1.197994e+03 1.000000e+00
-3.978812e+01 -1.545263e+03 -1.434503e+03 1.000000e+00
-3.784365e+01 -1.685625e+03 -1.739538e+03 1.000000e+00
-1.243324e+01 -2.233702e+03 0.000000e+00 1.000000e+00
-1.351356e+01 -1.945647e+03 -1.545195e+02 1.000000e+00
-1.781006e+01 -2.323973e+03 -3.278889e+02 1.000000e+00
-2.376406e+01 -1.973896e+03 -5.058088e+02 1.000000e+00
-2.744451e+01 -2.284687e+03 -7.223907e+02 1.000000e+00
-3.230631e+01 -1.853565e+03 -9.358296e+02 1.000000e+00
-3.864269e+01 -2.072231e+03 -1.208455e+03 1.000000e+00
-4.236062e+01 -1.548115e+03 -1.445288e+03 1.000000e+00
-4.288422e+01 -1.684738e+03 -1.751312e+03 1.000000e+00
-1.521760e+01 -2.242330e+03 0.000000e+00 1.000000e+00
-1.752092e+01 -1.954859e+03 -1.568522e+02 1.000000e+00
-1.982595e+01 -2.332309e+03 -3.317378e+02 1.000000e+00
-2.284571e+01 -1.982032e+03 -5.116641e+02 1.000000e+00
-2.929931e+01 -2.291003e+03 -7.294877e+02 1.000000e+00
-3.588528e+01 -1.858269e+03 -9.451304e+02 1.000000e+00
-4.083595e+01 -2.074811e+03 -1.218681e+03 1.000000e+00
-4.303519e+01 -1.548847e+03 -1.456807e+03 1.000000e+00
-4.337365e+01 -1.684247e+03 -1.763562e+03 1.000000e+00
-1.426097e+01 -2.249267e+03 0.000000e+00 1.000000e+00
-1.584643e+01 -1.964698e+03 -1.593725e+02 1.000000e+00
-2.000721e+01 -2.339996e+03 -3.349792e+02 1.000000e+00
-2.540846e+01 -1.989563e+03 -5.177271e+02 1.000000e+00
-3.080773e+01 -2.297082e+03 -7.375634e+02 1.000000e+00
-3.601099e+01 -1.862726e+03 -9.545560e+02 1.000000e+00
-4.033649e+01 -2.077449e+03 -1.229047e+03 1.000000e+00
-4.288507e+01 -1.550547e+03 -1.468070e+03 1.000000e+00
-4.418839e+01 -1.682049e+03 -1.775479e+03 1.000000e+00
0.000000e+00 -1.867230e+03 0.000000e+00 1.000000e+00
0.000000e+00 -2.144409e+03 -1.609901e+02 1.000000e+00
0.000000e+00 -1.949581e+03 -3.268329e+02 1.000000e+00
0.000000e+00 -2.169372e+03 -5.172891e+02 1.000000e+00
0.000000e+00 -1.907026e+03 -7.129407e+02 1.000000e+00
0.000000e+00 -2.052402e+03 -9.510320e+02 1.000000e+00
0.000000e+00 -1.700063e+03 -1.182213e+03 1.000000e+00
0.000000e+00 -1.760077e+03 -1.465801e+03 1.000000e+00
0.000000e+00 -1.318709e+03 -1.702832e+03 1.000000e+00
-5.364859e+00 -1.829406e+03 0.000000e+00 1.000000e+00
-3.715250e+00 -2.212428e+03 -1.604238e+02 1.000000e+00
-1.651681e+00 -1.911959e+03 -3.270932e+02 1.000000e+00
-2.125432e+00 -2.237997e+03 -5.183139e+02 1.000000e+00
-3.241881e+00 -1.869826e+03 -7.134425e+02 1.000000e+00
-5.790032e+00 -2.119282e+03 -9.533439e+02 1.000000e+00
-8.277229e+00 -1.661696e+03 -1.182503e+03 1.000000e+00
-9.590402e+00 -1.822641e+03 -1.468989e+03 1.000000e+00
-9.555074e+00 -1.277730e+03 -1.703690e+03 1.000000e+00
-8.355952e+00 -1.811386e+03 0.000000e+00 1.000000e+00
-7.857069e+00 -2.256770e+03 -1.600864e+02 1.000000e+00
-6.762378e+00 -1.894814e+03 -3.276682e+02 1.000000e+00
-6.561324e+00 -2.282094e+03 -5.205303e+02 1.000000e+00
-9.470480e+00 -1.852684e+03 -7.163373e+02 1.000000e+00
-1.227560e+01 -2.160490e+03 -9.565434e+02 1.000000e+00
-1.755199e+01 -1.642427e+03 -1.187349e+03 1.000000e+00
-2.076497e+01 -1.860111e+03 -1.473834e+03 1.000000e+00
-1.873501e+01 -1.254997e+03 -1.709341e+03 1.000000e+00
-9.586517e+00 -1.840062e+03 0.000000e+00 1.000000e+00
-8.790030e+00 -2.251966e+03 -1.601823e+02 1.000000e+00
-1.018614e+01 -1.923932e+03 -3.302263e+02 1.000000e+00
-1.298986e+01 -2.276545e+03 -5.230621e+02 1.000000e+00
-1.431255e+01 -1.880352e+03 -7.206440e+02 1.000000e+00
-1.955103e+01 -2.153362e+03 -9.615680e+02 1.000000e+00
-2.512035e+01 -1.666187e+03 -1.193884e+03 1.000000e+00
-2.774231e+01 -1.850367e+03 -1.481165e+03 1.000000e+00
-2.724929e+01 -1.273856e+03 -1.718064e+03 1.000000e+00
-1.191589e+01 -1.847203e+03 0.000000e+00 1.000000e+00
-1.291193e+01 -2.266977e+03 -1.611936e+02 1.000000e+00
-1.367970e+01 -1.930060e+03 -3.332687e+02 1.000000e+00
-1.572141e+01 -2.292186e+03 -5.271334e+02 1.000000e+00
-2.017447e+01 -1.883659e+03 -7.253463e+02 1.000000e+00
-2.480682e+01 -2.167334e+03 -9.686795e+02 1.000000e+00
-3.176582e+01 -1.665804e+03 -1.201103e+03 1.000000e+00
-3.539793e+01 -1.860162e+03 -1.491090e+03 1.000000e+00
-3.465289e+01 -1.269505e+03 -1.728760e+03 1.000000e+00
-1.341365e+01 -1.858904e+03 0.000000e+00 1.000000e+00
-1.523124e+01 -2.275506e+03 -1.634594e+02 1.000000e+00
-1.713456e+01 -1.941815e+03 -3.355155e+02 1.000000e+00
-1.882155e+01 -2.299895e+03 -5.319869e+02 1.000000e+00
-2.338811e+01 -1.892977e+03 -7.322383e+02 1.000000e+00
-3.026574e+01 -2.172105e+03 -9.757155e+02 1.000000e+00
-3.731906e+01 -1.671524e+03 -1.211171e+03 1.000000e+00
-4.074709e+01 -1.861262e+03 -1.500835e+03 1.000000e+00
-3.789054e+01 -1.271633e+03 -1.740391e+03 1.000000e+00
-1.301590e+01 -1.867673e+03 0.000000e+00 1.000000e+00
-1.386876e+01 -2.285040e+03 -1.653843e+02 1.000000e+00
-1.782801e+01 -1.951228e+03 -3.397691e+02 1.000000e+00
-2.440880e+01 -2.307143e+03 -5.373592e+02 1.000000e+00
-2.803653e+01 -1.902011e+03 -7.384263e+02 1.000000e+00
-3.266777e+01 -2.175543e+03 -9.850109e+02 1.000000e+00
-3.927939e+01 -1.676264e+03 -1.220850e+03 1.000000e+00
-4.243760e+01 -1.861306e+03 -1.512587e+03 1.000000e+00
-4.344656e+01 -1.272987e+03 -1.751635e+03 1.000000e+00
-1.547597e+01 -1.876687e+03 0.000000e+00 1.000000e+00
-1.795505e+01 -2.293435e+03 -1.677119e+02 1.000000e+00
-2.056907e+01 -1.960090e+03 -3.437570e+02 1.000000e+00
-2.304223e+01 -2.314491e+03 -5.433182e+02 1.000000e+00
-2.981334e+01 -1.908677e+03 -7.456042e+02 1.000000e+00
-3.659019e+01 -2.179827e+03 -9.943230e+02 1.000000e+00
-4.161132e+01 -1.678731e+03 -1.231430e+03 1.000000e+00
-4.376949e+01 -1.862153e+03 -1.523883e+03 1.000000e+00
-4.295377e+01 -1.271829e+03 -1.764311e+03 1.000000e+00
-1.465052e+01 -1.886416e+03 0.000000e+00 1.000000e+00
-1.629160e+01 -2.300633e+03 -1.703307e+02 1.000000e+00
-2.042684e+01 -1.969415e+03 -3.471403e+02 1.000000e+00
-2.597460e+01 -2.320990e+03 -5.491163e+02 1.000000e+00
-3.148654e+01 -1.914939e+03 -7.543472e+02 1.000000e+00
-3.667291e+01 -2.183955e+03 -1.003377e+03 1.000000e+00
-4.100470e+01 -1.681454e+03 -1.242505e+03 1.000000e+00
-4.331588e+01 -1.863422e+03 -1.534647e+03 1.000000e+00
-4.428493e+01 -1.270778e+03 -1.776216e+03 1.000000e+00
0.000000e+00 -2.082047e+03 0.000000e+00 1.000000e+00
0.000000e+00 -1.904219e+03 -1.667770e+02 1.000000e+00
0.000000e+00 -2.161692e+03 -3.449573e+02 1.000000e+00
0.000000e+00 -1.920518e+03 -5.310283e+02 1.000000e+00
0.000000e+00 -2.113066e+03 -7.470715e+02 1.000000e+00
0.000000e+00 -1.792129e+03 -9.652397e+02 1.000000e+00
0.000000e+00 -1.897665e+03 -1.230453e+03 1.000000e+00
0.000000e+00 -1.485528e+03 -1.474461e+03 1.000000e+00
0.000000e+00 -1.513152e+03 -1.765002e+03 1.000000e+00
-5.604176e+00 -2.150616e+03 0.000000e+00 1.000000e+00
-3.459941e+00 -1.865407e+03 -1.659851e+02 1.000000e+00
-1.818716e+00 -2.230393e+03 -3.457276e+02 1.000000e+00
-2.221320e+00 -1.882765e+03 -5.313828e+02 1.000000e+00
-3.676849e+00 -2.181471e+03 -7.485536e+02 1.000000e+00
-5.905056e+00 -1.753281e+03 -9.661618e+02 1.000000e+00
-8.793417e+00 -1.963613e+03 -1.232754e+03 1.000000e+00
-9.278102e+00 -1.443968e+03 -1.474556e+03 1.000000e+00
-9.732390e+00 -1.573309e+03 -1.769891e+03 1.000000e+00
-8.212065e+00 -2.194550e+03 0.000000e+00 1.000000e+00
-8.239674e+00 -1.847857e+03 -1.656795e+02 1.000000e+00
-6.671808e+00 -2.274348e+03 -3.462749e+02 1.000000e+00
-6.904609e+00 -1.866263e+03 -5.339075e+02 1.000000e+00
-9.190791e+00 -2.223895e+03 -7.509593e+02 1.000000e+00
-1.253093e+01 -1.735086e+03 -9.698997e+02 1.000000e+00
-1.746428e+01 -2.003224e+03 -1.237101e+03 1.000000e+00
-2.135518e+01 -1.422820e+03 -1.479724e+03 1.000000e+00
-1.859171e+01 -1.608014e+03 -1.775015e+03 1.000000e+00
-9.916534e+00 -2.189058e+03 0.000000e+00 1.000000e+00
-8.704062e+00 -1.877182e+03 -1.658290e+02 1.000000e+00
-1.058934e+01 -2.269175e+03 -3.488401e+02 1.000000e+00
-1.283184e+01 -1.894490e+03 -5.364875e+02 1.000000e+00
-1.472602e+01 -2.217419e+03 -7.551902e+02 1.000000e+00
-1.982262e+01 -1.761322e+03 -9.752061e+02 1.000000e+00
-2.552856e+01 -1.993250e+03 -1.243054e+03 1.000000e+00
-2.781335e+01 -1.444847e+03 -1.487786e+03 1.000000e+00
-2.774613e+01 -1.596726e+03 -1.782740e+03 1.000000e+00
-1.210973e+01 -2.203543e+03 0.000000e+00 1.000000e+00
-1.330721e+01 -1.883619e+03 -1.667151e+02 1.000000e+00
-1.353992e+01 -2.284790e+03 -3.521541e+02 1.000000e+00
-1.611381e+01 -1.898903e+03 -5.403185e+02 1.000000e+00
-2.012920e+01 -2.232542e+03 -7.603242e+02 1.000000e+00
-2.502057e+01 -1.762351e+03 -9.817704e+02 1.000000e+00
-3.224214e+01 -2.005400e+03 -1.251067e+03 1.000000e+00
-3.567334e+01 -1.441960e+03 -1.496409e+03 1.000000e+00
-3.423825e+01 -1.604037e+03 -1.795080e+03 1.000000e+00
-1.349391e+01 -2.210762e+03 0.000000e+00 1.000000e+00
-1.552869e+01 -1.895796e+03 -1.691169e+02 1.000000e+00
-1.763993e+01 -2.292900e+03 -3.542128e+02 1.000000e+00
-1.890952e+01 -1.909716e+03 -5.455986e+02 1.000000e+00
-2.370165e+01 -2.238583e+03 -7.667561e+02 1.000000e+00
-3.066920e+01 -1.769853e+03 -9.895162e+02 1.000000e+00
-3.792566e+01 -2.008136e+03 -1.260351e+03 1.000000e+00
-4.149430e+01 -1.446635e+03 -1.507236e+03 1.000000e+00
-3.817543e+01 -1.601477e+03 -1.805204e+03 1.000000e+00
-1.348128e+01 -2.220477e+03 0.000000e+00 1.000000e+00
-1.410810e+01 -1.904689e+03 -1.709672e+02 1.000000e+00
-1.790717e+01 -2.301580e+03 -3.587346e+02 1.000000e+00
-2.476591e+01 -1.918654e+03 -5.507659e+02 1.000000e+00
-2.852741e+01 -2.244305e+03 -7.734089e+02 1.000000e+00
-3.299937e+01 -1.776707e+03 -9.983204e+02 1.000000e+00
-3.968782e+01 -2.008808e+03 -1.270718e+03 1.000000e+00
-4.266562e+01 -1.450100e+03 -1.518483e+03 1.000000e+00
-4.342739e+01 -1.599657e+03 -1.817201e+03 1.000000e+00
-1.554323e+01 -2.228377e+03 0.000000e+00 1.000000e+00
-1.843894e+01 -1.913764e+03 -1.733351e+02 1.000000e+00
-2.107164e+01 -2.309547e+03 -3.627586e+02 1.000000e+00
-2.338063e+01 -1.926717e+03 -5.569356e+02 1.000000e+00
-3.008016e+01 -2.249995e+03 -7.804300e+02 1.000000e+00
-3.720578e+01 -1.781469e+03 -1.007982e+03 1.000000e+00
-4.236278e+01 -2.011416e+03 -1.281127e+03 1.000000e+00
-4.415215e+01 -1.450554e+03 -1.530110e+03 1.000000e+00
-4.293893e+01 -1.598821e+03 -1.829702e+03 1.000000e+00
-1.498102e+01 -2.234669e+03 0.000000e+00 1.000000e+00
-1.665692e+01 -1.923558e+03 -1.761497e+02 1.000000e+00
-2.076273e+01 -2.316495e+03 -3.660424e+02 1.000000e+00
-2.637319e+01 -1.934648e+03 -5.628867e+02 1.000000e+00
-3.200362e+01 -2.255100e+03 -7.891080e+02 1.000000e+00
-3.713522e+01 -1.785710e+03 -1.017496e+03 1.000000e+00
-4.139703e+01 -2.013936e+03 -1.291885e+03 1.000000e+00
-4.356104e+01 -1.451092e+03 -1.541307e+03 1.000000e+00
-4.431287e+01 -1.597783e+03 -1.841057e+03 1.000000e+00
0.000000e+00 -1.834144e+03 0.000000e+00 1.000000e+00
0.000000e+00 -2.130361e+03 -1.748032e+02 1.000000e+00
0.000000e+00 -1.907956e+03 -3.541519e+02 1.000000e+00
0.000000e+00 -2.142612e+03 -5.539407e+02 1.000000e+00
0.000000e+00 -1.850763e+03 -7.601757e+02 1.000000e+00
0.000000e+00 -2.007184e+03 -1.000011e+03 1.000000e+00
0.000000e+00 -1.623284e+03 -1.241657e+03 1.000000e+00
0.000000e+00 -1.695508e+03 -1.520851e+03 1.000000e+00
0.000000e+00 -1.224402e+03 -1.766480e+03 1.000000e+00
-5.475462e+00 -1.794477e+03 0.000000e+00 1.000000e+00
-3.500843e+00 -2.199368e+03 -1.740774e+02 1.000000e+00
-1.667838e+00 -1.868794e+03 -3.547350e+02 1.000000e+00
-2.562832e+00 -2.211985e+03 -5.548471e+02 1.000000e+00
-3.666298e+00 -1.811477e+03 -7.607194e+02 1.000000e+00
-6.372765e+00 -2.075306e+03 -1.002354e+03 1.000000e+00
-8.781344e+00 -1.582165e+03 -1.242023e+03 1.000000e+00
-9.056845e+00 -1.758321e+03 -1.523078e+03 1.000000e+00
-9.714790e+00 -1.181719e+03 -1.768862e+03 1.000000e+00
-8.462272e+00 -1.776464e+03 0.000000e+00 1.000000e+00
-8.195505e+00 -2.242917e+03 -1.736543e+02 1.000000e+00
-7.039512e+00 -1.852002e+03 -3.555671e+02 1.000000e+00
-6.753637e+00 -2.255086e+03 -5.571259e+02 1.000000e+00
-9.464072e+00 -1.794169e+03 -7.634015e+02 1.000000e+00
-1.240318e+01 -2.116146e+03 -1.005778e+03 1.000000e+00
-1.794784e+01 -1.562474e+03 -1.246730e+03 1.000000e+00
-2.170476e+01 -1.795767e+03 -1.527635e+03 1.000000e+00
-1.864547e+01 -1.158185e+03 -1.774452e+03 1.000000e+00
-9.919485e+00 -1.805902e+03 0.000000e+00 1.000000e+00
-9.028863e+00 -2.237472e+03 -1.738150e+02 1.000000e+00
-1.046990e+01 -1.880933e+03 -3.582266e+02 1.000000e+00
-1.308564e+01 -2.249078e+03 -5.595669e+02 1.000000e+00
-1.472710e+01 -1.822009e+03 -7.679169e+02 1.000000e+00
-2.022152e+01 -2.107593e+03 -1.010716e+03 1.000000e+00
-2.542110e+01 -1.586317e+03 -1.253047e+03 1.000000e+00
-2.787891e+01 -1.785203e+03 -1.535255e+03 1.000000e+00
-2.784763e+01 -1.176638e+03 -1.782507e+03 1.000000e+00
-1.239262e+01 -1.812220e+03 0.000000e+00 1.000000e+00
-1.343355e+01 -2.252928e+03 -1.747968e+02 1.000000e+00
-1.379817e+01 -1.886197e+03 -3.613523e+02 1.000000e+00
-1.615778e+01 -2.265021e+03 -5.638540e+02 1.000000e+00
-2.039522e+01 -1.824491e+03 -7.725058e+02 1.000000e+00
-2.519046e+01 -2.121535e+03 -1.018056e+03 1.000000e+00
-3.299239e+01 -1.585202e+03 -1.260141e+03 1.000000e+00
-3.594820e+01 -1.794977e+03 -1.544703e+03 1.000000e+00
-3.414005e+01 -1.172159e+03 -1.793820e+03 1.000000e+00
-1.342235e+01 -1.823357e+03 0.000000e+00 1.000000e+00
-1.586773e+01 -2.260537e+03 -1.772860e+02 1.000000e+00
-1.795924e+01 -1.898583e+03 -3.634879e+02 1.000000e+00
-1.902612e+01 -2.271520e+03 -5.689825e+02 1.000000e+00
-2.386446e+01 -1.834058e+03 -7.793389e+02 1.000000e+00
-3.102250e+01 -2.125447e+03 -1.025344e+03 1.000000e+00
-3.809192e+01 -1.591249e+03 -1.270139e+03 1.000000e+00
-4.204774e+01 -1.795366e+03 -1.554681e+03 1.000000e+00
-3.826472e+01 -1.174700e+03 -1.804924e+03 1.000000e+00
-1.400155e+01 -1.831765e+03 0.000000e+00 1.000000e+00
-1.431831e+01 -2.269732e+03 -1.791965e+02 1.000000e+00
-1.796280e+01 -1.907364e+03 -3.680378e+02 1.000000e+00
-2.522377e+01 -2.279136e+03 -5.742980e+02 1.000000e+00
-2.883642e+01 -1.841864e+03 -7.858611e+02 1.000000e+00
-3.341145e+01 -2.128586e+03 -1.034551e+03 1.000000e+00
-4.025101e+01 -1.596099e+03 -1.280055e+03 1.000000e+00
-4.280732e+01 -1.794258e+03 -1.566576e+03 1.000000e+00
-4.354525e+01 -1.175827e+03 -1.816408e+03 1.000000e+00
-1.558077e+01 -1.840890e+03 0.000000e+00 1.000000e+00
-1.884484e+01 -2.277564e+03 -1.815902e+02 1.000000e+00
-2.158641e+01 -1.916298e+03 -3.721690e+02 1.000000e+00
-2.349525e+01 -2.286129e+03 -5.804441e+02 1.000000e+00
-3.043709e+01 -1.848387e+03 -7.930601e+02 1.000000e+00
-3.763955e+01 -2.132447e+03 -1.044208e+03 1.000000e+00
-4.286872e+01 -1.599022e+03 -1.290702e+03 1.000000e+00
-4.460444e+01 -1.795264e+03 -1.577901e+03 1.000000e+00
-4.275203e+01 -1.174365e+03 -1.829279e+03 1.000000e+00
-1.528957e+01 -1.850288e+03 0.000000e+00 1.000000e+00
-1.699071e+01 -2.284298e+03 -1.845634e+02 1.000000e+00
-2.102456e+01 -1.925644e+03 -3.754702e+02 1.000000e+00
-2.671729e+01 -2.291617e+03 -5.863030e+02 1.000000e+00
-3.237508e+01 -1.854987e+03 -8.020513e+02 1.000000e+00
-3.750403e+01 -2.135836e+03 -1.053535e+03 1.000000e+00
-4.164639e+01 -1.600967e+03 -1.301848e+03 1.000000e+00
-4.360769e+01 -1.796305e+03 -1.588833e+03 1.000000e+00
-4.430594e+01 -1.172566e+03 -1.840822e+03 1.000000e+00
0.000000e+00 -2.071386e+03 0.000000e+00 1.000000e+00
0.000000e+00 -1.871244e+03 -1.793562e+02 1.000000e+00
0.000000e+00 -2.142948e+03 -3.675066e+02 1.000000e+00
0.000000e+00 -1.876854e+03 -5.651871e+02 1.000000e+00
0.000000e+00 -2.081339e+03 -7.844082e+02 1.000000e+00
0.000000e+00 -1.732229e+03 -1.012139e+03 1.000000e+00
0.000000e+00 -1.847696e+03 -1.275421e+03 1.000000e+00
0.000000e+00 -1.408330e+03 -1.528604e+03 1.000000e+00
0.000000e+00 -1.447885e+03 -1.808219e+03 1.000000e+00
-5.635113e+00 -2.141156e+03 0.000000e+00 1.000000e+00
-3.336133e+00 -1.831260e+03 -1.785216e+02 1.000000e+00
-1.754428e+00 -2.212413e+03 -3.683689e+02 1.000000e+00
-2.544281e+00 -1.837350e+03 -5.656919e+02 1.000000e+00
-3.971941e+00 -2.150905e+03 -7.855816e+02 1.000000e+00
-6.459600e+00 -1.691455e+03 -1.013577e+03 1.000000e+00
-8.857892e+00 -1.913883e+03 -1.276936e+03 1.000000e+00
-8.764417e+00 -1.365558e+03 -1.529157e+03 1.000000e+00
-9.653607e+00 -1.508188e+03 -1.812716e+03 1.000000e+00
-8.284885e+00 -2.184332e+03 0.000000e+00 1.000000e+00
-8.477553e+00 -1.814123e+03 -1.781754e+02 1.000000e+00
-7.029298e+00 -2.255614e+03 -3.690939e+02 1.000000e+00
-6.920552e+00 -1.820721e+03 -5.681970e+02 1.000000e+00
-9.382150e+00 -2.192838e+03 -7.879938e+02 1.000000e+00
-1.256980e+01 -1.672808e+03 -1.017293e+03 1.000000e+00
-1.812871e+01 -1.952936e+03 -1.281268e+03 1.000000e+00
-2.216580e+01 -1.344179e+03 -1.533990e+03 1.000000e+00
-1.852781e+01 -1.542761e+03 -1.817705e+03 1.000000e+00
-1.022789e+01 -2.177877e+03 0.000000e+00 1.000000e+00
-8.959167e+00 -1.843504e+03 -1.783928e+02 1.000000e+00
-1.065243e+01 -2.249908e+03 -3.717130e+02 1.000000e+00
-1.300197e+01 -1.849119e+03 -5.707255e+02 1.000000e+00
-1.500694e+01 -2.185703e+03 -7.923910e+02 1.000000e+00
-2.026120e+01 -1.698955e+03 -1.022373e+03 1.000000e+00
-2.547747e+01 -1.942699e+03 -1.287357e+03 1.000000e+00
-2.763528e+01 -1.365752e+03 -1.541789e+03 1.000000e+00
-2.787240e+01 -1.530695e+03 -1.825313e+03 1.000000e+00
-1.259493e+01 -2.193517e+03 0.000000e+00 1.000000e+00
-1.365245e+01 -1.848891e+03 -1.792565e+02 1.000000e+00
-1.383639e+01 -2.265872e+03 -3.751030e+02 1.000000e+00
-1.639306e+01 -1.852964e+03 -5.746943e+02 1.000000e+00
-2.041379e+01 -2.200916e+03 -7.974512e+02 1.000000e+00
-2.552130e+01 -1.699120e+03 -1.029151e+03 1.000000e+00
-3.333948e+01 -1.954765e+03 -1.295078e+03 1.000000e+00
-3.642387e+01 -1.363022e+03 -1.550309e+03 1.000000e+00
-3.390368e+01 -1.537279e+03 -1.837540e+03 1.000000e+00
-1.348059e+01 -2.200957e+03 0.000000e+00 1.000000e+00
-1.604801e+01 -1.861029e+03 -1.818682e+02 1.000000e+00
-1.824287e+01 -2.273065e+03 -3.771396e+02 1.000000e+00
-1.904083e+01 -1.864268e+03 -5.799583e+02 1.000000e+00
-2.405907e+01 -2.205964e+03 -8.041568e+02 1.000000e+00
-3.121831e+01 -1.706968e+03 -1.036768e+03 1.000000e+00
-3.818833e+01 -1.956442e+03 -1.304572e+03 1.000000e+00
-4.220542e+01 -1.367991e+03 -1.561004e+03 1.000000e+00
-3.829957e+01 -1.534488e+03 -1.847643e+03 1.000000e+00
-1.432845e+01 -2.210075e+03 0.000000e+00 1.000000e+00
-1.453497e+01 -1.869786e+03 -1.838418e+02 1.000000e+00
-1.806789e+01 -2.281723e+03 -3.817089e+02 1.000000e+00
-2.550195e+01 -1.872445e+03 -5.852994e+02 1.000000e+00
-2.911518e+01 -2.211867e+03 -8.107522e+02 1.000000e+00
-3.370453e+01 -1.713338e+03 -1.045928e+03 1.000000e+00
-4.060747e+01 -1.957072e+03 -1.314615e+03 1.000000e+00
-4.302176e+01 -1.370996e+03 -1.572688e+03 1.000000e+00
-4.349830e+01 -1.532422e+03 -1.859654e+03 1.000000e+00
-1.579460e+01 -2.217698e+03 0.000000e+00 1.000000e+00
-1.912243e+01 -1.878937e+03 -1.862764e+02 1.000000e+00
-2.191100e+01 -2.289160e+03 -3.858472e+02 1.000000e+00
-2.367126e+01 -1.880426e+03 -5.915228e+02 1.000000e+00
-3.057558e+01 -2.217191e+03 -8.179351e+02 1.000000e+00
-3.800656e+01 -1.717544e+03 -1.055745e+03 1.000000e+00
-4.312494e+01 -1.959411e+03 -1.325205e+03 1.000000e+00
-4.484662e+01 -1.371775e+03 -1.584049e+03 1.000000e+00
-4.258333e+01 -1.531222e+03 -1.872447e+03 1.000000e+00
-1.557571e+01 -2.224380e+03 0.000000e+00 1.000000e+00
-1.725003e+01 -1.888451e+03 -1.893559e+02 1.000000e+00
-2.126677e+01 -2.295347e+03 -3.891802e+02 1.000000e+00
-2.699037e+01 -1.888659e+03 -5.973503e+02 1.000000e+00
-3.262334e+01 -2.221707e+03 -8.270148e+02 1.000000e+00
-3.780277e+01 -1.721695e+03 -1.065115e+03 1.000000e+00
-4.177604e+01 -1.961554e+03 -1.336356e+03 1.000000e+00
-4.355887e+01 -1.371844e+03 -1.595120e+03 1.000000e+00
-4.418365e+01 -1.529942e+03 -1.883740e+03 1.000000e+00
0.000000e+00 -1.807248e+03 0.000000e+00 1.000000e+00
0.000000e+00 -2.116802e+03 -1.849790e+02 1.000000e+00
0.000000e+00 -1.874902e+03 -3.753606e+02 1.000000e+00
0.000000e+00 -2.119037e+03 -5.805869e+02 1.000000e+00
0.000000e+00 -1.806688e+03 -7.961674e+02 1.000000e+00
0.000000e+00 -1.969920e+03 -1.034663e+03 1.000000e+00
0.000000e+00 -1.562357e+03 -1.287271e+03 1.000000e+00
0.000000e+00 -1.643292e+03 -1.556737e+03 1.000000e+00
0.000000e+00 -1.150440e+03 -1.814488e+03 1.000000e+00
-5.596733e+00 -1.766452e+03 0.000000e+00 1.000000e+00
-3.372789e+00 -2.186689e+03 -1.841888e+02 1.000000e+00
-1.664557e+00 -1.834649e+03 -3.760933e+02 1.000000e+00
-2.720632e+00 -2.189228e+03 -5.814128e+02 1.000000e+00
-4.036664e+00 -1.765978e+03 -7.968572e+02 1.000000e+00
-6.689367e+00 -2.038492e+03 -1.036786e+03 1.000000e+00
-8.852074e+00 -1.520159e+03 -1.287841e+03 1.000000e+00
-8.645409e+00 -1.706779e+03 -1.558338e+03 1.000000e+00
-9.548364e+00 -1.106712e+03 -1.817672e+03 1.000000e+00
-8.404562e+00 -1.748979e+03 0.000000e+00 1.000000e+00
-8.453398e+00 -2.229621e+03 -1.838042e+02 1.000000e+00
-7.213634e+00 -1.817764e+03 -3.769138e+02 1.000000e+00
-6.828075e+00 -2.231920e+03 -5.838779e+02 1.000000e+00
-9.542669e+00 -1.748393e+03 -7.993406e+02 1.000000e+00
-1.254254e+01 -2.078650e+03 -1.040409e+03 1.000000e+00
-1.835670e+01 -1.500057e+03 -1.292268e+03 1.000000e+00
-2.231742e+01 -1.743782e+03 -1.562925e+03 1.000000e+00
-1.848114e+01 -1.082847e+03 -1.822772e+03 1.000000e+00
-1.027512e+01 -1.778591e+03 0.000000e+00 1.000000e+00
-9.121613e+00 -2.223567e+03 -1.840506e+02 1.000000e+00
-1.066238e+01 -1.846845e+03 -3.795541e+02 1.000000e+00
-1.316300e+01 -2.225506e+03 -5.863634e+02 1.000000e+00
-1.512170e+01 -1.776265e+03 -8.038963e+02 1.000000e+00
-2.059221e+01 -2.069764e+03 -1.045318e+03 1.000000e+00
-2.551746e+01 -1.524071e+03 -1.298519e+03 1.000000e+00
-2.765180e+01 -1.732845e+03 -1.570425e+03 1.000000e+00
-2.773163e+01 -1.101405e+03 -1.830568e+03 1.000000e+00
-1.283119e+01 -1.783604e+03 0.000000e+00 1.000000e+00
-1.376726e+01 -2.239623e+03 -1.849778e+02 1.000000e+00
-1.402065e+01 -1.851602e+03 -3.828454e+02 1.000000e+00
-1.644187e+01 -2.241595e+03 -5.905627e+02 1.000000e+00
-2.060914e+01 -1.778099e+03 -8.086989e+02 1.000000e+00
-2.559871e+01 -2.083561e+03 -1.052495e+03 1.000000e+00
-3.363842e+01 -1.522637e+03 -1.305758e+03 1.000000e+00
-3.663620e+01 -1.742310e+03 -1.579364e+03 1.000000e+00
-3.378719e+01 -1.097185e+03 -1.842216e+03 1.000000e+00
-1.359806e+01 -1.794895e+03 0.000000e+00 1.000000e+00
-1.624559e+01 -2.246765e+03 -1.876188e+02 1.000000e+00
-1.844245e+01 -1.863873e+03 -3.849333e+02 1.000000e+00
-1.916315e+01 -2.247548e+03 -5.957846e+02 1.000000e+00
-2.428154e+01 -1.787961e+03 -8.155662e+02 1.000000e+00
-3.150540e+01 -2.086393e+03 -1.059941e+03 1.000000e+00
-3.828290e+01 -1.528966e+03 -1.315522e+03 1.000000e+00
-4.241997e+01 -1.741711e+03 -1.589649e+03 1.000000e+00
-3.824726e+01 -1.099936e+03 -1.852800e+03 1.000000e+00
-1.469580e+01 -1.803522e+03 0.000000e+00 1.000000e+00
-1.471362e+01 -2.255662e+03 -1.896351e+02 1.000000e+00
-1.820270e+01 -1.872380e+03 -3.895247e+02 1.000000e+00
-2.572470e+01 -2.255150e+03 -6.011583e+02 1.000000e+00
-2.936101e+01 -1.795365e+03 -8.222196e+02 1.000000e+00
-3.394971e+01 -2.089453e+03 -1.069146e+03 1.000000e+00
-4.079858e+01 -1.533783e+03 -1.325460e+03 1.000000e+00
-4.321661e+01 -1.740817e+03 -1.601467e+03 1.000000e+00
-4.350086e+01 -1.100509e+03 -1.864717e+03 1.000000e+00
-1.598301e+01 -1.812640e+03 0.000000e+00 1.000000e+00
-1.937932e+01 -2.263027e+03 -1.920855e+02 1.000000e+00
-2.221005e+01 -1.881285e+03 -3.937375e+02 1.000000e+00
-2.380935e+01 -2.261735e+03 -6.073469e+02 1.000000e+00
-3.073093e+01 -1.801356e+03 -8.295198e+02 1.000000e+00
-3.827547e+01 -2.092980e+03 -1.078958e+03 1.000000e+00
-4.325042e+01 -1.536123e+03 -1.336073e+03 1.000000e+00
-4.502401e+01 -1.741376e+03 -1.612820e+03 1.000000e+00
-4.237769e+01 -1.099021e+03 -1.877496e+03 1.000000e+00
-1.584331e+01 -1.821732e+03 0.000000e+00 1.000000e+00
-1.751109e+01 -2.269452e+03 -1.952587e+02 1.000000e+00
-2.151458e+01 -1.890559e+03 -3.970985e+02 1.000000e+00
-2.724220e+01 -2.267047e+03 -6.131591e+02 1.000000e+00
-3.284388e+01 -1.807795e+03 -8.386982e+02 1.000000e+00
-3.811290e+01 -2.096293e+03 -1.088342e+03 1.000000e+00
-4.194627e+01 -1.538119e+03 -1.347227e+03 1.000000e+00
-4.356901e+01 -1.742083e+03 -1.623892e+03 1.000000e+00
-4.404947e+01 -1.097266e+03 -1.888703e+03 1.000000e+00
0.000000e+00 -2.058544e+03 0.000000e+00 1.000000e+00
0.000000e+00 -1.848011e+03 -1.890491e+02 1.000000e+00
0.000000e+00 -2.124471e+03 -3.839456e+02 1.000000e+00
0.000000e+00 -1.845240e+03 -5.908957e+02 1.000000e+00
0.000000e+00 -2.053351e+03 -8.107018e+02 1.000000e+00
0.000000e+00 -1.688816e+03 -1.048067e+03 1.000000e+00
0.000000e+00 -1.805338e+03 -1.305250e+03 1.000000e+00
0.000000e+00 -1.351677e+03 -1.569833e+03 1.000000e+00
0.000000e+00 -1.394363e+03 -1.833322e+03 1.000000e+00
-5.675773e+00 -2.128923e+03 0.000000e+00 1.000000e+00
-3.320601e+00 -1.807423e+03 -1.882070e+02 1.000000e+00
-1.673414e+00 -2.194527e+03 -3.847675e+02 1.000000e+00
-2.782888e+00 -1.804767e+03 -5.916246e+02 1.000000e+00
-4.171422e+00 -2.123216e+03 -8.115594e+02 1.000000e+00
-6.740727e+00 -1.646756e+03 -1.049934e+03 1.000000e+00
-8.936619e+00 -1.871936e+03 -1.306151e+03 1.000000e+00
-8.572851e+00 -1.308530e+03 -1.570918e+03 1.000000e+00
-9.445040e+00 -1.454760e+03 -1.837094e+03 1.000000e+00
-8.412467e+00 -2.172218e+03 0.000000e+00 1.000000e+00
-8.518920e+00 -1.790314e+03 -1.878172e+02 1.000000e+00
-7.224241e+00 -2.237278e+03 -3.856189e+02 1.000000e+00
-6.894134e+00 -1.787996e+03 -5.941063e+02 1.000000e+00
-9.555570e+00 -2.164766e+03 -8.140185e+02 1.000000e+00
-1.258843e+01 -1.627706e+03 -1.053558e+03 1.000000e+00
-1.833917e+01 -1.910666e+03 -1.310582e+03 1.000000e+00
-2.233512e+01 -1.286420e+03 -1.575376e+03 1.000000e+00
-1.830853e+01 -1.488987e+03 -1.842200e+03 1.000000e+00
-1.035878e+01 -2.165115e+03 0.000000e+00 1.000000e+00
-9.181640e+00 -1.819615e+03 -1.881041e+02 1.000000e+00
-1.078730e+01 -2.231379e+03 -3.882335e+02 1.000000e+00
-1.321638e+01 -1.816696e+03 -5.966249e+02 1.000000e+00
-1.530631e+01 -2.156893e+03 -8.185293e+02 1.000000e+00
-2.076495e+01 -1.653883e+03 -1.058557e+03 1.000000e+00
-2.560669e+01 -1.900534e+03 -1.316669e+03 1.000000e+00
-2.760419e+01 -1.307736e+03 -1.582974e+03 1.000000e+00
-2.764144e+01 -1.476577e+03 -1.849805e+03 1.000000e+00
-1.298687e+01 -2.180613e+03 0.000000e+00 1.000000e+00
-1.390861e+01 -1.824511e+03 -1.890247e+02 1.000000e+00
-1.408368e+01 -2.247554e+03 -3.915516e+02 1.000000e+00
-1.651673e+01 -1.820070e+03 -6.007769e+02 1.000000e+00
-2.067489e+01 -2.172019e+03 -8.234084e+02 1.000000e+00
-2.562620e+01 -1.653448e+03 -1.065652e+03 1.000000e+00
-3.360126e+01 -1.912490e+03 -1.323974e+03 1.000000e+00
-3.666736e+01 -1.304962e+03 -1.591725e+03 1.000000e+00
-3.356118e+01 -1.483089e+03 -1.861583e+03 1.000000e+00
-1.380305e+01 -2.188399e+03 0.000000e+00 1.000000e+00
-1.638744e+01 -1.836555e+03 -1.916387e+02 1.000000e+00
-1.859871e+01 -2.254031e+03 -3.936768e+02 1.000000e+00
-1.925452e+01 -1.831460e+03 -6.059772e+02 1.000000e+00
-2.445338e+01 -2.176527e+03 -8.302924e+02 1.000000e+00
-3.169665e+01 -1.661222e+03 -1.073095e+03 1.000000e+00
-3.832784e+01 -1.913608e+03 -1.333676e+03 1.000000e+00
-4.245396e+01 -1.309754e+03 -1.602048e+03 1.000000e+00
-3.816787e+01 -1.479725e+03 -1.872044e+03 1.000000e+00
-1.488725e+01 -2.197414e+03 0.000000e+00 1.000000e+00
-1.489173e+01 -1.845191e+03 -1.936289e+02 1.000000e+00
-1.835424e+01 -2.262750e+03 -3.983327e+02 1.000000e+00
-2.581943e+01 -1.839317e+03 -6.112772e+02 1.000000e+00
-2.952239e+01 -2.182049e+03 -8.370681e+02 1.000000e+00
-3.405599e+01 -1.667350e+03 -1.082193e+03 1.000000e+00
-4.076702e+01 -1.914238e+03 -1.343635e+03 1.000000e+00
-4.325410e+01 -1.312990e+03 -1.613811e+03 1.000000e+00
-4.330566e+01 -1.476981e+03 -1.883936e+03 1.000000e+00
-1.619097e+01 -2.204545e+03 0.000000e+00 1.000000e+00
-1.960400e+01 -1.854390e+03 -1.961078e+02 1.000000e+00
-2.238843e+01 -2.269816e+03 -4.025454e+02 1.000000e+00
-2.392637e+01 -1.847005e+03 -6.174843e+02 1.000000e+00
-3.082494e+01 -2.187207e+03 -8.443525e+02 1.000000e+00
-3.834459e+01 -1.671182e+03 -1.092030e+03 1.000000e+00
-4.327164e+01 -1.916290e+03 -1.354196e+03 1.000000e+00
-4.494365e+01 -1.313410e+03 -1.625153e+03 1.000000e+00
-4.220197e+01 -1.475601e+03 -1.896663e+03 1.000000e+00
-1.607156e+01 -2.211114e+03 0.000000e+00 1.000000e+00
-1.773922e+01 -1.863749e+03 -1.993358e+02 1.000000e+00
-2.173687e+01 -2.275651e+03 -4.059028e+02 1.000000e+00
-2.740314e+01 -1.855396e+03 -6.233152e+02 1.000000e+00
-3.299611e+01 -2.191439e+03 -8.535055e+02 1.000000e+00
-3.830457e+01 -1.675076e+03 -1.101465e+03 1.000000e+00
-4.203512e+01 -1.918755e+03 -1.365303e+03 1.000000e+00
-4.351817e+01 -1.313210e+03 -1.636155e+03 1.000000e+00
-4.385214e+01 -1.474640e+03 -1.907974e+03 1.000000e+00
