0 729 0.00000e+00
  1     729
3.896848e+01 8.378773e+02 -1.729886e+02 1.000000e+00
3.518063e+01 8.876886e+02 -5.460026e+02 1.000000e+00
3.031047e+01 6.295187e+02 7.251479e+01 1.000000e+00
2.470002e+01 6.241423e+02 -3.907998e+02 1.000000e+00
1.860617e+01 3.625499e+02 2.291707e+02 9.992651e-01
1.259073e+01 3.193830e+02 -2.886336e+02 9.950333e-01
6.493237e+00 1.174794e+02 3.976360e+02 9.787423e-01
1.279855e+00 3.684388e+01 -4.211601e+01 9.366232e-01
8.881140e-01 -4.495321e+00 -2.504415e+00 8.571537e-01
3.629874e+01 8.340787e+02 -1.709491e+02 1.000000e+00
3.349763e+01 8.841704e+02 -5.424464e+02 1.000000e+00
2.896238e+01 6.260656e+02 7.268170e+01 1.000000e+00
2.233568e+01 6.205365e+02 -3.909030e+02 1.000000e+00
1.744779e+01 3.608818e+02 2.310189e+02 9.992651e-01
1.312858e+01 3.173354e+02 -2.889258e+02 9.950333e-01
6.640064e+00 1.149629e+02 3.943499e+02 9.787423e-01
2.336565e+00 3.665307e+01 -4.007062e+01 9.366232e-01
1.434355e+00 -4.513583e+00 -1.966435e+00 8.571537e-01
3.695560e+01 8.252132e+02 -1.703872e+02 1.000000e+00
3.313645e+01 8.762786e+02 -5.384767e+02 1.000000e+00
2.875300e+01 6.176090e+02 7.190546e+01 1.000000e+00
2.482308e+01 6.135848e+02 -3.884572e+02 1.000000e+00
1.859902e+01 3.557540e+02 2.290827e+02 9.992651e-01
1.157591e+01 3.146907e+02 -2.872543e+02 9.950333e-01
7.354415e+00 1.129100e+02 3.925258e+02 9.787423e-01
1.684555e+00 3.733071e+01 -3.761136e+01 9.366232e-01
1.225584e+00 -4.752188e+00 -6.269931e-01 8.571537e-01
3.012317e+01 8.164032e+02 -1.672361e+02 1.000000e+00
2.801378e+01 8.673297e+02 -5.378163e+02 1.000000e+00
2.343222e+01 6.123160e+02 7.301443e+01 1.000000e+00
1.896175e+01 6.084112e+02 -3.854173e+02 1.000000e+00
1.519283e+01 3.521138e+02 2.269849e+02 9.992651e-01
1.059035e+01 3.116602e+02 -2.856643e+02 9.950333e-01
5.317353e+00 1.140743e+02 3.931827e+02 9.787423e-01
1.186291e+00 3.731150e+01 -3.697699e+01 9.366232e-01
7.825229e-01 -3.770430e+00 -9.307770e-02 8.571537e-01
2.727925e+01 8.149463e+02 -1.661356e+02 1.000000e+00
2.520198e+01 8.657023e+02 -5.337957e+02 1.000000e+00
2.283363e+01 6.102357e+02 7.234173e+01 1.000000e+00
1.834540e+01 6.064382e+02 -3.833541e+02 1.000000e+00
1.417180e+01 3.498461e+02 2.260966e+02 9.992651e-01
1.047524e+01 3.102830e+02 -2.819503e+02 9.950333e-01
6.275395e+00 1.115487e+02 3.871778e+02 9.787423e-01
3.226115e+00 3.601908e+01 -3.548412e+01 9.366232e-01
2.380518e+00 -4.364835e+00 6.446215e-01 8.571537e-01
2.081526e+01 8.068799e+02 -1.697312e+02 1.000000e+00
1.916419e+01 8.576121e+02 -5.258994e+02 1.000000e+00
1.525408e+01 6.011523e+02 6.707681e+01 1.000000e+00
1.308645e+01 5.996998e+02 -3.753085e+02 1.000000e+00
1.054999e+01 3.448470e+02 2.196043e+02 9.992651e-01
7.991185e+00 3.070102e+02 -2.716590e+02 9.950333e-01
5.871532e+00 1.092984e+02 3.792549e+02 9.787423e-01
2.828433e+00 3.483552e+01 -3.023506e+01 9.366232e-01
2.116482e+00 -5.354099e+00 3.882035e+00 8.571537e-01
1.478233e+01 8.006804e+02 -1.497313e+02 1.000000e+00
1.271562e+01 8.625349e+02 -5.446943e+02 1.000000e+00
1.227533e+01 5.978837e+02 8.879217e+01 1.000000e+00
9.122591e+00 6.051691e+02 -3.958432e+02 1.000000e+00
6.847234e+00 3.408873e+02 2.421688e+02 9.992651e-01
1.755843e+00 3.095124e+02 -2.968952e+02 9.950333e-01
-1.347089e+00 1.079123e+02 4.113404e+02 9.787423e-01
-3.571989e+00 3.619534e+01 -3.430667e+01 9.366232e-01
-2.409637e+00 -7.065882e+00 3.547306e+00 8.571537e-01
6.214328e+00 8.161310e+02 -2.046359e+02 1.000000e+00
6.095875e+00 8.501482e+02 -4.843506e+02 1.000000e+00
5.733189e+00 6.097903e+02 2.963352e+01 1.000000e+00
3.927652e+00 5.950128e+02 -3.354566e+02 1.000000e+00
1.990922e+00 3.484025e+02 1.775006e+02 9.992651e-01
5.596324e-01 3.061970e+02 -2.417372e+02 9.950333e-01
-4.247010e+00 1.078277e+02 3.190634e+02 9.787423e-01
-1.680964e+00 3.689700e+01 -3.396290e+01 9.366232e-01
-2.029218e+00 -8.227654e+00 -1.497872e+00 8.571537e-01
0.000000e+00 8.335605e+02 -2.801743e+02 1.000000e+00
0.000000e+00 8.277864e+02 -4.028724e+02 1.000000e+00
0.000000e+00 6.230266e+02 -5.374162e+01 1.000000e+00
0.000000e+00 5.769510e+02 -2.494314e+02 1.000000e+00
0.000000e+00 3.602532e+02 8.720413e+01 9.992651e-01
0.000000e+00 2.978703e+02 -1.561462e+02 9.950333e-01
0.000000e+00 1.110281e+02 1.934333e+02 9.787423e-01
0.000000e+00 3.532221e+01 -2.589492e+01 9.366232e-01
0.000000e+00 -6.760296e+00 -4.057143e+00 8.571537e-01
3.591319e+01 8.290118e+02 -5.881307e+02 1.000000e+00
3.218234e+01 6.205284e+02 8.181553e+00 1.000000e+00
2.738510e+01 6.422666e+02 -4.213821e+02 1.000000e+00
2.203498e+01 4.080184e+02 1.742253e+02 1.000000e+00
1.649859e+01 3.960017e+02 -3.406947e+02 9.992651e-01
1.096346e+01 1.915908e+02 2.343817e+02 9.950333e-01
5.865451e+00 1.382224e+02 -3.996547e+02 9.787423e-01
1.181615e+00 -7.417504e-01 2.837896e+01 9.366232e-01
8.861984e-01 2.327488e+01 -5.370969e+00 8.571537e-01
3.617863e+01 8.208741e+02 -5.842332e+02 1.000000e+00
3.437184e+01 6.144261e+02 9.454239e+00 1.000000e+00
2.904566e+01 6.358439e+02 -4.216937e+02 1.000000e+00
2.296457e+01 4.042385e+02 1.742332e+02 1.000000e+00
1.775302e+01 3.915552e+02 -3.407542e+02 9.992651e-01
1.074823e+01 1.868912e+02 2.306422e+02 9.950333e-01
4.745510e+00 1.366478e+02 -3.998680e+02 9.787423e-01
1.085131e+00 -2.782859e+00 2.833996e+01 9.366232e-01
9.937379e-01 2.237119e+01 -4.437298e+00 8.571537e-01
3.074805e+01 8.146024e+02 -5.802280e+02 1.000000e+00
2.586105e+01 6.078625e+02 8.350873e+00 1.000000e+00
2.216764e+01 6.306502e+02 -4.185700e+02 1.000000e+00
1.890339e+01 4.004013e+02 1.727510e+02 1.000000e+00
1.422673e+01 3.880308e+02 -3.388672e+02 9.992651e-01
1.079727e+01 1.839230e+02 2.285781e+02 9.950333e-01
7.091324e+00 1.353724e+02 -3.978324e+02 9.787423e-01
2.319072e+00 -4.484794e+00 2.994991e+01 9.366232e-01
1.249549e+00 2.184113e+01 -3.352312e+00 8.571537e-01
2.997772e+01 8.089823e+02 -5.799318e+02 1.000000e+00
2.832504e+01 6.021440e+02 1.044960e+01 1.000000e+00
2.521358e+01 6.250450e+02 -4.163596e+02 1.000000e+00
2.020699e+01 3.955180e+02 1.722841e+02 1.000000e+00
1.539913e+01 3.838621e+02 -3.380770e+02 9.992651e-01
9.822018e+00 1.833826e+02 2.288519e+02 9.950333e-01
4.372736e+00 1.323808e+02 -3.984023e+02 9.787423e-01
3.239762e-01 -4.501432e+00 3.082283e+01 9.366232e-01
5.108066e-01 2.058455e+01 -3.160700e+00 8.571537e-01
2.572894e+01 8.021000e+02 -5.755311e+02 1.000000e+00
2.308591e+01 5.963651e+02 1.016626e+01 1.000000e+00
1.850637e+01 6.196962e+02 -4.142373e+02 1.000000e+00
1.488080e+01 3.907331e+02 1.699391e+02 1.000000e+00
1.140349e+01 3.808833e+02 -3.348260e+02 9.992651e-01
7.884681e+00 1.789183e+02 2.238557e+02 9.950333e-01
4.818329e+00 1.304905e+02 -3.945219e+02 9.787423e-01
1.355837e+00 -6.515615e+00 2.930237e+01 9.366232e-01
1.114683e+00 1.907675e+01 -2.999854e+00 8.571537e-01
1.801368e+01 8.004774e+02 -5.682801e+02 1.000000e+00
1.536534e+01 5.943346e+02 4.848634e+00 1.000000e+00
1.407685e+01 6.187933e+02 -4.063523e+02 1.000000e+00
1.203805e+01 3.895532e+02 1.646660e+02 1.000000e+00
9.960693e+00 3.800374e+02 -3.268371e+02 9.992651e-01
7.112497e+00 1.774432e+02 2.175729e+02 9.950333e-01
4.615591e+00 1.295350e+02 -3.825833e+02 9.787423e-01
3.271662e+00 -7.719507e+00 3.181407e+01 9.366232e-01
1.996358e+00 1.821383e+01 -5.735472e-01 8.571537e-01
1.464123e+01 8.015681e+02 -5.862493e+02 1.000000e+00
1.487447e+01 5.862213e+02 2.724073e+01 1.000000e+00
1.181107e+01 6.185599e+02 -4.269593e+02 1.000000e+00
9.452680e+00 3.820190e+02 1.878938e+02 1.000000e+00
5.528572e+00 3.805544e+02 -3.519151e+02 9.992651e-01
3.610356e+00 1.747655e+02 2.416911e+02 9.950333e-01
1.394117e-01 1.318373e+02 -4.172711e+02 9.787423e-01
-2.317722e+00 -7.261984e+00 3.503336e+01 9.366232e-01
-1.651630e+00 2.057021e+01 -1.074144e+00 8.571537e-01
4.698276e+00 7.877214e+02 -5.267318e+02 1.000000e+00
4.344455e+00 5.987368e+02 -3.133389e+01 1.000000e+00
4.131910e+00 6.067930e+02 -3.643913e+02 1.000000e+00
4.180181e+00 3.921093e+02 1.255546e+02 1.000000e+00
4.940770e+00 3.742408e+02 -2.859081e+02 9.992651e-01
4.628824e+00 1.786069e+02 1.815457e+02 9.950333e-01
4.595467e+00 1.325488e+02 -3.336099e+02 9.787423e-01
-3.255168e+00 -5.532346e+00 2.471449e+01 9.366232e-01
-1.454030e+00 2.290483e+01 -3.283572e+00 8.571537e-01
0.000000e+00 7.758371e+02 -4.479052e+02 1.000000e+00
0.000000e+00 6.224560e+02 -1.127913e+02 1.000000e+00
0.000000e+00 5.969613e+02 -2.779153e+02 1.000000e+00
0.000000e+00 4.122019e+02 3.875224e+01 1.000000e+00
0.000000e+00 3.671572e+02 -1.921928e+02 9.992651e-01
0.000000e+00 1.880378e+02 9.564816e+01 9.950333e-01
0.000000e+00 1.295868e+02 -2.111077e+02 9.787423e-01
0.000000e+00 -3.393108e+00 1.423338e+01 9.366232e-01
0.000000e+00 2.196045e+01 -3.068347e+00 8.571537e-01
3.294764e+01 5.753226e+02 -5.493355e+01 1.000000e+00
2.935078e+01 6.201737e+02 -4.549729e+02 1.000000e+00
2.491020e+01 4.225360e+02 1.271189e+02 1.000000e+00
1.990883e+01 4.306158e+02 -3.457914e+02 1.000000e+00
1.481119e+01 2.380239e+02 2.470547e+02 9.992651e-01
9.825910e+00 2.165482e+02 -2.616432e+02 9.950333e-01
4.861624e+00 7.474453e+01 3.925300e+02 9.787423e-01
5.864732e-01 2.318305e+01 -3.284794e+01 9.366232e-01
3.382645e-01 -4.069430e+00 1.776835e+00 8.571537e-01
3.035116e+01 5.669119e+02 -5.599016e+01 1.000000e+00
2.602145e+01 6.081436e+02 -4.521679e+02 1.000000e+00
2.319767e+01 4.147347e+02 1.282880e+02 1.000000e+00
1.883681e+01 4.233499e+02 -3.457170e+02 1.000000e+00
1.359457e+01 2.332351e+02 2.460454e+02 9.992651e-01
9.384416e+00 2.156761e+02 -2.610989e+02 9.950333e-01
4.296069e+00 7.348141e+01 3.889163e+02 9.787423e-01
-4.815219e-01 2.290124e+01 -3.383681e+01 9.366232e-01
-5.003926e-01 -5.295441e+00 4.473345e-01 8.571537e-01
3.214719e+01 5.613898e+02 -5.627832e+01 1.000000e+00
2.974306e+01 6.037111e+02 -4.495103e+02 1.000000e+00
2.440755e+01 4.107140e+02 1.271281e+02 1.000000e+00
1.982193e+01 4.195202e+02 -3.434441e+02 1.000000e+00
1.502759e+01 2.303088e+02 2.431706e+02 9.992651e-01
9.407912e+00 2.131713e+02 -2.599663e+02 9.950333e-01
4.574612e+00 7.041025e+01 3.847896e+02 9.787423e-01
9.579626e-01 2.132432e+01 -3.389680e+01 9.366232e-01
8.603409e-01 -6.859051e+00 3.443997e-01 8.571537e-01
2.622331e+01 5.579967e+02 -5.246043e+01 1.000000e+00
2.383381e+01 6.029365e+02 -4.495486e+02 1.000000e+00
2.010995e+01 4.078288e+02 1.261830e+02 1.000000e+00
1.558706e+01 4.166603e+02 -3.425468e+02 1.000000e+00
1.190519e+01 2.286221e+02 2.435388e+02 9.992651e-01
8.341482e+00 2.089933e+02 -2.598757e+02 9.950333e-01
3.857592e+00 6.934408e+01 3.834807e+02 9.787423e-01
-1.741346e-01 1.959998e+01 -3.373232e+01 9.366232e-01
-1.195416e-01 -6.711037e+00 8.221535e-01 8.571537e-01
2.185208e+01 5.509338e+02 -5.470836e+01 1.000000e+00
1.874566e+01 5.943651e+02 -4.446338e+02 1.000000e+00
1.666719e+01 4.011227e+02 1.252598e+02 1.000000e+00
1.448784e+01 4.124973e+02 -3.385771e+02 1.000000e+00
1.078949e+01 2.244952e+02 2.408306e+02 9.992651e-01
6.660493e+00 2.091311e+02 -2.556611e+02 9.950333e-01
3.902032e+00 6.976905e+01 3.796593e+02 9.787423e-01
1.750011e-01 2.025347e+01 -3.534316e+01 9.366232e-01
1.392445e-02 -6.680758e+00 -8.712521e-01 8.571537e-01
2.051917e+01 5.470834e+02 -5.734467e+01 1.000000e+00
2.008685e+01 5.925591e+02 -4.380432e+02 1.000000e+00
1.557981e+01 3.987166e+02 1.208403e+02 1.000000e+00
1.219701e+01 4.103324e+02 -3.312636e+02 1.000000e+00
8.939653e+00 2.215889e+02 2.342903e+02 9.992651e-01
6.700791e+00 2.068287e+02 -2.483776e+02 9.950333e-01
3.415302e+00 6.716135e+01 3.724647e+02 9.787423e-01
1.472872e+00 1.859416e+01 -3.378418e+01 9.366232e-01
1.183135e+00 -7.652875e+00 -6.261793e-01 8.571537e-01
1.034639e+01 5.424536e+02 -3.552732e+01 1.000000e+00
7.523051e+00 5.960627e+02 -4.578046e+02 1.000000e+00
7.418396e+00 3.946779e+02 1.438307e+02 1.000000e+00
5.210086e+00 4.126191e+02 -3.542663e+02 1.000000e+00
4.529119e+00 2.191883e+02 2.616024e+02 9.992651e-01
2.556433e+00 2.083057e+02 -2.712638e+02 9.950333e-01
2.217852e+00 6.516035e+01 4.064912e+02 9.787423e-01
7.123131e-01 1.980812e+01 -3.412164e+01 9.366232e-01
3.306974e-01 -8.518626e+00 1.265448e+00 8.571537e-01
7.290495e+00 5.536592e+02 -9.366393e+01 1.000000e+00
7.746363e+00 5.823320e+02 -3.942797e+02 1.000000e+00
6.831053e+00 4.043442e+02 8.307703e+01 1.000000e+00
6.153494e+00 4.033885e+02 -2.888416e+02 1.000000e+00
3.781914e+00 2.260383e+02 1.939395e+02 9.992651e-01
-1.923764e-01 2.059496e+02 -2.134927e+02 9.950333e-01
-4.353200e+00 6.824100e+01 3.165345e+02 9.787423e-01
-9.039836e-02 2.220787e+01 -2.838818e+01 9.366232e-01
-8.750643e-01 -7.805355e+00 2.222298e-01 8.571537e-01
0.000000e+00 5.710009e+02 -1.711495e+02 1.000000e+00
0.000000e+00 5.679484e+02 -3.104911e+02 1.000000e+00
0.000000e+00 4.193563e+02 -2.213572e+00 1.000000e+00
0.000000e+00 3.903267e+02 -1.992204e+02 1.000000e+00
0.000000e+00 2.352966e+02 9.851965e+01 9.992651e-01
0.000000e+00 1.984617e+02 -1.310409e+02 9.950333e-01
0.000000e+00 7.217789e+01 1.903072e+02 9.787423e-01
0.000000e+00 2.084807e+01 -2.031496e+01 9.366232e-01
0.000000e+00 -6.260845e+00 -1.540959e+00 8.571537e-01
3.001800e+01 5.515964e+02 -4.894316e+02 1.000000e+00
2.657005e+01 3.949766e+02 7.304023e+01 1.000000e+00
2.225731e+01 4.222089e+02 -3.731340e+02 1.000000e+00
1.766386e+01 2.577098e+02 1.966543e+02 1.000000e+00
1.291093e+01 2.600551e+02 -3.234139e+02 9.992651e-01
8.027368e+00 1.186266e+02 2.226236e+02 9.950333e-01
3.677115e+00 8.942303e+01 -3.916613e+02 9.787423e-01
2.772363e-02 -2.008765e+00 3.320474e+01 9.366232e-01
-3.456866e-02 1.291715e+01 -1.776159e-01 8.571537e-01
2.930537e+01 5.502670e+02 -4.873210e+02 1.000000e+00
2.666296e+01 3.996550e+02 7.385699e+01 1.000000e+00
2.279420e+01 4.227955e+02 -3.720602e+02 1.000000e+00
1.706684e+01 2.577354e+02 1.933936e+02 1.000000e+00
1.161009e+01 2.586273e+02 -3.232862e+02 9.992651e-01
7.853065e+00 1.152083e+02 2.199444e+02 9.950333e-01
2.245466e+00 8.688705e+01 -3.965956e+02 9.787423e-01
-1.832649e+00 -4.118928e+00 3.108063e+01 9.366232e-01
-1.195774e+00 1.270169e+01 -1.262192e+00 8.571537e-01
2.726143e+01 5.444608e+02 -4.831838e+02 1.000000e+00
2.405619e+01 3.943986e+02 7.259010e+01 1.000000e+00
1.902927e+01 4.174506e+02 -3.697935e+02 1.000000e+00
1.626581e+01 2.534849e+02 1.915051e+02 1.000000e+00
1.253521e+01 2.551611e+02 -3.224164e+02 9.992651e-01
7.134195e+00 1.130199e+02 2.163133e+02 9.950333e-01
3.656258e+00 8.648112e+01 -3.969883e+02 9.787423e-01
1.752719e-01 -5.071986e+00 2.896162e+01 9.366232e-01
-5.514594e-02 1.236402e+01 -2.599131e+00 8.571537e-01
2.394586e+01 5.358891e+02 -4.823722e+02 1.000000e+00
2.103152e+01 3.825604e+02 7.408247e+01 1.000000e+00
1.829112e+01 4.099560e+02 -3.692274e+02 1.000000e+00
1.395588e+01 2.487111e+02 1.935197e+02 1.000000e+00
1.052654e+01 2.518101e+02 -3.223191e+02 9.992651e-01
7.296836e+00 1.130375e+02 2.148815e+02 9.950333e-01
4.156674e+00 8.663850e+01 -3.928037e+02 9.787423e-01
1.045383e+00 -3.157993e+00 2.952344e+01 9.366232e-01
7.754154e-01 1.206596e+01 -2.227165e+00 8.571537e-01
2.196442e+01 5.368653e+02 -4.783344e+02 1.000000e+00
2.037378e+01 3.864011e+02 7.298209e+01 1.000000e+00
1.755338e+01 4.125191e+02 -3.643891e+02 1.000000e+00
1.356815e+01 2.482719e+02 1.887166e+02 1.000000e+00
8.953273e+00 2.517393e+02 -3.183404e+02 9.992651e-01
6.046922e+00 1.105275e+02 2.127631e+02 9.950333e-01
2.873783e+00 8.443188e+01 -3.895608e+02 9.787423e-01
1.679184e-02 -2.901898e+00 2.972495e+01 9.366232e-01
1.368155e-01 1.271667e+01 -1.593455e+00 8.571537e-01
1.568356e+01 5.328692e+02 -4.710030e+02 1.000000e+00
1.351887e+01 3.811493e+02 6.840493e+01 1.000000e+00
1.047866e+01 4.077439e+02 -3.584137e+02 1.000000e+00
7.960929e+00 2.441371e+02 1.846349e+02 1.000000e+00
7.234963e+00 2.499749e+02 -3.125220e+02 9.992651e-01
3.818356e+00 1.095934e+02 2.076284e+02 9.950333e-01
1.968983e+00 8.450569e+01 -3.834085e+02 9.787423e-01
4.338246e-01 -3.604870e+00 2.784908e+01 9.366232e-01
3.010559e-01 1.240120e+01 -1.843621e+00 8.571537e-01
1.151435e+01 5.321938e+02 -4.908310e+02 1.000000e+00
1.082778e+01 3.735271e+02 9.245252e+01 1.000000e+00
9.917460e+00 4.073812e+02 -3.801617e+02 1.000000e+00
9.203143e+00 2.405817e+02 2.114163e+02 1.000000e+00
6.553805e+00 2.513133e+02 -3.366174e+02 9.992651e-01
5.039614e+00 1.069434e+02 2.310250e+02 9.950333e-01
2.534495e+00 8.570291e+01 -4.139223e+02 9.787423e-01
1.493599e+00 -5.375085e+00 3.184382e+01 9.366232e-01
8.152834e-01 1.258654e+01 -1.397512e+00 8.571537e-01
5.700011e+00 5.234064e+02 -4.293297e+02 1.000000e+00
5.416496e+00 3.872892e+02 3.218007e+01 1.000000e+00
4.606777e+00 3.999042e+02 -3.135761e+02 1.000000e+00
3.593558e+00 2.490299e+02 1.462529e+02 1.000000e+00
3.642706e+00 2.447222e+02 -2.655235e+02 9.992651e-01
5.349319e+00 1.101343e+02 1.749760e+02 9.950333e-01
6.210155e+00 8.376347e+01 -3.219615e+02 9.787423e-01
-2.015577e+00 -5.938754e+00 2.638584e+01 9.366232e-01
-5.196876e-01 1.272191e+01 -5.941553e-01 8.571537e-01
0.000000e+00 5.101432e+02 -3.474562e+02 1.000000e+00
0.000000e+00 4.010014e+02 -5.154127e+01 1.000000e+00
0.000000e+00 3.870679e+02 -2.256994e+02 1.000000e+00
0.000000e+00 2.595601e+02 5.678735e+01 1.000000e+00
0.000000e+00 2.357211e+02 -1.694733e+02 9.992651e-01
0.000000e+00 1.181199e+02 9.405798e+01 9.950333e-01
0.000000e+00 8.167722e+01 -1.977165e+02 9.787423e-01
0.000000e+00 -4.282279e+00 1.563704e+01 9.366232e-01
0.000000e+00 1.164490e+01 -4.930449e-01 8.571537e-01
2.743953e+01 3.558856e+02 1.943299e+01 1.000000e+00
2.408553e+01 3.924040e+02 -3.965762e+02 1.000000e+00
1.994051e+01 2.579643e+02 1.617572e+02 1.000000e+00
1.582350e+01 2.694922e+02 -3.188427e+02 1.000000e+00
1.135675e+01 1.392089e+02 2.552486e+02 9.992651e-01
7.118599e+00 1.342861e+02 -2.445009e+02 9.950333e-01
2.938113e+00 4.405741e+01 3.852958e+02 9.787423e-01
-5.210223e-01 1.126915e+01 -2.896465e+01 9.366232e-01
-4.587110e-01 -3.988942e+00 1.924411e+00 8.571537e-01
2.660775e+01 3.477270e+02 1.917467e+01 1.000000e+00
2.423083e+01 3.792253e+02 -3.942132e+02 1.000000e+00
2.048170e+01 2.494109e+02 1.598235e+02 1.000000e+00
1.546039e+01 2.632037e+02 -3.184643e+02 1.000000e+00
1.125099e+01 1.368275e+02 2.538346e+02 9.992651e-01
6.643058e+00 1.337678e+02 -2.465031e+02 9.950333e-01
9.544281e-01 4.371972e+01 3.798093e+02 9.787423e-01
-2.877198e+00 1.177125e+01 -3.212716e+01 9.366232e-01
-2.027233e+00 -4.917524e+00 -3.936942e-01 8.571537e-01
2.412557e+01 3.438857e+02 1.861838e+01 1.000000e+00
2.093376e+01 3.751946e+02 -3.919156e+02 1.000000e+00
1.711012e+01 2.468735e+02 1.581024e+02 1.000000e+00
1.412016e+01 2.610177e+02 -3.162816e+02 1.000000e+00
1.012966e+01 1.356859e+02 2.513277e+02 9.992651e-01
6.737320e+00 1.326546e+02 -2.453611e+02 9.950333e-01
4.230477e+00 4.256955e+01 3.765308e+02 9.787423e-01
6.280398e-01 1.202726e+01 -3.371732e+01 9.366232e-01
2.842451e-01 -4.997111e+00 -1.715921e+00 8.571537e-01
2.264301e+01 3.445756e+02 2.098730e+01 1.000000e+00
2.073830e+01 3.802846e+02 -3.919291e+02 1.000000e+00
1.786777e+01 2.486908e+02 1.599174e+02 1.000000e+00
1.388407e+01 2.609602e+02 -3.163253e+02 1.000000e+00
9.955669e+00 1.339934e+02 2.508647e+02 9.992651e-01
6.567788e+00 1.300900e+02 -2.432273e+02 9.950333e-01
2.848118e+00 4.107702e+01 3.771842e+02 9.787423e-01
1.349473e+00 1.104274e+01 -3.115474e+01 9.366232e-01
7.713187e-01 -4.233645e+00 -4.836390e-01 8.571537e-01
1.838044e+01 3.360591e+02 1.903398e+01 1.000000e+00
1.619089e+01 3.702244e+02 -3.864221e+02 1.000000e+00
1.302100e+01 2.393683e+02 1.561202e+02 1.000000e+00
9.739456e+00 2.557525e+02 -3.122834e+02 1.000000e+00
8.422750e+00 1.312422e+02 2.486048e+02 9.992651e-01
5.295865e+00 1.299359e+02 -2.405053e+02 9.950333e-01
2.324164e+00 4.145401e+01 3.716824e+02 9.787423e-01
-7.155636e-02 1.095271e+01 -3.037032e+01 9.366232e-01
-2.843424e-02 -4.901680e+00 -2.669863e-01 8.571537e-01
1.370839e+01 3.332935e+02 1.655471e+01 1.000000e+00
1.214112e+01 3.686003e+02 -3.808499e+02 1.000000e+00
1.008850e+01 2.387178e+02 1.528198e+02 1.000000e+00
9.230376e+00 2.559847e+02 -3.055269e+02 1.000000e+00
6.609760e+00 1.310670e+02 2.447157e+02 9.992651e-01
5.041345e+00 1.294100e+02 -2.345011e+02 9.950333e-01
3.353248e+00 4.096912e+01 3.683411e+02 9.787423e-01
2.375343e-01 1.180995e+01 -3.025945e+01 9.366232e-01
2.161100e-01 -4.760242e+00 -5.946083e-01 8.571537e-01
1.213459e+01 3.327647e+02 3.973497e+01 1.000000e+00
1.079202e+01 3.745901e+02 -4.022300e+02 1.000000e+00
9.702800e+00 2.388472e+02 1.783909e+02 1.000000e+00
5.812025e+00 2.576202e+02 -3.299013e+02 1.000000e+00
3.887505e+00 1.275527e+02 2.707790e+02 9.992651e-01
1.595207e+00 1.298315e+02 -2.563245e+02 9.950333e-01
3.009849e-01 3.837861e+01 4.027009e+02 9.787423e-01
2.221499e-01 1.243817e+01 -3.284783e+01 9.366232e-01
4.357688e-01 -5.179858e+00 -1.925088e-01 8.571537e-01
2.771744e+00 3.386510e+02 -1.964733e+01 1.000000e+00
2.967739e+00 3.616875e+02 -3.373952e+02 1.000000e+00
2.074073e+00 2.428239e+02 1.137950e+02 1.000000e+00
2.677900e+00 2.486942e+02 -2.617267e+02 1.000000e+00
2.702648e+00 1.334633e+02 2.022147e+02 9.992651e-01
7.217975e-01 1.272137e+02 -1.969032e+02 9.950333e-01
-1.903001e+00 4.035539e+01 3.085590e+02 9.787423e-01
9.509837e-01 1.227767e+01 -2.742570e+01 9.366232e-01
-2.366403e-01 -5.273023e+00 -1.040166e+00 8.571537e-01
0.000000e+00 3.501433e+02 -9.968881e+01 1.000000e+00
0.000000e+00 3.502196e+02 -2.521964e+02 1.000000e+00
0.000000e+00 2.534950e+02 2.661120e+01 1.000000e+00
0.000000e+00 2.413157e+02 -1.691011e+02 1.000000e+00
0.000000e+00 1.441247e+02 1.081702e+02 9.992651e-01
0.000000e+00 1.224720e+02 -1.138584e+02 9.950333e-01
0.000000e+00 4.397762e+01 1.829028e+02 9.787423e-01
0.000000e+00 1.150277e+01 -1.890892e+01 9.366232e-01
0.000000e+00 -4.003048e+00 -2.294515e+00 8.571537e-01
2.504855e+01 3.164284e+02 -4.230220e+02 1.000000e+00
2.195676e+01 2.193123e+02 1.154130e+02 1.000000e+00
1.827819e+01 2.405880e+02 -3.432086e+02 1.000000e+00
1.419786e+01 1.414729e+02 2.066864e+02 1.000000e+00
1.021058e+01 1.504994e+02 -3.170543e+02 9.992651e-01
6.296963e+00 6.386460e+01 2.116875e+02 9.950333e-01
2.792250e+00 4.759894e+01 -3.956039e+02 9.787423e-01
-9.363175e-02 -3.333107e+00 3.191013e+01 9.366232e-01
-1.280037e-01 5.230788e+00 1.348082e+00 8.571537e-01
2.341649e+01 3.158596e+02 -4.219028e+02 1.000000e+00
1.959307e+01 2.231259e+02 1.144892e+02 1.000000e+00
1.646179e+01 2.417598e+02 -3.404222e+02 1.000000e+00
1.318533e+01 1.424048e+02 2.041140e+02 1.000000e+00
9.040173e+00 1.482420e+02 -3.169570e+02 9.992651e-01
4.922259e+00 6.161683e+01 2.081450e+02 9.950333e-01
1.314039e+00 4.769476e+01 -3.954922e+02 9.787423e-01
-2.566857e+00 -3.388036e+00 2.859440e+01 9.366232e-01
-1.779513e+00 6.410205e+00 -7.206771e-01 8.571537e-01
2.367620e+01 3.129762e+02 -4.188927e+02 1.000000e+00
2.201769e+01 2.215254e+02 1.130860e+02 1.000000e+00
1.747101e+01 2.395220e+02 -3.384733e+02 1.000000e+00
1.336378e+01 1.405523e+02 2.017684e+02 1.000000e+00
9.873819e+00 1.461204e+02 -3.157616e+02 9.992651e-01
6.389149e+00 6.047069e+01 2.048119e+02 9.950333e-01
2.724399e+00 4.748189e+01 -3.942664e+02 9.787423e-01
7.341563e-01 -3.449240e+00 2.703733e+01 9.366232e-01
3.187106e-01 6.494169e+00 -1.704864e+00 8.571537e-01
1.952247e+01 3.059697e+02 -4.179219e+02 1.000000e+00
1.648682e+01 2.118050e+02 1.147489e+02 1.000000e+00
1.377599e+01 2.326838e+02 -3.398197e+02 1.000000e+00
1.038241e+01 1.358084e+02 2.026428e+02 1.000000e+00
7.602302e+00 1.451255e+02 -3.156832e+02 9.992651e-01
5.107505e+00 6.100280e+01 2.048646e+02 9.950333e-01
2.749308e+00 4.722825e+01 -3.947004e+02 9.787423e-01
3.118850e-01 -3.552515e+00 2.867471e+01 9.366232e-01
2.127246e-01 5.121300e+00 -4.220883e-01 8.571537e-01
1.619412e+01 3.069259e+02 -4.133773e+02 1.000000e+00
1.438687e+01 2.138952e+02 1.117592e+02 1.000000e+00
1.237040e+01 2.351046e+02 -3.338049e+02 1.000000e+00
1.015803e+01 1.367738e+02 1.992265e+02 1.000000e+00
7.097748e+00 1.440957e+02 -3.119853e+02 9.992651e-01
4.329692e+00 5.846437e+01 2.012951e+02 9.950333e-01
2.048003e+00 4.561247e+01 -3.894373e+02 9.787423e-01
-3.573658e-01 -5.022817e+00 2.750441e+01 9.366232e-01
-3.449845e-01 4.756520e+00 -9.330109e-01 8.571537e-01
1.495921e+01 3.069763e+02 -4.074778e+02 1.000000e+00
1.399069e+01 2.144867e+02 1.087604e+02 1.000000e+00
1.213165e+01 2.343490e+02 -3.289560e+02 1.000000e+00
8.158616e+00 1.350102e+02 1.955757e+02 1.000000e+00
5.916636e+00 1.419785e+02 -3.078324e+02 9.992651e-01
3.064749e+00 5.709327e+01 1.966980e+02 9.950333e-01
1.274661e+00 4.456704e+01 -3.843650e+02 9.787423e-01
1.459256e+00 -5.390975e+00 2.721022e+01 9.366232e-01
1.016037e+00 4.976089e+00 -8.644599e-01 8.571537e-01
6.133588e+00 3.021729e+02 -4.287424e+02 1.000000e+00
5.184555e+00 2.050943e+02 1.334150e+02 1.000000e+00
4.087711e+00 2.292448e+02 -3.525396e+02 1.000000e+00
4.372883e+00 1.303178e+02 2.222964e+02 1.000000e+00
4.386711e+00 1.440671e+02 -3.307729e+02 9.992651e-01
5.276332e+00 5.791663e+01 2.230373e+02 9.950333e-01
4.014371e+00 4.871284e+01 -4.164653e+02 9.787423e-01
1.309907e+00 -4.008245e+00 3.157943e+01 9.366232e-01
7.014496e-01 6.336409e+00 -8.508953e-02 8.571537e-01
7.316889e+00 2.976899e+02 -3.663102e+02 1.000000e+00
7.016271e+00 2.150636e+02 7.068110e+01 1.000000e+00
7.061496e+00 2.265221e+02 -2.840142e+02 1.000000e+00
5.962284e+00 1.380912e+02 1.565946e+02 1.000000e+00
5.138044e+00 1.389846e+02 -2.570801e+02 9.992651e-01
4.781600e+00 5.905868e+01 1.664351e+02 9.950333e-01
5.182206e+00 4.706380e+01 -3.171441e+02 9.787423e-01
-1.165238e+00 -2.637148e+00 2.564423e+01 9.366232e-01
1.938694e-01 7.063599e+00 6.445524e-01 8.571537e-01
0.000000e+00 2.949256e+02 -2.836145e+02 1.000000e+00
0.000000e+00 2.302672e+02 -1.382088e+01 1.000000e+00
0.000000e+00 2.238299e+02 -1.945899e+02 1.000000e+00
0.000000e+00 1.472130e+02 6.601900e+01 1.000000e+00
0.000000e+00 1.304999e+02 -1.615588e+02 9.992651e-01
0.000000e+00 6.082565e+01 8.417390e+01 9.950333e-01
0.000000e+00 4.195930e+01 -1.878247e+02 9.787423e-01
0.000000e+00 -1.756317e+00 1.625318e+01 9.366232e-01
0.000000e+00 6.336572e+00 1.455544e+00 8.571537e-01
2.316050e+01 1.705757e+02 6.653063e+01 1.000000e+00
2.029157e+01 1.906298e+02 -3.599500e+02 1.000000e+00
1.666784e+01 1.225259e+02 1.824074e+02 1.000000e+00
1.312741e+01 1.311998e+02 -3.010341e+02 1.000000e+00
9.542563e+00 6.461575e+01 2.657779e+02 9.992651e-01
6.175015e+00 6.563866e+01 -2.351252e+02 9.950333e-01
3.014573e+00 2.238913e+01 3.840016e+02 9.787423e-01
5.355614e-01 5.780334e+00 -3.035601e+01 9.366232e-01
3.217303e-01 -1.464896e+00 -1.152042e+00 8.571537e-01
2.277379e+01 1.668409e+02 6.658375e+01 1.000000e+00
2.054111e+01 1.847047e+02 -3.575398e+02 1.000000e+00
1.744037e+01 1.191189e+02 1.805440e+02 1.000000e+00
1.314253e+01 1.278632e+02 -3.002091e+02 1.000000e+00
8.356063e+00 6.473212e+01 2.623389e+02 9.992651e-01
5.575159e+00 6.744178e+01 -2.328790e+02 9.950333e-01
2.046380e+00 2.275111e+01 3.773783e+02 9.787423e-01
-1.660015e+00 7.482436e+00 -3.171568e+01 9.366232e-01
-1.187866e+00 -1.323824e+00 -1.997298e+00 8.571537e-01
1.968303e+01 1.640678e+02 6.602677e+01 1.000000e+00
1.697137e+01 1.813311e+02 -3.554137e+02 1.000000e+00
1.354729e+01 1.166482e+02 1.783598e+02 1.000000e+00
1.075567e+01 1.258659e+02 -2.980515e+02 1.000000e+00
8.351550e+00 6.414619e+01 2.595242e+02 9.992651e-01
4.925761e+00 6.698087e+01 -2.314209e+02 9.950333e-01
2.015991e+00 2.245812e+01 3.729420e+02 9.787423e-01
-9.324951e-02 7.735509e+00 -3.285632e+01 9.366232e-01
-3.613802e-01 -1.185369e+00 -3.081343e+00 8.571537e-01
1.819155e+01 1.649294e+02 6.720171e+01 1.000000e+00
1.583172e+01 1.844288e+02 -3.563031e+02 1.000000e+00
1.334085e+01 1.181089e+02 1.796817e+02 1.000000e+00
1.068718e+01 1.271286e+02 -2.981494e+02 1.000000e+00
7.300404e+00 6.261954e+01 2.607262e+02 9.992651e-01
4.710643e+00 6.405483e+01 -2.330889e+02 9.950333e-01
2.090151e+00 2.112383e+01 3.758979e+02 9.787423e-01
-3.596848e-01 6.636095e+00 -3.212206e+01 9.366232e-01
-3.755339e-01 -9.115599e-01 -3.053749e+00 8.571537e-01
1.611992e+01 1.613215e+02 6.386280e+01 1.000000e+00
1.427727e+01 1.812208e+02 -3.508469e+02 1.000000e+00
1.167704e+01 1.144727e+02 1.759166e+02 1.000000e+00
8.584606e+00 1.241419e+02 -2.951724e+02 1.000000e+00
5.865741e+00 6.136511e+01 2.558958e+02 9.992651e-01
3.370667e+00 6.470647e+01 -2.296827e+02 9.950333e-01
5.465400e-01 2.106228e+01 3.676401e+02 9.787423e-01
-1.612365e+00 6.727769e+00 -3.418790e+01 9.366232e-01
-9.266994e-01 -1.391801e+00 -4.557688e+00 8.571537e-01
1.069079e+01 1.562167e+02 6.213372e+01 1.000000e+00
9.089005e+00 1.755908e+02 -3.460540e+02 1.000000e+00
6.522811e+00 1.099275e+02 1.726685e+02 1.000000e+00
6.034925e+00 1.217847e+02 -2.897095e+02 1.000000e+00
5.393711e+00 6.116776e+01 2.529671e+02 9.992651e-01
5.272599e+00 6.512775e+01 -2.238895e+02 9.950333e-01
4.592008e+00 2.223974e+01 3.628136e+02 9.787423e-01
1.856988e+00 6.536483e+00 -3.419334e+01 9.366232e-01
1.240051e+00 -1.855846e+00 -4.655940e+00 8.571537e-01
9.786460e+00 1.596204e+02 8.580925e+01 1.000000e+00
8.098006e+00 1.824655e+02 -3.690165e+02 1.000000e+00
8.177352e+00 1.139778e+02 1.988526e+02 1.000000e+00
5.866886e+00 1.260224e+02 -3.131681e+02 1.000000e+00
4.078339e+00 5.941576e+01 2.807382e+02 9.992651e-01
1.515837e+00 6.294584e+01 -2.460595e+02 9.950333e-01
1.665577e+00 1.860034e+01 4.024884e+02 9.787423e-01
2.839950e+00 6.577320e+00 -3.262140e+01 9.366232e-01
2.076195e+00 -1.973837e+00 -1.140297e+00 8.571537e-01
3.602784e+00 1.617244e+02 2.473968e+01 1.000000e+00
4.077497e+00 1.751814e+02 -3.031521e+02 1.000000e+00
2.261112e+00 1.147022e+02 1.325886e+02 1.000000e+00
1.411594e+00 1.193860e+02 -2.454449e+02 1.000000e+00
9.796714e-02 6.216171e+01 2.081620e+02 9.992651e-01
-1.410006e+00 6.223381e+01 -1.861765e+02 9.950333e-01
-2.831618e+00 2.009296e+01 3.070216e+02 9.787423e-01
1.346956e+00 6.358873e+00 -2.503306e+01 9.366232e-01
1.953598e-02 -1.821574e+00 -7.071100e-01 8.571537e-01
0.000000e+00 1.604397e+02 -5.624281e+01 1.000000e+00
0.000000e+00 1.611409e+02 -2.168972e+02 1.000000e+00
0.000000e+00 1.125349e+02 4.339970e+01 1.000000e+00
0.000000e+00 1.102439e+02 -1.543451e+02 1.000000e+00
0.000000e+00 6.769342e+01 1.117147e+02 9.992651e-01
0.000000e+00 6.295736e+01 -1.033018e+02 9.950333e-01
0.000000e+00 2.587977e+01 1.778568e+02 9.787423e-01
0.000000e+00 5.740718e+00 -1.695095e+01 9.366232e-01
0.000000e+00 -1.351871e+00 -2.426018e+00 8.571537e-01
2.209634e+01 1.063434e+02 -3.873055e+02 1.000000e+00
1.887170e+01 7.414661e+01 1.385988e+02 1.000000e+00
1.571741e+01 8.172559e+01 -3.247428e+02 1.000000e+00
1.224573e+01 4.823941e+01 2.147006e+02 1.000000e+00
9.133862e+00 5.246195e+01 -3.147957e+02 9.992651e-01
5.998159e+00 2.348369e+01 2.095127e+02 9.950333e-01
3.149358e+00 1.706113e+01 -3.929289e+02 9.787423e-01
8.447679e-01 -2.845898e-01 3.119258e+01 9.366232e-01
5.311672e-01 2.019812e+00 1.734609e+00 8.571537e-01
2.080532e+01 1.057778e+02 -3.864057e+02 1.000000e+00
1.719212e+01 7.473476e+01 1.374563e+02 1.000000e+00
1.426919e+01 8.119982e+01 -3.225797e+02 1.000000e+00
1.081448e+01 4.847399e+01 2.116020e+02 1.000000e+00
8.496517e+00 5.161642e+01 -3.115314e+02 9.992651e-01
5.599680e+00 2.156351e+01 2.055549e+02 9.950333e-01
1.876709e+00 1.673483e+01 -3.905420e+02 9.787423e-01
-1.172488e-01 -5.531280e-01 3.166723e+01 9.366232e-01
-2.012681e-01 2.446093e+00 1.893771e+00 8.571537e-01
1.970097e+01 1.049554e+02 -3.847932e+02 1.000000e+00
1.672278e+01 7.429193e+01 1.355548e+02 1.000000e+00
1.330237e+01 8.078551e+01 -3.206827e+02 1.000000e+00
1.058270e+01 4.833048e+01 2.089102e+02 1.000000e+00
7.140268e+00 5.112369e+01 -3.095233e+02 9.992651e-01
3.861118e+00 2.121533e+01 2.022718e+02 9.950333e-01
1.918532e+00 1.698443e+01 -3.875966e+02 9.787423e-01
-5.762131e-01 -7.641212e-03 3.078893e+01 9.366232e-01
-2.155529e-01 2.894583e+00 1.671638e+00 8.571537e-01
1.753862e+01 1.018312e+02 -3.844848e+02 1.000000e+00
1.503982e+01 7.029487e+01 1.364178e+02 1.000000e+00
1.252211e+01 7.804144e+01 -3.220649e+02 1.000000e+00
9.095871e+00 4.579175e+01 2.096583e+02 1.000000e+00
6.111123e+00 5.060148e+01 -3.123358e+02 9.992651e-01
3.758176e+00 2.246568e+01 2.033864e+02 9.950333e-01
1.552792e+00 1.774039e+01 -3.891156e+02 9.787423e-01
-3.759541e-01 5.239955e-01 2.992511e+01 9.366232e-01
-3.089749e-01 2.801931e+00 1.349064e+00 8.571537e-01
1.343549e+01 1.013962e+02 -3.795434e+02 1.000000e+00
1.145025e+01 6.960692e+01 1.323832e+02 1.000000e+00
8.992726e+00 7.742780e+01 -3.180264e+02 1.000000e+00
6.621782e+00 4.546465e+01 2.050189e+02 1.000000e+00
4.880908e+00 4.994472e+01 -3.080105e+02 9.992651e-01
3.156912e+00 2.090063e+01 1.989265e+02 9.950333e-01
1.249753e+00 1.757908e+01 -3.854317e+02 9.787423e-01
-6.226758e-01 9.913508e-01 2.931369e+01 9.366232e-01
-5.802506e-01 3.379335e+00 9.771712e-01 8.571537e-01
1.095272e+01 1.036873e+02 -3.757782e+02 1.000000e+00
9.045975e+00 7.247616e+01 1.291904e+02 1.000000e+00
8.344661e+00 7.972469e+01 -3.140727e+02 1.000000e+00
6.436934e+00 4.635855e+01 2.011529e+02 1.000000e+00
4.829445e+00 4.867561e+01 -3.042843e+02 9.992651e-01
1.639185e+00 1.862437e+01 1.933086e+02 9.950333e-01
1.242651e+00 1.538356e+01 -3.798329e+02 9.787423e-01
8.428224e-01 6.774149e-01 2.835620e+01 9.366232e-01
5.885321e-01 3.321482e+00 7.904301e-01 8.571537e-01
7.760658e+00 9.905099e+01 -3.976530e+02 1.000000e+00
7.777132e+00 6.630525e+01 1.541359e+02 1.000000e+00
6.240221e+00 7.511037e+01 -3.382949e+02 1.000000e+00
5.337713e+00 4.195149e+01 2.266484e+02 1.000000e+00
3.819257e+00 4.806624e+01 -3.304403e+02 9.992651e-01
3.844221e+00 1.916110e+01 2.180680e+02 9.950333e-01
2.085069e+00 1.664135e+01 -4.138166e+02 9.787423e-01
1.473022e+00 -8.673236e-01 3.221832e+01 9.366232e-01
9.665989e-01 2.319677e+00 9.090503e-01 8.571537e-01
1.884917e+00 9.688789e+01 -3.339030e+02 1.000000e+00
7.584676e-01 6.890567e+01 9.023190e+01 1.000000e+00
1.792256e+00 7.408485e+01 -2.696800e+02 1.000000e+00
2.494631e+00 4.542902e+01 1.610868e+02 1.000000e+00
4.826526e+00 4.665814e+01 -2.537727e+02 9.992651e-01
6.668628e+00 1.919984e+01 1.627907e+02 9.950333e-01
7.227544e+00 1.566206e+01 -3.149896e+02 9.787423e-01
-1.104261e+00 -1.377221e+00 2.686308e+01 9.366232e-01
2.139708e-01 1.736483e+00 2.387491e+00 8.571537e-01
0.000000e+00 1.000008e+02 -2.511554e+02 1.000000e+00
0.000000e+00 7.859754e+01 4.748610e+00 1.000000e+00
0.000000e+00 7.799980e+01 -1.792375e+02 1.000000e+00
0.000000e+00 5.256044e+01 7.246889e+01 1.000000e+00
0.000000e+00 4.458289e+01 -1.541474e+02 9.992651e-01
0.000000e+00 1.791798e+01 8.332625e+01 9.950333e-01
0.000000e+00 1.161171e+01 -1.838285e+02 9.787423e-01
0.000000e+00 -1.150440e+00 1.743996e+01 9.366232e-01
0.000000e+00 1.447263e+00 3.747731e+00 8.571537e-01
2.152363e+01 0.000000e+00 8.577213e+01 1.000000e+00
1.887255e+01 0.000000e+00 -3.432311e+02 1.000000e+00
1.559301e+01 0.000000e+00 1.943231e+02 1.000000e+00
1.243246e+01 0.000000e+00 -2.906057e+02 1.000000e+00
9.120695e+00 0.000000e+00 2.765075e+02 9.992651e-01
6.121025e+00 0.000000e+00 -2.233193e+02 9.950333e-01
3.308122e+00 0.000000e+00 3.879626e+02 9.787423e-01
3.804329e-01 0.000000e+00 -2.901988e+01 9.366232e-01
3.073052e-01 0.000000e+00 2.477441e-01 8.571537e-01
2.055477e+01 0.000000e+00 8.634825e+01 1.000000e+00
1.795391e+01 0.000000e+00 -3.415208e+02 1.000000e+00
1.422448e+01 0.000000e+00 1.919044e+02 1.000000e+00
1.153511e+01 0.000000e+00 -2.878034e+02 1.000000e+00
7.591830e+00 0.000000e+00 2.715149e+02 9.992651e-01
3.604346e+00 0.000000e+00 -2.232220e+02 9.950333e-01
1.194535e+00 0.000000e+00 3.844794e+02 9.787423e-01
-5.694293e-01 0.000000e+00 -3.019917e+01 9.366232e-01
-1.974164e-01 0.000000e+00 -1.832245e-01 8.571537e-01
1.811762e+01 0.000000e+00 8.525337e+01 1.000000e+00
1.547308e+01 0.000000e+00 -3.395606e+02 1.000000e+00
1.343026e+01 0.000000e+00 1.897031e+02 1.000000e+00
1.021920e+01 0.000000e+00 -2.860191e+02 1.000000e+00
7.212821e+00 0.000000e+00 2.675767e+02 9.992651e-01
5.694881e+00 0.000000e+00 -2.218327e+02 9.950333e-01
3.137061e+00 0.000000e+00 3.805337e+02 9.787423e-01
4.186547e-01 0.000000e+00 -3.013556e+01 9.366232e-01
-1.337165e-01 0.000000e+00 -5.395252e-01 8.571537e-01
1.488325e+01 0.000000e+00 8.461274e+01 1.000000e+00
1.192173e+01 0.000000e+00 -3.407546e+02 1.000000e+00
9.000122e+00 0.000000e+00 1.906977e+02 1.000000e+00
6.917850e+00 0.000000e+00 -2.876610e+02 1.000000e+00
5.139355e+00 0.000000e+00 2.709542e+02 9.992651e-01
3.877128e+00 0.000000e+00 -2.204966e+02 9.950333e-01
1.611254e+00 0.000000e+00 3.808210e+02 9.787423e-01
-3.079737e-01 0.000000e+00 -2.903254e+01 9.366232e-01
-3.108685e-01 0.000000e+00 -1.420734e-01 8.571537e-01
1.590177e+01 0.000000e+00 8.019078e+01 1.000000e+00
1.339524e+01 0.000000e+00 -3.369385e+02 1.000000e+00
1.076265e+01 0.000000e+00 1.859369e+02 1.000000e+00
8.456121e+00 0.000000e+00 -2.836856e+02 1.000000e+00
5.403928e+00 0.000000e+00 2.658625e+02 9.992651e-01
1.625096e+00 0.000000e+00 -2.187050e+02 9.950333e-01
1.749139e-01 0.000000e+00 3.768230e+02 9.787423e-01
-7.265249e-01 0.000000e+00 -2.965601e+01 9.366232e-01
-4.000252e-01 0.000000e+00 -7.249017e-01 8.571537e-01
1.123921e+01 0.000000e+00 7.867137e+01 1.000000e+00
1.017523e+01 0.000000e+00 -3.331436e+02 1.000000e+00
8.040043e+00 0.000000e+00 1.819135e+02 1.000000e+00
5.898539e+00 0.000000e+00 -2.812796e+02 1.000000e+00
2.853926e+00 0.000000e+00 2.591031e+02 9.992651e-01
2.251555e+00 0.000000e+00 -2.162195e+02 9.950333e-01
5.396692e-01 0.000000e+00 3.713700e+02 9.787423e-01
-4.256748e-01 0.000000e+00 -3.022370e+01 9.366232e-01
-2.349469e-01 0.000000e+00 -1.880466e+00 8.571537e-01
2.444203e+00 0.000000e+00 1.026560e+02 1.000000e+00
1.199646e-01 0.000000e+00 -3.567495e+02 1.000000e+00
8.560469e-02 0.000000e+00 2.072986e+02 1.000000e+00
2.246126e-02 0.000000e+00 -3.051698e+02 1.000000e+00
2.455426e+00 0.000000e+00 2.886539e+02 9.992651e-01
3.376266e+00 0.000000e+00 -2.368594e+02 9.950333e-01
3.687462e+00 0.000000e+00 4.044935e+02 9.787423e-01
1.029765e+00 0.000000e+00 -3.205420e+01 9.366232e-01
8.379087e-01 0.000000e+00 -7.436967e-01 8.571537e-01
8.040174e+00 0.000000e+00 4.051291e+01 1.000000e+00
8.776690e+00 0.000000e+00 -2.899244e+02 1.000000e+00
7.893583e+00 0.000000e+00 1.410574e+02 1.000000e+00
6.329758e+00 0.000000e+00 -2.369500e+02 1.000000e+00
7.778271e-01 0.000000e+00 2.138951e+02 9.992651e-01
-5.032798e+00 0.000000e+00 -1.797783e+02 9.950333e-01
-6.275421e+00 0.000000e+00 3.087219e+02 9.787423e-01
9.285751e-01 0.000000e+00 -2.573863e+01 9.366232e-01
-2.032737e-01 0.000000e+00 -1.564432e+00 8.571537e-01
0.000000e+00 0.000000e+00 -4.128990e+01 1.000000e+00
0.000000e+00 0.000000e+00 -2.022529e+02 1.000000e+00
0.000000e+00 0.000000e+00 5.214093e+01 1.000000e+00
0.000000e+00 0.000000e+00 -1.483457e+02 1.000000e+00
0.000000e+00 0.000000e+00 1.115751e+02 9.992651e-01
0.000000e+00 0.000000e+00 -1.024792e+02 9.950333e-01
0.000000e+00 0.000000e+00 1.804891e+02 9.787423e-01
0.000000e+00 0.000000e+00 -1.773526e+01 9.366232e-01
0.000000e+00 0.000000e+00 -3.899633e+00 8.571537e-01
