0 729 0.00000e+00
  1     729
0.000000e+00 6.863746e+03 -1.272063e+03 8.571537e-01
0.000000e+00 7.821606e+03 -7.629644e+02 7.399081e-01
0.000000e+00 7.893452e+03 -4.858765e+02 5.967547e-01
0.000000e+00 8.854946e+03 -1.842321e+02 4.469133e-01
0.000000e+00 8.900296e+03 -1.539268e+02 3.077485e-01
0.000000e+00 9.690915e+03 4.750175e+01 1.891254e-01
0.000000e+00 9.623386e+03 -4.587318e+01 9.748217e-02
0.000000e+00 1.008707e+04 1.524030e+02 3.527858e-02
0.000000e+00 1.009424e+04 0.000000e+00 0.000000e+00
1.539812e+01 6.909926e+03 -1.267526e+03 8.571537e-01
1.273449e+01 7.857101e+03 -7.586738e+02 7.399081e-01
9.895446e+00 7.936463e+03 -4.824065e+02 5.967547e-01
7.147641e+00 8.883079e+03 -1.828687e+02 4.469133e-01
4.655548e+00 8.932913e+03 -1.520559e+02 3.077485e-01
2.899941e+00 9.703944e+03 4.913351e+01 1.891254e-01
1.533326e+00 9.639296e+03 -4.415492e+01 9.748217e-02
6.520276e-01 1.008508e+04 1.577759e+02 3.527858e-02
0.000000e+00 1.009424e+04 0.000000e+00 0.000000e+00
2.627641e+01 6.951111e+03 -1.255775e+03 8.571537e-01
2.213221e+01 7.862021e+03 -7.501181e+02 7.399081e-01
1.751398e+01 7.970201e+03 -4.763298e+02 5.967547e-01
1.274363e+01 8.881630e+03 -1.808210e+02 4.469133e-01
8.497530e+00 8.955378e+03 -1.490896e+02 3.077485e-01
4.978167e+00 9.697297e+03 4.965827e+01 1.891254e-01
2.433335e+00 9.650064e+03 -4.201606e+01 9.748217e-02
8.453998e-01 1.007704e+04 1.617206e+02 3.527858e-02
0.000000e+00 1.009424e+04 0.000000e+00 0.000000e+00
2.673200e+01 6.975895e+03 -1.242195e+03 8.571537e-01
2.313833e+01 7.880890e+03 -7.393030e+02 7.399081e-01
1.853943e+01 7.986374e+03 -4.704448e+02 5.967547e-01
1.373246e+01 8.894258e+03 -1.766182e+02 4.469133e-01
9.317619e+00 8.961511e+03 -1.478851e+02 3.077485e-01
5.312529e+00 9.706595e+03 4.654007e+01 1.891254e-01
2.703058e+00 9.646175e+03 -4.369962e+01 9.748217e-02
5.700078e-01 1.008695e+04 1.466736e+02 3.527858e-02
0.000000e+00 1.009424e+04 0.000000e+00 0.000000e+00
2.806683e+01 6.991592e+03 -1.234212e+03 8.571537e-01
2.320720e+01 7.899915e+03 -7.328442e+02 7.399081e-01
1.859901e+01 7.997228e+03 -4.641640e+02 5.967547e-01
1.361361e+01 8.907730e+03 -1.744410e+02 4.469133e-01
9.182636e+00 8.966464e+03 -1.444227e+02 3.077485e-01
5.911268e+00 9.713447e+03 4.646974e+01 1.891254e-01
3.032898e+00 9.647295e+03 -4.271465e+01 9.748217e-02
1.429193e+00 1.009118e+04 1.446993e+02 3.527858e-02
0.000000e+00 1.009424e+04 0.000000e+00 0.000000e+00
3.162471e+01 7.012566e+03 -1.218742e+03 8.571537e-01
2.634538e+01 7.916304e+03 -7.244109e+02 7.399081e-01
2.109068e+01 8.013112e+03 -4.565918e+02 5.967547e-01
1.577682e+01 8.916902e+03 -1.730717e+02 4.469133e-01
1.085587e+01 8.976343e+03 -1.406584e+02 3.077485e-01
6.426925e+00 9.713091e+03 4.749490e+01 1.891254e-01
3.336422e+00 9.654532e+03 -3.920752e+01 9.748217e-02
1.086427e+00 1.008523e+04 1.537040e+02 3.527858e-02
0.000000e+00 1.009424e+04 0.000000e+00 0.000000e+00
2.557187e+01 7.030251e+03 -1.209164e+03 8.571537e-01
2.173769e+01 7.934409e+03 -7.161226e+02 7.399081e-01
1.716335e+01 8.024420e+03 -4.529446e+02 5.967547e-01
1.254862e+01 8.927949e+03 -1.682338e+02 4.469133e-01
8.397208e+00 8.982060e+03 -1.418554e+02 3.077485e-01
4.926240e+00 9.718446e+03 4.796672e+01 1.891254e-01
2.562143e+00 9.653061e+03 -4.004966e+01 9.748217e-02
8.566946e-01 1.008811e+04 1.494058e+02 3.527858e-02
0.000000e+00 1.009424e+04 0.000000e+00 0.000000e+00
2.843250e+01 7.050640e+03 -1.201718e+03 8.571537e-01
2.383983e+01 7.944945e+03 -7.094601e+02 7.399081e-01
1.926889e+01 8.039348e+03 -4.481251e+02 5.967547e-01
1.411683e+01 8.934198e+03 -1.660350e+02 4.469133e-01
9.657752e+00 8.990069e+03 -1.391968e+02 3.077485e-01
5.967178e+00 9.720341e+03 4.828030e+01 1.891254e-01
3.015313e+00 9.654184e+03 -3.948442e+01 9.748217e-02
1.127208e+00 1.008875e+04 1.479320e+02 3.527858e-02
0.000000e+00 1.009424e+04 0.000000e+00 0.000000e+00
2.807698e+01 7.065747e+03 -1.185819e+03 8.571537e-01
2.344217e+01 7.960756e+03 -6.996498e+02 7.399081e-01
1.872234e+01 8.050021e+03 -4.407108e+02 5.967547e-01
1.386248e+01 8.944928e+03 -1.647870e+02 4.469133e-01
9.456605e+00 8.994360e+03 -1.346385e+02 3.077485e-01
5.741719e+00 9.724407e+03 4.770868e+01 1.891254e-01
2.971002e+00 9.655223e+03 -3.772593e+01 9.748217e-02
1.036605e+00 1.008917e+04 1.485326e+02 3.527858e-02
0.000000e+00 1.009424e+04 0.000000e+00 0.000000e+00
0.000000e+00 6.824382e+03 -1.617293e+03 8.571537e-01
0.000000e+00 6.875039e+03 -1.132461e+03 7.399081e-01
0.000000e+00 7.952222e+03 -6.461354e+02 5.967547e-01
0.000000e+00 8.058177e+03 -4.229024e+02 4.469133e-01
0.000000e+00 9.111664e+03 -1.136414e+02 3.077485e-01
0.000000e+00 9.128726e+03 -1.544294e+02 1.891254e-01
0.000000e+00 9.919556e+03 2.938077e+01 9.748217e-02
0.000000e+00 9.839359e+03 -1.790223e+02 3.527858e-02
0.000000e+00 1.009424e+04 0.000000e+00 0.000000e+00
1.361439e+01 6.858097e+03 -1.613479e+03 8.571537e-01
1.228870e+01 6.920941e+03 -1.128155e+03 7.399081e-01
1.024099e+01 7.985087e+03 -6.408667e+02 5.967547e-01
8.015520e+00 8.098541e+03 -4.180985e+02 4.469133e-01
5.680674e+00 9.133333e+03 -1.120939e+02 3.077485e-01
3.385747e+00 9.153914e+03 -1.543021e+02 1.891254e-01
1.677844e+00 9.924672e+03 2.811166e+01 9.748217e-02
4.620968e-01 9.849543e+03 -1.853136e+02 3.527858e-02
0.000000e+00 1.009424e+04 0.000000e+00 0.000000e+00
2.904876e+01 6.861025e+03 -1.601101e+03 8.571537e-01
2.461105e+01 6.959840e+03 -1.116725e+03 7.399081e-01
1.986889e+01 7.986500e+03 -6.327369e+02 5.967547e-01
1.453766e+01 8.130703e+03 -4.115765e+02 4.469133e-01
9.641642e+00 9.129483e+03 -1.106301e+02 3.077485e-01
5.642062e+00 9.173141e+03 -1.539065e+02 1.891254e-01
2.770840e+00 9.918137e+03 2.649656e+01 9.748217e-02
9.971206e-01 9.859658e+03 -1.906226e+02 3.527858e-02
0.000000e+00 1.009424e+04 0.000000e+00 0.000000e+00
2.768736e+01 6.879950e+03 -1.583790e+03 8.571537e-01
2.409513e+01 6.978781e+03 -1.101546e+03 7.399081e-01
1.979102e+01 8.003682e+03 -6.230784e+02 5.967547e-01
1.500889e+01 8.144393e+03 -4.057758e+02 4.469133e-01
1.042149e+01 9.142134e+03 -1.074339e+02 3.077485e-01
6.641465e+00 9.176132e+03 -1.499480e+02 1.891254e-01
3.300719e+00 9.928548e+03 2.804846e+01 9.748217e-02
1.546974e+00 9.852873e+03 -1.759831e+02 3.527858e-02
0.000000e+00 1.009424e+04 0.000000e+00 0.000000e+00
2.898050e+01 6.902204e+03 -1.575716e+03 8.571537e-01
2.496049e+01 6.994669e+03 -1.090326e+03 7.399081e-01
2.023884e+01 8.023368e+03 -6.151550e+02 5.967547e-01
1.518021e+01 8.155404e+03 -3.983629e+02 4.469133e-01
1.029003e+01 9.155386e+03 -1.055243e+02 3.077485e-01
6.069310e+00 9.179733e+03 -1.456631e+02 1.891254e-01
3.218852e+00 9.933674e+03 2.870403e+01 9.748217e-02
9.026182e-01 9.850650e+03 -1.716365e+02 3.527858e-02
0.000000e+00 1.009424e+04 0.000000e+00 0.000000e+00
3.307843e+01 6.918510e+03 -1.559448e+03 8.571537e-01
2.770553e+01 7.013087e+03 -1.077372e+03 7.399081e-01
2.230414e+01 8.036446e+03 -6.071080e+02 5.967547e-01
1.669867e+01 8.169612e+03 -3.916608e+02 4.469133e-01
1.127037e+01 9.161148e+03 -1.062333e+02 3.077485e-01
6.813776e+00 9.188938e+03 -1.448102e+02 1.891254e-01
3.257091e+00 9.930625e+03 2.518524e+01 9.748217e-02
1.184781e+00 9.857258e+03 -1.791358e+02 3.527858e-02
0.000000e+00 1.009424e+04 0.000000e+00 0.000000e+00
2.725009e+01 6.939216e+03 -1.544869e+03 8.571537e-01
2.300190e+01 7.026809e+03 -1.067422e+03 7.399081e-01
1.855930e+01 8.053444e+03 -5.979673e+02 5.967547e-01
1.379505e+01 8.179969e+03 -3.881951e+02 4.469133e-01
9.485751e+00 9.170903e+03 -1.028544e+02 3.077485e-01
5.721748e+00 9.193510e+03 -1.459381e+02 1.891254e-01
2.810286e+00 9.936311e+03 2.445345e+01 9.748217e-02
1.077149e+00 9.855887e+03 -1.763359e+02 3.527858e-02
0.000000e+00 1.009424e+04 0.000000e+00 0.000000e+00
2.891623e+01 6.952724e+03 -1.535476e+03 8.571537e-01
2.509972e+01 7.046717e+03 -1.056962e+03 7.399081e-01
2.037548e+01 8.064150e+03 -5.910520e+02 5.967547e-01
1.520457e+01 8.194570e+03 -3.833177e+02 4.469133e-01
1.027474e+01 9.177254e+03 -1.010197e+02 3.077485e-01
6.210504e+00 9.200079e+03 -1.451844e+02 1.891254e-01
3.182046e+00 9.939227e+03 2.407267e+01 9.748217e-02
1.090302e+00 9.856601e+03 -1.754906e+02 3.527858e-02
0.000000e+00 1.009424e+04 0.000000e+00 0.000000e+00
2.867658e+01 6.966592e+03 -1.520198e+03 8.571537e-01
2.427720e+01 7.058958e+03 -1.043478e+03 7.399081e-01
1.965409e+01 8.077361e+03 -5.838144e+02 5.967547e-01
1.471220e+01 8.202843e+03 -3.770889e+02 4.469133e-01
1.006359e+01 9.186198e+03 -1.008695e+02 3.077485e-01
6.132132e+00 9.202702e+03 -1.428013e+02 1.891254e-01
3.083952e+00 9.942157e+03 2.245083e+01 9.748217e-02
1.135802e+00 9.857018e+03 -1.758068e+02 3.527858e-02
0.000000e+00 1.009424e+04 0.000000e+00 0.000000e+00
0.000000e+00 5.789019e+03 -2.174226e+03 8.571537e-01
0.000000e+00 6.898972e+03 -1.545179e+03 7.399081e-01
0.000000e+00 6.916461e+03 -1.082660e+03 5.967547e-01
0.000000e+00 8.131219e+03 -5.526176e+02 4.469133e-01
0.000000e+00 8.246279e+03 -3.587726e+02 3.077485e-01
0.000000e+00 9.391603e+03 -1.518332e+01 1.891254e-01
0.000000e+00 9.358191e+03 -8.671329e+01 9.748217e-02
0.000000e+00 1.006530e+04 2.048840e+02 3.527858e-02
0.000000e+00 1.009424e+04 0.000000e+00 0.000000e+00
1.274548e+01 5.834888e+03 -2.174174e+03 8.571537e-01
1.269457e+01 6.932277e+03 -1.537742e+03 7.399081e-01
1.162860e+01 6.962540e+03 -1.074892e+03 5.967547e-01
9.680714e+00 8.160654e+03 -5.466166e+02 4.469133e-01
7.087076e+00 8.281561e+03 -3.537221e+02 3.077485e-01
4.619529e+00 9.405772e+03 -1.180809e+01 1.891254e-01
2.413679e+00 9.375805e+03 -8.358876e+01 9.748217e-02
1.016687e+00 1.006415e+04 2.133019e+02 3.527858e-02
0.000000e+00 1.009424e+04 0.000000e+00 0.000000e+00
2.884433e+01 5.871694e+03 -2.163572e+03 8.571537e-01
2.552275e+01 6.932657e+03 -1.524612e+03 7.399081e-01
2.114016e+01 7.001970e+03 -1.062731e+03 5.967547e-01
1.618812e+01 8.160739e+03 -5.384753e+02 4.469133e-01
1.122549e+01 8.312266e+03 -3.474248e+02 3.077485e-01
6.790783e+00 9.401365e+03 -8.947185e+00 1.891254e-01
3.436368e+00 9.391515e+03 -8.062779e+01 9.748217e-02
1.177695e+00 1.005667e+04 2.200080e+02 3.527858e-02
0.000000e+00 1.009424e+04 0.000000e+00 0.000000e+00
2.869931e+01 5.887204e+03 -2.144451e+03 8.571537e-01
2.527262e+01 6.948767e+03 -1.507903e+03 7.399081e-01
2.133729e+01 7.018183e+03 -1.049853e+03 5.967547e-01
1.656734e+01 8.177833e+03 -5.300828e+02 4.469133e-01
1.171289e+01 8.323643e+03 -3.426945e+02 3.077485e-01
7.139199e+00 9.413863e+03 -1.007287e+01 1.891254e-01
3.836385e+00 9.389401e+03 -8.107405e+01 9.748217e-02
1.035229e+00 1.006549e+04 2.048866e+02 3.527858e-02
0.000000e+00 1.009424e+04 0.000000e+00 0.000000e+00
3.033727e+01 5.905668e+03 -2.132023e+03 8.571537e-01
2.666295e+01 6.969735e+03 -1.493586e+03 7.399081e-01
2.234967e+01 7.033752e+03 -1.036044e+03 5.967547e-01
1.737103e+01 8.198385e+03 -5.224282e+02 4.469133e-01
1.207462e+01 8.333927e+03 -3.365106e+02 3.077485e-01
7.405923e+00 9.425794e+03 -1.072114e+01 1.891254e-01
3.599111e+00 9.390915e+03 -7.986278e+01 9.748217e-02
1.497630e+00 1.007017e+04 2.006741e+02 3.527858e-02
0.000000e+00 1.009424e+04 0.000000e+00 0.000000e+00
3.183140e+01 5.920293e+03 -2.114606e+03 8.571537e-01
2.756513e+01 6.982667e+03 -1.479298e+03 7.399081e-01
2.274476e+01 7.052046e+03 -1.022877e+03 5.967547e-01
1.715738e+01 8.210474e+03 -5.166303e+02 4.469133e-01
1.187931e+01 8.348821e+03 -3.301425e+02 3.077485e-01
7.215405e+00 9.429857e+03 -1.060849e+01 1.891254e-01
3.856116e+00 9.400645e+03 -7.609468e+01 9.748217e-02
1.288898e+00 1.006689e+04 2.064019e+02 3.527858e-02
0.000000e+00 1.009424e+04 0.000000e+00 0.000000e+00
2.929634e+01 5.930800e+03 -2.098957e+03 8.571537e-01
2.519724e+01 7.001279e+03 -1.465609e+03 7.399081e-01
2.076911e+01 7.064781e+03 -1.012497e+03 5.967547e-01
1.620846e+01 8.227155e+03 -5.086531e+02 4.469133e-01
1.137524e+01 8.359303e+03 -3.266951e+02 3.077485e-01
7.031391e+00 9.438668e+03 -8.374912e+00 1.891254e-01
3.645597e+00 9.403051e+03 -7.539741e+01 9.748217e-02
1.246748e+00 1.007130e+04 2.035436e+02 3.527858e-02
0.000000e+00 1.009424e+04 0.000000e+00 0.000000e+00
2.844561e+01 5.950774e+03 -2.085166e+03 8.571537e-01
2.530143e+01 7.012583e+03 -1.452167e+03 7.399081e-01
2.112832e+01 7.083916e+03 -1.002048e+03 5.967547e-01
1.597236e+01 8.238728e+03 -5.013337e+02 4.469133e-01
1.111696e+01 8.373483e+03 -3.228078e+02 3.077485e-01
6.786270e+00 9.445515e+03 -6.772922e+00 1.891254e-01
3.466292e+00 9.407294e+03 -7.508714e+01 9.748217e-02
1.261138e+00 1.007322e+04 2.037421e+02 3.527858e-02
0.000000e+00 1.009424e+04 0.000000e+00 0.000000e+00
2.822228e+01 5.959487e+03 -2.071214e+03 8.571537e-01
2.455961e+01 7.024989e+03 -1.438253e+03 7.399081e-01
2.036673e+01 7.095342e+03 -9.910972e+02 5.967547e-01
1.567276e+01 8.251992e+03 -4.953743e+02 4.469133e-01
1.092889e+01 8.380896e+03 -3.175638e+02 3.077485e-01
6.717546e+00 9.453961e+03 -6.558270e+00 1.891254e-01
3.478641e+00 9.409116e+03 -7.314513e+01 9.748217e-02
1.195293e+00 1.007512e+04 2.036603e+02 3.527858e-02
0.000000e+00 1.009424e+04 0.000000e+00 0.000000e+00
0.000000e+00 5.957482e+03 -2.683444e+03 8.571537e-01
0.000000e+00 5.804430e+03 -2.183024e+03 7.399081e-01
0.000000e+00 6.935722e+03 -1.518079e+03 5.967547e-01
0.000000e+00 6.936509e+03 -1.025586e+03 4.469133e-01
0.000000e+00 8.324994e+03 -4.340872e+02 3.077485e-01
0.000000e+00 8.460045e+03 -3.016991e+02 1.891254e-01
0.000000e+00 9.710686e+03 1.033139e+01 9.748217e-02
0.000000e+00 9.663733e+03 -2.662565e+02 3.527858e-02
0.000000e+00 1.009424e+04 0.000000e+00 0.000000e+00
1.335921e+01 5.989100e+03 -2.679239e+03 8.571537e-01
1.368204e+01 5.848776e+03 -2.175889e+03 7.399081e-01
1.323383e+01 6.965738e+03 -1.508420e+03 5.967547e-01
1.170235e+01 6.979938e+03 -1.017484e+03 4.469133e-01
8.968130e+00 8.349307e+03 -4.291917e+02 3.077485e-01
5.826918e+00 8.488870e+03 -2.987259e+02 1.891254e-01
3.096376e+00 9.717488e+03 1.026268e+01 9.748217e-02
1.084955e+00 9.673915e+03 -2.717312e+02 3.527858e-02
0.000000e+00 1.009424e+04 0.000000e+00 0.000000e+00
2.686304e+01 5.985146e+03 -2.672158e+03 8.571537e-01
2.492037e+01 5.886679e+03 -2.162472e+03 7.399081e-01
2.195919e+01 6.964606e+03 -1.494752e+03 5.967547e-01
1.776991e+01 7.020767e+03 -1.005412e+03 4.469133e-01
1.299208e+01 8.349100e+03 -4.229101e+02 3.077485e-01
8.099545e+00 8.516120e+03 -2.958982e+02 1.891254e-01
4.174819e+00 9.712246e+03 9.960863e+00 9.748217e-02
1.482445e+00 9.685657e+03 -2.788817e+02 3.527858e-02
0.000000e+00 1.009424e+04 0.000000e+00 0.000000e+00
2.906006e+01 5.993244e+03 -2.658175e+03 8.571537e-01
2.614081e+01 5.898889e+03 -2.145837e+03 7.399081e-01
2.254684e+01 6.981049e+03 -1.480683e+03 5.967547e-01
1.800389e+01 7.037004e+03 -9.933177e+02 4.469133e-01
1.300162e+01 8.366825e+03 -4.163485e+02 3.077485e-01
8.401438e+00 8.523957e+03 -2.909478e+02 1.891254e-01
4.152126e+00 9.724982e+03 1.000545e+01 9.748217e-02
1.841508e+00 9.681644e+03 -2.659714e+02 3.527858e-02
0.000000e+00 1.009424e+04 0.000000e+00 0.000000e+00
3.112472e+01 6.009937e+03 -2.642718e+03 8.571537e-01
2.800243e+01 5.912196e+03 -2.129244e+03 7.399081e-01
2.435727e+01 7.001115e+03 -1.465829e+03 5.967547e-01
1.980677e+01 7.051814e+03 -9.803612e+02 4.469133e-01
1.438387e+01 8.386910e+03 -4.114533e+02 3.077485e-01
8.893914e+00 8.532584e+03 -2.855184e+02 1.891254e-01
4.651409e+00 9.735658e+03 8.303022e+00 9.748217e-02
1.424246e+00 9.680959e+03 -2.609606e+02 3.527858e-02
0.000000e+00 1.009424e+04 0.000000e+00 0.000000e+00
2.961636e+01 6.018303e+03 -2.629659e+03 8.571537e-01
2.660047e+01 5.926604e+03 -2.113306e+03 7.399081e-01
2.273525e+01 7.013118e+03 -1.452343e+03 5.967547e-01
1.782644e+01 7.072238e+03 -9.685227e+02 4.469133e-01
1.250055e+01 8.398654e+03 -4.084317e+02 3.077485e-01
7.867682e+00 8.547340e+03 -2.809371e+02 1.891254e-01
3.996005e+00 9.736943e+03 6.127042e+00 9.748217e-02
1.616111e+00 9.687331e+03 -2.655515e+02 3.527858e-02
0.000000e+00 1.009424e+04 0.000000e+00 0.000000e+00
3.053594e+01 6.031061e+03 -2.615604e+03 8.571537e-01
2.691172e+01 5.934550e+03 -2.099382e+03 7.399081e-01
2.311632e+01 7.031582e+03 -1.439196e+03 5.967547e-01
1.860645e+01 7.086375e+03 -9.584869e+02 4.469133e-01
1.364398e+01 8.414724e+03 -4.021713e+02 3.077485e-01
8.572309e+00 8.556558e+03 -2.774569e+02 1.891254e-01
4.333251e+00 9.743854e+03 6.938828e+00 9.748217e-02
1.616194e+00 9.686413e+03 -2.612584e+02 3.527858e-02
0.000000e+00 1.009424e+04 0.000000e+00 0.000000e+00
2.716230e+01 6.036859e+03 -2.601301e+03 8.571537e-01
2.483443e+01 5.950598e+03 -2.084753e+03 7.399081e-01
2.148717e+01 7.042704e+03 -1.426007e+03 5.967547e-01
1.701154e+01 7.105876e+03 -9.490565e+02 4.469133e-01
1.205165e+01 8.426626e+03 -3.964561e+02 3.077485e-01
7.614893e+00 8.567962e+03 -2.754424e+02 1.891254e-01
3.924721e+00 9.749566e+03 6.983799e+00 9.748217e-02
1.450936e+00 9.688164e+03 -2.607247e+02 3.527858e-02
0.000000e+00 1.009424e+04 0.000000e+00 0.000000e+00
2.726359e+01 6.044393e+03 -2.591626e+03 8.571537e-01
2.447497e+01 5.958806e+03 -2.071443e+03 7.399081e-01
2.105629e+01 7.055643e+03 -1.413905e+03 5.967547e-01
1.676205e+01 7.118226e+03 -9.398910e+02 4.469133e-01
1.204905e+01 8.440986e+03 -3.919667e+02 3.077485e-01
7.545928e+00 8.574128e+03 -2.718501e+02 1.891254e-01
3.841808e+00 9.756823e+03 6.455927e+00 9.748217e-02
1.445850e+00 9.689025e+03 -2.598224e+02 3.527858e-02
0.000000e+00 1.009424e+04 0.000000e+00 0.000000e+00
0.000000e+00 4.987627e+03 -3.288673e+03 8.571537e-01
0.000000e+00 6.034553e+03 -2.762858e+03 7.399081e-01
0.000000e+00 5.691620e+03 -2.245077e+03 5.967547e-01
0.000000e+00 6.865560e+03 -1.465837e+03 4.469133e-01
0.000000e+00 6.921417e+03 -9.023372e+02 3.077485e-01
0.000000e+00 8.600147e+03 -2.543894e+02 1.891254e-01
0.000000e+00 8.715539e+03 -1.719480e+02 9.748217e-02
0.000000e+00 9.976675e+03 3.146928e+02 3.527858e-02
0.000000e+00 1.009424e+04 0.000000e+00 0.000000e+00
1.353310e+01 5.027317e+03 -3.286690e+03 8.571537e-01
1.432372e+01 6.059743e+03 -2.756762e+03 7.399081e-01
1.429662e+01 5.732496e+03 -2.236828e+03 5.967547e-01
1.350475e+01 6.891818e+03 -1.455632e+03 4.469133e-01
1.122234e+01 6.961584e+03 -8.937397e+02 3.077485e-01
7.816442e+00 8.618375e+03 -2.500181e+02 1.891254e-01
4.414812e+00 8.736113e+03 -1.675907e+02 9.748217e-02
1.701672e+00 9.977827e+03 3.215840e+02 3.527858e-02
0.000000e+00 1.009424e+04 0.000000e+00 0.000000e+00
2.492414e+01 5.061104e+03 -3.281746e+03 8.571537e-01
2.418393e+01 6.052252e+03 -2.747264e+03 7.399081e-01
2.231061e+01 5.770614e+03 -2.223042e+03 5.967547e-01
1.920088e+01 6.889687e+03 -1.442026e+03 4.469133e-01
1.441547e+01 7.001757e+03 -8.831757e+02 3.077485e-01
9.315944e+00 8.617409e+03 -2.449144e+02 1.891254e-01
4.816857e+00 8.757075e+03 -1.642639e+02 9.748217e-02
1.621981e+00 9.971432e+03 3.297082e+02 3.527858e-02
0.000000e+00 1.009424e+04 0.000000e+00 0.000000e+00
2.830611e+01 5.067222e+03 -3.273237e+03 8.571537e-01
2.597954e+01 6.060809e+03 -2.734717e+03 7.399081e-01
2.305871e+01 5.781478e+03 -2.208794e+03 5.967547e-01
1.912478e+01 6.907567e+03 -1.428836e+03 4.469133e-01
1.457503e+01 7.017242e+03 -8.728268e+02 3.077485e-01
9.455493e+00 8.634688e+03 -2.420430e+02 1.891254e-01
5.276717e+00 8.758968e+03 -1.621125e+02 9.748217e-02
1.587920e+00 9.980186e+03 3.188480e+02 3.527858e-02
0.000000e+00 1.009424e+04 0.000000e+00 0.000000e+00
3.117812e+01 5.074101e+03 -3.259827e+03 8.571537e-01
2.858104e+01 6.072636e+03 -2.720428e+03 7.399081e-01
2.555141e+01 5.791178e+03 -2.193923e+03 5.967547e-01
2.152675e+01 6.927235e+03 -1.415760e+03 4.469133e-01
1.622780e+01 7.031365e+03 -8.611017e+02 3.077485e-01
1.055579e+01 8.652700e+03 -2.396162e+02 1.891254e-01
5.543118e+00 8.763224e+03 -1.568140e+02 9.748217e-02
2.185424e+00 9.987758e+03 3.147675e+02 3.527858e-02
0.000000e+00 1.009424e+04 0.000000e+00 0.000000e+00
2.771094e+01 5.082635e+03 -3.248610e+03 8.571537e-01
2.557889e+01 6.079086e+03 -2.708691e+03 7.399081e-01
2.267999e+01 5.806505e+03 -2.178616e+03 5.967547e-01
1.873784e+01 6.939146e+03 -1.404495e+03 4.469133e-01
1.394893e+01 7.053388e+03 -8.501414e+02 3.077485e-01
8.812653e+00 8.662648e+03 -2.385278e+02 1.891254e-01
4.672314e+00 8.774811e+03 -1.516684e+02 9.748217e-02
1.487648e+00 9.987446e+03 3.181372e+02 3.527858e-02
0.000000e+00 1.009424e+04 0.000000e+00 0.000000e+00
3.017838e+01 5.083128e+03 -3.239421e+03 8.571537e-01
2.749569e+01 6.091066e+03 -2.697550e+03 7.399081e-01
2.447909e+01 5.814097e+03 -2.165243e+03 5.967547e-01
2.051598e+01 6.957859e+03 -1.392649e+03 4.469133e-01
1.541529e+01 7.069180e+03 -8.407087e+02 3.077485e-01
1.010906e+01 8.677285e+03 -2.353262e+02 1.891254e-01
5.417568e+00 8.780975e+03 -1.495218e+02 9.748217e-02
1.823252e+00 9.992836e+03 3.143858e+02 3.527858e-02
0.000000e+00 1.009424e+04 0.000000e+00 0.000000e+00
2.575077e+01 5.092499e+03 -3.227883e+03 8.571537e-01
2.418209e+01 6.094698e+03 -2.684948e+03 7.399081e-01
2.150615e+01 5.828326e+03 -2.153124e+03 5.967547e-01
1.777574e+01 6.969225e+03 -1.380244e+03 4.469133e-01
1.336949e+01 7.088043e+03 -8.329388e+02 3.077485e-01
8.517048e+00 8.688436e+03 -2.315240e+02 1.891254e-01
4.587354e+00 8.788154e+03 -1.481436e+02 9.748217e-02
1.603752e+00 9.995923e+03 3.138552e+02 3.527858e-02
0.000000e+00 1.009424e+04 0.000000e+00 0.000000e+00
2.614808e+01 5.095958e+03 -3.222434e+03 8.571537e-01
2.417354e+01 6.103007e+03 -2.674824e+03 7.399081e-01
2.148551e+01 5.836560e+03 -2.141972e+03 5.967547e-01
1.790437e+01 6.984041e+03 -1.368768e+03 4.469133e-01
1.339837e+01 7.101092e+03 -8.249474e+02 3.077485e-01
8.636790e+00 8.702847e+03 -2.291139e+02 1.891254e-01
4.606820e+00 8.791383e+03 -1.456345e+02 9.748217e-02
1.538138e+00 9.999693e+03 3.128806e+02 3.527858e-02
0.000000e+00 1.009424e+04 0.000000e+00 0.000000e+00
0.000000e+00 5.507769e+03 -3.674527e+03 8.571537e-01
0.000000e+00 4.990770e+03 -3.377757e+03 7.399081e-01
0.000000e+00 5.941342e+03 -2.844526e+03 5.967547e-01
0.000000e+00 5.414869e+03 -2.319854e+03 4.469133e-01
0.000000e+00 6.702208e+03 -1.422727e+03 3.077485e-01
0.000000e+00 6.889361e+03 -7.334627e+02 1.891254e-01
0.000000e+00 9.091692e+03 -1.289024e+02 9.748217e-02
0.000000e+00 9.173883e+03 -4.675537e+02 3.527858e-02
0.000000e+00 1.009424e+04 0.000000e+00 0.000000e+00
1.324982e+01 5.528861e+03 -3.673296e+03 8.571537e-01
1.405698e+01 5.026104e+03 -3.376309e+03 7.399081e-01
1.459984e+01 5.961032e+03 -2.839169e+03 5.967547e-01
1.438874e+01 5.451429e+03 -2.311072e+03 4.469133e-01
1.297440e+01 6.723067e+03 -1.411442e+03 3.077485e-01
9.710327e+00 6.925062e+03 -7.250499e+02 1.891254e-01
5.428179e+00 9.103708e+03 -1.289408e+02 9.748217e-02
2.150079e+00 9.184044e+03 -4.718099e+02 3.527858e-02
0.000000e+00 1.009424e+04 0.000000e+00 0.000000e+00
2.383210e+01 5.516924e+03 -3.673135e+03 8.571537e-01
2.363029e+01 5.058900e+03 -3.370974e+03 7.399081e-01
2.236339e+01 5.948947e+03 -2.830991e+03 5.967547e-01
1.954214e+01 5.487288e+03 -2.298188e+03 4.469133e-01
1.563491e+01 6.719354e+03 -1.397614e+03 3.077485e-01
1.031408e+01 6.963830e+03 -7.168578e+02 1.891254e-01
5.327196e+00 9.103223e+03 -1.296331e+02 9.748217e-02
2.018229e+00 9.197764e+03 -4.801848e+02 3.527858e-02
0.000000e+00 1.009424e+04 0.000000e+00 0.000000e+00
2.733054e+01 5.521623e+03 -3.670143e+03 8.571537e-01
2.527677e+01 5.064139e+03 -3.363793e+03 7.399081e-01
2.278830e+01 5.957084e+03 -2.821395e+03 5.967547e-01
1.976640e+01 5.495566e+03 -2.285566e+03 4.469133e-01
1.573692e+01 6.737563e+03 -1.385529e+03 3.077485e-01
1.100383e+01 6.978467e+03 -7.082426e+02 1.891254e-01
5.847620e+00 9.120401e+03 -1.301630e+02 9.748217e-02
2.643004e+00 9.196612e+03 -4.718149e+02 3.527858e-02
0.000000e+00 1.009424e+04 0.000000e+00 0.000000e+00
3.023460e+01 5.526842e+03 -3.660751e+03 8.571537e-01
2.826800e+01 5.066616e+03 -3.354769e+03 7.399081e-01
2.570080e+01 5.966677e+03 -2.811272e+03 5.967547e-01
2.186564e+01 5.501989e+03 -2.272848e+03 4.469133e-01
1.725209e+01 6.756045e+03 -1.373599e+03 3.077485e-01
1.164123e+01 6.992135e+03 -6.971276e+02 1.891254e-01
6.293531e+00 9.136125e+03 -1.314125e+02 9.748217e-02
2.280091e+00 9.195028e+03 -4.663215e+02 3.527858e-02
0.000000e+00 1.009424e+04 0.000000e+00 0.000000e+00
2.674626e+01 5.527803e+03 -3.655399e+03 8.571537e-01
2.504498e+01 5.074974e+03 -3.345796e+03 7.399081e-01
2.264214e+01 5.970659e+03 -2.802105e+03 5.967547e-01
1.958932e+01 5.517035e+03 -2.259187e+03 4.469133e-01
1.543647e+01 6.766774e+03 -1.363750e+03 3.077485e-01
1.033379e+01 7.014614e+03 -6.884809e+02 1.891254e-01
5.264497e+00 9.144273e+03 -1.354817e+02 9.748217e-02
2.103011e+00 9.200805e+03 -4.692700e+02 3.527858e-02
0.000000e+00 1.009424e+04 0.000000e+00 0.000000e+00
2.895111e+01 5.534352e+03 -3.652045e+03 8.571537e-01
2.703196e+01 5.075184e+03 -3.339057e+03 7.399081e-01
2.462607e+01 5.981719e+03 -2.793192e+03 5.967547e-01
2.108035e+01 5.523973e+03 -2.246813e+03 4.469133e-01
1.665110e+01 6.783925e+03 -1.352634e+03 3.077485e-01
1.136301e+01 7.031155e+03 -6.792914e+02 1.891254e-01
6.273757e+00 9.157715e+03 -1.344444e+02 9.748217e-02
2.683221e+00 9.203445e+03 -4.635225e+02 3.527858e-02
0.000000e+00 1.009424e+04 0.000000e+00 0.000000e+00
2.478982e+01 5.531259e+03 -3.645169e+03 8.571537e-01
2.339984e+01 5.081984e+03 -3.331985e+03 7.399081e-01
2.120946e+01 5.984020e+03 -2.783973e+03 5.967547e-01
1.814315e+01 5.536206e+03 -2.236624e+03 4.469133e-01
1.428035e+01 6.794758e+03 -1.340353e+03 3.077485e-01
9.643106e+00 7.049425e+03 -6.722670e+02 1.891254e-01
4.860871e+00 9.168157e+03 -1.341549e+02 9.748217e-02
1.778559e+00 9.206782e+03 -4.631398e+02 3.527858e-02
0.000000e+00 1.009424e+04 0.000000e+00 0.000000e+00
2.530876e+01 5.536188e+03 -3.642628e+03 8.571537e-01
2.379969e+01 5.084512e+03 -3.327185e+03 7.399081e-01
2.161423e+01 5.991897e+03 -2.775646e+03 5.967547e-01
1.852475e+01 5.543776e+03 -2.226617e+03 4.469133e-01
1.461793e+01 6.810480e+03 -1.329306e+03 3.077485e-01
9.849028e+00 7.062545e+03 -6.665472e+02 1.891254e-01
5.236297e+00 9.181595e+03 -1.372494e+02 9.748217e-02
2.103771e+00 9.207454e+03 -4.652501e+02 3.527858e-02
0.000000e+00 1.009424e+04 0.000000e+00 0.000000e+00
0.000000e+00 4.619121e+03 -4.007516e+03 8.571537e-01
0.000000e+00 5.564310e+03 -3.721094e+03 7.399081e-01
0.000000e+00 4.826704e+03 -3.438032e+03 5.967547e-01
0.000000e+00 5.728422e+03 -2.971079e+03 4.469133e-01
0.000000e+00 5.043178e+03 -2.530188e+03 3.077485e-01
0.000000e+00 6.426435e+03 -1.563586e+03 1.891254e-01
0.000000e+00 6.659926e+03 -4.828751e+02 9.748217e-02
0.000000e+00 9.727199e+03 5.860924e+02 3.527858e-02
0.000000e+00 1.009424e+04 0.000000e+00 0.000000e+00
1.264896e+01 4.652354e+03 -4.010844e+03 8.571537e-01
1.363728e+01 5.581086e+03 -3.723115e+03 7.399081e-01
1.417640e+01 4.858316e+03 -3.437540e+03 5.967547e-01
1.431851e+01 5.741852e+03 -2.967073e+03 4.469133e-01
1.326969e+01 5.072735e+03 -2.522167e+03 3.077485e-01
1.104314e+01 6.438942e+03 -1.550932e+03 1.891254e-01
6.991861e+00 6.688733e+03 -4.715735e+02 9.748217e-02
2.372927e+00 9.735799e+03 5.911656e+02 3.527858e-02
0.000000e+00 1.009424e+04 0.000000e+00 0.000000e+00
2.333307e+01 4.683336e+03 -4.012067e+03 8.571537e-01
2.331392e+01 5.564730e+03 -3.723759e+03 7.399081e-01
2.196099e+01 4.888766e+03 -3.434398e+03 5.967547e-01
1.937615e+01 5.724905e+03 -2.961053e+03 4.469133e-01
1.580960e+01 5.103986e+03 -2.511146e+03 3.077485e-01
1.174067e+01 6.432862e+03 -1.535088e+03 1.891254e-01
6.587768e+00 6.724601e+03 -4.595522e+02 9.748217e-02
2.039047e+00 9.737143e+03 5.991755e+02 3.527858e-02
0.000000e+00 1.009424e+04 0.000000e+00 0.000000e+00
2.652427e+01 4.685793e+03 -4.011224e+03 8.571537e-01
2.481606e+01 5.568915e+03 -3.721266e+03 7.399081e-01
2.249959e+01 4.891431e+03 -3.430654e+03 5.967547e-01
1.955066e+01 5.731792e+03 -2.954877e+03 4.469133e-01
1.599053e+01 5.107189e+03 -2.501509e+03 3.077485e-01
1.157728e+01 6.449136e+03 -1.523526e+03 1.891254e-01
6.898738e+00 6.737869e+03 -4.490796e+02 9.748217e-02
2.024724e+00 9.750878e+03 5.925042e+02 3.527858e-02
0.000000e+00 1.009424e+04 0.000000e+00 0.000000e+00
2.908645e+01 4.684247e+03 -4.007280e+03 8.571537e-01
2.737953e+01 5.572813e+03 -3.716938e+03 7.399081e-01
2.491752e+01 4.891007e+03 -3.426542e+03 5.967547e-01
2.139728e+01 5.739218e+03 -2.949316e+03 4.469133e-01
1.723800e+01 5.109189e+03 -2.491435e+03 3.077485e-01
1.273744e+01 6.463841e+03 -1.512457e+03 1.891254e-01
7.249974e+00 6.749441e+03 -4.367791e+02 9.748217e-02
2.448840e+00 9.765491e+03 5.886130e+02 3.527858e-02
0.000000e+00 1.009424e+04 0.000000e+00 0.000000e+00
2.682217e+01 4.690073e+03 -4.003326e+03 8.571537e-01
2.501932e+01 5.572274e+03 -3.713729e+03 7.399081e-01
2.276331e+01 4.898264e+03 -3.420350e+03 5.967547e-01
1.990746e+01 5.739604e+03 -2.943921e+03 4.469133e-01
1.615498e+01 5.121633e+03 -2.480296e+03 3.077485e-01
1.163402e+01 6.472304e+03 -1.501793e+03 1.891254e-01
6.710543e+00 6.771338e+03 -4.262087e+02 9.748217e-02
1.990433e+00 9.773752e+03 5.878753e+02 3.527858e-02
0.000000e+00 1.009424e+04 0.000000e+00 0.000000e+00
2.752885e+01 4.687602e+03 -4.003220e+03 8.571537e-01
2.630621e+01 5.579531e+03 -3.711838e+03 7.399081e-01
2.398742e+01 4.897083e+03 -3.416424e+03 5.967547e-01
2.051099e+01 5.747333e+03 -2.938349e+03 4.469133e-01
1.666867e+01 5.125458e+03 -2.469794e+03 3.077485e-01
1.234964e+01 6.485735e+03 -1.490307e+03 1.891254e-01
7.134474e+00 6.786412e+03 -4.153568e+02 9.748217e-02
2.392989e+00 9.782714e+03 5.847347e+02 3.527858e-02
0.000000e+00 1.009424e+04 0.000000e+00 0.000000e+00
2.390126e+01 4.689772e+03 -4.001546e+03 8.571537e-01
2.281377e+01 5.576622e+03 -3.709024e+03 7.399081e-01
2.070988e+01 4.902054e+03 -3.413847e+03 5.967547e-01
1.806880e+01 5.747390e+03 -2.932370e+03 4.469133e-01
1.451280e+01 5.134071e+03 -2.461314e+03 3.077485e-01
1.049569e+01 6.494033e+03 -1.477288e+03 1.891254e-01
6.054068e+00 6.802928e+03 -4.049032e+02 9.748217e-02
1.894283e+00 9.791283e+03 5.863386e+02 3.527858e-02
0.000000e+00 1.009424e+04 0.000000e+00 0.000000e+00
2.490662e+01 4.689127e+03 -4.001976e+03 8.571537e-01
2.360226e+01 5.581039e+03 -3.707782e+03 7.399081e-01
2.149149e+01 4.903174e+03 -3.410962e+03 5.967547e-01
1.859757e+01 5.754251e+03 -2.926463e+03 4.469133e-01
1.502363e+01 5.138175e+03 -2.453808e+03 3.077485e-01
1.093194e+01 6.507844e+03 -1.466125e+03 1.891254e-01
6.190708e+00 6.815562e+03 -3.961261e+02 9.748217e-02
1.904411e+00 9.803438e+03 5.856749e+02 3.527858e-02
0.000000e+00 1.009424e+04 0.000000e+00 0.000000e+00
0.000000e+00 5.392325e+03 -4.099255e+03 8.571537e-01
0.000000e+00 4.581508e+03 -3.931991e+03 7.399081e-01
0.000000e+00 5.490850e+03 -3.652083e+03 5.967547e-01
0.000000e+00 4.607438e+03 -3.460844e+03 4.469133e-01
0.000000e+00 5.564905e+03 -3.212483e+03 3.077485e-01
0.000000e+00 4.644379e+03 -3.043993e+03 1.891254e-01
0.000000e+00 6.022143e+03 -2.519178e+03 9.748217e-02
0.000000e+00 5.817013e+03 -1.569244e+03 3.527858e-02
0.000000e+00 1.009424e+04 0.000000e+00 0.000000e+00
1.230060e+01 5.408148e+03 -4.103242e+03 8.571537e-01
1.331799e+01 4.612488e+03 -3.936599e+03 7.399081e-01
1.402668e+01 5.503889e+03 -3.654014e+03 5.967547e-01
1.386210e+01 4.634612e+03 -3.462159e+03 4.469133e-01
1.275042e+01 5.569925e+03 -3.211980e+03 3.077485e-01
1.055638e+01 4.664766e+03 -3.041453e+03 1.891254e-01
7.798240e+00 6.025115e+03 -2.512238e+03 9.748217e-02
4.017735e+00 5.833896e+03 -1.564773e+03 3.527858e-02
0.000000e+00 1.009424e+04 0.000000e+00 0.000000e+00
2.321540e+01 5.389855e+03 -4.106916e+03 8.571537e-01
2.316257e+01 4.642609e+03 -3.938870e+03 7.399081e-01
2.177462e+01 5.483750e+03 -3.655272e+03 5.967547e-01
1.892385e+01 4.662720e+03 -3.461245e+03 4.469133e-01
1.576783e+01 5.548841e+03 -3.208980e+03 3.077485e-01
1.198940e+01 4.689867e+03 -3.036678e+03 1.891254e-01
8.073311e+00 6.013218e+03 -2.503066e+03 9.748217e-02
3.922997e+00 5.858932e+03 -1.559251e+03 3.527858e-02
0.000000e+00 1.009424e+04 0.000000e+00 0.000000e+00
2.641232e+01 5.393600e+03 -4.107533e+03 8.571537e-01
2.460157e+01 4.643519e+03 -3.938315e+03 7.399081e-01
2.234201e+01 5.486976e+03 -3.654996e+03 5.967547e-01
1.928352e+01 4.661248e+03 -3.460447e+03 4.469133e-01
1.535749e+01 5.554707e+03 -3.207767e+03 3.077485e-01
1.118644e+01 4.688030e+03 -3.032926e+03 1.891254e-01
7.243288e+00 6.023923e+03 -2.497049e+03 9.748217e-02
3.586932e+00 5.869501e+03 -1.547858e+03 3.527858e-02
0.000000e+00 1.009424e+04 0.000000e+00 0.000000e+00
2.808519e+01 5.395480e+03 -4.105980e+03 8.571537e-01
2.650849e+01 4.640617e+03 -3.937264e+03 7.399081e-01
2.418111e+01 5.490261e+03 -3.654347e+03 5.967547e-01
2.061348e+01 4.657627e+03 -3.460469e+03 4.469133e-01
1.681150e+01 5.559389e+03 -3.207680e+03 3.077485e-01
1.268466e+01 4.685169e+03 -3.029345e+03 1.891254e-01
8.575407e+00 6.034415e+03 -2.491044e+03 9.748217e-02
4.137014e+00 5.876874e+03 -1.536619e+03 3.527858e-02
0.000000e+00 1.009424e+04 0.000000e+00 0.000000e+00
2.751610e+01 5.393412e+03 -4.103640e+03 8.571537e-01
2.550797e+01 4.646085e+03 -3.935195e+03 7.399081e-01
2.308991e+01 5.487622e+03 -3.652967e+03 5.967547e-01
2.006777e+01 4.663406e+03 -3.457649e+03 4.469133e-01
1.618360e+01 5.556562e+03 -3.206167e+03 3.077485e-01
1.180403e+01 4.692775e+03 -3.024372e+03 1.891254e-01
7.619409e+00 6.036854e+03 -2.484031e+03 9.748217e-02
3.618666e+00 5.892479e+03 -1.527766e+03 3.527858e-02
0.000000e+00 1.009424e+04 0.000000e+00 0.000000e+00
2.650220e+01 5.399489e+03 -4.104570e+03 8.571537e-01
2.558538e+01 4.642639e+03 -3.935328e+03 7.399081e-01
2.331752e+01 5.493279e+03 -3.653299e+03 5.967547e-01
1.971800e+01 4.660228e+03 -3.456096e+03 4.469133e-01
1.602238e+01 5.561356e+03 -3.204679e+03 3.077485e-01
1.207324e+01 4.692425e+03 -3.020577e+03 1.891254e-01
7.989260e+00 6.042894e+03 -2.479350e+03 9.748217e-02
3.735106e+00 5.904427e+03 -1.521552e+03 3.527858e-02
0.000000e+00 1.009424e+04 0.000000e+00 0.000000e+00
2.363288e+01 5.394806e+03 -4.105506e+03 8.571537e-01
2.246329e+01 4.644826e+03 -3.936160e+03 7.399081e-01
2.046597e+01 5.489563e+03 -3.653464e+03 5.967547e-01
1.774472e+01 4.663133e+03 -3.456345e+03 4.469133e-01
1.426872e+01 5.558962e+03 -3.202698e+03 3.077485e-01
1.042254e+01 4.696424e+03 -3.017502e+03 1.891254e-01
6.817325e+00 6.045670e+03 -2.472522e+03 9.748217e-02
3.391343e+00 5.915777e+03 -1.514206e+03 3.527858e-02
0.000000e+00 1.009424e+04 0.000000e+00 0.000000e+00
2.497026e+01 5.399537e+03 -4.106000e+03 8.571537e-01
2.362358e+01 4.643660e+03 -3.937545e+03 7.399081e-01
2.152609e+01 5.493480e+03 -3.652627e+03 5.967547e-01
1.847367e+01 4.661580e+03 -3.456188e+03 4.469133e-01
1.489248e+01 5.563506e+03 -3.201606e+03 3.077485e-01
1.099076e+01 4.695833e+03 -3.015061e+03 1.891254e-01
7.178043e+00 6.054035e+03 -2.465940e+03 9.748217e-02
3.386373e+00 5.923482e+03 -1.505942e+03 3.527858e-02
0.000000e+00 1.009424e+04 0.000000e+00 0.000000e+00
0.000000e+00 4.480487e+03 -4.109993e+03 8.571537e-01
0.000000e+00 5.356498e+03 -3.922830e+03 7.399081e-01
0.000000e+00 4.455132e+03 -3.666248e+03 5.967547e-01
0.000000e+00 5.402147e+03 -3.444307e+03 4.469133e-01
0.000000e+00 4.434207e+03 -3.233197e+03 3.077485e-01
0.000000e+00 5.430374e+03 -3.036782e+03 1.891254e-01
0.000000e+00 4.010327e+03 -2.608809e+03 9.748217e-02
0.000000e+00 4.354712e+03 -1.774570e+03 3.527858e-02
0.000000e+00 0.000000e+00 0.000000e+00 0.000000e+00
1.215521e+01 4.511604e+03 -4.114654e+03 8.571537e-01
1.343127e+01 5.370044e+03 -3.927146e+03 7.399081e-01
1.401138e+01 4.482677e+03 -3.668489e+03 5.967547e-01
1.398240e+01 5.409315e+03 -3.445267e+03 4.469133e-01
1.271354e+01 4.455948e+03 -3.233501e+03 3.077485e-01
1.056763e+01 5.428077e+03 -3.033411e+03 1.891254e-01
7.683631e+00 4.018240e+03 -2.604096e+03 9.748217e-02
4.091454e+00 4.342039e+03 -1.767222e+03 3.527858e-02
0.000000e+00 0.000000e+00 0.000000e+00 0.000000e+00
2.332990e+01 4.541562e+03 -4.117921e+03 8.571537e-01
2.320943e+01 5.348802e+03 -3.929634e+03 7.399081e-01
2.175948e+01 4.510446e+03 -3.669402e+03 5.967547e-01
1.898157e+01 5.385600e+03 -3.444264e+03 4.469133e-01
1.570904e+01 4.480489e+03 -3.231185e+03 3.077485e-01
1.199888e+01 5.403269e+03 -3.027837e+03 1.891254e-01
8.029982e+00 4.032113e+03 -2.596396e+03 9.748217e-02
4.099826e+00 4.317521e+03 -1.756062e+03 3.527858e-02
0.000000e+00 0.000000e+00 0.000000e+00 0.000000e+00
2.663947e+01 4.542522e+03 -4.117377e+03 8.571537e-01
2.480246e+01 5.351291e+03 -3.929053e+03 7.399081e-01
2.246754e+01 4.509370e+03 -3.668964e+03 5.967547e-01
1.935458e+01 5.389186e+03 -3.443307e+03 4.469133e-01
1.545448e+01 4.475880e+03 -3.229804e+03 3.077485e-01
1.120278e+01 5.406252e+03 -3.025342e+03 1.891254e-01
7.212311e+00 4.021811e+03 -2.590027e+03 9.748217e-02
3.486941e+00 4.308003e+03 -1.747161e+03 3.527858e-02
0.000000e+00 0.000000e+00 0.000000e+00 0.000000e+00
2.748326e+01 4.539249e+03 -4.116651e+03 8.571537e-01
2.600365e+01 5.353708e+03 -3.928263e+03 7.399081e-01
2.375618e+01 4.505337e+03 -3.668566e+03 5.967547e-01
2.036441e+01 5.392542e+03 -3.443438e+03 4.469133e-01
1.658421e+01 4.470777e+03 -3.229280e+03 3.077485e-01
1.259188e+01 5.409264e+03 -3.023241e+03 1.891254e-01
8.366302e+00 4.010373e+03 -2.585404e+03 9.748217e-02
4.116553e+00 4.300138e+03 -1.741047e+03 3.527858e-02
0.000000e+00 0.000000e+00 0.000000e+00 0.000000e+00
2.835121e+01 4.543733e+03 -4.113349e+03 8.571537e-01
2.619105e+01 5.349649e+03 -3.926316e+03 7.399081e-01
2.360888e+01 4.509416e+03 -3.666445e+03 5.967547e-01
2.046866e+01 5.387583e+03 -3.441632e+03 4.469133e-01
1.640212e+01 4.474003e+03 -3.226801e+03 3.077485e-01
1.194433e+01 5.402247e+03 -3.019444e+03 1.891254e-01
7.621103e+00 4.007976e+03 -2.579707e+03 9.748217e-02
3.729266e+00 4.284605e+03 -1.731574e+03 3.527858e-02
0.000000e+00 0.000000e+00 0.000000e+00 0.000000e+00
2.589924e+01 4.539702e+03 -4.113645e+03 8.571537e-01
2.517508e+01 5.354679e+03 -3.926361e+03 7.399081e-01
2.295055e+01 4.504592e+03 -3.666648e+03 5.967547e-01
1.946928e+01 5.391613e+03 -3.440460e+03 4.469133e-01
1.583894e+01 4.469208e+03 -3.224729e+03 3.077485e-01
1.198051e+01 5.403309e+03 -3.016274e+03 1.891254e-01
7.905951e+00 4.002045e+03 -2.575232e+03 9.748217e-02
3.821962e+00 4.273659e+03 -1.724036e+03 3.527858e-02
0.000000e+00 0.000000e+00 0.000000e+00 0.000000e+00
2.364712e+01 4.540434e+03 -4.115903e+03 8.571537e-01
2.253608e+01 5.350590e+03 -3.927398e+03 7.399081e-01
2.050782e+01 4.506604e+03 -3.667578e+03 5.967547e-01
1.781954e+01 5.387607e+03 -3.439953e+03 4.469133e-01
1.428657e+01 4.470953e+03 -3.223603e+03 3.077485e-01
1.038077e+01 5.398804e+03 -3.012956e+03 1.891254e-01
6.718156e+00 3.999115e+03 -2.570512e+03 9.748217e-02
3.299642e+00 4.261936e+03 -1.717542e+03 3.527858e-02
0.000000e+00 0.000000e+00 0.000000e+00 0.000000e+00
2.527815e+01 4.537927e+03 -4.115748e+03 8.571537e-01
2.391065e+01 5.354010e+03 -3.928162e+03 7.399081e-01
2.175089e+01 4.504199e+03 -3.667044e+03 5.967547e-01
1.868175e+01 5.390770e+03 -3.439163e+03 4.469133e-01
1.500414e+01 4.467080e+03 -3.223364e+03 3.077485e-01
1.106769e+01 5.400226e+03 -3.010678e+03 1.891254e-01
7.155682e+00 3.990574e+03 -2.566294e+03 9.748217e-02
3.442805e+00 4.254021e+03 -1.711100e+03 3.527858e-02
0.000000e+00 0.000000e+00 0.000000e+00 0.000000e+00
