0 729 0.00000e+00
  1     729
-4.009749e+01 -1.089461e+03 -2.007022e+03 1.000000e+00
-3.765637e+01 -4.640742e+02 -2.299321e+03 1.000000e+00
-3.422096e+01 -4.720822e+02 -2.445948e+03 1.000000e+00
-2.945690e+01 2.409969e+02 -2.751439e+03 1.000000e+00
-2.315051e+01 4.369124e+02 -2.787366e+03 1.000000e+00
-1.582033e+01 1.400230e+03 -3.212000e+03 1.000000e+00
-6.552126e+00 1.608325e+03 -3.109958e+03 1.000000e+00
3.214156e+00 2.462380e+03 -3.582110e+03 1.000000e+00
1.245864e+01 2.548295e+03 -3.264659e+03 1.000000e+00
-3.876585e+01 -1.087854e+03 -2.017514e+03 1.000000e+00
-3.675711e+01 -4.600042e+02 -2.310050e+03 1.000000e+00
-3.410390e+01 -4.691001e+02 -2.457342e+03 1.000000e+00
-2.890323e+01 2.466506e+02 -2.759949e+03 1.000000e+00
-2.217986e+01 4.446111e+02 -2.798234e+03 1.000000e+00
-1.563239e+01 1.408569e+03 -3.218817e+03 1.000000e+00
-6.872403e+00 1.617553e+03 -3.115350e+03 1.000000e+00
3.841113e+00 2.472097e+03 -3.582199e+03 1.000000e+00
1.358809e+01 2.555005e+03 -3.265921e+03 1.000000e+00
-3.579385e+01 -1.086203e+03 -2.028098e+03 1.000000e+00
-3.478057e+01 -4.581506e+02 -2.320682e+03 1.000000e+00
-3.187861e+01 -4.648947e+02 -2.467969e+03 1.000000e+00
-2.900448e+01 2.493145e+02 -2.769882e+03 1.000000e+00
-2.405175e+01 4.522803e+02 -2.806448e+03 1.000000e+00
-1.424796e+01 1.414339e+03 -3.225970e+03 1.000000e+00
-5.822727e+00 1.628147e+03 -3.120292e+03 1.000000e+00
3.046952e+00 2.477198e+03 -3.584795e+03 1.000000e+00
1.265697e+01 2.563398e+03 -3.265471e+03 1.000000e+00
-3.330360e+01 -1.084810e+03 -2.037714e+03 1.000000e+00
-3.149496e+01 -4.567431e+02 -2.330541e+03 1.000000e+00
-2.911607e+01 -4.614642e+02 -2.477866e+03 1.000000e+00
-2.528909e+01 2.522486e+02 -2.780021e+03 1.000000e+00
-2.087478e+01 4.584803e+02 -2.815208e+03 1.000000e+00
-1.531257e+01 1.421214e+03 -3.232759e+03 1.000000e+00
-6.206394e+00 1.637373e+03 -3.125887e+03 1.000000e+00
3.572751e+00 2.481412e+03 -3.587972e+03 1.000000e+00
1.050940e+01 2.574649e+03 -3.268370e+03 1.000000e+00
-2.655430e+01 -1.084913e+03 -2.046010e+03 1.000000e+00
-2.711468e+01 -4.544523e+02 -2.340542e+03 1.000000e+00
-2.600436e+01 -4.609692e+02 -2.486108e+03 1.000000e+00
-2.435871e+01 2.572616e+02 -2.789838e+03 1.000000e+00
-1.978069e+01 4.599594e+02 -2.822767e+03 1.000000e+00
-1.319873e+01 1.433201e+03 -3.243303e+03 1.000000e+00
-6.852286e+00 1.637960e+03 -3.129611e+03 1.000000e+00
7.161359e-01 2.497315e+03 -3.593556e+03 1.000000e+00
9.835237e+00 2.573980e+03 -3.267676e+03 1.000000e+00
-2.306530e+01 -1.080302e+03 -2.054609e+03 1.000000e+00
-2.088276e+01 -4.596365e+02 -2.346707e+03 1.000000e+00
-2.053789e+01 -4.528779e+02 -2.496802e+03 1.000000e+00
-1.944570e+01 2.539627e+02 -2.794431e+03 1.000000e+00
-1.626809e+01 4.693419e+02 -2.835160e+03 1.000000e+00
-1.117653e+01 1.433820e+03 -3.244529e+03 1.000000e+00
-4.405934e+00 1.649265e+03 -3.143534e+03 1.000000e+00
1.647070e+00 2.503203e+03 -3.590118e+03 1.000000e+00
6.087542e+00 2.583958e+03 -3.278954e+03 1.000000e+00
-1.509685e+01 -1.093716e+03 -2.058912e+03 1.000000e+00
-1.543135e+01 -4.479452e+02 -2.353954e+03 1.000000e+00
-1.432085e+01 -4.626949e+02 -2.501453e+03 1.000000e+00
-1.361585e+01 2.658356e+02 -2.804550e+03 1.000000e+00
-1.213918e+01 4.637868e+02 -2.837532e+03 1.000000e+00
-9.947648e+00 1.445605e+03 -3.256975e+03 1.000000e+00
-6.635947e+00 1.652165e+03 -3.142122e+03 1.000000e+00
-1.613526e+00 2.516220e+03 -3.602265e+03 1.000000e+00
4.453176e+00 2.590676e+03 -3.272795e+03 1.000000e+00
-8.848189e+00 -1.066867e+03 -2.063347e+03 1.000000e+00
-7.967965e+00 -4.779594e+02 -2.357475e+03 1.000000e+00
-7.574399e+00 -4.346818e+02 -2.505357e+03 1.000000e+00
-6.080005e+00 2.391787e+02 -2.809131e+03 1.000000e+00
-5.512342e+00 4.923727e+02 -2.844871e+03 1.000000e+00
-3.286967e+00 1.427376e+03 -3.258302e+03 1.000000e+00
1.887981e-01 1.680193e+03 -3.149940e+03 1.000000e+00
4.088657e-01 2.506199e+03 -3.602067e+03 1.000000e+00
1.444400e+00 2.614858e+03 -3.280251e+03 1.000000e+00
0.000000e+00 -1.023943e+03 -2.067969e+03 1.000000e+00
0.000000e+00 -5.266328e+02 -2.354509e+03 1.000000e+00
0.000000e+00 -3.896832e+02 -2.512257e+03 1.000000e+00
0.000000e+00 1.960547e+02 -2.802356e+03 1.000000e+00
0.000000e+00 5.387752e+02 -2.861100e+03 1.000000e+00
0.000000e+00 1.394528e+03 -3.240903e+03 1.000000e+00
0.000000e+00 1.723884e+03 -3.172956e+03 1.000000e+00
0.000000e+00 2.483787e+03 -3.580603e+03 1.000000e+00
0.000000e+00 2.655936e+03 -3.310148e+03 1.000000e+00
-3.894921e+01 -7.074824e+02 -2.066543e+03 1.000000e+00
-3.639884e+01 -7.187305e+02 -2.236607e+03 1.000000e+00
-3.246143e+01 -8.235589e+01 -2.521678e+03 1.000000e+00
-2.719404e+01 -1.628503e+01 -2.603434e+03 1.000000e+00
-2.052950e+01 8.449707e+02 -2.954964e+03 1.000000e+00
-1.253989e+01 1.142373e+03 -2.888713e+03 1.000000e+00
-3.072436e+00 2.025644e+03 -3.336794e+03 1.000000e+00
6.885019e+00 2.172351e+03 -3.087433e+03 1.000000e+00
1.628555e+01 2.941227e+03 -3.538849e+03 1.000000e+00
-3.757327e+01 -7.042238e+02 -2.076245e+03 1.000000e+00
-3.516948e+01 -7.164635e+02 -2.247781e+03 1.000000e+00
-3.215847e+01 -7.770191e+01 -2.531640e+03 1.000000e+00
-2.639643e+01 -1.209882e+01 -2.612421e+03 1.000000e+00
-1.901389e+01 8.522642e+02 -2.963293e+03 1.000000e+00
-1.229807e+01 1.150278e+03 -2.897196e+03 1.000000e+00
-3.630127e+00 2.033925e+03 -3.337872e+03 1.000000e+00
7.571274e+00 2.180307e+03 -3.089484e+03 1.000000e+00
1.698687e+01 2.948052e+03 -3.535153e+03 1.000000e+00
-3.526871e+01 -7.033871e+02 -2.086600e+03 1.000000e+00
-3.359792e+01 -7.130932e+02 -2.257858e+03 1.000000e+00
-2.991384e+01 -7.492305e+01 -2.541793e+03 1.000000e+00
-2.668078e+01 -6.781128e+00 -2.621864e+03 1.000000e+00
-2.179049e+01 8.569223e+02 -2.971020e+03 1.000000e+00
-1.131210e+01 1.160313e+03 -2.903034e+03 1.000000e+00
-2.783758e+00 2.040013e+03 -3.342233e+03 1.000000e+00
5.794456e+00 2.190083e+03 -3.090335e+03 1.000000e+00
1.574291e+01 2.952590e+03 -3.533521e+03 1.000000e+00
-3.211617e+01 -7.031106e+02 -2.095801e+03 1.000000e+00
-2.996533e+01 -7.102046e+02 -2.267419e+03 1.000000e+00
-2.755468e+01 -7.279062e+01 -2.551261e+03 1.000000e+00
-2.293227e+01 -3.016099e+00 -2.631455e+03 1.000000e+00
-1.789332e+01 8.619581e+02 -2.979041e+03 1.000000e+00
-1.231574e+01 1.168098e+03 -2.909069e+03 1.000000e+00
-3.099529e+00 2.045922e+03 -3.346635e+03 1.000000e+00
6.139454e+00 2.198646e+03 -3.093392e+03 1.000000e+00
1.374738e+01 2.955614e+03 -3.531830e+03 1.000000e+00
-2.619930e+01 -7.024540e+02 -2.104924e+03 1.000000e+00
-2.621423e+01 -7.095895e+02 -2.275911e+03 1.000000e+00
-2.447840e+01 -6.885264e+01 -2.560739e+03 1.000000e+00
-2.244610e+01 -2.599108e+00 -2.638668e+03 1.000000e+00
-1.790387e+01 8.707144e+02 -2.988522e+03 1.000000e+00
-1.036880e+01 1.169540e+03 -2.915707e+03 1.000000e+00
-4.498886e+00 2.059765e+03 -3.353333e+03 1.000000e+00
3.428994e+00 2.198989e+03 -3.093241e+03 1.000000e+00
1.177046e+01 2.969486e+03 -3.535294e+03 1.000000e+00
-2.223981e+01 -7.082883e+02 -2.110888e+03 1.000000e+00
-2.011495e+01 -7.031028e+02 -2.285021e+03 1.000000e+00
-1.915750e+01 -7.233854e+01 -2.566753e+03 1.000000e+00
-1.724712e+01 5.805813e+00 -2.649271e+03 1.000000e+00
-1.399347e+01 8.689075e+02 -2.990650e+03 1.000000e+00
-9.753441e+00 1.180023e+03 -2.928969e+03 1.000000e+00
-2.350683e+00 2.062858e+03 -3.351243e+03 1.000000e+00
3.095913e+00 2.210921e+03 -3.105480e+03 1.000000e+00
8.330013e+00 2.974549e+03 -3.526669e+03 1.000000e+00
-1.493670e+01 -6.974571e+02 -2.117729e+03 1.000000e+00
-1.472357e+01 -7.142338e+02 -2.288982e+03 1.000000e+00
-1.390844e+01 -6.067325e+01 -2.575287e+03 1.000000e+00
-1.276442e+01 -2.193585e+00 -2.652796e+03 1.000000e+00
-1.126435e+01 8.801943e+02 -3.002648e+03 1.000000e+00
-7.796142e+00 1.178784e+03 -2.928035e+03 1.000000e+00
-4.842567e+00 2.074908e+03 -3.363755e+03 1.000000e+00
2.862445e-01 2.216468e+03 -3.099902e+03 1.000000e+00
5.734424e+00 2.985611e+03 -3.537825e+03 1.000000e+00
-8.530047e+00 -7.292198e+02 -2.121497e+03 1.000000e+00
-7.838375e+00 -6.864157e+02 -2.293277e+03 1.000000e+00
-6.852702e+00 -8.804604e+01 -2.577746e+03 1.000000e+00
-5.507482e+00 2.552609e+01 -2.659883e+03 1.000000e+00
-4.112057e+00 8.582795e+02 -3.004341e+03 1.000000e+00
-3.248627e+00 1.206922e+03 -2.936454e+03 1.000000e+00
-7.049506e-02 2.060709e+03 -3.362691e+03 1.000000e+00
-1.466597e-01 2.242634e+03 -3.109940e+03 1.000000e+00
1.587288e+00 2.978269e+03 -3.530514e+03 1.000000e+00
0.000000e+00 -7.790051e+02 -2.118581e+03 1.000000e+00
0.000000e+00 -6.427469e+02 -2.299587e+03 1.000000e+00
0.000000e+00 -1.332312e+02 -2.572494e+03 1.000000e+00
0.000000e+00 6.977921e+01 -2.671303e+03 1.000000e+00
0.000000e+00 8.203579e+02 -2.991202e+03 1.000000e+00
0.000000e+00 1.250018e+03 -2.957654e+03 1.000000e+00
0.000000e+00 2.032054e+03 -3.340247e+03 1.000000e+00
0.000000e+00 2.282982e+03 -3.141404e+03 1.000000e+00
0.000000e+00 2.959663e+03 -3.497856e+03 1.000000e+00
-3.757803e+01 -9.452866e+02 -2.018502e+03 1.000000e+00
-3.478449e+01 -3.422619e+02 -2.300581e+03 1.000000e+00
-3.035353e+01 -3.227714e+02 -2.416612e+03 1.000000e+00
-2.449830e+01 3.674023e+02 -2.708421e+03 1.000000e+00
-1.734572e+01 6.025876e+02 -2.689873e+03 1.000000e+00
-8.585632e+00 1.542383e+03 -3.089935e+03 1.000000e+00
1.081863e+00 1.761594e+03 -2.896589e+03 1.000000e+00
1.141371e+01 2.555698e+03 -3.326022e+03 1.000000e+00
2.100960e+01 2.617688e+03 -2.897906e+03 1.000000e+00
-3.638879e+01 -9.440654e+02 -2.028226e+03 1.000000e+00
-3.358125e+01 -3.380963e+02 -2.310875e+03 1.000000e+00
-3.022764e+01 -3.197206e+02 -2.426409e+03 1.000000e+00
-2.394801e+01 3.727355e+02 -2.715834e+03 1.000000e+00
-1.621862e+01 6.085950e+02 -2.698924e+03 1.000000e+00
-8.996225e+00 1.550169e+03 -3.094668e+03 1.000000e+00
-7.472900e-02 1.769569e+03 -2.899514e+03 1.000000e+00
1.076021e+01 2.562665e+03 -3.322866e+03 1.000000e+00
2.022584e+01 2.622421e+03 -2.896526e+03 1.000000e+00
-3.412974e+01 -9.417777e+02 -2.038257e+03 1.000000e+00
-3.198945e+01 -3.359055e+02 -2.320421e+03 1.000000e+00
-2.728642e+01 -3.149965e+02 -2.435613e+03 1.000000e+00
-2.364101e+01 3.760135e+02 -2.725368e+03 1.000000e+00
-1.817734e+01 6.166719e+02 -2.704973e+03 1.000000e+00
-7.408425e+00 1.555810e+03 -3.100304e+03 1.000000e+00
1.432042e+00 1.779629e+03 -2.901894e+03 1.000000e+00
1.040072e+01 2.568162e+03 -3.322501e+03 1.000000e+00
1.964281e+01 2.628347e+03 -2.894230e+03 1.000000e+00
-3.105936e+01 -9.399058e+02 -2.047103e+03 1.000000e+00
-2.854180e+01 -3.340505e+02 -2.329514e+03 1.000000e+00
-2.636268e+01 -3.119094e+02 -2.444810e+03 1.000000e+00
-2.103457e+01 3.788152e+02 -2.733801e+03 1.000000e+00
-1.550822e+01 6.230220e+02 -2.712653e+03 1.000000e+00
-9.585828e+00 1.561726e+03 -3.105184e+03 1.000000e+00
-6.407665e-01 1.787560e+03 -2.905124e+03 1.000000e+00
8.206479e+00 2.572626e+03 -3.323636e+03 1.000000e+00
1.600352e+01 2.635618e+03 -2.892140e+03 1.000000e+00
-2.529777e+01 -9.398896e+02 -2.055015e+03 1.000000e+00
-2.505458e+01 -3.313900e+02 -2.338722e+03 1.000000e+00
-2.196521e+01 -3.111394e+02 -2.452635e+03 1.000000e+00
-1.949569e+01 3.847383e+02 -2.742045e+03 1.000000e+00
-1.497015e+01 6.236475e+02 -2.719239e+03 1.000000e+00
-6.646116e+00 1.573121e+03 -3.112945e+03 1.000000e+00
-4.012366e-01 1.788630e+03 -2.907989e+03 1.000000e+00
7.145702e+00 2.585597e+03 -3.326664e+03 1.000000e+00
1.618065e+01 2.635510e+03 -2.887328e+03 1.000000e+00
-2.187907e+01 -9.358132e+02 -2.063093e+03 1.000000e+00
-1.886078e+01 -3.350206e+02 -2.344271e+03 1.000000e+00
-1.853724e+01 -3.035559e+02 -2.462467e+03 1.000000e+00
-1.556698e+01 3.821140e+02 -2.745732e+03 1.000000e+00
-1.237828e+01 6.326451e+02 -2.731432e+03 1.000000e+00
-8.582652e+00 1.573833e+03 -3.112003e+03 1.000000e+00
-1.237579e+00 1.800163e+03 -2.920335e+03 1.000000e+00
4.710848e+00 2.590002e+03 -3.319955e+03 1.000000e+00
8.992432e+00 2.645369e+03 -2.896879e+03 1.000000e+00
-1.382475e+01 -9.484692e+02 -2.066709e+03 1.000000e+00
-1.441742e+01 -3.235667e+02 -2.351942e+03 1.000000e+00
-1.240241e+01 -3.127535e+02 -2.465780e+03 1.000000e+00
-1.141006e+01 3.929417e+02 -2.756000e+03 1.000000e+00
-9.152264e+00 6.279188e+02 -2.731252e+03 1.000000e+00
-4.927046e+00 1.585566e+03 -3.124755e+03 1.000000e+00
-1.933922e+00 1.802176e+03 -2.915535e+03 1.000000e+00
2.705272e+00 2.601937e+03 -3.331294e+03 1.000000e+00
8.678804e+00 2.649613e+03 -2.886748e+03 1.000000e+00
-8.724149e+00 -9.212693e+02 -2.071875e+03 1.000000e+00
-6.902377e+00 -3.519685e+02 -2.353971e+03 1.000000e+00
-6.972647e+00 -2.850633e+02 -2.471176e+03 1.000000e+00
-4.750964e+00 3.683336e+02 -2.757946e+03 1.000000e+00
-3.927078e+00 6.551673e+02 -2.740501e+03 1.000000e+00
-3.715632e+00 1.567337e+03 -3.122287e+03 1.000000e+00
-1.326262e+00 1.828512e+03 -2.927729e+03 1.000000e+00
-9.130914e-01 2.591597e+03 -3.324091e+03 1.000000e+00
7.992518e-01 2.672675e+03 -2.897451e+03 1.000000e+00
0.000000e+00 -8.796834e+02 -2.077082e+03 1.000000e+00
0.000000e+00 -3.975080e+02 -2.349439e+03 1.000000e+00
0.000000e+00 -2.424916e+02 -2.480377e+03 1.000000e+00
0.000000e+00 3.268892e+02 -2.747153e+03 1.000000e+00
0.000000e+00 6.980446e+02 -2.762349e+03 1.000000e+00
0.000000e+00 1.533905e+03 -3.099937e+03 1.000000e+00
0.000000e+00 1.869519e+03 -2.956768e+03 1.000000e+00
0.000000e+00 2.568650e+03 -3.295156e+03 1.000000e+00
0.000000e+00 2.710820e+03 -2.933173e+03 1.000000e+00
-3.585833e+01 -5.825611e+02 -2.075058e+03 1.000000e+00
-3.283361e+01 -5.650518e+02 -2.217457e+03 1.000000e+00
-2.792632e+01 4.566355e+01 -2.486496e+03 1.000000e+00
-2.148478e+01 1.377358e+02 -2.525489e+03 1.000000e+00
-1.375314e+01 9.796445e+02 -2.852453e+03 1.000000e+00
-4.323801e+00 1.301587e+03 -2.708341e+03 1.000000e+00
5.644122e+00 2.133180e+03 -3.108344e+03 1.000000e+00
1.608382e+01 2.263326e+03 -2.754259e+03 1.000000e+00
2.564339e+01 2.939102e+03 -3.140635e+03 1.000000e+00
-3.488788e+01 -5.790141e+02 -2.084213e+03 1.000000e+00
-3.190092e+01 -5.624299e+02 -2.227412e+03 1.000000e+00
-2.792423e+01 5.086263e+01 -2.495080e+03 1.000000e+00
-2.129262e+01 1.420219e+02 -2.532886e+03 1.000000e+00
-1.299765e+01 9.868298e+02 -2.859037e+03 1.000000e+00
-5.091306e+00 1.308888e+03 -2.713402e+03 1.000000e+00
4.442137e+00 2.141223e+03 -3.107391e+03 1.000000e+00
1.486500e+01 2.269759e+03 -2.752790e+03 1.000000e+00
2.397772e+01 2.943364e+03 -3.133484e+03 1.000000e+00
-3.272689e+01 -5.778965e+02 -2.093855e+03 1.000000e+00
-2.996086e+01 -5.585404e+02 -2.236026e+03 1.000000e+00
-2.480823e+01 5.314264e+01 -2.504064e+03 1.000000e+00
-2.019124e+01 1.478208e+02 -2.540730e+03 1.000000e+00
-1.439921e+01 9.912999e+02 -2.865784e+03 1.000000e+00
-3.606590e+00 1.317131e+03 -2.716350e+03 1.000000e+00
5.734527e+00 2.146699e+03 -3.108901e+03 1.000000e+00
1.440845e+01 2.276362e+03 -2.751224e+03 1.000000e+00
2.366800e+01 2.946528e+03 -3.127867e+03 1.000000e+00
-2.972882e+01 -5.770917e+02 -2.102124e+03 1.000000e+00
-2.709064e+01 -5.553296e+02 -2.244809e+03 1.000000e+00
-2.444463e+01 5.555886e+01 -2.512535e+03 1.000000e+00
-1.906175e+01 1.519747e+02 -2.548406e+03 1.000000e+00
-1.224729e+01 9.963440e+02 -2.872259e+03 1.000000e+00
-5.685600e+00 1.325288e+03 -2.720426e+03 1.000000e+00
2.736778e+00 2.151513e+03 -3.110530e+03 1.000000e+00
1.171032e+01 2.283499e+03 -2.751241e+03 1.000000e+00
1.972794e+01 2.949263e+03 -3.122171e+03 1.000000e+00
-2.423891e+01 -5.756404e+02 -2.110473e+03 1.000000e+00
-2.355714e+01 -5.547600e+02 -2.253099e+03 1.000000e+00
-1.972900e+01 5.988511e+01 -2.520031e+03 1.000000e+00
-1.628171e+01 1.524334e+02 -2.555739e+03 1.000000e+00
-1.241632e+01 1.004079e+03 -2.878781e+03 1.000000e+00
-3.578849e+00 1.326400e+03 -2.725216e+03 1.000000e+00
2.979151e+00 2.162307e+03 -3.115195e+03 1.000000e+00
1.112419e+01 2.284785e+03 -2.748028e+03 1.000000e+00
1.861548e+01 2.957940e+03 -3.122967e+03 1.000000e+00
-2.095741e+01 -5.799093e+02 -2.116079e+03 1.000000e+00
-1.789575e+01 -5.488795e+02 -2.261104e+03 1.000000e+00
-1.684440e+01 5.743177e+01 -2.525312e+03 1.000000e+00
-1.440883e+01 1.599200e+02 -2.565478e+03 1.000000e+00
-9.340392e+00 1.003141e+03 -2.879633e+03 1.000000e+00
-6.384726e+00 1.336215e+03 -2.737417e+03 1.000000e+00
1.492612e+00 2.164844e+03 -3.109610e+03 1.000000e+00
7.094629e+00 2.296027e+03 -2.758211e+03 1.000000e+00
1.180785e+01 2.959427e+03 -3.111814e+03 1.000000e+00
-1.332018e+01 -5.696544e+02 -2.123005e+03 1.000000e+00
-1.341215e+01 -5.586852e+02 -2.264025e+03 1.000000e+00
-1.163442e+01 6.876234e+01 -2.533988e+03 1.000000e+00
-9.166053e+00 1.528974e+02 -2.566630e+03 1.000000e+00
-8.154192e+00 1.014246e+03 -2.891941e+03 1.000000e+00
-2.418354e+00 1.335167e+03 -2.732799e+03 1.000000e+00
1.682033e-01 2.177686e+03 -3.122430e+03 1.000000e+00
4.420659e+00 2.298207e+03 -2.748672e+03 1.000000e+00
1.044675e+01 2.970789e+03 -3.120663e+03 1.000000e+00
-7.933515e+00 -5.998853e+02 -2.124849e+03 1.000000e+00
-6.640746e+00 -5.311238e+02 -2.269800e+03 1.000000e+00
-6.130751e+00 4.227271e+01 -2.534282e+03 1.000000e+00
-4.996172e+00 1.795638e+02 -2.575459e+03 1.000000e+00
-3.129982e+00 9.922375e+02 -2.889011e+03 1.000000e+00
-4.209802e+00 1.360342e+03 -2.745346e+03 1.000000e+00
-2.020366e+00 2.163344e+03 -3.115390e+03 1.000000e+00
-3.744327e-01 2.322675e+03 -2.762290e+03 1.000000e+00
5.426849e-01 2.962638e+03 -3.104659e+03 1.000000e+00
0.000000e+00 -6.461540e+02 -2.119941e+03 1.000000e+00
0.000000e+00 -4.892798e+02 -2.277681e+03 1.000000e+00
0.000000e+00 3.966821e-01 -2.527494e+03 1.000000e+00
0.000000e+00 2.210875e+02 -2.588811e+03 1.000000e+00
0.000000e+00 9.568637e+02 -2.871306e+03 1.000000e+00
0.000000e+00 1.402400e+03 -2.774017e+03 1.000000e+00
0.000000e+00 2.136611e+03 -3.084444e+03 1.000000e+00
0.000000e+00 2.364894e+03 -2.800076e+03 1.000000e+00
0.000000e+00 2.944849e+03 -3.064408e+03 1.000000e+00
-3.394068e+01 -7.885488e+02 -2.008770e+03 1.000000e+00
-3.062540e+01 -2.090907e+02 -2.274053e+03 1.000000e+00
-2.531181e+01 -1.664289e+02 -2.354147e+03 1.000000e+00
-1.831813e+01 4.945829e+02 -2.619964e+03 1.000000e+00
-1.011823e+01 7.562578e+02 -2.539696e+03 1.000000e+00
1.053105e-01 1.657552e+03 -2.895333e+03 1.000000e+00
1.028328e+01 1.871521e+03 -2.605203e+03 1.000000e+00
2.049346e+01 2.581647e+03 -2.966485e+03 1.000000e+00
2.972682e+01 2.592760e+03 -2.432311e+03 1.000000e+00
-3.296587e+01 -7.867616e+02 -2.017683e+03 1.000000e+00
-2.969708e+01 -2.044145e+02 -2.283093e+03 1.000000e+00
-2.488589e+01 -1.626100e+02 -2.361927e+03 1.000000e+00
-1.785499e+01 5.006254e+02 -2.626602e+03 1.000000e+00
-9.248080e+00 7.615154e+02 -2.545312e+03 1.000000e+00
9.134562e-02 1.665555e+03 -2.897782e+03 1.000000e+00
9.818582e+00 1.877691e+03 -2.604701e+03 1.000000e+00
2.008052e+01 2.587201e+03 -2.960824e+03 1.000000e+00
2.928013e+01 2.595587e+03 -2.426419e+03 1.000000e+00
-3.113057e+01 -7.838051e+02 -2.026300e+03 1.000000e+00
-2.804108e+01 -2.024465e+02 -2.291696e+03 1.000000e+00
-2.275538e+01 -1.581212e+02 -2.369290e+03 1.000000e+00
-1.731477e+01 5.034859e+02 -2.634475e+03 1.000000e+00
-1.075298e+01 7.686124e+02 -2.549696e+03 1.000000e+00
-3.082726e-01 1.670734e+03 -2.900632e+03 1.000000e+00
9.233269e+00 1.883953e+03 -2.603759e+03 1.000000e+00
1.812367e+01 2.591789e+03 -2.956996e+03 1.000000e+00
2.601851e+01 2.597082e+03 -2.421207e+03 1.000000e+00
-2.809431e+01 -7.816091e+02 -2.034421e+03 1.000000e+00
-2.487873e+01 -2.002704e+02 -2.299440e+03 1.000000e+00
-2.136183e+01 -1.543733e+02 -2.377431e+03 1.000000e+00
-1.604764e+01 5.063654e+02 -2.640928e+03 1.000000e+00
-8.160756e+00 7.747686e+02 -2.555172e+03 1.000000e+00
-3.229294e-01 1.676151e+03 -2.903222e+03 1.000000e+00
7.513843e+00 1.890234e+03 -2.605070e+03 1.000000e+00
1.673094e+01 2.594921e+03 -2.953393e+03 1.000000e+00
2.530235e+01 2.600728e+03 -2.416447e+03 1.000000e+00
-2.328402e+01 -7.820308e+02 -2.041788e+03 1.000000e+00
-2.218325e+01 -1.965436e+02 -2.307477e+03 1.000000e+00
-1.833736e+01 -1.539520e+02 -2.384174e+03 1.000000e+00
-1.399505e+01 5.119767e+02 -2.647423e+03 1.000000e+00
-9.593459e+00 7.759907e+02 -2.560770e+03 1.000000e+00
-2.417643e+00 1.684452e+03 -2.907916e+03 1.000000e+00
6.491737e+00 1.892445e+03 -2.605078e+03 1.000000e+00
1.325423e+01 2.602705e+03 -2.954317e+03 1.000000e+00
2.047644e+01 2.601016e+03 -2.407549e+03 1.000000e+00
-1.974394e+01 -7.781319e+02 -2.048832e+03 1.000000e+00
-1.620337e+01 -1.987961e+02 -2.312417e+03 1.000000e+00
-1.462079e+01 -1.480829e+02 -2.392737e+03 1.000000e+00
-1.166586e+01 5.105306e+02 -2.650091e+03 1.000000e+00
-6.557713e+00 7.837411e+02 -2.571680e+03 1.000000e+00
-1.460249e+00 1.684939e+03 -2.905427e+03 1.000000e+00
4.368943e+00 1.902865e+03 -2.613502e+03 1.000000e+00
1.154989e+01 2.603792e+03 -2.945751e+03 1.000000e+00
1.559792e+01 2.609519e+03 -2.414434e+03 1.000000e+00
-1.232604e+01 -7.889083e+02 -2.051761e+03 1.000000e+00
-1.347487e+01 -1.882137e+02 -2.319970e+03 1.000000e+00
-1.033005e+01 -1.554969e+02 -2.394130e+03 1.000000e+00
-8.413586e+00 5.215331e+02 -2.660800e+03 1.000000e+00
-6.579997e+00 7.786207e+02 -2.567792e+03 1.000000e+00
-1.654560e+00 1.697540e+03 -2.917844e+03 1.000000e+00
1.922660e+00 1.902902e+03 -2.606153e+03 1.000000e+00
5.151121e+00 2.615949e+03 -2.955626e+03 1.000000e+00
1.123246e+01 2.609792e+03 -2.399817e+03 1.000000e+00
-7.689379e+00 -7.623199e+02 -2.057529e+03 1.000000e+00
-5.428987e+00 -2.158316e+02 -2.320289e+03 1.000000e+00
-5.815579e+00 -1.288050e+02 -2.401107e+03 1.000000e+00
-4.445939e+00 4.972452e+02 -2.658592e+03 1.000000e+00
-2.435981e+00 8.045085e+02 -2.580506e+03 1.000000e+00
-3.595031e+00 1.679574e+03 -2.909698e+03 1.000000e+00
-1.761528e+00 1.928353e+03 -2.621733e+03 1.000000e+00
1.083747e+00 2.605782e+03 -2.940188e+03 1.000000e+00
1.956424e+00 2.631339e+03 -2.415331e+03 1.000000e+00
0.000000e+00 -7.223245e+02 -2.063894e+03 1.000000e+00
0.000000e+00 -2.579391e+02 -2.313606e+03 1.000000e+00
0.000000e+00 -8.814439e+01 -2.413241e+03 1.000000e+00
0.000000e+00 4.592822e+02 -2.643588e+03 1.000000e+00
0.000000e+00 8.457874e+02 -2.606441e+03 1.000000e+00
0.000000e+00 1.649840e+03 -2.883130e+03 1.000000e+00
0.000000e+00 1.970382e+03 -2.654977e+03 1.000000e+00
0.000000e+00 2.584897e+03 -2.902611e+03 1.000000e+00
0.000000e+00 2.671806e+03 -2.459322e+03 1.000000e+00
-3.185240e+01 -4.446187e+02 -2.058246e+03 1.000000e+00
-2.812356e+01 -4.028734e+02 -2.166033e+03 1.000000e+00
-2.236283e+01 1.766930e+02 -2.412159e+03 1.000000e+00
-1.498593e+01 2.870954e+02 -2.399371e+03 1.000000e+00
-5.923958e+00 1.094871e+03 -2.689866e+03 1.000000e+00
4.913547e+00 1.420915e+03 -2.458597e+03 1.000000e+00
1.536260e+01 2.182185e+03 -2.794968e+03 1.000000e+00
2.519845e+01 2.274045e+03 -2.338423e+03 1.000000e+00
3.383895e+01 2.830924e+03 -2.649305e+03 1.000000e+00
-3.079468e+01 -4.410545e+02 -2.066425e+03 1.000000e+00
-2.724831e+01 -4.001447e+02 -2.174531e+03 1.000000e+00
-2.148255e+01 1.818021e+02 -2.418551e+03 1.000000e+00
-1.415444e+01 2.913009e+02 -2.405854e+03 1.000000e+00
-5.573740e+00 1.100573e+03 -2.693655e+03 1.000000e+00
5.098696e+00 1.426021e+03 -2.459747e+03 1.000000e+00
1.492632e+01 2.187860e+03 -2.792601e+03 1.000000e+00
2.483478e+01 2.276224e+03 -2.332423e+03 1.000000e+00
3.353786e+01 2.830432e+03 -2.640303e+03 1.000000e+00
-2.954733e+01 -4.401285e+02 -2.074566e+03 1.000000e+00
-2.543720e+01 -3.954513e+02 -2.181791e+03 1.000000e+00
-2.049122e+01 1.841140e+02 -2.426132e+03 1.000000e+00
-1.453495e+01 2.966076e+02 -2.411117e+03 1.000000e+00
-5.638398e+00 1.105526e+03 -2.698286e+03 1.000000e+00
3.529921e+00 1.432397e+03 -2.460720e+03 1.000000e+00
1.398218e+01 2.192935e+03 -2.789416e+03 1.000000e+00
2.287696e+01 2.279363e+03 -2.328406e+03 1.000000e+00
2.989729e+01 2.831774e+03 -2.631611e+03 1.000000e+00
-2.580291e+01 -4.387275e+02 -2.082154e+03 1.000000e+00
-2.293313e+01 -3.923855e+02 -2.188996e+03 1.000000e+00
-1.815510e+01 1.863786e+02 -2.433109e+03 1.000000e+00
-1.264485e+01 3.007310e+02 -2.417124e+03 1.000000e+00
-5.283933e+00 1.108966e+03 -2.701559e+03 1.000000e+00
4.355169e+00 1.438317e+03 -2.463185e+03 1.000000e+00
1.179796e+01 2.196107e+03 -2.787979e+03 1.000000e+00
2.027889e+01 2.282466e+03 -2.325391e+03 1.000000e+00
2.932865e+01 2.831143e+03 -2.622161e+03 1.000000e+00
-2.230870e+01 -4.362779e+02 -2.089103e+03 1.000000e+00
-2.018226e+01 -3.921257e+02 -2.196503e+03 1.000000e+00
-1.653178e+01 1.913895e+02 -2.438635e+03 1.000000e+00
-1.133897e+01 3.018082e+02 -2.423279e+03 1.000000e+00
-5.636082e+00 1.114964e+03 -2.706352e+03 1.000000e+00
1.161162e+00 1.441209e+03 -2.464989e+03 1.000000e+00
9.775810e+00 2.202196e+03 -2.789966e+03 1.000000e+00
1.834267e+01 2.284055e+03 -2.319156e+03 1.000000e+00
2.305875e+01 2.834383e+03 -2.620059e+03 1.000000e+00
-1.793132e+01 -4.393546e+02 -2.093816e+03 1.000000e+00
-1.519391e+01 -3.872650e+02 -2.203412e+03 1.000000e+00
-1.209537e+01 1.901990e+02 -2.442967e+03 1.000000e+00
-1.004291e+01 3.073943e+02 -2.431025e+03 1.000000e+00
-4.043746e+00 1.114633e+03 -2.706394e+03 1.000000e+00
1.189672e+00 1.449913e+03 -2.474187e+03 1.000000e+00
7.562533e+00 2.202348e+03 -2.782157e+03 1.000000e+00
1.325959e+01 2.293192e+03 -2.325636e+03 1.000000e+00
1.883367e+01 2.832531e+03 -2.607497e+03 1.000000e+00
-1.224335e+01 -4.297631e+02 -2.101237e+03 1.000000e+00
-1.191014e+01 -3.956179e+02 -2.204631e+03 1.000000e+00
-9.675365e+00 2.006385e+02 -2.451094e+03 1.000000e+00
-6.333243e+00 3.009879e+02 -2.430458e+03 1.000000e+00
-4.418088e+00 1.125522e+03 -2.718060e+03 1.000000e+00
3.968659e-01 1.446108e+03 -2.466096e+03 1.000000e+00
4.032423e+00 2.215198e+03 -2.794854e+03 1.000000e+00
7.780816e+00 2.290997e+03 -2.312656e+03 1.000000e+00
1.266872e+01 2.841996e+03 -2.614008e+03 1.000000e+00
-6.585070e+00 -4.586139e+02 -2.100612e+03 1.000000e+00
-5.477722e+00 -3.686801e+02 -2.212111e+03 1.000000e+00
-5.103524e+00 1.753154e+02 -2.448635e+03 1.000000e+00
-4.457955e+00 3.277814e+02 -2.440560e+03 1.000000e+00
-2.127050e+00 1.105654e+03 -2.709710e+03 1.000000e+00
-2.850493e+00 1.472349e+03 -2.483431e+03 1.000000e+00
-1.276283e+00 2.202953e+03 -2.778495e+03 1.000000e+00
2.406669e+00 2.315966e+03 -2.330977e+03 1.000000e+00
3.162278e+00 2.834389e+03 -2.589553e+03 1.000000e+00
0.000000e+00 -5.014448e+02 -2.093718e+03 1.000000e+00
0.000000e+00 -3.301046e+02 -2.222058e+03 1.000000e+00
0.000000e+00 1.362151e+02 -2.439259e+03 1.000000e+00
0.000000e+00 3.672203e+02 -2.456994e+03 1.000000e+00
0.000000e+00 1.071892e+03 -2.685479e+03 1.000000e+00
0.000000e+00 1.513600e+03 -2.518395e+03 1.000000e+00
0.000000e+00 2.177889e+03 -2.740219e+03 1.000000e+00
0.000000e+00 2.356945e+03 -2.372887e+03 1.000000e+00
0.000000e+00 2.816067e+03 -2.543111e+03 1.000000e+00
-2.940108e+01 -6.224121e+02 -1.968850e+03 1.000000e+00
-2.518322e+01 -7.018017e+01 -2.211790e+03 1.000000e+00
-1.902481e+01 -1.245903e+01 -2.247176e+03 1.000000e+00
-1.118550e+01 6.101631e+02 -2.480158e+03 1.000000e+00
-1.159146e+00 8.794295e+02 -2.329221e+03 1.000000e+00
1.023854e+01 1.721767e+03 -2.630676e+03 1.000000e+00
2.082116e+01 1.905901e+03 -2.240457e+03 1.000000e+00
3.034260e+01 2.513602e+03 -2.532117e+03 1.000000e+00
3.824776e+01 2.454905e+03 -1.911083e+03 1.000000e+00
-2.837127e+01 -6.202781e+02 -1.976738e+03 1.000000e+00
-2.488230e+01 -6.611470e+01 -2.219487e+03 1.000000e+00
-1.846021e+01 -9.493837e+00 -2.252371e+03 1.000000e+00
-1.058157e+01 6.153923e+02 -2.485718e+03 1.000000e+00
-1.943512e+00 8.833445e+02 -2.331968e+03 1.000000e+00
9.151304e+00 1.726690e+03 -2.629964e+03 1.000000e+00
1.958187e+01 1.908939e+03 -2.236719e+03 1.000000e+00
2.840112e+01 2.514502e+03 -2.525518e+03 1.000000e+00
3.617857e+01 2.452395e+03 -1.900906e+03 1.000000e+00
-2.735289e+01 -6.165813e+02 -1.983766e+03 1.000000e+00
-2.217700e+01 -6.413115e+01 -2.226318e+03 1.000000e+00
-1.706756e+01 -4.446989e+00 -2.258651e+03 1.000000e+00
-1.086481e+01 6.185274e+02 -2.490378e+03 1.000000e+00
-3.498243e-01 8.884308e+02 -2.334644e+03 1.000000e+00
9.540539e+00 1.731844e+03 -2.629883e+03 1.000000e+00
1.917191e+01 1.911816e+03 -2.232851e+03 1.000000e+00
2.914925e+01 2.516458e+03 -2.518516e+03 1.000000e+00
3.573891e+01 2.450776e+03 -1.893573e+03 1.000000e+00
-2.377451e+01 -6.147250e+02 -1.990694e+03 1.000000e+00
-2.121000e+01 -6.192197e+01 -2.232602e+03 1.000000e+00
-1.583474e+01 -8.560776e-01 -2.265034e+03 1.000000e+00
-9.641057e+00 6.212687e+02 -2.494531e+03 1.000000e+00
-2.753163e+00 8.929730e+02 -2.337998e+03 1.000000e+00
7.551623e+00 1.735449e+03 -2.628911e+03 1.000000e+00
1.571430e+01 1.915700e+03 -2.232796e+03 1.000000e+00
2.234808e+01 2.516729e+03 -2.511103e+03 1.000000e+00
3.047556e+01 2.450057e+03 -1.887065e+03 1.000000e+00
-2.041360e+01 -6.148995e+02 -1.997358e+03 1.000000e+00
-1.762428e+01 -5.807821e+01 -2.238987e+03 1.000000e+00
-1.344007e+01 -3.822591e-01 -2.269887e+03 1.000000e+00
-8.376321e+00 6.258480e+02 -2.499659e+03 1.000000e+00
-5.529056e-01 8.948387e+02 -2.341142e+03 1.000000e+00
5.312450e+00 1.739072e+03 -2.631510e+03 1.000000e+00
1.460380e+01 1.917855e+03 -2.229295e+03 1.000000e+00
2.329976e+01 2.518615e+03 -2.509565e+03 1.000000e+00
2.832432e+01 2.447566e+03 -1.876581e+03 1.000000e+00
-1.684523e+01 -6.113124e+02 -2.003312e+03 1.000000e+00
-1.376036e+01 -5.917417e+01 -2.242598e+03 1.000000e+00
-1.109630e+01 4.760312e+00 -2.277160e+03 1.000000e+00
-7.750904e+00 6.253867e+02 -2.501013e+03 1.000000e+00
-3.180837e+00 9.013927e+02 -2.348783e+03 1.000000e+00
4.448828e+00 1.739294e+03 -2.628156e+03 1.000000e+00
9.579719e+00 1.926296e+03 -2.234018e+03 1.000000e+00
1.508163e+01 2.517024e+03 -2.499027e+03 1.000000e+00
1.961860e+01 2.453781e+03 -1.880162e+03 1.000000e+00
-1.071898e+01 -6.208468e+02 -2.005180e+03 1.000000e+00
-1.084439e+01 -4.952858e+01 -2.249709e+03 1.000000e+00
-7.649901e+00 -2.282809e+00 -2.276763e+03 1.000000e+00
-4.886373e+00 6.355931e+02 -2.510897e+03 1.000000e+00
-1.359111e+00 8.954167e+02 -2.342829e+03 1.000000e+00
1.996103e+00 1.751277e+03 -2.638893e+03 1.000000e+00
6.538455e+00 1.922273e+03 -2.224347e+03 1.000000e+00
1.038029e+01 2.528167e+03 -2.507935e+03 1.000000e+00
1.508162e+01 2.448539e+03 -1.861860e+03 1.000000e+00
-6.730454e+00 -5.948612e+02 -2.011914e+03 1.000000e+00
-4.935030e+00 -7.583280e+01 -2.247537e+03 1.000000e+00
-5.235165e+00 2.451503e+01 -2.285593e+03 1.000000e+00
-4.033941e+00 6.127907e+02 -2.503348e+03 1.000000e+00
-1.545582e+00 9.220532e+02 -2.359714e+03 1.000000e+00
-1.580040e+00 1.735287e+03 -2.623855e+03 1.000000e+00
2.120599e-01 1.947388e+03 -2.243533e+03 1.000000e+00
3.680009e+00 2.518604e+03 -2.483109e+03 1.000000e+00
4.888125e+00 2.468905e+03 -1.884969e+03 1.000000e+00
0.000000e+00 -5.578422e+02 -2.019958e+03 1.000000e+00
0.000000e+00 -1.150319e+02 -2.238933e+03 1.000000e+00
0.000000e+00 6.279043e+01 -2.299512e+03 1.000000e+00
0.000000e+00 5.781342e+02 -2.484806e+03 1.000000e+00
0.000000e+00 9.626033e+02 -2.389064e+03 1.000000e+00
0.000000e+00 1.708421e+03 -2.590919e+03 1.000000e+00
0.000000e+00 1.989765e+03 -2.282431e+03 1.000000e+00
0.000000e+00 2.498446e+03 -2.437115e+03 1.000000e+00
0.000000e+00 2.508163e+03 -1.935774e+03 1.000000e+00
-2.666035e+01 -3.010669e+02 -2.008337e+03 1.000000e+00
-2.192847e+01 -2.410595e+02 -2.074208e+03 1.000000e+00
-1.549411e+01 3.006252e+02 -2.289969e+03 1.000000e+00
-7.252295e+00 4.149464e+02 -2.220740e+03 1.000000e+00
3.552954e+00 1.169191e+03 -2.466530e+03 1.000000e+00
1.534031e+01 1.473778e+03 -2.146889e+03 1.000000e+00
2.585561e+01 2.143274e+03 -2.418347e+03 1.000000e+00
3.494425e+01 2.174908e+03 -1.872450e+03 1.000000e+00
4.180013e+01 2.602985e+03 -2.128715e+03 1.000000e+00
-2.595541e+01 -2.981802e+02 -2.014888e+03 1.000000e+00
-2.177696e+01 -2.377529e+02 -2.081351e+03 1.000000e+00
-1.528415e+01 3.051898e+02 -2.294163e+03 1.000000e+00
-6.485425e+00 4.187999e+02 -2.224585e+03 1.000000e+00
2.871638e+00 1.174656e+03 -2.469010e+03 1.000000e+00
1.413844e+01 1.477654e+03 -2.143989e+03 1.000000e+00
2.493715e+01 2.146232e+03 -2.414120e+03 1.000000e+00
3.338802e+01 2.175496e+03 -1.864313e+03 1.000000e+00
3.939864e+01 2.600005e+03 -2.119477e+03 1.000000e+00
-2.432138e+01 -2.968763e+02 -2.021756e+03 1.000000e+00
-1.936707e+01 -2.336815e+02 -2.086877e+03 1.000000e+00
-1.342784e+01 3.073396e+02 -2.299705e+03 1.000000e+00
-7.528306e+00 4.229990e+02 -2.228100e+03 1.000000e+00
3.365331e+00 1.177406e+03 -2.470201e+03 1.000000e+00
1.402154e+01 1.480312e+03 -2.142983e+03 1.000000e+00
2.332263e+01 2.147824e+03 -2.408826e+03 1.000000e+00
3.263335e+01 2.173245e+03 -1.857428e+03 1.000000e+00
3.904021e+01 2.596196e+03 -2.109991e+03 1.000000e+00
-2.152718e+01 -2.945640e+02 -2.028463e+03 1.000000e+00
-1.865030e+01 -2.309864e+02 -2.092163e+03 1.000000e+00
-1.302894e+01 3.100987e+02 -2.304693e+03 1.000000e+00
-5.929454e+00 4.266087e+02 -2.232124e+03 1.000000e+00
1.910170e+00 1.180267e+03 -2.470452e+03 1.000000e+00
1.220113e+01 1.483631e+03 -2.143283e+03 1.000000e+00
2.102271e+01 2.148896e+03 -2.404157e+03 1.000000e+00
2.701499e+01 2.173596e+03 -1.853298e+03 1.000000e+00
3.361584e+01 2.592754e+03 -2.098127e+03 1.000000e+00
-1.849168e+01 -2.922286e+02 -2.033687e+03 1.000000e+00
-1.516487e+01 -2.304119e+02 -2.098172e+03 1.000000e+00
-1.118659e+01 3.139254e+02 -2.308510e+03 1.000000e+00
-5.475101e+00 4.278835e+02 -2.235344e+03 1.000000e+00
1.685922e+00 1.183844e+03 -2.474320e+03 1.000000e+00
8.992357e+00 1.486148e+03 -2.141729e+03 1.000000e+00
1.673790e+01 2.150361e+03 -2.403250e+03 1.000000e+00
2.587973e+01 2.173680e+03 -1.845512e+03 1.000000e+00
3.023201e+01 2.591589e+03 -2.093767e+03 1.000000e+00
-1.473144e+01 -2.938547e+02 -2.037108e+03 1.000000e+00
-1.222673e+01 -2.263811e+02 -2.103606e+03 1.000000e+00
-8.540393e+00 3.133180e+02 -2.311601e+03 1.000000e+00
-5.553227e+00 4.327386e+02 -2.240781e+03 1.000000e+00
5.377535e-01 1.182722e+03 -2.472796e+03 1.000000e+00
7.529980e+00 1.491995e+03 -2.147245e+03 1.000000e+00
1.439884e+01 2.148346e+03 -2.395043e+03 1.000000e+00
1.798383e+01 2.178310e+03 -1.848322e+03 1.000000e+00
2.263936e+01 2.585609e+03 -2.080149e+03 1.000000e+00
-1.038109e+01 -2.849236e+02 -2.044332e+03 1.000000e+00
-9.371812e+00 -2.339691e+02 -2.103303e+03 1.000000e+00
-6.973526e+00 3.234845e+02 -2.318759e+03 1.000000e+00
-3.348794e+00 4.264589e+02 -2.238348e+03 1.000000e+00
-6.464297e-01 1.194179e+03 -2.482901e+03 1.000000e+00
3.879121e+00 1.486912e+03 -2.136956e+03 1.000000e+00
7.062631e+00 2.160976e+03 -2.406346e+03 1.000000e+00
1.204217e+01 2.173536e+03 -1.833155e+03 1.000000e+00
1.566682e+01 2.594761e+03 -2.086273e+03 1.000000e+00
-5.912432e+00 -3.127604e+02 -2.041210e+03 1.000000e+00
-4.646774e+00 -2.080192e+02 -2.112135e+03 1.000000e+00
-4.452477e+00 2.993511e+02 -2.313079e+03 1.000000e+00
-3.094883e+00 4.524151e+02 -2.250591e+03 1.000000e+00
-2.118871e-01 1.174481e+03 -2.467475e+03 1.000000e+00
5.803592e-01 1.512417e+03 -2.159991e+03 1.000000e+00
2.580046e+00 2.147655e+03 -2.380809e+03 1.000000e+00
5.999922e+00 2.195147e+03 -1.856792e+03 1.000000e+00
6.827666e+00 2.585079e+03 -2.053942e+03 1.000000e+00
0.000000e+00 -3.520713e+02 -2.032014e+03 1.000000e+00
0.000000e+00 -1.710434e+02 -2.124278e+03 1.000000e+00
0.000000e+00 2.642029e+02 -2.300646e+03 1.000000e+00
0.000000e+00 4.909803e+02 -2.270031e+03 1.000000e+00
0.000000e+00 1.144793e+03 -2.437416e+03 1.000000e+00
0.000000e+00 1.553292e+03 -2.199678e+03 1.000000e+00
0.000000e+00 2.124891e+03 -2.335642e+03 1.000000e+00
0.000000e+00 2.235351e+03 -1.904619e+03 1.000000e+00
0.000000e+00 2.566951e+03 -1.999961e+03 1.000000e+00
-2.363949e+01 -4.553000e+02 -1.892467e+03 1.000000e+00
-1.852600e+01 6.291468e+01 -2.105839e+03 1.000000e+00
-1.192118e+01 1.260935e+02 -2.091346e+03 1.000000e+00
-3.348897e+00 6.984047e+02 -2.286371e+03 1.000000e+00
8.117884e+00 9.501671e+02 -2.063593e+03 1.000000e+00
2.012519e+01 1.708130e+03 -2.310907e+03 1.000000e+00
3.025439e+01 1.842780e+03 -1.833497e+03 1.000000e+00
3.854358e+01 2.331790e+03 -2.071069e+03 1.000000e+00
4.434776e+01 2.201061e+03 -1.396750e+03 1.000000e+00
-2.250075e+01 -4.520358e+02 -1.899056e+03 1.000000e+00
-1.838162e+01 6.653689e+01 -2.111505e+03 1.000000e+00
-1.104060e+01 1.299243e+02 -2.094575e+03 1.000000e+00
-2.070879e+00 7.024057e+02 -2.289617e+03 1.000000e+00
8.243225e+00 9.530941e+02 -2.063518e+03 1.000000e+00
1.969563e+01 1.710784e+03 -2.308957e+03 1.000000e+00
3.049687e+01 1.843015e+03 -1.826320e+03 1.000000e+00
3.875141e+01 2.329871e+03 -2.064180e+03 1.000000e+00
4.372647e+01 2.196917e+03 -1.385954e+03 1.000000e+00
-2.196319e+01 -4.486985e+02 -1.904617e+03 1.000000e+00
-1.640762e+01 6.839841e+01 -2.116638e+03 1.000000e+00
-1.113744e+01 1.336511e+02 -2.098831e+03 1.000000e+00
-4.392442e+00 7.046243e+02 -2.291825e+03 1.000000e+00
6.312442e+00 9.562552e+02 -2.063822e+03 1.000000e+00
1.753114e+01 1.712642e+03 -2.306449e+03 1.000000e+00
2.624385e+01 1.842458e+03 -1.821117e+03 1.000000e+00
3.401062e+01 2.327705e+03 -2.056032e+03 1.000000e+00
3.922453e+01 2.190616e+03 -1.377695e+03 1.000000e+00
-1.864136e+01 -4.474713e+02 -1.909831e+03 1.000000e+00
-1.529864e+01 7.122340e+01 -2.121158e+03 1.000000e+00
-9.131520e+00 1.360083e+02 -2.103251e+03 1.000000e+00
-1.793679e+00 7.069841e+02 -2.293423e+03 1.000000e+00
6.754305e+00 9.586027e+02 -2.065237e+03 1.000000e+00
1.726628e+01 1.713071e+03 -2.302710e+03 1.000000e+00
2.623006e+01 1.842748e+03 -1.818881e+03 1.000000e+00
3.276516e+01 2.324765e+03 -2.047124e+03 1.000000e+00
3.785003e+01 2.185781e+03 -1.371048e+03 1.000000e+00
-1.630198e+01 -4.465138e+02 -1.915133e+03 1.000000e+00
-1.341154e+01 7.433373e+01 -2.125769e+03 1.000000e+00
-8.769908e+00 1.376920e+02 -2.105825e+03 1.000000e+00
-3.437033e+00 7.101679e+02 -2.296700e+03 1.000000e+00
4.484205e+00 9.607476e+02 -2.065333e+03 1.000000e+00
1.210516e+01 1.714914e+03 -2.303432e+03 1.000000e+00
1.933966e+01 1.843748e+03 -1.813226e+03 1.000000e+00
2.639557e+01 2.323592e+03 -2.042936e+03 1.000000e+00
3.108538e+01 2.182561e+03 -1.361185e+03 1.000000e+00
-1.336334e+01 -4.437593e+02 -1.919643e+03 1.000000e+00
-9.590648e+00 7.318019e+01 -2.128260e+03 1.000000e+00
-6.515781e+00 1.416429e+02 -2.110705e+03 1.000000e+00
-2.674273e+00 7.089451e+02 -2.296956e+03 1.000000e+00
2.484138e+00 9.650897e+02 -2.069187e+03 1.000000e+00
1.079099e+01 1.713426e+03 -2.298889e+03 1.000000e+00
1.698986e+01 1.847377e+03 -1.815393e+03 1.000000e+00
2.194662e+01 2.318924e+03 -2.032139e+03 1.000000e+00
2.404918e+01 2.183674e+03 -1.362990e+03 1.000000e+00
-8.744098e+00 -4.520231e+02 -1.920176e+03 1.000000e+00
-8.618532e+00 8.274893e+01 -2.134543e+03 1.000000e+00
-5.336429e+00 1.349458e+02 -2.108736e+03 1.000000e+00
-2.128208e+00 7.194528e+02 -2.305188e+03 1.000000e+00
1.886694e+00 9.589207e+02 -2.061480e+03 1.000000e+00
5.583045e+00 1.724574e+03 -2.308224e+03 1.000000e+00
9.815492e+00 1.841269e+03 -1.802703e+03 1.000000e+00
1.291528e+01 2.329404e+03 -2.041365e+03 1.000000e+00
1.721810e+01 2.175750e+03 -1.343547e+03 1.000000e+00
-6.064744e+00 -4.266083e+02 -1.928120e+03 1.000000e+00
-3.922468e+00 5.778194e+01 -2.129449e+03 1.000000e+00
-3.756607e+00 1.610156e+02 -2.119268e+03 1.000000e+00
-2.562423e+00 6.982592e+02 -2.292776e+03 1.000000e+00
7.059127e-01 9.844714e+02 -2.082652e+03 1.000000e+00
1.833392e+00 1.708947e+03 -2.284437e+03 1.000000e+00
4.077863e+00 1.865083e+03 -1.828728e+03 1.000000e+00
7.202541e+00 2.317593e+03 -2.007242e+03 1.000000e+00
8.214605e+00 2.193613e+03 -1.373638e+03 1.000000e+00
0.000000e+00 -3.921286e+02 -1.937908e+03 1.000000e+00
0.000000e+00 2.168397e+01 -2.118208e+03 1.000000e+00
0.000000e+00 1.974476e+02 -2.135387e+03 1.000000e+00
0.000000e+00 6.659449e+02 -2.270662e+03 1.000000e+00
0.000000e+00 1.021652e+03 -2.116320e+03 1.000000e+00
0.000000e+00 1.682794e+03 -2.244312e+03 1.000000e+00
0.000000e+00 1.903495e+03 -1.873786e+03 1.000000e+00
0.000000e+00 2.295918e+03 -1.954075e+03 1.000000e+00
0.000000e+00 2.229228e+03 -1.430428e+03 1.000000e+00
