0 729 0.00000e+00
  1     729
-1.315874e+01 -2.265292e+03 0.000000e+00 1.000000e+00
-1.494935e+01 -2.007691e+03 -1.372607e+02 1.000000e+00
-1.889772e+01 -2.367126e+03 -2.944442e+02 1.000000e+00
-2.394109e+01 -2.051623e+03 -4.591656e+02 1.000000e+00
-2.908300e+01 -2.345290e+03 -6.683209e+02 1.000000e+00
-3.429216e+01 -1.952105e+03 -8.715207e+02 1.000000e+00
-3.875987e+01 -2.155233e+03 -1.141478e+03 1.000000e+00
-4.200106e+01 -1.666063e+03 -1.368748e+03 1.000000e+00
-4.405147e+01 -1.785483e+03 -1.678227e+03 1.000000e+00
-1.196379e+01 -2.272936e+03 0.000000e+00 1.000000e+00
-1.351337e+01 -2.016851e+03 -1.389047e+02 1.000000e+00
-1.868426e+01 -2.374484e+03 -2.993708e+02 1.000000e+00
-2.468816e+01 -2.060113e+03 -4.643088e+02 1.000000e+00
-2.905546e+01 -2.351048e+03 -6.756099e+02 1.000000e+00
-3.346326e+01 -1.957159e+03 -8.804974e+02 1.000000e+00
-3.750412e+01 -2.157878e+03 -1.152025e+03 1.000000e+00
-4.065728e+01 -1.667710e+03 -1.379903e+03 1.000000e+00
-4.244871e+01 -1.786456e+03 -1.689277e+03 1.000000e+00
-1.355885e+01 -2.280538e+03 0.000000e+00 1.000000e+00
-1.551004e+01 -2.026394e+03 -1.406516e+02 1.000000e+00
-1.781762e+01 -2.381919e+03 -3.030039e+02 1.000000e+00
-2.177172e+01 -2.068165e+03 -4.700099e+02 1.000000e+00
-2.818827e+01 -2.356780e+03 -6.828536e+02 1.000000e+00
-3.280569e+01 -1.962549e+03 -8.892883e+02 1.000000e+00
-3.559562e+01 -2.160270e+03 -1.161863e+03 1.000000e+00
-3.765483e+01 -1.670391e+03 -1.390436e+03 1.000000e+00
-4.062030e+01 -1.786041e+03 -1.700373e+03 1.000000e+00
-9.029347e+00 -2.289352e+03 0.000000e+00 1.000000e+00
-1.105643e+01 -2.034516e+03 -1.425980e+02 1.000000e+00
-1.629022e+01 -2.390736e+03 -3.061142e+02 1.000000e+00
-2.187960e+01 -2.074971e+03 -4.756031e+02 1.000000e+00
-2.600834e+01 -2.363900e+03 -6.896254e+02 1.000000e+00
-2.913103e+01 -1.967068e+03 -8.975521e+02 1.000000e+00
-3.095526e+01 -2.164162e+03 -1.170519e+03 1.000000e+00
-3.370541e+01 -1.673215e+03 -1.400808e+03 1.000000e+00
-3.670937e+01 -1.786178e+03 -1.710753e+03 1.000000e+00
-9.253940e+00 -2.297392e+03 0.000000e+00 1.000000e+00
-1.037563e+01 -2.043423e+03 -1.439204e+02 1.000000e+00
-1.430502e+01 -2.398396e+03 -3.103032e+02 1.000000e+00
-1.884557e+01 -2.083620e+03 -4.798747e+02 1.000000e+00
-2.234850e+01 -2.370017e+03 -6.955177e+02 1.000000e+00
-2.500183e+01 -1.972936e+03 -9.047932e+02 1.000000e+00
-2.797922e+01 -2.167835e+03 -1.179416e+03 1.000000e+00
-2.960919e+01 -1.675984e+03 -1.408745e+03 1.000000e+00
-3.083474e+01 -1.789197e+03 -1.720351e+03 1.000000e+00
-6.084192e+00 -2.302132e+03 0.000000e+00 1.000000e+00
-8.863961e+00 -2.056744e+03 -1.456716e+02 1.000000e+00
-1.144736e+01 -2.402715e+03 -3.125392e+02 1.000000e+00
-1.435163e+01 -2.096636e+03 -4.842125e+02 1.000000e+00
-1.871807e+01 -2.372353e+03 -7.006071e+02 1.000000e+00
-2.111943e+01 -1.984114e+03 -9.112516e+02 1.000000e+00
-2.071078e+01 -2.167799e+03 -1.185661e+03 1.000000e+00
-2.285906e+01 -1.684923e+03 -1.416942e+03 1.000000e+00
-2.514405e+01 -1.786473e+03 -1.726735e+03 1.000000e+00
-3.487588e+00 -2.325957e+03 0.000000e+00 1.000000e+00
-4.781189e+00 -2.051310e+03 -1.474911e+02 1.000000e+00
-8.886230e+00 -2.426407e+03 -3.145600e+02 1.000000e+00
-1.196336e+01 -2.091358e+03 -4.872087e+02 1.000000e+00
-1.364650e+01 -2.394679e+03 -7.049518e+02 1.000000e+00
-1.400474e+01 -1.976824e+03 -9.152335e+02 1.000000e+00
-1.601846e+01 -2.187721e+03 -1.191581e+03 1.000000e+00
-1.673899e+01 -1.677133e+03 -1.421923e+03 1.000000e+00
-1.777023e+01 -1.802666e+03 -1.733898e+03 1.000000e+00
-5.188007e-01 -2.303048e+03 0.000000e+00 1.000000e+00
-2.721072e+00 -2.093001e+03 -1.489847e+02 1.000000e+00
-5.776323e+00 -2.404055e+03 -3.166738e+02 1.000000e+00
-8.083184e+00 -2.132574e+03 -4.891780e+02 1.000000e+00
-8.286849e+00 -2.372497e+03 -7.065588e+02 1.000000e+00
-8.739766e+00 -2.015564e+03 -9.186934e+02 1.000000e+00
-8.283649e+00 -2.163820e+03 -1.194739e+03 1.000000e+00
-8.841387e+00 -1.712749e+03 -1.425451e+03 1.000000e+00
-9.513824e+00 -1.777972e+03 -1.737878e+03 1.000000e+00
0.000000e+00 -2.263155e+03 0.000000e+00 1.000000e+00
0.000000e+00 -2.153305e+03 -1.500010e+02 1.000000e+00
0.000000e+00 -2.364944e+03 -3.170844e+02 1.000000e+00
0.000000e+00 -2.192313e+03 -4.905032e+02 1.000000e+00
0.000000e+00 -2.333761e+03 -7.060887e+02 1.000000e+00
0.000000e+00 -2.073984e+03 -9.213489e+02 1.000000e+00
0.000000e+00 -2.124296e+03 -1.193506e+03 1.000000e+00
0.000000e+00 -1.768117e+03 -1.429573e+03 1.000000e+00
0.000000e+00 -1.736941e+03 -1.736020e+03 1.000000e+00
-1.372476e+01 -1.924774e+03 0.000000e+00 1.000000e+00
-1.543096e+01 -2.318919e+03 -1.513610e+02 1.000000e+00
-1.948191e+01 -2.019417e+03 -3.107659e+02 1.000000e+00
-2.474696e+01 -2.355143e+03 -4.991900e+02 1.000000e+00
-2.998250e+01 -1.984350e+03 -6.917864e+02 1.000000e+00
-3.519564e+01 -2.242740e+03 -9.350727e+02 1.000000e+00
-3.957067e+01 -1.777928e+03 -1.162624e+03 1.000000e+00
-4.238583e+01 -1.944913e+03 -1.456302e+03 1.000000e+00
-4.420680e+01 -1.390179e+03 -1.687086e+03 1.000000e+00
-1.252839e+01 -1.933314e+03 0.000000e+00 1.000000e+00
-1.416523e+01 -2.326941e+03 -1.532154e+02 1.000000e+00
-1.910118e+01 -2.027809e+03 -3.153976e+02 1.000000e+00
-2.566268e+01 -2.362103e+03 -5.051774e+02 1.000000e+00
-3.026082e+01 -1.991803e+03 -6.984397e+02 1.000000e+00
-3.417696e+01 -2.245989e+03 -9.448671e+02 1.000000e+00
-3.841330e+01 -1.781323e+03 -1.172954e+03 1.000000e+00
-4.129474e+01 -1.946270e+03 -1.467781e+03 1.000000e+00
-4.314151e+01 -1.390571e+03 -1.698305e+03 1.000000e+00
-1.436173e+01 -1.942780e+03 0.000000e+00 1.000000e+00
-1.588935e+01 -2.334496e+03 -1.549684e+02 1.000000e+00
-1.865028e+01 -2.036709e+03 -3.191773e+02 1.000000e+00
-2.226202e+01 -2.368472e+03 -5.108409e+02 1.000000e+00
-2.885186e+01 -1.998703e+03 -7.060976e+02 1.000000e+00
-3.398288e+01 -2.249889e+03 -9.537410e+02 1.000000e+00
-3.590275e+01 -1.785192e+03 -1.182995e+03 1.000000e+00
-3.773500e+01 -1.947040e+03 -1.478261e+03 1.000000e+00
-4.002436e+01 -1.391397e+03 -1.709475e+03 1.000000e+00
-9.744472e+00 -1.951498e+03 0.000000e+00 1.000000e+00
-1.145757e+01 -2.342809e+03 -1.567012e+02 1.000000e+00
-1.672340e+01 -2.044649e+03 -3.227823e+02 1.000000e+00
-2.285747e+01 -2.376426e+03 -5.159935e+02 1.000000e+00
-2.720909e+01 -2.004216e+03 -7.136924e+02 1.000000e+00
-2.970791e+01 -2.255468e+03 -9.615693e+02 1.000000e+00
-3.178315e+01 -1.788518e+03 -1.192410e+03 1.000000e+00
-3.448099e+01 -1.949198e+03 -1.488094e+03 1.000000e+00
-3.728323e+01 -1.392995e+03 -1.720312e+03 1.000000e+00
-9.330834e+00 -1.959919e+03 0.000000e+00 1.000000e+00
-1.094274e+01 -2.351114e+03 -1.582132e+02 1.000000e+00
-1.461857e+01 -2.052967e+03 -3.266471e+02 1.000000e+00
-1.940871e+01 -2.383636e+03 -5.210563e+02 1.000000e+00
-2.294893e+01 -2.011688e+03 -7.188666e+02 1.000000e+00
-2.589028e+01 -2.259984e+03 -9.699363e+02 1.000000e+00
-2.784796e+01 -1.792478e+03 -1.200292e+03 1.000000e+00
-2.924185e+01 -1.952158e+03 -1.497416e+03 1.000000e+00
-3.055372e+01 -1.394426e+03 -1.728704e+03 1.000000e+00
-6.881161e+00 -1.972890e+03 0.000000e+00 1.000000e+00
-8.999836e+00 -2.355572e+03 -1.599793e+02 1.000000e+00
-1.213267e+01 -2.066439e+03 -3.290353e+02 1.000000e+00
-1.475610e+01 -2.386633e+03 -5.251820e+02 1.000000e+00
-1.963655e+01 -2.024184e+03 -7.245856e+02 1.000000e+00
-2.143101e+01 -2.260381e+03 -9.757885e+02 1.000000e+00
-2.172520e+01 -1.803005e+03 -1.207839e+03 1.000000e+00
-2.344260e+01 -1.950098e+03 -1.503932e+03 1.000000e+00
-2.537786e+01 -1.402451e+03 -1.737207e+03 1.000000e+00
-3.286291e+00 -1.966757e+03 0.000000e+00 1.000000e+00
-5.224179e+00 -2.379413e+03 -1.618654e+02 1.000000e+00
-8.769249e+00 -2.060890e+03 -3.309434e+02 1.000000e+00
-1.256100e+01 -2.410326e+03 -5.285911e+02 1.000000e+00
-1.364126e+01 -2.017230e+03 -7.283758e+02 1.000000e+00
-1.478182e+01 -2.281654e+03 -9.807610e+02 1.000000e+00
-1.533714e+01 -1.794700e+03 -1.212745e+03 1.000000e+00
-1.672966e+01 -1.968357e+03 -1.510486e+03 1.000000e+00
-1.757580e+01 -1.394222e+03 -1.742270e+03 1.000000e+00
-7.779240e-01 -2.008119e+03 0.000000e+00 1.000000e+00
-2.589208e+00 -2.356731e+03 -1.634388e+02 1.000000e+00
-6.189991e+00 -2.102590e+03 -3.330601e+02 1.000000e+00
-7.764913e+00 -2.387443e+03 -5.304387e+02 1.000000e+00
-8.890850e+00 -2.057367e+03 -7.303539e+02 1.000000e+00
-8.618461e+00 -2.258735e+03 -9.839401e+02 1.000000e+00
-8.514859e+00 -1.831296e+03 -1.216087e+03 1.000000e+00
-8.584357e+00 -1.943857e+03 -1.513949e+03 1.000000e+00
-9.467952e+00 -1.428926e+03 -1.746505e+03 1.000000e+00
0.000000e+00 -2.068967e+03 0.000000e+00 1.000000e+00
0.000000e+00 -2.316426e+03 -1.642270e+02 1.000000e+00
0.000000e+00 -2.163760e+03 -3.341041e+02 1.000000e+00
0.000000e+00 -2.347031e+03 -5.304952e+02 1.000000e+00
0.000000e+00 -2.117615e+03 -7.320076e+02 1.000000e+00
0.000000e+00 -2.218513e+03 -9.836208e+02 1.000000e+00
0.000000e+00 -1.888931e+03 -1.218775e+03 1.000000e+00
0.000000e+00 -1.902913e+03 -1.513084e+03 1.000000e+00
0.000000e+00 -1.483676e+03 -1.750846e+03 1.000000e+00
-1.426097e+01 -2.249267e+03 0.000000e+00 1.000000e+00
-1.584643e+01 -1.964698e+03 -1.593725e+02 1.000000e+00
-2.000721e+01 -2.339996e+03 -3.349792e+02 1.000000e+00
-2.540846e+01 -1.989563e+03 -5.177271e+02 1.000000e+00
-3.080773e+01 -2.297082e+03 -7.375634e+02 1.000000e+00
-3.601099e+01 -1.862726e+03 -9.545560e+02 1.000000e+00
-4.033649e+01 -2.077449e+03 -1.229047e+03 1.000000e+00
-4.288507e+01 -1.550547e+03 -1.468070e+03 1.000000e+00
-4.418839e+01 -1.682049e+03 -1.775479e+03 1.000000e+00
-1.343555e+01 -2.258017e+03 0.000000e+00 1.000000e+00
-1.441360e+01 -1.972575e+03 -1.609747e+02 1.000000e+00
-1.948788e+01 -2.347494e+03 -3.401373e+02 1.000000e+00
-2.643740e+01 -1.997832e+03 -5.234822e+02 1.000000e+00
-3.118804e+01 -2.302163e+03 -7.447103e+02 1.000000e+00
-3.490089e+01 -1.868061e+03 -9.640021e+02 1.000000e+00
-3.868461e+01 -2.078560e+03 -1.240060e+03 1.000000e+00
-4.171842e+01 -1.552589e+03 -1.479214e+03 1.000000e+00
-4.352565e+01 -1.682136e+03 -1.786908e+03 1.000000e+00
-1.451356e+01 -2.265051e+03 0.000000e+00 1.000000e+00
-1.657921e+01 -1.981887e+03 -1.628007e+02 1.000000e+00
-1.929887e+01 -2.354620e+03 -3.439770e+02 1.000000e+00
-2.262666e+01 -2.005587e+03 -5.291334e+02 1.000000e+00
-2.952133e+01 -2.307494e+03 -7.527137e+02 1.000000e+00
-3.491543e+01 -1.873421e+03 -9.729763e+02 1.000000e+00
-3.668143e+01 -2.080807e+03 -1.250228e+03 1.000000e+00
-3.781913e+01 -1.555361e+03 -1.489671e+03 1.000000e+00
-3.956665e+01 -1.681165e+03 -1.797831e+03 1.000000e+00
-1.043901e+01 -2.272369e+03 0.000000e+00 1.000000e+00
-1.181335e+01 -1.990695e+03 -1.647698e+02 1.000000e+00
-1.685482e+01 -2.362477e+03 -3.472656e+02 1.000000e+00
-2.385497e+01 -2.012610e+03 -5.349206e+02 1.000000e+00
-2.809551e+01 -2.314268e+03 -7.597849e+02 1.000000e+00
-3.015775e+01 -1.877135e+03 -9.816853e+02 1.000000e+00
-3.200740e+01 -2.085074e+03 -1.259154e+03 1.000000e+00
-3.473574e+01 -1.557175e+03 -1.499983e+03 1.000000e+00
-3.779950e+01 -1.681544e+03 -1.808152e+03 1.000000e+00
-9.952435e+00 -2.281854e+03 0.000000e+00 1.000000e+00
-1.103769e+01 -1.998355e+03 -1.660049e+02 1.000000e+00
-1.530161e+01 -2.370448e+03 -3.517688e+02 1.000000e+00
-1.960733e+01 -2.020773e+03 -5.393856e+02 1.000000e+00
-2.366032e+01 -2.320120e+03 -7.658773e+02 1.000000e+00
-2.678018e+01 -1.882876e+03 -9.892777e+02 1.000000e+00
-2.813714e+01 -2.088491e+03 -1.268151e+03 1.000000e+00
-2.916054e+01 -1.559533e+03 -1.508169e+03 1.000000e+00
-3.012722e+01 -1.684201e+03 -1.818066e+03 1.000000e+00
-6.863284e+00 -2.285875e+03 0.000000e+00 1.000000e+00
-9.654922e+00 -2.011857e+03 -1.679012e+02 1.000000e+00
-1.215700e+01 -2.374162e+03 -3.540753e+02 1.000000e+00
-1.559616e+01 -2.034143e+03 -5.437512e+02 1.000000e+00
-1.996602e+01 -2.321316e+03 -7.713157e+02 1.000000e+00
-2.188610e+01 -1.894904e+03 -9.960076e+02 1.000000e+00
-2.189655e+01 -2.087141e+03 -1.274685e+03 1.000000e+00
-2.399902e+01 -1.569309e+03 -1.516355e+03 1.000000e+00
-2.533671e+01 -1.680298e+03 -1.824193e+03 1.000000e+00
-3.766105e+00 -2.309387e+03 0.000000e+00 1.000000e+00
-5.038761e+00 -2.005931e+03 -1.697852e+02 1.000000e+00
-9.247245e+00 -2.398205e+03 -3.560933e+02 1.000000e+00
-1.244570e+01 -2.028002e+03 -5.470842e+02 1.000000e+00
-1.430552e+01 -2.343998e+03 -7.753984e+02 1.000000e+00
-1.494617e+01 -1.886487e+03 -1.000615e+03 1.000000e+00
-1.572780e+01 -2.107588e+03 -1.280553e+03 1.000000e+00
-1.603510e+01 -1.559461e+03 -1.521603e+03 1.000000e+00
-1.782628e+01 -1.697161e+03 -1.831220e+03 1.000000e+00
-6.191440e-01 -2.286568e+03 0.000000e+00 1.000000e+00
-2.985945e+00 -2.047777e+03 -1.713644e+02 1.000000e+00
-5.954046e+00 -2.375442e+03 -3.582409e+02 1.000000e+00
-7.997658e+00 -2.068813e+03 -5.488442e+02 1.000000e+00
-8.716164e+00 -2.320991e+03 -7.776106e+02 1.000000e+00
-8.936580e+00 -1.925268e+03 -1.003752e+03 1.000000e+00
-8.102308e+00 -2.083836e+03 -1.283891e+03 1.000000e+00
-8.929021e+00 -1.595194e+03 -1.525187e+03 1.000000e+00
-9.050710e+00 -1.672088e+03 -1.835459e+03 1.000000e+00
0.000000e+00 -2.244939e+03 0.000000e+00 1.000000e+00
0.000000e+00 -2.109927e+03 -1.724716e+02 1.000000e+00
0.000000e+00 -2.334076e+03 -3.585387e+02 1.000000e+00
0.000000e+00 -2.130060e+03 -5.501039e+02 1.000000e+00
0.000000e+00 -2.279478e+03 -7.775599e+02 1.000000e+00
0.000000e+00 -1.985127e+03 -1.005825e+03 1.000000e+00
0.000000e+00 -2.041588e+03 -1.283350e+03 1.000000e+00
0.000000e+00 -1.652531e+03 -1.528804e+03 1.000000e+00
0.000000e+00 -1.629130e+03 -1.833883e+03 1.000000e+00
-1.465052e+01 -1.886416e+03 0.000000e+00 1.000000e+00
-1.629160e+01 -2.300633e+03 -1.703307e+02 1.000000e+00
-2.042684e+01 -1.969415e+03 -3.471403e+02 1.000000e+00
-2.597460e+01 -2.320990e+03 -5.491163e+02 1.000000e+00
-3.148654e+01 -1.914939e+03 -7.543472e+02 1.000000e+00
-3.667291e+01 -2.183955e+03 -1.003377e+03 1.000000e+00
-4.100470e+01 -1.681454e+03 -1.242505e+03 1.000000e+00
-4.331588e+01 -1.863422e+03 -1.534647e+03 1.000000e+00
-4.428493e+01 -1.270778e+03 -1.776216e+03 1.000000e+00
-1.398600e+01 -1.893889e+03 0.000000e+00 1.000000e+00
-1.480708e+01 -2.308870e+03 -1.720062e+02 1.000000e+00
-1.962434e+01 -1.976985e+03 -3.522205e+02 1.000000e+00
-2.711757e+01 -2.327950e+03 -5.554432e+02 1.000000e+00
-3.183522e+01 -1.921688e+03 -7.608942e+02 1.000000e+00
-3.549557e+01 -2.186696e+03 -1.013697e+03 1.000000e+00
-3.891056e+01 -1.684996e+03 -1.252857e+03 1.000000e+00
-4.137353e+01 -1.862632e+03 -1.546402e+03 1.000000e+00
-4.394270e+01 -1.272184e+03 -1.787560e+03 1.000000e+00
-1.474772e+01 -1.902977e+03 0.000000e+00 1.000000e+00
-1.706276e+01 -2.315951e+03 -1.739707e+02 1.000000e+00
-2.013940e+01 -1.985873e+03 -3.560986e+02 1.000000e+00
-2.287998e+01 -2.334124e+03 -5.610027e+02 1.000000e+00
-3.015186e+01 -1.928209e+03 -7.692651e+02 1.000000e+00
-3.584224e+01 -2.190444e+03 -1.022768e+03 1.000000e+00
-3.728117e+01 -1.688887e+03 -1.263042e+03 1.000000e+00
-3.858062e+01 -1.863198e+03 -1.556882e+03 1.000000e+00
-3.912213e+01 -1.273466e+03 -1.798254e+03 1.000000e+00
-1.115223e+01 -1.912227e+03 0.000000e+00 1.000000e+00
-1.197277e+01 -2.323029e+03 -1.758863e+02 1.000000e+00
-1.692714e+01 -1.994363e+03 -3.597432e+02 1.000000e+00
-2.457314e+01 -2.341398e+03 -5.664042e+02 1.000000e+00
-2.879335e+01 -1.933490e+03 -7.770134e+02 1.000000e+00
-3.040431e+01 -2.195677e+03 -1.030948e+03 1.000000e+00
-3.210674e+01 -1.691769e+03 -1.272951e+03 1.000000e+00
-3.422315e+01 -1.865586e+03 -1.566128e+03 1.000000e+00
-3.781870e+01 -1.273502e+03 -1.809258e+03 1.000000e+00
-9.998375e+00 -1.919241e+03 0.000000e+00 1.000000e+00
-1.164352e+01 -2.332015e+03 -1.772498e+02 1.000000e+00
-1.561143e+01 -2.001884e+03 -3.641104e+02 1.000000e+00
-2.013842e+01 -2.348869e+03 -5.714255e+02 1.000000e+00
-2.422286e+01 -1.940360e+03 -7.824278e+02 1.000000e+00
-2.775160e+01 -2.200311e+03 -1.039630e+03 1.000000e+00
-2.849497e+01 -1.695861e+03 -1.280885e+03 1.000000e+00
-2.955492e+01 -1.867760e+03 -1.575508e+03 1.000000e+00
-3.022557e+01 -1.275147e+03 -1.818139e+03 1.000000e+00
-7.413025e+00 -1.932202e+03 0.000000e+00 1.000000e+00
-9.660417e+00 -2.335948e+03 -1.792064e+02 1.000000e+00
-1.257404e+01 -2.015788e+03 -3.665561e+02 1.000000e+00
-1.574603e+01 -2.350738e+03 -5.755048e+02 1.000000e+00
-2.057515e+01 -1.953620e+03 -7.885294e+02 1.000000e+00
-2.175141e+01 -2.199548e+03 -1.045704e+03 1.000000e+00
-2.216245e+01 -1.706980e+03 -1.288601e+03 1.000000e+00
-2.382505e+01 -1.864862e+03 -1.582426e+03 1.000000e+00
-2.496886e+01 -1.283896e+03 -1.825707e+03 1.000000e+00
-3.817369e+00 -1.926278e+03 0.000000e+00 1.000000e+00
-5.439058e+00 -2.359865e+03 -1.810550e+02 1.000000e+00
-9.070514e+00 -2.009462e+03 -3.686503e+02 1.000000e+00
-1.307357e+01 -2.374661e+03 -5.790406e+02 1.000000e+00
-1.440056e+01 -1.945889e+03 -7.923057e+02 1.000000e+00
-1.572482e+01 -2.221169e+03 -1.050873e+03 1.000000e+00
-1.569789e+01 -1.697580e+03 -1.293979e+03 1.000000e+00
-1.618134e+01 -1.883474e+03 -1.588479e+03 1.000000e+00
-1.774509e+01 -1.273752e+03 -1.831687e+03 1.000000e+00
-9.123167e-01 -1.968120e+03 0.000000e+00 1.000000e+00
-2.909940e+00 -2.337258e+03 -1.826790e+02 1.000000e+00
-6.216050e+00 -2.050929e+03 -3.707820e+02 1.000000e+00
-7.620562e+00 -2.351537e+03 -5.807949e+02 1.000000e+00
-8.886639e+00 -1.985595e+03 -7.945491e+02 1.000000e+00
-8.593277e+00 -2.197856e+03 -1.054214e+03 1.000000e+00
-8.250599e+00 -1.734835e+03 -1.297179e+03 1.000000e+00
-8.727861e+00 -1.859001e+03 -1.592328e+03 1.000000e+00
-8.925536e+00 -1.308957e+03 -1.835789e+03 1.000000e+00
0.000000e+00 -2.030656e+03 0.000000e+00 1.000000e+00
0.000000e+00 -2.295163e+03 -1.836010e+02 1.000000e+00
0.000000e+00 -2.113711e+03 -3.715154e+02 1.000000e+00
0.000000e+00 -2.308723e+03 -5.811417e+02 1.000000e+00
0.000000e+00 -2.047004e+03 -7.959837e+02 1.000000e+00
0.000000e+00 -2.155022e+03 -1.054224e+03 1.000000e+00
0.000000e+00 -1.794195e+03 -1.299532e+03 1.000000e+00
0.000000e+00 -1.815679e+03 -1.592370e+03 1.000000e+00
0.000000e+00 -1.364911e+03 -1.838576e+03 1.000000e+00
-1.498102e+01 -2.234669e+03 0.000000e+00 1.000000e+00
-1.665692e+01 -1.923558e+03 -1.761497e+02 1.000000e+00
-2.076273e+01 -2.316495e+03 -3.660424e+02 1.000000e+00
-2.637319e+01 -1.934648e+03 -5.628867e+02 1.000000e+00
-3.200362e+01 -2.255100e+03 -7.891080e+02 1.000000e+00
-3.713522e+01 -1.785710e+03 -1.017496e+03 1.000000e+00
-4.139703e+01 -2.013936e+03 -1.291885e+03 1.000000e+00
-4.356104e+01 -1.451092e+03 -1.541307e+03 1.000000e+00
-4.431287e+01 -1.597783e+03 -1.841057e+03 1.000000e+00
-1.444719e+01 -2.243448e+03 0.000000e+00 1.000000e+00
-1.512382e+01 -1.930964e+03 -1.777561e+02 1.000000e+00
-1.988746e+01 -2.324160e+03 -3.713705e+02 1.000000e+00
-2.751910e+01 -1.942012e+03 -5.691526e+02 1.000000e+00
-3.252601e+01 -2.260511e+03 -7.958912e+02 1.000000e+00
-3.600631e+01 -1.790575e+03 -1.027537e+03 1.000000e+00
-3.913824e+01 -2.014590e+03 -1.302898e+03 1.000000e+00
-4.124890e+01 -1.453890e+03 -1.552417e+03 1.000000e+00
-4.380562e+01 -1.595858e+03 -1.852993e+03 1.000000e+00
-1.484803e+01 -2.250231e+03 0.000000e+00 1.000000e+00
-1.759159e+01 -1.940165e+03 -1.798554e+02 1.000000e+00
-2.069296e+01 -2.330835e+03 -3.752624e+02 1.000000e+00
-2.319920e+01 -1.949562e+03 -5.747003e+02 1.000000e+00
-3.052784e+01 -2.265615e+03 -8.044243e+02 1.000000e+00
-3.643983e+01 -1.795379e+03 -1.036733e+03 1.000000e+00
-3.765514e+01 -2.016304e+03 -1.313120e+03 1.000000e+00
-3.878946e+01 -1.456390e+03 -1.562798e+03 1.000000e+00
-3.921288e+01 -1.594816e+03 -1.863625e+03 1.000000e+00
-1.162123e+01 -2.256828e+03 0.000000e+00 1.000000e+00
-1.225311e+01 -1.949344e+03 -1.819211e+02 1.000000e+00
-1.697288e+01 -2.337815e+03 -3.788089e+02 1.000000e+00
-2.519850e+01 -1.957098e+03 -5.804261e+02 1.000000e+00
-2.931616e+01 -2.271465e+03 -8.117635e+02 1.000000e+00
-3.086202e+01 -1.799162e+03 -1.045695e+03 1.000000e+00
-3.232273e+01 -2.020711e+03 -1.322459e+03 1.000000e+00
-3.387995e+01 -1.457276e+03 -1.572520e+03 1.000000e+00
-3.737753e+01 -1.595545e+03 -1.873833e+03 1.000000e+00
-1.024028e+01 -2.266518e+03 0.000000e+00 1.000000e+00
-1.188372e+01 -1.956320e+03 -1.832505e+02 1.000000e+00
-1.622303e+01 -2.346365e+03 -3.834780e+02 1.000000e+00
-2.017752e+01 -1.964177e+03 -5.851405e+02 1.000000e+00
-2.496922e+01 -2.277800e+03 -8.177852e+02 1.000000e+00
-2.826778e+01 -1.804539e+03 -1.053720e+03 1.000000e+00
-2.846799e+01 -2.023811e+03 -1.331349e+03 1.000000e+00
-2.978941e+01 -1.459553e+03 -1.580858e+03 1.000000e+00
-3.068105e+01 -1.597863e+03 -1.884136e+03 1.000000e+00
-7.564262e+00 -2.270199e+03 0.000000e+00 1.000000e+00
-1.010519e+01 -1.970159e+03 -1.854089e+02 1.000000e+00
-1.248695e+01 -2.349138e+03 -3.857364e+02 1.000000e+00
-1.639199e+01 -1.978145e+03 -5.895533e+02 1.000000e+00
-2.062505e+01 -2.277983e+03 -8.235461e+02 1.000000e+00
-2.209834e+01 -1.817015e+03 -1.060487e+03 1.000000e+00
-2.237464e+01 -2.021387e+03 -1.338355e+03 1.000000e+00
-2.402047e+01 -1.469892e+03 -1.589066e+03 1.000000e+00
-2.409645e+01 -1.593581e+03 -1.889952e+03 1.000000e+00
-4.225904e+00 -2.294160e+03 0.000000e+00 1.000000e+00
-5.339470e+00 -1.963799e+03 -1.871974e+02 1.000000e+00
-9.385744e+00 -2.373113e+03 -3.879852e+02 1.000000e+00
-1.303639e+01 -1.971687e+03 -5.930815e+02 1.000000e+00
-1.507164e+01 -2.300878e+03 -8.274594e+02 1.000000e+00
-1.575843e+01 -1.807890e+03 -1.065424e+03 1.000000e+00
-1.591509e+01 -2.042704e+03 -1.344441e+03 1.000000e+00
-1.590625e+01 -1.459278e+03 -1.594304e+03 1.000000e+00
-1.795221e+01 -1.610135e+03 -1.896993e+03 1.000000e+00
-8.199571e-01 -2.271051e+03 0.000000e+00 1.000000e+00
-3.282597e+00 -2.005630e+03 -1.888192e+02 1.000000e+00
-6.095170e+00 -2.350541e+03 -3.901992e+02 1.000000e+00
-7.628141e+00 -2.011738e+03 -5.945966e+02 1.000000e+00
-8.568511e+00 -2.277738e+03 -8.301572e+02 1.000000e+00
-8.790300e+00 -1.846527e+03 -1.068393e+03 1.000000e+00
-7.997003e+00 -2.017997e+03 -1.348046e+03 1.000000e+00
-9.122566e+00 -1.495583e+03 -1.598037e+03 1.000000e+00
-8.567233e+00 -1.585005e+03 -1.901345e+03 1.000000e+00
0.000000e+00 -2.227672e+03 0.000000e+00 1.000000e+00
0.000000e+00 -2.069412e+03 -1.899468e+02 1.000000e+00
0.000000e+00 -2.307711e+03 -3.904492e+02 1.000000e+00
0.000000e+00 -2.074145e+03 -5.956429e+02 1.000000e+00
0.000000e+00 -2.234152e+03 -8.305713e+02 1.000000e+00
0.000000e+00 -1.908175e+03 -1.069985e+03 1.000000e+00
0.000000e+00 -1.973652e+03 -1.348259e+03 1.000000e+00
0.000000e+00 -1.554992e+03 -1.601181e+03 1.000000e+00
0.000000e+00 -1.540664e+03 -1.900035e+03 1.000000e+00
-1.528957e+01 -1.850288e+03 0.000000e+00 1.000000e+00
-1.699071e+01 -2.284298e+03 -1.845634e+02 1.000000e+00
-2.102456e+01 -1.925644e+03 -3.754702e+02 1.000000e+00
-2.671729e+01 -2.291617e+03 -5.863030e+02 1.000000e+00
-3.237508e+01 -1.854987e+03 -8.020513e+02 1.000000e+00
-3.750403e+01 -2.135836e+03 -1.053535e+03 1.000000e+00
-4.164639e+01 -1.600967e+03 -1.301848e+03 1.000000e+00
-4.360769e+01 -1.796305e+03 -1.588833e+03 1.000000e+00
-4.430594e+01 -1.172566e+03 -1.840822e+03 1.000000e+00
-1.497250e+01 -1.857937e+03 0.000000e+00 1.000000e+00
-1.544087e+01 -2.292487e+03 -1.861112e+02 1.000000e+00
-2.008580e+01 -1.932720e+03 -3.809504e+02 1.000000e+00
-2.808133e+01 -2.298957e+03 -5.927089e+02 1.000000e+00
-3.296153e+01 -1.860925e+03 -8.086478e+02 1.000000e+00
-3.661689e+01 -2.138618e+03 -1.064009e+03 1.000000e+00
-3.947493e+01 -1.604950e+03 -1.312517e+03 1.000000e+00
-4.118578e+01 -1.795112e+03 -1.600322e+03 1.000000e+00
-4.385891e+01 -1.174318e+03 -1.852315e+03 1.000000e+00
-1.488832e+01 -1.866934e+03 0.000000e+00 1.000000e+00
-1.801793e+01 -2.299377e+03 -1.883057e+02 1.000000e+00
-2.120095e+01 -1.941213e+03 -3.848875e+02 1.000000e+00
-2.324461e+01 -2.304694e+03 -5.982366e+02 1.000000e+00
-3.087492e+01 -1.867314e+03 -8.173471e+02 1.000000e+00
-3.678223e+01 -2.141806e+03 -1.073214e+03 1.000000e+00
-3.755902e+01 -1.608150e+03 -1.322746e+03 1.000000e+00
-3.885354e+01 -1.795161e+03 -1.610839e+03 1.000000e+00
-3.899374e+01 -1.175250e+03 -1.862638e+03 1.000000e+00
-1.218921e+01 -1.876209e+03 0.000000e+00 1.000000e+00
-1.248155e+01 -2.306191e+03 -1.904033e+02 1.000000e+00
-1.716903e+01 -1.949948e+03 -3.885775e+02 1.000000e+00
-2.575362e+01 -2.310940e+03 -6.038524e+02 1.000000e+00
-2.982591e+01 -1.873338e+03 -8.249521e+02 1.000000e+00
-3.133566e+01 -2.146385e+03 -1.081940e+03 1.000000e+00
-3.289274e+01 -1.610738e+03 -1.332688e+03 1.000000e+00
-3.377605e+01 -1.797943e+03 -1.619796e+03 1.000000e+00
-3.716828e+01 -1.174948e+03 -1.873389e+03 1.000000e+00
-1.035287e+01 -1.883491e+03 0.000000e+00 1.000000e+00
-1.228288e+01 -2.315375e+03 -1.917551e+02 1.000000e+00
-1.639776e+01 -1.956549e+03 -3.932954e+02 1.000000e+00
-2.044305e+01 -2.319094e+03 -6.087786e+02 1.000000e+00
-2.524774e+01 -1.879296e+03 -8.307023e+02 1.000000e+00
-2.872564e+01 -2.151179e+03 -1.090571e+03 1.000000e+00
-2.796815e+01 -1.614496e+03 -1.340852e+03 1.000000e+00
-2.972592e+01 -1.800083e+03 -1.629061e+03 1.000000e+00
-3.077469e+01 -1.175982e+03 -1.882681e+03 1.000000e+00
-7.891628e+00 -1.896930e+03 0.000000e+00 1.000000e+00
-1.019595e+01 -2.318276e+03 -1.939395e+02 1.000000e+00
-1.293700e+01 -1.970878e+03 -3.957888e+02 1.000000e+00
-1.654740e+01 -2.320182e+03 -6.128409e+02 1.000000e+00
-2.106524e+01 -1.892817e+03 -8.370586e+02 1.000000e+00
-2.223446e+01 -2.149490e+03 -1.096734e+03 1.000000e+00
-2.307266e+01 -1.626059e+03 -1.348779e+03 1.000000e+00
-2.425035e+01 -1.796389e+03 -1.636397e+03 1.000000e+00
-2.370108e+01 -1.184527e+03 -1.889545e+03 1.000000e+00
-4.143038e+00 -1.889759e+03 0.000000e+00 1.000000e+00
-5.636702e+00 -2.342400e+03 -1.958374e+02 1.000000e+00
-9.216795e+00 -1.964479e+03 -3.979755e+02 1.000000e+00
-1.335856e+01 -2.344000e+03 -6.166054e+02 1.000000e+00
-1.514895e+01 -1.884588e+03 -8.406933e+02 1.000000e+00
-1.617920e+01 -2.171577e+03 -1.102156e+03 1.000000e+00
-1.548509e+01 -1.616453e+03 -1.354547e+03 1.000000e+00
-1.565212e+01 -1.815087e+03 -1.642009e+03 1.000000e+00
-1.786564e+01 -1.174217e+03 -1.896302e+03 1.000000e+00
-1.120323e+00 -1.931479e+03 0.000000e+00 1.000000e+00
-3.341102e+00 -2.319897e+03 -1.976190e+02 1.000000e+00
-6.363636e+00 -2.005529e+03 -3.999950e+02 1.000000e+00
-7.337124e+00 -2.321057e+03 -6.182709e+02 1.000000e+00
-8.689122e+00 -1.923919e+03 -8.433483e+02 1.000000e+00
-8.603331e+00 -2.147826e+03 -1.105327e+03 1.000000e+00
-8.238447e+00 -1.653751e+03 -1.357922e+03 1.000000e+00
-9.482019e+00 -1.789722e+03 -1.646250e+03 1.000000e+00
-8.474942e+00 -1.209472e+03 -1.900353e+03 1.000000e+00
0.000000e+00 -1.995688e+03 0.000000e+00 1.000000e+00
0.000000e+00 -2.276400e+03 -1.986687e+02 1.000000e+00
0.000000e+00 -2.069590e+03 -4.004952e+02 1.000000e+00
0.000000e+00 -2.276946e+03 -6.186935e+02 1.000000e+00
0.000000e+00 -1.986819e+03 -8.447941e+02 1.000000e+00
0.000000e+00 -2.103022e+03 -1.105511e+03 1.000000e+00
0.000000e+00 -1.715037e+03 -1.360116e+03 1.000000e+00
0.000000e+00 -1.745540e+03 -1.647182e+03 1.000000e+00
0.000000e+00 -1.266408e+03 -1.901570e+03 1.000000e+00
-1.557571e+01 -2.224380e+03 0.000000e+00 1.000000e+00
-1.725003e+01 -1.888451e+03 -1.893559e+02 1.000000e+00
-2.126677e+01 -2.295347e+03 -3.891802e+02 1.000000e+00
-2.699037e+01 -1.888659e+03 -5.973503e+02 1.000000e+00
-3.262334e+01 -2.221707e+03 -8.270148e+02 1.000000e+00
-3.780277e+01 -1.721695e+03 -1.065115e+03 1.000000e+00
-4.177604e+01 -1.961554e+03 -1.336356e+03 1.000000e+00
-4.355887e+01 -1.371844e+03 -1.595120e+03 1.000000e+00
-4.418365e+01 -1.529942e+03 -1.883740e+03 1.000000e+00
-1.529051e+01 -2.232198e+03 0.000000e+00 1.000000e+00
-1.574583e+01 -1.895753e+03 -1.908892e+02 1.000000e+00
-2.030642e+01 -2.303259e+03 -3.947756e+02 1.000000e+00
-2.842604e+01 -1.895386e+03 -6.037822e+02 1.000000e+00
-3.330431e+01 -2.226840e+03 -8.335782e+02 1.000000e+00
-3.694820e+01 -1.726195e+03 -1.075689e+03 1.000000e+00
-3.970471e+01 -1.962321e+03 -1.347100e+03 1.000000e+00
-4.110101e+01 -1.374583e+03 -1.606426e+03 1.000000e+00
-4.383308e+01 -1.527454e+03 -1.895410e+03 1.000000e+00
-1.503398e+01 -2.238612e+03 0.000000e+00 1.000000e+00
-1.832653e+01 -1.904512e+03 -1.931421e+02 1.000000e+00
-2.156959e+01 -2.309774e+03 -3.988125e+02 1.000000e+00
-2.339276e+01 -1.902928e+03 -6.092277e+02 1.000000e+00
-3.101393e+01 -2.231342e+03 -8.423981e+02 1.000000e+00
-3.710348e+01 -1.731056e+03 -1.084914e+03 1.000000e+00
-3.749023e+01 -1.963939e+03 -1.357329e+03 1.000000e+00
-3.862954e+01 -1.376425e+03 -1.616976e+03 1.000000e+00
-3.878773e+01 -1.526149e+03 -1.905623e+03 1.000000e+00
-1.256082e+01 -2.245154e+03 0.000000e+00 1.000000e+00
-1.277056e+01 -1.913541e+03 -1.952975e+02 1.000000e+00
-1.730353e+01 -2.316220e+03 -4.025836e+02 1.000000e+00
-2.619475e+01 -1.910857e+03 -6.148540e+02 1.000000e+00
-3.011763e+01 -2.236325e+03 -8.499715e+02 1.000000e+00
-3.168122e+01 -1.734911e+03 -1.093812e+03 1.000000e+00
-3.324142e+01 -1.967953e+03 -1.367194e+03 1.000000e+00
-3.384097e+01 -1.377446e+03 -1.626131e+03 1.000000e+00
-3.697797e+01 -1.526522e+03 -1.915747e+03 1.000000e+00
-1.051709e+01 -2.253980e+03 0.000000e+00 1.000000e+00
-1.249442e+01 -1.920357e+03 -1.966594e+02 1.000000e+00
-1.669442e+01 -2.325065e+03 -4.074170e+02 1.000000e+00
-2.047812e+01 -1.917101e+03 -6.197492e+02 1.000000e+00
-2.563396e+01 -2.242981e+03 -8.558900e+02 1.000000e+00
-2.889402e+01 -1.739348e+03 -1.102221e+03 1.000000e+00
-2.780222e+01 -1.971722e+03 -1.375852e+03 1.000000e+00
-2.925762e+01 -1.379197e+03 -1.634695e+03 1.000000e+00
-3.083389e+01 -1.528349e+03 -1.925960e+03 1.000000e+00
-7.929814e+00 -2.256198e+03 0.000000e+00 1.000000e+00
-1.056241e+01 -1.934773e+03 -1.990158e+02 1.000000e+00
-1.305477e+01 -2.327039e+03 -4.097542e+02 1.000000e+00
-1.692178e+01 -1.931285e+03 -6.241219e+02 1.000000e+00
-2.108037e+01 -2.242451e+03 -8.618828e+02 1.000000e+00
-2.256893e+01 -1.752275e+03 -1.108981e+03 1.000000e+00
-2.337264e+01 -1.968777e+03 -1.383153e+03 1.000000e+00
-2.467484e+01 -1.389204e+03 -1.642952e+03 1.000000e+00
-2.341176e+01 -1.524067e+03 -1.931849e+03 1.000000e+00
-4.487050e+00 -2.280790e+03 0.000000e+00 1.000000e+00
-5.584651e+00 -1.927981e+03 -2.008988e+02 1.000000e+00
-9.357936e+00 -2.351151e+03 -4.120765e+02 1.000000e+00
-1.329431e+01 -1.924313e+03 -6.277770e+02 1.000000e+00
-1.554219e+01 -2.265242e+03 -8.657134e+02 1.000000e+00
-1.627072e+01 -1.742901e+03 -1.114300e+03 1.000000e+00
-1.536674e+01 -1.989642e+03 -1.389174e+03 1.000000e+00
-1.515935e+01 -1.378776e+03 -1.648359e+03 1.000000e+00
-1.782886e+01 -1.540710e+03 -1.938981e+03 1.000000e+00
-1.087083e+00 -2.258035e+03 0.000000e+00 1.000000e+00
-3.635998e+00 -1.969443e+03 -2.026615e+02 1.000000e+00
-6.361047e+00 -2.328628e+03 -4.141707e+02 1.000000e+00
-7.405090e+00 -1.964443e+03 -6.293096e+02 1.000000e+00
-8.458739e+00 -2.241904e+03 -8.686111e+02 1.000000e+00
-8.686812e+00 -1.781494e+03 -1.117321e+03 1.000000e+00
-8.332170e+00 -1.965036e+03 -1.392751e+03 1.000000e+00
-9.830688e+00 -1.414794e+03 -1.652458e+03 1.000000e+00
-8.476805e+00 -1.514758e+03 -1.943521e+03 1.000000e+00
0.000000e+00 -2.213151e+03 0.000000e+00 1.000000e+00
0.000000e+00 -2.034237e+03 -2.038499e+02 1.000000e+00
0.000000e+00 -2.284493e+03 -4.143760e+02 1.000000e+00
0.000000e+00 -2.028283e+03 -6.301624e+02 1.000000e+00
0.000000e+00 -2.196657e+03 -8.693782e+02 1.000000e+00
0.000000e+00 -1.844137e+03 -1.118531e+03 1.000000e+00
0.000000e+00 -1.919653e+03 -1.393738e+03 1.000000e+00
0.000000e+00 -1.474680e+03 -1.655068e+03 1.000000e+00
0.000000e+00 -1.469574e+03 -1.942603e+03 1.000000e+00
-1.584331e+01 -1.821732e+03 0.000000e+00 1.000000e+00
-1.751109e+01 -2.269452e+03 -1.952587e+02 1.000000e+00
-2.151458e+01 -1.890559e+03 -3.970985e+02 1.000000e+00
-2.724220e+01 -2.267047e+03 -6.131591e+02 1.000000e+00
-3.284388e+01 -1.807795e+03 -8.386982e+02 1.000000e+00
-3.811290e+01 -2.096293e+03 -1.088342e+03 1.000000e+00
-4.194627e+01 -1.538119e+03 -1.347227e+03 1.000000e+00
-4.356901e+01 -1.742083e+03 -1.623892e+03 1.000000e+00
-4.404947e+01 -1.097266e+03 -1.888703e+03 1.000000e+00
-1.563887e+01 -1.829254e+03 0.000000e+00 1.000000e+00
-1.599348e+01 -2.277422e+03 -1.968333e+02 1.000000e+00
-2.048628e+01 -1.897413e+03 -4.027446e+02 1.000000e+00
-2.871461e+01 -2.274061e+03 -6.196370e+02 1.000000e+00
-3.348095e+01 -1.813275e+03 -8.452513e+02 1.000000e+00
-3.713190e+01 -2.098605e+03 -1.098994e+03 1.000000e+00
-3.980038e+01 -1.541945e+03 -1.357998e+03 1.000000e+00
-4.098037e+01 -1.740778e+03 -1.635147e+03 1.000000e+00
-4.381898e+01 -1.098407e+03 -1.900381e+03 1.000000e+00
-1.515110e+01 -1.837912e+03 0.000000e+00 1.000000e+00
-1.862920e+01 -2.284123e+03 -1.991933e+02 1.000000e+00
-2.191778e+01 -1.905611e+03 -4.067954e+02 1.000000e+00
-2.358851e+01 -2.279714e+03 -6.251172e+02 1.000000e+00
-3.117104e+01 -1.819703e+03 -8.541032e+02 1.000000e+00
-3.743880e+01 -2.101358e+03 -1.108269e+03 1.000000e+00
-3.766094e+01 -1.545419e+03 -1.368223e+03 1.000000e+00
-3.845014e+01 -1.740891e+03 -1.645673e+03 1.000000e+00
-3.858021e+01 -1.098874e+03 -1.910546e+03 1.000000e+00
-1.289987e+01 -1.846706e+03 0.000000e+00 1.000000e+00
-1.298965e+01 -2.290656e+03 -2.013999e+02 1.000000e+00
-1.746125e+01 -1.914353e+03 -4.106554e+02 1.000000e+00
-2.641763e+01 -2.285451e+03 -6.307192e+02 1.000000e+00
-3.024707e+01 -1.825588e+03 -8.617184e+02 1.000000e+00
-3.176492e+01 -2.105474e+03 -1.117211e+03 1.000000e+00
-3.341242e+01 -1.547818e+03 -1.378210e+03 1.000000e+00
-3.368020e+01 -1.743071e+03 -1.654625e+03 1.000000e+00
-3.689023e+01 -1.098612e+03 -1.920748e+03 1.000000e+00
-1.065088e+01 -1.853846e+03 0.000000e+00 1.000000e+00
-1.277187e+01 -2.299695e+03 -2.027999e+02 1.000000e+00
-1.686821e+01 -1.920761e+03 -4.155239e+02 1.000000e+00
-2.070090e+01 -2.293697e+03 -6.356993e+02 1.000000e+00
-2.582471e+01 -1.830647e+03 -8.675676e+02 1.000000e+00
-2.929237e+01 -2.110689e+03 -1.125859e+03 1.000000e+00
-2.775013e+01 -1.551048e+03 -1.386580e+03 1.000000e+00
-2.907567e+01 -1.745568e+03 -1.663579e+03 1.000000e+00
-3.083048e+01 -1.099001e+03 -1.930469e+03 1.000000e+00
-8.174374e+00 -1.868278e+03 0.000000e+00 1.000000e+00
-1.069137e+01 -2.301666e+03 -2.051553e+02 1.000000e+00
-1.331403e+01 -1.935259e+03 -4.180171e+02 1.000000e+00
-1.696796e+01 -2.294295e+03 -6.399048e+02 1.000000e+00
-2.119388e+01 -1.844477e+03 -8.738802e+02 1.000000e+00
-2.251126e+01 -2.108558e+03 -1.132279e+03 1.000000e+00
-2.357378e+01 -1.562840e+03 -1.394333e+03 1.000000e+00
-2.472153e+01 -1.741710e+03 -1.671403e+03 1.000000e+00
-2.336514e+01 -1.107204e+03 -1.936895e+03 1.000000e+00
-4.560315e+00 -1.860728e+03 0.000000e+00 1.000000e+00
-5.821143e+00 -2.326084e+03 -2.070607e+02 1.000000e+00
-9.325825e+00 -1.928357e+03 -4.203484e+02 1.000000e+00
-1.351666e+01 -2.317948e+03 -6.436743e+02 1.000000e+00
-1.565439e+01 -1.835866e+03 -8.775756e+02 1.000000e+00
-1.656545e+01 -2.130270e+03 -1.137827e+03 1.000000e+00
-1.529000e+01 -1.552943e+03 -1.400226e+03 1.000000e+00
-1.500319e+01 -1.760144e+03 -1.677030e+03 1.000000e+00
-1.773703e+01 -1.096448e+03 -1.943814e+03 1.000000e+00
-1.238000e+00 -1.901925e+03 0.000000e+00 1.000000e+00
-3.710549e+00 -2.303783e+03 -2.088912e+02 1.000000e+00
-6.560542e+00 -1.969410e+03 -4.223665e+02 1.000000e+00
-7.270683e+00 -2.295016e+03 -6.452816e+02 1.000000e+00
-8.483116e+00 -1.875347e+03 -8.804719e+02 1.000000e+00
-8.559378e+00 -2.106559e+03 -1.140915e+03 1.000000e+00
-8.439820e+00 -1.590518e+03 -1.403755e+03 1.000000e+00
-1.000698e+01 -1.734620e+03 -1.681299e+03 1.000000e+00
-8.550598e+00 -1.131498e+03 -1.948315e+03 1.000000e+00
0.000000e+00 -1.966906e+03 0.000000e+00 1.000000e+00
0.000000e+00 -2.259083e+03 -2.100426e+02 1.000000e+00
0.000000e+00 -2.034353e+03 -4.227140e+02 1.000000e+00
0.000000e+00 -2.249697e+03 -6.458085e+02 1.000000e+00
0.000000e+00 -1.939277e+03 -8.817475e+02 1.000000e+00
0.000000e+00 -2.060540e+03 -1.141434e+03 1.000000e+00
0.000000e+00 -1.652055e+03 -1.405725e+03 1.000000e+00
0.000000e+00 -1.689032e+03 -1.682817e+03 1.000000e+00
0.000000e+00 -1.188878e+03 -1.948735e+03 1.000000e+00
-1.607156e+01 -2.211114e+03 0.000000e+00 1.000000e+00
-1.773922e+01 -1.863749e+03 -1.993358e+02 1.000000e+00
-2.173687e+01 -2.275651e+03 -4.059028e+02 1.000000e+00
-2.740314e+01 -1.855396e+03 -6.233152e+02 1.000000e+00
-3.299611e+01 -2.191439e+03 -8.535055e+02 1.000000e+00
-3.830457e+01 -1.675076e+03 -1.101465e+03 1.000000e+00
-4.203512e+01 -1.918755e+03 -1.365303e+03 1.000000e+00
-4.351817e+01 -1.313210e+03 -1.636155e+03 1.000000e+00
-4.385214e+01 -1.474640e+03 -1.907974e+03 1.000000e+00
-1.584485e+01 -2.218655e+03 0.000000e+00 1.000000e+00
-1.619470e+01 -1.870810e+03 -2.009546e+02 1.000000e+00
-2.069061e+01 -2.283575e+03 -4.115945e+02 1.000000e+00
-2.882456e+01 -1.861606e+03 -6.297631e+02 1.000000e+00
-3.356043e+01 -2.196171e+03 -8.601293e+02 1.000000e+00
-3.717934e+01 -1.679571e+03 -1.112068e+03 1.000000e+00
-3.971362e+01 -1.918973e+03 -1.376109e+03 1.000000e+00
-4.084179e+01 -1.315906e+03 -1.647380e+03 1.000000e+00
-4.363184e+01 -1.471287e+03 -1.919545e+03 1.000000e+00
-1.534324e+01 -2.224961e+03 0.000000e+00 1.000000e+00
-1.888357e+01 -1.879196e+03 -2.034017e+02 1.000000e+00
-2.218396e+01 -2.289991e+03 -4.156444e+02 1.000000e+00
-2.377331e+01 -1.869198e+03 -6.352735e+02 1.000000e+00
-3.128778e+01 -2.200286e+03 -8.689845e+02 1.000000e+00
-3.767672e+01 -1.684409e+03 -1.121359e+03 1.000000e+00
-3.787344e+01 -1.920588e+03 -1.386321e+03 1.000000e+00
-3.828628e+01 -1.317691e+03 -1.657891e+03 1.000000e+00
-3.847785e+01 -1.469904e+03 -1.929740e+03 1.000000e+00
-1.310160e+01 -2.231213e+03 0.000000e+00 1.000000e+00
-1.319542e+01 -1.888018e+03 -2.057002e+02 1.000000e+00
-1.761227e+01 -2.296026e+03 -4.194704e+02 1.000000e+00
-2.650279e+01 -1.877172e+03 -6.409624e+02 1.000000e+00
-3.022649e+01 -2.205024e+03 -8.765107e+02 1.000000e+00
-3.171280e+01 -1.688190e+03 -1.130427e+03 1.000000e+00
-3.333645e+01 -1.924312e+03 -1.396261e+03 1.000000e+00
-3.345542e+01 -1.318216e+03 -1.666841e+03 1.000000e+00
-3.670845e+01 -1.470585e+03 -1.939933e+03 1.000000e+00
-1.081873e+01 -2.239532e+03 0.000000e+00 1.000000e+00
-1.295870e+01 -1.894605e+03 -2.071637e+02 1.000000e+00
-1.712731e+01 -2.305089e+03 -4.243554e+02 1.000000e+00
-2.081398e+01 -1.882986e+03 -6.459444e+02 1.000000e+00
-2.599013e+01 -2.211654e+03 -8.824355e+02 1.000000e+00
-2.956577e+01 -1.692290e+03 -1.139018e+03 1.000000e+00
-2.791409e+01 -1.928206e+03 -1.404722e+03 1.000000e+00
-2.896943e+01 -1.319857e+03 -1.675716e+03 1.000000e+00
-3.083990e+01 -1.472190e+03 -1.949720e+03 1.000000e+00
-8.352086e+00 -2.241395e+03 0.000000e+00 1.000000e+00
-1.087460e+01 -1.909236e+03 -2.095839e+02 1.000000e+00
-1.338976e+01 -2.306590e+03 -4.268235e+02 1.000000e+00
-1.702214e+01 -1.897346e+03 -6.502213e+02 1.000000e+00
-2.113066e+01 -2.210763e+03 -8.887349e+02 1.000000e+00
-2.245213e+01 -1.705340e+03 -1.145483e+03 1.000000e+00
-2.351121e+01 -1.925055e+03 -1.412420e+03 1.000000e+00
-2.465435e+01 -1.329798e+03 -1.683669e+03 1.000000e+00
-2.325587e+01 -1.467650e+03 -1.956016e+03 1.000000e+00
-4.757933e+00 -2.266403e+03 0.000000e+00 1.000000e+00
-5.928549e+00 -1.902310e+03 -2.114915e+02 1.000000e+00
-9.442054e+00 -2.330473e+03 -4.291570e+02 1.000000e+00
-1.357638e+01 -1.889805e+03 -6.540301e+02 1.000000e+00
-1.578330e+01 -2.233750e+03 -8.924669e+02 1.000000e+00
-1.667631e+01 -1.695513e+03 -1.150956e+03 1.000000e+00
-1.541381e+01 -1.945565e+03 -1.418502e+03 1.000000e+00
-1.493242e+01 -1.319363e+03 -1.689124e+03 1.000000e+00
-1.773565e+01 -1.484088e+03 -1.963117e+03 1.000000e+00
-1.255585e+00 -2.243366e+03 0.000000e+00 1.000000e+00
-3.850539e+00 -1.943612e+03 -2.133575e+02 1.000000e+00
-6.610237e+00 -2.307947e+03 -4.311160e+02 1.000000e+00
-7.243472e+00 -1.930068e+03 -6.556909e+02 1.000000e+00
-8.385764e+00 -2.210418e+03 -8.953609e+02 1.000000e+00
-8.565485e+00 -1.734050e+03 -1.154085e+03 1.000000e+00
-8.383224e+00 -1.920934e+03 -1.421996e+03 1.000000e+00
-1.003924e+01 -1.355764e+03 -1.693522e+03 1.000000e+00
-8.602947e+00 -1.457668e+03 -1.967532e+03 1.000000e+00
0.000000e+00 -2.197492e+03 0.000000e+00 1.000000e+00
0.000000e+00 -2.008784e+03 -2.145719e+02 1.000000e+00
0.000000e+00 -2.262961e+03 -4.313596e+02 1.000000e+00
0.000000e+00 -1.994653e+03 -6.563381e+02 1.000000e+00
0.000000e+00 -2.164433e+03 -8.964647e+02 1.000000e+00
0.000000e+00 -1.797321e+03 -1.154874e+03 1.000000e+00
0.000000e+00 -1.874497e+03 -1.423610e+03 1.000000e+00
0.000000e+00 -1.415334e+03 -1.695572e+03 1.000000e+00
0.000000e+00 -1.411664e+03 -1.967349e+03 1.000000e+00
