0 729 0.00000e+00
  1     729
4.434776e+01 2.201061e+03 -1.396750e+03 1.000000e+00
4.695610e+01 2.441380e+03 -1.654578e+03 1.000000e+00
4.647510e+01 2.064463e+03 -8.311529e+02 1.000000e+00
4.330418e+01 2.062973e+03 -1.182954e+03 1.000000e+00
3.742068e+01 1.505539e+03 -2.852970e+02 9.992651e-01
2.932600e+01 1.318712e+03 -8.014083e+02 9.950333e-01
1.982552e+01 7.211646e+02 1.630777e+02 9.787423e-01
1.024471e+01 4.371434e+02 -2.351765e+02 9.366232e-01
8.436582e+00 2.385346e+02 -1.136853e+02 8.571537e-01
4.372647e+01 2.196917e+03 -1.385954e+03 1.000000e+00
4.676240e+01 2.432614e+03 -1.644285e+03 1.000000e+00
4.666348e+01 2.055461e+03 -8.195509e+02 1.000000e+00
4.343176e+01 2.050632e+03 -1.172166e+03 1.000000e+00
3.688430e+01 1.497237e+03 -2.777050e+02 9.992651e-01
2.832525e+01 1.305144e+03 -7.928850e+02 9.950333e-01
1.961584e+01 7.145283e+02 1.703341e+02 9.787423e-01
8.933455e+00 4.285280e+02 -2.318837e+02 9.366232e-01
7.657170e+00 2.356741e+02 -1.115104e+02 8.571537e-01
3.922453e+01 2.190616e+03 -1.377695e+03 1.000000e+00
4.151710e+01 2.425268e+03 -1.632749e+03 1.000000e+00
4.057521e+01 2.044359e+03 -8.113769e+02 1.000000e+00
3.767680e+01 2.039146e+03 -1.159983e+03 1.000000e+00
3.313311e+01 1.483749e+03 -2.726431e+02 9.992651e-01
2.671717e+01 1.294009e+03 -7.821506e+02 9.950333e-01
1.692541e+01 7.034241e+02 1.693299e+02 9.787423e-01
8.116063e+00 4.222840e+02 -2.293134e+02 9.366232e-01
7.037868e+00 2.284377e+02 -1.097622e+02 8.571537e-01
3.785003e+01 2.185781e+03 -1.371048e+03 1.000000e+00
4.132700e+01 2.417436e+03 -1.620226e+03 1.000000e+00
4.152452e+01 2.034492e+03 -8.053015e+02 1.000000e+00
3.818212e+01 2.027923e+03 -1.149192e+03 1.000000e+00
3.162611e+01 1.471876e+03 -2.697553e+02 9.992651e-01
2.373413e+01 1.284060e+03 -7.738999e+02 9.950333e-01
1.630654e+01 6.934501e+02 1.653141e+02 9.787423e-01
7.952359e+00 4.150566e+02 -2.264758e+02 9.366232e-01
6.774445e+00 2.221335e+02 -1.084250e+02 8.571537e-01
3.108538e+01 2.182561e+03 -1.361185e+03 1.000000e+00
3.192922e+01 2.412443e+03 -1.615059e+03 1.000000e+00
3.200106e+01 2.026509e+03 -7.920594e+02 1.000000e+00
3.056033e+01 2.020070e+03 -1.145261e+03 1.000000e+00
2.823751e+01 1.462875e+03 -2.568577e+02 9.992651e-01
2.241675e+01 1.276007e+03 -7.751992e+02 9.950333e-01
1.605690e+01 6.875031e+02 1.802952e+02 9.787423e-01
9.511928e+00 4.086671e+02 -2.234097e+02 9.366232e-01
7.488092e+00 2.184743e+02 -1.062627e+02 8.571537e-01
2.404918e+01 2.183674e+03 -1.362990e+03 1.000000e+00
2.789867e+01 2.403430e+03 -1.597932e+03 1.000000e+00
2.836985e+01 2.022743e+03 -7.936757e+02 1.000000e+00
2.677829e+01 2.008270e+03 -1.125151e+03 1.000000e+00
2.254244e+01 1.456685e+03 -2.600248e+02 9.992651e-01
1.960035e+01 1.264084e+03 -7.533829e+02 9.950333e-01
1.521497e+01 6.819032e+02 1.737956e+02 9.787423e-01
9.450557e+00 4.028437e+02 -2.147115e+02 9.366232e-01
7.437536e+00 2.157764e+02 -1.026393e+02 8.571537e-01
1.721810e+01 2.175750e+03 -1.343547e+03 1.000000e+00
1.790462e+01 2.409130e+03 -1.605347e+03 1.000000e+00
1.762758e+01 2.012183e+03 -7.729783e+02 1.000000e+00
1.658499e+01 2.009998e+03 -1.133457e+03 1.000000e+00
1.545261e+01 1.446211e+03 -2.386828e+02 9.992651e-01
1.111909e+01 1.263028e+03 -7.624761e+02 9.950333e-01
8.485474e+00 6.733808e+02 1.997286e+02 9.787423e-01
4.097590e+00 4.010804e+02 -2.142398e+02 9.366232e-01
4.069164e+00 2.094050e+02 -1.002312e+02 8.571537e-01
8.214605e+00 2.193613e+03 -1.373638e+03 1.000000e+00
8.387696e+00 2.399478e+03 -1.566190e+03 1.000000e+00
8.781442e+00 2.022996e+03 -8.079140e+02 1.000000e+00
6.757925e+00 2.001115e+03 -1.088292e+03 1.000000e+00
5.265285e+00 1.447128e+03 -2.780380e+02 9.992651e-01
4.611577e+00 1.259584e+03 -7.115306e+02 9.950333e-01
1.534595e+00 6.660695e+02 1.476204e+02 9.787423e-01
4.053591e+00 3.993367e+02 -2.092232e+02 9.366232e-01
2.510063e+00 2.007488e+02 -1.010761e+02 8.571537e-01
0.000000e+00 2.229228e+03 -1.430428e+03 1.000000e+00
0.000000e+00 2.380469e+03 -1.502265e+03 1.000000e+00
0.000000e+00 2.051295e+03 -8.739807e+02 1.000000e+00
0.000000e+00 1.985562e+03 -1.015716e+03 1.000000e+00
0.000000e+00 1.464603e+03 -3.527212e+02 9.992651e-01
0.000000e+00 1.249530e+03 -6.270478e+02 9.950333e-01
0.000000e+00 6.682352e+02 5.133916e+01 9.787423e-01
0.000000e+00 3.941977e+02 -1.975713e+02 9.366232e-01
0.000000e+00 2.004478e+02 -1.020611e+02 8.571537e-01
4.663254e+01 2.278932e+03 -1.645145e+03 1.000000e+00
4.804837e+01 1.997999e+03 -8.928685e+02 1.000000e+00
4.613958e+01 2.072341e+03 -1.199565e+03 1.000000e+00
4.155894e+01 1.597278e+03 -3.679530e+02 1.000000e+00
3.497215e+01 1.489419e+03 -8.163440e+02 9.992651e-01
2.658767e+01 9.360201e+02 2.742657e+01 9.950333e-01
1.741487e+01 7.087653e+02 -6.593420e+02 9.787423e-01
8.274682e+00 2.034865e+02 -7.974129e+01 9.366232e-01
6.739333e+00 2.713288e+02 -9.373650e+01 8.571537e-01
4.457788e+01 2.269649e+03 -1.636969e+03 1.000000e+00
4.509307e+01 1.986627e+03 -8.826857e+02 1.000000e+00
4.410614e+01 2.057946e+03 -1.189278e+03 1.000000e+00
4.078163e+01 1.584428e+03 -3.586955e+02 1.000000e+00
3.429583e+01 1.474148e+03 -8.084561e+02 9.992651e-01
2.560238e+01 9.279401e+02 3.178625e+01 9.950333e-01
1.696750e+01 6.987017e+02 -6.512572e+02 9.787423e-01
7.179535e+00 2.012277e+02 -7.673469e+01 9.366232e-01
6.063412e+00 2.648847e+02 -9.106061e+01 8.571537e-01
4.300622e+01 2.265108e+03 -1.627045e+03 1.000000e+00
4.504873e+01 1.977882e+03 -8.747575e+02 1.000000e+00
4.329398e+01 2.049925e+03 -1.178077e+03 1.000000e+00
3.756818e+01 1.573801e+03 -3.544563e+02 1.000000e+00
3.081532e+01 1.464539e+03 -7.985620e+02 9.992651e-01
2.356113e+01 9.173410e+02 3.262891e+01 9.950333e-01
1.421830e+01 6.922310e+02 -6.444807e+02 9.787423e-01
4.776470e+00 1.947552e+02 -7.691224e+01 9.366232e-01
4.651171e+00 2.615685e+02 -8.991111e+01 8.571537e-01
3.747667e+01 2.258960e+03 -1.615646e+03 1.000000e+00
3.858656e+01 1.970252e+03 -8.685789e+02 1.000000e+00
3.713860e+01 2.039398e+03 -1.167928e+03 1.000000e+00
3.490524e+01 1.563771e+03 -3.502748e+02 1.000000e+00
2.967216e+01 1.455123e+03 -7.912635e+02 9.992651e-01
2.132287e+01 9.071983e+02 3.124560e+01 9.950333e-01
1.296957e+01 6.845754e+02 -6.433376e+02 9.787423e-01
5.837610e+00 1.881212e+02 -7.783723e+01 9.366232e-01
4.880887e+00 2.569519e+02 -9.034715e+01 8.571537e-01
3.330894e+01 2.251959e+03 -1.610586e+03 1.000000e+00
3.539788e+01 1.962390e+03 -8.580219e+02 1.000000e+00
3.404594e+01 2.029393e+03 -1.163603e+03 1.000000e+00
3.047857e+01 1.553248e+03 -3.381616e+02 1.000000e+00
2.547511e+01 1.445003e+03 -7.900678e+02 9.992651e-01
2.094908e+01 8.994777e+02 4.093629e+01 9.950333e-01
1.523315e+01 6.774905e+02 -6.458237e+02 9.787423e-01
7.671706e+00 1.840067e+02 -7.445786e+01 9.366232e-01
6.304140e+00 2.521219e+02 -8.846750e+01 8.571537e-01
2.525981e+01 2.247024e+03 -1.597746e+03 1.000000e+00
2.538202e+01 1.962251e+03 -8.592009e+02 1.000000e+00
2.622627e+01 2.021887e+03 -1.145606e+03 1.000000e+00
2.425348e+01 1.550832e+03 -3.423613e+02 1.000000e+00
2.127712e+01 1.435217e+03 -7.710407e+02 9.992651e-01
1.600603e+01 8.956436e+02 3.520271e+01 9.950333e-01
1.158093e+01 6.700767e+02 -6.246806e+02 9.787423e-01
7.513467e+00 1.797432e+02 -7.102930e+01 9.366232e-01
6.030766e+00 2.474581e+02 -8.420922e+01 8.571537e-01
1.750270e+01 2.253670e+03 -1.606100e+03 1.000000e+00
1.930581e+01 1.949770e+03 -8.393157e+02 1.000000e+00
1.727144e+01 2.023265e+03 -1.154805e+03 1.000000e+00
1.615725e+01 1.538333e+03 -3.199332e+02 1.000000e+00
1.348904e+01 1.434963e+03 -7.826489e+02 9.992651e-01
1.164561e+01 8.854924e+02 5.732741e+01 9.950333e-01
7.927167e+00 6.682790e+02 -6.413515e+02 9.787423e-01
3.347013e+00 1.739505e+02 -6.700021e+01 9.366232e-01
3.138894e+00 2.469479e+02 -8.277257e+01 8.571537e-01
8.376127e+00 2.241142e+03 -1.565912e+03 1.000000e+00
8.972322e+00 1.964016e+03 -8.750256e+02 1.000000e+00
8.664428e+00 2.013610e+03 -1.110718e+03 1.000000e+00
6.463777e+00 1.545394e+03 -3.621902e+02 1.000000e+00
4.550062e+00 1.428833e+03 -7.310776e+02 9.992651e-01
3.349292e+00 8.839089e+02 1.230463e+01 9.950333e-01
5.176219e+00 6.677317e+02 -5.754944e+02 9.787423e-01
2.877461e-01 1.682107e+02 -7.463418e+01 9.366232e-01
1.309869e+00 2.485262e+02 -8.318096e+01 8.571537e-01
0.000000e+00 2.221257e+03 -1.505375e+03 1.000000e+00
0.000000e+00 1.996999e+03 -9.383602e+02 1.000000e+00
0.000000e+00 1.997487e+03 -1.039984e+03 1.000000e+00
0.000000e+00 1.570108e+03 -4.376938e+02 1.000000e+00
0.000000e+00 1.417049e+03 -6.494901e+02 9.992651e-01
0.000000e+00 8.958508e+02 -6.931812e+01 9.950333e-01
0.000000e+00 6.626344e+02 -4.701759e+02 9.787423e-01
0.000000e+00 1.685462e+02 -8.536710e+01 9.366232e-01
0.000000e+00 2.457715e+02 -8.252270e+01 8.571537e-01
4.766226e+01 1.869904e+03 -9.504797e+02 1.000000e+00
4.817740e+01 2.013303e+03 -1.219989e+03 1.000000e+00
4.522873e+01 1.623846e+03 -4.458681e+02 1.000000e+00
3.982051e+01 1.587045e+03 -8.343791e+02 1.000000e+00
3.246345e+01 1.087565e+03 -3.359619e+01 9.992651e-01
2.406539e+01 9.292019e+02 -5.676880e+02 9.950333e-01
1.506212e+01 4.506528e+02 2.993493e+02 9.787423e-01
6.132951e+00 2.288814e+02 -1.305293e+02 9.366232e-01
4.947879e+00 9.823602e+01 -4.971166e+01 8.571537e-01
4.515025e+01 1.863512e+03 -9.411229e+02 1.000000e+00
4.461434e+01 2.005984e+03 -1.211563e+03 1.000000e+00
4.154699e+01 1.615306e+03 -4.381253e+02 1.000000e+00
3.673293e+01 1.575227e+03 -8.267390e+02 1.000000e+00
3.064354e+01 1.079208e+03 -2.780125e+01 9.992651e-01
2.251209e+01 9.183129e+02 -5.619869e+02 9.950333e-01
1.390476e+01 4.448589e+02 3.018306e+02 9.787423e-01
6.328854e+00 2.234067e+02 -1.262714e+02 9.366232e-01
4.840346e+00 9.698689e+01 -4.764465e+01 8.571537e-01
4.437520e+01 1.853518e+03 -9.346316e+02 1.000000e+00
4.535728e+01 1.996699e+03 -1.200863e+03 1.000000e+00
4.379809e+01 1.602439e+03 -4.330412e+02 1.000000e+00
3.827954e+01 1.564755e+03 -8.186382e+02 1.000000e+00
3.025663e+01 1.068603e+03 -2.628483e+01 9.992651e-01
2.223698e+01 9.116993e+02 -5.543686e+02 9.950333e-01
1.328108e+01 4.384489e+02 2.988919e+02 9.787423e-01
3.093494e+00 2.224361e+02 -1.250602e+02 9.366232e-01
3.092489e+00 9.342612e+01 -4.691506e+01 8.571537e-01
3.794537e+01 1.846935e+03 -9.285237e+02 1.000000e+00
3.729652e+01 1.986735e+03 -1.191685e+03 1.000000e+00
3.444226e+01 1.593558e+03 -4.280392e+02 1.000000e+00
3.113885e+01 1.555260e+03 -8.105804e+02 1.000000e+00
2.603965e+01 1.059052e+03 -2.585992e+01 9.992651e-01
1.827223e+01 9.044797e+02 -5.502042e+02 9.950333e-01
1.068470e+01 4.338440e+02 2.968542e+02 9.787423e-01
3.537071e+00 2.194715e+02 -1.272287e+02 9.366232e-01
3.219759e+00 9.041526e+01 -4.811635e+01 8.571537e-01
3.442414e+01 1.843257e+03 -9.197239e+02 1.000000e+00
3.538837e+01 1.979664e+03 -1.187209e+03 1.000000e+00
3.440852e+01 1.587009e+03 -4.188653e+02 1.000000e+00
2.950387e+01 1.546368e+03 -8.075628e+02 1.000000e+00
2.465207e+01 1.051768e+03 -1.621540e+01 9.992651e-01
1.917010e+01 8.963610e+02 -5.507205e+02 9.950333e-01
1.278945e+01 4.276488e+02 3.054541e+02 9.787423e-01
6.069813e+00 2.149741e+02 -1.255812e+02 9.366232e-01
4.571843e+00 8.772767e+01 -4.748925e+01 8.571537e-01
2.463060e+01 1.839541e+03 -9.212186e+02 1.000000e+00
2.547847e+01 1.970044e+03 -1.171916e+03 1.000000e+00
2.401662e+01 1.581468e+03 -4.216818e+02 1.000000e+00
2.285357e+01 1.535212e+03 -7.917492e+02 1.000000e+00
1.901512e+01 1.048230e+03 -2.156729e+01 9.992651e-01
1.539164e+01 8.890724e+02 -5.329406e+02 9.950333e-01
9.941593e+00 4.238354e+02 2.921799e+02 9.787423e-01
5.304273e+00 2.104516e+02 -1.206229e+02 9.366232e-01
4.502255e+00 8.512005e+01 -4.561939e+01 8.571537e-01
1.912477e+01 1.830276e+03 -9.016493e+02 1.000000e+00
1.837121e+01 1.976549e+03 -1.183287e+03 1.000000e+00
1.749795e+01 1.571373e+03 -4.001768e+02 1.000000e+00
1.448175e+01 1.538192e+03 -8.033051e+02 1.000000e+00
1.208511e+01 1.037667e+03 -5.284399e-01 9.992651e-01
8.082838e+00 8.889574e+02 -5.460100e+02 9.950333e-01
7.389042e+00 4.181582e+02 3.206705e+02 9.787423e-01
3.583236e+00 2.112694e+02 -1.211513e+02 9.366232e-01
3.170065e+00 8.179642e+01 -4.321273e+01 8.571537e-01
8.098241e+00 1.846886e+03 -9.386949e+02 1.000000e+00
8.536916e+00 1.963259e+03 -1.137706e+03 1.000000e+00
8.339381e+00 1.581205e+03 -4.435865e+02 1.000000e+00
6.453402e+00 1.529662e+03 -7.534168e+02 1.000000e+00
4.526961e+00 1.041535e+03 -4.835208e+01 9.992651e-01
3.104979e+00 8.854749e+02 -4.924694e+02 9.950333e-01
-2.338654e+00 4.149376e+02 2.574003e+02 9.787423e-01
1.077589e+00 2.138455e+02 -1.158891e+02 9.366232e-01
2.366851e-01 7.795446e+01 -4.436194e+01 8.571537e-01
0.000000e+00 1.878856e+03 -1.001048e+03 1.000000e+00
0.000000e+00 1.942485e+03 -1.068206e+03 1.000000e+00
0.000000e+00 1.607022e+03 -5.159943e+02 1.000000e+00
0.000000e+00 1.513885e+03 -6.760306e+02 1.000000e+00
0.000000e+00 1.060277e+03 -1.290652e+02 9.992651e-01
0.000000e+00 8.778204e+02 -4.086903e+02 9.950333e-01
0.000000e+00 4.205569e+02 1.473294e+02 9.787423e-01
0.000000e+00 2.111935e+02 -1.069607e+02 9.366232e-01
0.000000e+00 7.899920e+01 -4.698369e+01 8.571537e-01
4.741971e+01 1.897266e+03 -1.246076e+03 1.000000e+00
4.659010e+01 1.594466e+03 -5.236762e+02 1.000000e+00
4.305501e+01 1.620833e+03 -8.624674e+02 1.000000e+00
3.726305e+01 1.185056e+03 -1.089238e+02 1.000000e+00
2.976365e+01 1.090251e+03 -5.884005e+02 9.992651e-01
2.123045e+01 6.357649e+02 1.564679e+02 9.950333e-01
1.230457e+01 4.601773e+02 -5.380996e+02 9.787423e-01
3.741342e+00 7.886279e+01 -2.088580e+01 9.366232e-01
3.193974e+00 1.395916e+02 -4.804770e+01 8.571537e-01
4.839981e+01 1.890593e+03 -1.238026e+03 1.000000e+00
4.731405e+01 1.585935e+03 -5.164583e+02 1.000000e+00
4.260377e+01 1.611449e+03 -8.565642e+02 1.000000e+00
3.684210e+01 1.178617e+03 -1.028192e+02 1.000000e+00
2.993275e+01 1.082005e+03 -5.838820e+02 9.992651e-01
2.054282e+01 6.304609e+02 1.570524e+02 9.950333e-01
1.296682e+01 4.552509e+02 -5.309810e+02 9.787423e-01
5.389844e+00 7.692680e+01 -1.849596e+01 9.366232e-01
4.155188e+00 1.353686e+02 -4.557845e+01 8.571537e-01
4.012641e+01 1.882756e+03 -1.229113e+03 1.000000e+00
3.932589e+01 1.574096e+03 -5.115121e+02 1.000000e+00
3.743892e+01 1.601165e+03 -8.480015e+02 1.000000e+00
3.250756e+01 1.166847e+03 -1.007698e+02 1.000000e+00
2.537439e+01 1.073580e+03 -5.772763e+02 9.992651e-01
1.895927e+01 6.210745e+02 1.561701e+02 9.950333e-01
1.109229e+01 4.517292e+02 -5.225786e+02 9.787423e-01
3.285160e+00 7.519670e+01 -1.603793e+01 9.366232e-01
2.381247e+00 1.350149e+02 -4.409243e+01 8.571537e-01
4.164621e+01 1.873770e+03 -1.220528e+03 1.000000e+00
4.153282e+01 1.566625e+03 -5.065233e+02 1.000000e+00
3.759740e+01 1.591328e+03 -8.406680e+02 1.000000e+00
3.219120e+01 1.156784e+03 -9.914677e+01 1.000000e+00
2.591505e+01 1.065379e+03 -5.724409e+02 9.992651e-01
1.812366e+01 6.159784e+02 1.564924e+02 9.950333e-01
9.749346e+00 4.470918e+02 -5.239988e+02 9.787423e-01
2.445463e+00 7.446803e+01 -1.657866e+01 9.366232e-01
2.121596e+00 1.333939e+02 -4.528173e+01 8.571537e-01
3.178627e+01 1.866809e+03 -1.216256e+03 1.000000e+00
3.123070e+01 1.561219e+03 -4.987632e+02 1.000000e+00
2.939940e+01 1.583570e+03 -8.375975e+02 1.000000e+00
2.666426e+01 1.152118e+03 -9.160692e+01 1.000000e+00
2.127048e+01 1.058700e+03 -5.720677e+02 9.992651e-01
1.568370e+01 6.115679e+02 1.608723e+02 9.950333e-01
1.058883e+01 4.438661e+02 -5.258882e+02 9.787423e-01
4.135268e+00 7.179089e+01 -1.578342e+01 9.366232e-01
3.505122e+00 1.308904e+02 -4.449047e+01 8.571537e-01
2.618443e+01 1.860187e+03 -1.205579e+03 1.000000e+00
2.536668e+01 1.555479e+03 -5.008848e+02 1.000000e+00
2.374074e+01 1.572814e+03 -8.232672e+02 1.000000e+00
2.031540e+01 1.146895e+03 -9.667236e+01 1.000000e+00
1.778732e+01 1.048799e+03 -5.562941e+02 9.992651e-01
1.358159e+01 6.056284e+02 1.509035e+02 9.950333e-01
8.477261e+00 4.384028e+02 -5.079062e+02 9.787423e-01
4.314560e+00 6.964430e+01 -1.637601e+01 9.366232e-01
3.618364e+00 1.290918e+02 -4.258471e+01 8.571537e-01
1.782614e+01 1.865795e+03 -1.215334e+03 1.000000e+00
1.947517e+01 1.545298e+03 -4.805764e+02 1.000000e+00
1.726370e+01 1.577731e+03 -8.371114e+02 1.000000e+00
1.541103e+01 1.136268e+03 -7.557664e+01 1.000000e+00
1.075889e+01 1.052040e+03 -5.720313e+02 9.992651e-01
8.801371e+00 6.001409e+02 1.732042e+02 9.950333e-01
6.509093e+00 4.395364e+02 -5.292847e+02 9.787423e-01
4.621043e+00 6.776959e+01 -1.068697e+01 9.366232e-01
3.376233e+00 1.302239e+02 -4.050758e+01 8.571537e-01
7.830156e+00 1.850850e+03 -1.169464e+03 1.000000e+00
7.026440e+00 1.558886e+03 -5.241258e+02 1.000000e+00
6.230167e+00 1.567040e+03 -7.864493e+02 1.000000e+00
4.945043e+00 1.144142e+03 -1.250363e+02 1.000000e+00
3.625237e+00 1.045150e+03 -5.175367e+02 9.992651e-01
2.715775e+00 6.010838e+02 1.224878e+02 9.950333e-01
3.983440e+00 4.395673e+02 -4.570326e+02 9.787423e-01
-1.387384e+00 6.505731e+01 -1.524219e+01 9.366232e-01
-8.161445e-02 1.321891e+02 -3.938338e+01 8.571537e-01
0.000000e+00 1.831522e+03 -1.104286e+03 1.000000e+00
0.000000e+00 1.587772e+03 -5.939778e+02 1.000000e+00
0.000000e+00 1.548674e+03 -7.102584e+02 1.000000e+00
0.000000e+00 1.165670e+03 -2.043969e+02 1.000000e+00
0.000000e+00 1.030609e+03 -4.324001e+02 9.992651e-01
0.000000e+00 6.104705e+02 3.702634e+01 9.950333e-01
0.000000e+00 4.341398e+02 -3.477407e+02 9.787423e-01
0.000000e+00 6.603920e+01 -2.713048e+01 9.366232e-01
0.000000e+00 1.301657e+02 -3.945978e+01 8.571537e-01
4.710088e+01 1.510157e+03 -5.994988e+02 1.000000e+00
4.500668e+01 1.598229e+03 -9.009557e+02 1.000000e+00
4.078305e+01 1.231685e+03 -1.868383e+02 1.000000e+00
3.481806e+01 1.192144e+03 -6.087462e+02 1.000000e+00
2.738873e+01 7.730627e+02 1.142359e+02 9.992651e-01
1.890782e+01 6.537844e+02 -4.270371e+02 9.950333e-01
1.014873e+01 2.852464e+02 3.608040e+02 9.787423e-01
1.792165e+00 1.244044e+02 -8.271086e+01 9.366232e-01
1.599994e+00 3.372218e+01 -2.074193e+01 8.571537e-01
4.567835e+01 1.496623e+03 -5.928798e+02 1.000000e+00
4.352119e+01 1.583888e+03 -8.947762e+02 1.000000e+00
3.937814e+01 1.219058e+03 -1.813564e+02 1.000000e+00
3.344033e+01 1.178239e+03 -6.042213e+02 1.000000e+00
2.599556e+01 7.622274e+02 1.165120e+02 9.992651e-01
1.875059e+01 6.458209e+02 -4.223904e+02 9.950333e-01
1.171393e+01 2.805484e+02 3.622041e+02 9.787423e-01
4.417577e+00 1.204696e+02 -8.025210e+01 9.366232e-01
2.824346e+00 3.228842e+01 -2.029236e+01 8.571537e-01
4.267237e+01 1.488826e+03 -5.894809e+02 1.000000e+00
4.085708e+01 1.577537e+03 -8.868497e+02 1.000000e+00
3.742081e+01 1.211239e+03 -1.781097e+02 1.000000e+00
3.215699e+01 1.172600e+03 -5.983453e+02 1.000000e+00
2.452436e+01 7.542689e+02 1.158490e+02 9.992651e-01
1.666334e+01 6.422111e+02 -4.155752e+02 9.950333e-01
9.577844e+00 2.760448e+02 3.627799e+02 9.787423e-01
2.976580e+00 1.186480e+02 -7.632108e+01 9.366232e-01
2.363249e+00 2.956061e+01 -1.848950e+01 8.571537e-01
3.848558e+01 1.483304e+03 -5.844137e+02 1.000000e+00
3.786729e+01 1.568826e+03 -8.802937e+02 1.000000e+00
3.305520e+01 1.202895e+03 -1.760664e+02 1.000000e+00
2.774556e+01 1.165049e+03 -5.927766e+02 1.000000e+00
2.299276e+01 7.491451e+02 1.180612e+02 9.992651e-01
1.666995e+01 6.356847e+02 -4.136630e+02 9.950333e-01
9.084175e+00 2.737686e+02 3.636603e+02 9.787423e-01
1.478292e+00 1.164579e+02 -7.607667e+01 9.366232e-01
1.278018e+00 2.880116e+01 -1.807310e+01 8.571537e-01
3.186522e+01 1.474449e+03 -5.774995e+02 1.000000e+00
3.036460e+01 1.557507e+03 -8.765927e+02 1.000000e+00
2.930717e+01 1.194043e+03 -1.702636e+02 1.000000e+00
2.559643e+01 1.153622e+03 -5.908644e+02 1.000000e+00
1.932483e+01 7.418676e+02 1.224585e+02 9.992651e-01
1.355544e+01 6.296702e+02 -4.132472e+02 9.950333e-01
7.997819e+00 2.692198e+02 3.647816e+02 9.787423e-01
3.031792e+00 1.144736e+02 -7.645215e+01 9.366232e-01
2.409971e+00 2.735811e+01 -1.865797e+01 8.571537e-01
2.660406e+01 1.472947e+03 -5.799949e+02 1.000000e+00
2.583662e+01 1.554203e+03 -8.660008e+02 1.000000e+00
2.196670e+01 1.194015e+03 -1.736754e+02 1.000000e+00
1.966207e+01 1.149387e+03 -5.786307e+02 1.000000e+00
1.564247e+01 7.400756e+02 1.129991e+02 9.992651e-01
1.263877e+01 6.268275e+02 -3.980038e+02 9.950333e-01
8.404291e+00 2.680939e+02 3.492049e+02 9.787423e-01
4.653145e+00 1.145355e+02 -7.312764e+01 9.366232e-01
3.765690e+00 2.678197e+01 -1.762820e+01 8.571537e-01
1.577411e+01 1.461064e+03 -5.607122e+02 1.000000e+00
1.533457e+01 1.555419e+03 -8.794601e+02 1.000000e+00
1.500816e+01 1.179630e+03 -1.538234e+02 1.000000e+00
1.226083e+01 1.150875e+03 -5.939221e+02 1.000000e+00
1.082453e+01 7.302768e+02 1.359914e+02 9.992651e-01
6.951711e+00 6.264932e+02 -4.158886e+02 9.950333e-01
6.314759e+00 2.636158e+02 3.812402e+02 9.787423e-01
4.456213e+00 1.162916e+02 -7.061423e+01 9.366232e-01
3.304355e+00 2.504785e+01 -1.371982e+01 8.571537e-01
9.761932e+00 1.476532e+03 -6.048351e+02 1.000000e+00
9.184020e+00 1.542284e+03 -8.273961e+02 1.000000e+00
8.066908e+00 1.190573e+03 -2.038044e+02 1.000000e+00
5.737579e+00 1.140967e+03 -5.401854e+02 1.000000e+00
2.729318e+00 7.359971e+02 8.154540e+01 9.992651e-01
9.460189e-01 6.230045e+02 -3.615681e+02 9.950333e-01
-4.531767e+00 2.612155e+02 3.077127e+02 9.787423e-01
-7.257736e-01 1.157625e+02 -6.417631e+01 9.366232e-01
-1.087532e+00 2.142402e+01 -1.460150e+01 8.571537e-01
0.000000e+00 1.507873e+03 -6.722432e+02 1.000000e+00
0.000000e+00 1.527237e+03 -7.539974e+02 1.000000e+00
0.000000e+00 1.219508e+03 -2.805730e+02 1.000000e+00
0.000000e+00 1.127773e+03 -4.598421e+02 1.000000e+00
0.000000e+00 7.548250e+02 -4.837978e+00 9.992651e-01
0.000000e+00 6.165291e+02 -2.765611e+02 9.950333e-01
0.000000e+00 2.671331e+02 1.887126e+02 9.787423e-01
0.000000e+00 1.127749e+02 -5.735164e+01 9.366232e-01
0.000000e+00 2.215802e+01 -1.823712e+01 8.571537e-01
4.625793e+01 1.510575e+03 -9.444921e+02 1.000000e+00
4.343993e+01 1.216853e+03 -2.662443e+02 1.000000e+00
3.852946e+01 1.229793e+03 -6.412800e+02 1.000000e+00
3.227367e+01 8.587318e+02 4.686288e+01 1.000000e+00
2.485750e+01 7.890023e+02 -4.553691e+02 9.992651e-01
1.691101e+01 4.314477e+02 2.165857e+02 9.950333e-01
8.683159e+00 3.091260e+02 -4.599639e+02 9.787423e-01
6.838753e-01 2.972450e+01 1.260891e+01 9.366232e-01
7.209314e-01 7.477288e+01 -2.154265e+01 8.571537e-01
4.274710e+01 1.503993e+03 -9.390038e+02 1.000000e+00
4.069953e+01 1.211280e+03 -2.604066e+02 1.000000e+00
3.612215e+01 1.222552e+03 -6.383173e+02 1.000000e+00
2.889215e+01 8.525518e+02 4.880898e+01 1.000000e+00
2.263544e+01 7.841407e+02 -4.511579e+02 9.992651e-01
1.556544e+01 4.268457e+02 2.152659e+02 9.950333e-01
8.165192e+00 3.039048e+02 -4.585879e+02 9.787423e-01
2.546585e+00 2.797609e+01 1.300417e+01 9.366232e-01
1.920337e+00 7.260474e+01 -2.107295e+01 8.571537e-01
4.353699e+01 1.494756e+03 -9.318097e+02 1.000000e+00
4.075424e+01 1.200971e+03 -2.584060e+02 1.000000e+00
3.662600e+01 1.213164e+03 -6.323899e+02 1.000000e+00
3.172115e+01 8.420565e+02 4.802563e+01 1.000000e+00
2.416668e+01 7.790167e+02 -4.468715e+02 9.992651e-01
1.621872e+01 4.206573e+02 2.131061e+02 9.950333e-01
9.491138e+00 3.004875e+02 -4.538682e+02 9.787423e-01
1.511167e+00 2.435954e+01 1.390858e+01 9.366232e-01
9.970547e-01 7.119495e+01 -2.072158e+01 8.571537e-01
3.524767e+01 1.484595e+03 -9.262625e+02 1.000000e+00
3.324455e+01 1.191883e+03 -2.563940e+02 1.000000e+00
2.934556e+01 1.204746e+03 -6.269626e+02 1.000000e+00
2.459856e+01 8.361774e+02 5.008239e+01 1.000000e+00
1.877496e+01 7.707806e+02 -4.463813e+02 9.992651e-01
1.218234e+01 4.163357e+02 2.134275e+02 9.950333e-01
6.204921e+00 2.964717e+02 -4.529869e+02 9.787423e-01
8.301657e-01 2.293831e+01 1.305566e+01 9.366232e-01
8.906261e-01 6.877096e+01 -2.179149e+01 8.571537e-01
3.294965e+01 1.479694e+03 -9.232827e+02 1.000000e+00
3.154461e+01 1.188415e+03 -2.506443e+02 1.000000e+00
2.842110e+01 1.198718e+03 -6.253734e+02 1.000000e+00
2.350253e+01 8.325414e+02 5.302987e+01 1.000000e+00
1.890914e+01 7.661593e+02 -4.434733e+02 9.992651e-01
1.415969e+01 4.128733e+02 2.126730e+02 9.950333e-01
8.020731e+00 2.942048e+02 -4.555661e+02 9.787423e-01
2.285275e+00 2.201428e+01 1.168870e+01 9.366232e-01
2.169657e+00 6.834834e+01 -2.216478e+01 8.571537e-01
2.404165e+01 1.470754e+03 -9.140056e+02 1.000000e+00
2.209606e+01 1.180943e+03 -2.539216e+02 1.000000e+00
2.051719e+01 1.188920e+03 -6.146848e+02 1.000000e+00
1.757915e+01 8.252630e+02 4.539597e+01 1.000000e+00
1.448223e+01 7.611111e+02 -4.301077e+02 9.992651e-01
1.025698e+01 4.104954e+02 2.023649e+02 9.950333e-01
8.006858e+00 2.930446e+02 -4.400473e+02 9.787423e-01
6.158414e+00 2.240460e+01 1.369787e+01 9.366232e-01
4.352017e+00 6.890062e+01 -1.908768e+01 8.571537e-01
1.693832e+01 1.476350e+03 -9.271251e+02 1.000000e+00
1.650399e+01 1.172475e+03 -2.352365e+02 1.000000e+00
1.334815e+01 1.195375e+03 -6.305645e+02 1.000000e+00
1.233784e+01 8.178767e+02 6.749887e+01 1.000000e+00
8.289960e+00 7.633697e+02 -4.515778e+02 9.992651e-01
6.308555e+00 4.039176e+02 2.262744e+02 9.950333e-01
3.851463e+00 2.934110e+02 -4.632043e+02 9.787423e-01
2.880584e+00 1.956692e+01 2.222206e+01 9.366232e-01
2.255779e+00 6.924532e+01 -1.522348e+01 8.571537e-01
7.251154e+00 1.461914e+03 -8.756095e+02 1.000000e+00
7.713560e+00 1.185717e+03 -2.849489e+02 1.000000e+00
7.114479e+00 1.182850e+03 -5.758630e+02 1.000000e+00
5.156061e+00 8.268438e+02 1.266905e+01 1.000000e+00
4.240621e+00 7.558623e+02 -3.931805e+02 9.992651e-01
3.833532e+00 4.059293e+02 1.704351e+02 9.950333e-01
4.088738e+00 2.923779e+02 -3.886733e+02 9.787423e-01
-3.564046e+00 1.604730e+01 1.413430e+01 9.366232e-01
-1.420216e+00 6.963760e+01 -1.546171e+01 8.571537e-01
0.000000e+00 1.438226e+03 -8.042394e+02 1.000000e+00
0.000000e+00 1.207021e+03 -3.583125e+02 1.000000e+00
0.000000e+00 1.161120e+03 -4.965467e+02 1.000000e+00
0.000000e+00 8.446528e+02 -7.080032e+01 1.000000e+00
0.000000e+00 7.429319e+02 -3.042130e+02 9.992651e-01
0.000000e+00 4.164334e+02 8.338990e+01 9.950333e-01
0.000000e+00 2.882777e+02 -2.759957e+02 9.787423e-01
0.000000e+00 1.784815e+01 5.900502e-01 9.366232e-01
0.000000e+00 6.810812e+01 -1.652888e+01 8.571537e-01
4.405009e+01 1.154295e+03 -3.471667e+02 1.000000e+00
4.102721e+01 1.217042e+03 -6.845149e+02 1.000000e+00
3.577324e+01 8.984037e+02 -2.251949e+01 1.000000e+00
2.936722e+01 8.720320e+02 -4.713196e+02 1.000000e+00
2.239109e+01 5.356855e+02 1.937879e+02 9.992651e-01
1.535388e+01 4.581767e+02 -3.372136e+02 9.950333e-01
7.865346e+00 1.796686e+02 3.904887e+02 9.787423e-01
5.350617e-01 6.488944e+01 -5.040278e+01 9.366232e-01
4.362159e-01 4.598010e+00 -4.749506e+00 8.571537e-01
4.440560e+01 1.146764e+03 -3.420699e+02 1.000000e+00
4.185723e+01 1.208118e+03 -6.811184e+02 1.000000e+00
3.622520e+01 8.913870e+02 -2.064388e+01 1.000000e+00
3.005502e+01 8.669438e+02 -4.687734e+02 1.000000e+00
2.284676e+01 5.309753e+02 1.936301e+02 9.992651e-01
1.437125e+01 4.540227e+02 -3.376916e+02 9.950333e-01
7.188267e+00 1.793087e+02 3.908918e+02 9.787423e-01
1.406443e+00 6.430221e+01 -5.041275e+01 9.366232e-01
9.804745e-01 4.647153e+00 -5.355705e+00 8.571537e-01
3.731787e+01 1.137609e+03 -3.407467e+02 1.000000e+00
3.375531e+01 1.199241e+03 -6.758348e+02 1.000000e+00
2.978782e+01 8.823190e+02 -2.081664e+01 1.000000e+00
2.421186e+01 8.608546e+02 -4.641072e+02 1.000000e+00
1.883969e+01 5.237556e+02 1.923279e+02 9.992651e-01
1.365170e+01 4.503875e+02 -3.353381e+02 9.950333e-01
7.452182e+00 1.761071e+02 3.889452e+02 9.787423e-01
2.751397e-01 6.405614e+01 -5.061483e+01 9.366232e-01
3.576595e-01 3.536176e+00 -6.027620e+00 8.571537e-01
3.694433e+01 1.130151e+03 -3.378381e+02 1.000000e+00
3.566061e+01 1.191658e+03 -6.714005e+02 1.000000e+00
3.237796e+01 8.761953e+02 -1.858634e+01 1.000000e+00
2.682583e+01 8.522278e+02 -4.621458e+02 1.000000e+00
1.978067e+01 5.203104e+02 1.926665e+02 9.992651e-01
1.296907e+01 4.473640e+02 -3.327105e+02 9.950333e-01
6.145371e+00 1.743050e+02 3.850321e+02 9.787423e-01
-6.767806e-02 6.199185e+01 -5.304596e+01 9.366232e-01
2.189597e-01 3.718609e+00 -7.719513e+00 8.571537e-01
3.065905e+01 1.124271e+03 -3.329400e+02 1.000000e+00
2.776022e+01 1.183881e+03 -6.691181e+02 1.000000e+00
2.344205e+01 8.709392e+02 -1.626351e+01 1.000000e+00
1.989417e+01 8.470746e+02 -4.599591e+02 1.000000e+00
1.621053e+01 5.167956e+02 1.921953e+02 9.992651e-01
1.158286e+01 4.442691e+02 -3.314731e+02 9.950333e-01
7.331995e+00 1.736442e+02 3.821035e+02 9.787423e-01
3.743348e+00 6.307338e+01 -5.300438e+01 9.366232e-01
2.915419e+00 4.039458e+00 -7.323828e+00 8.571537e-01
2.189530e+01 1.120562e+03 -3.360185e+02 1.000000e+00
2.085497e+01 1.177998e+03 -6.603689e+02 1.000000e+00
1.849840e+01 8.657629e+02 -2.206754e+01 1.000000e+00
1.633379e+01 8.426497e+02 -4.484092e+02 1.000000e+00
1.292490e+01 5.120955e+02 1.844696e+02 9.992651e-01
1.049158e+01 4.399153e+02 -3.194299e+02 9.950333e-01
7.618060e+00 1.715649e+02 3.721797e+02 9.787423e-01
5.196397e+00 6.345758e+01 -4.633769e+01 9.366232e-01
3.784886e+00 3.538506e+00 -3.265920e+00 8.571537e-01
1.860828e+01 1.110425e+03 -3.170174e+02 1.000000e+00
1.702429e+01 1.181673e+03 -6.757580e+02 1.000000e+00
1.601531e+01 8.567226e+02 -1.395554e+00 1.000000e+00
1.155197e+01 8.447637e+02 -4.691483e+02 1.000000e+00
8.644897e+00 5.056391e+02 2.072972e+02 9.992651e-01
4.545290e+00 4.428436e+02 -3.396597e+02 9.950333e-01
3.262345e+00 1.673858e+02 4.047310e+02 9.787423e-01
6.499363e-01 6.147242e+01 -4.542828e+01 9.366232e-01
4.392237e-01 -2.364779e-01 -8.067650e-01 8.571537e-01
5.700702e+00 1.124983e+03 -3.672634e+02 1.000000e+00
4.725252e+00 1.167762e+03 -6.198401e+02 1.000000e+00
3.938100e+00 8.686651e+02 -5.625006e+01 1.000000e+00
3.527316e+00 8.345831e+02 -4.113748e+02 1.000000e+00
2.538677e+00 5.120789e+02 1.466767e+02 9.992651e-01
-3.170128e-01 4.380199e+02 -2.858609e+02 9.950333e-01
-5.877214e+00 1.656847e+02 3.206281e+02 9.787423e-01
-1.753744e+00 6.118034e+01 -4.211420e+01 9.366232e-01
-1.844430e+00 -3.151687e+00 -4.177907e+00 8.571537e-01
0.000000e+00 1.153868e+03 -4.395989e+02 1.000000e+00
0.000000e+00 1.151597e+03 -5.421677e+02 1.000000e+00
0.000000e+00 8.923018e+02 -1.362917e+02 1.000000e+00
0.000000e+00 8.209802e+02 -3.255227e+02 1.000000e+00
0.000000e+00 5.273696e+02 5.764473e+01 9.992651e-01
0.000000e+00 4.285045e+02 -2.026986e+02 9.950333e-01
0.000000e+00 1.694059e+02 1.971480e+02 9.787423e-01
0.000000e+00 5.965128e+01 -3.485518e+01 9.366232e-01
0.000000e+00 -1.716012e+00 -7.423566e+00 8.571537e-01
4.160975e+01 1.151811e+03 -7.321652e+02 1.000000e+00
3.822872e+01 8.942842e+02 -9.802394e+01 1.000000e+00
3.330536e+01 9.083118e+02 -5.057916e+02 1.000000e+00
2.697090e+01 6.062084e+02 1.311902e+02 1.000000e+00
2.040018e+01 5.671036e+02 -3.785073e+02 9.992651e-01
1.353579e+01 2.884865e+02 2.338577e+02 9.950333e-01
6.907665e+00 2.047068e+02 -4.187610e+02 9.787423e-01
1.044181e+00 2.556462e+00 2.400493e+01 9.366232e-01
8.115252e-01 3.806079e+01 -1.035042e+01 8.571537e-01
3.946235e+01 1.138852e+03 -7.291384e+02 1.000000e+00
3.596909e+01 8.823401e+02 -9.516816e+01 1.000000e+00
3.159424e+01 8.975727e+02 -5.029967e+02 1.000000e+00
2.606586e+01 5.963426e+02 1.317764e+02 1.000000e+00
1.941832e+01 5.593042e+02 -3.783597e+02 9.992651e-01
1.323106e+01 2.852851e+02 2.346055e+02 9.950333e-01
7.797896e+00 2.029798e+02 -4.180717e+02 9.787423e-01
1.998335e+00 3.431027e+00 2.484600e+01 9.366232e-01
1.354774e+00 3.827658e+01 -9.413602e+00 8.571537e-01
3.878440e+01 1.132454e+03 -7.244851e+02 1.000000e+00
3.551460e+01 8.759378e+02 -9.541850e+01 1.000000e+00
3.068894e+01 8.932179e+02 -4.982426e+02 1.000000e+00
2.561581e+01 5.918246e+02 1.298936e+02 1.000000e+00
1.946475e+01 5.568779e+02 -3.768919e+02 9.992651e-01
1.254863e+01 2.828239e+02 2.327036e+02 9.950333e-01
5.883496e+00 2.032208e+02 -4.166728e+02 9.787423e-01
7.304831e-01 4.216365e+00 2.560773e+01 9.366232e-01
5.630158e-01 3.949406e+01 -8.866949e+00 8.571537e-01
3.328155e+01 1.126931e+03 -7.209352e+02 1.000000e+00
3.110505e+01 8.705121e+02 -9.355350e+01 1.000000e+00
2.652779e+01 8.853427e+02 -4.975706e+02 1.000000e+00
2.108797e+01 5.882607e+02 1.305820e+02 1.000000e+00
1.733636e+01 5.527803e+02 -3.742251e+02 9.992651e-01
1.177504e+01 2.801404e+02 2.289337e+02 9.950333e-01
5.972898e+00 2.014023e+02 -4.181208e+02 9.787423e-01
2.776251e-01 6.455390e+00 2.334952e+01 9.366232e-01
5.306728e-01 3.957742e+01 -9.942402e+00 8.571537e-01
2.771994e+01 1.116539e+03 -7.181931e+02 1.000000e+00
2.508080e+01 8.616002e+02 -9.075720e+01 1.000000e+00
2.344479e+01 8.767587e+02 -4.946400e+02 1.000000e+00
2.019803e+01 5.810662e+02 1.306008e+02 1.000000e+00
1.468694e+01 5.473101e+02 -3.716282e+02 9.992651e-01
1.028878e+01 2.773299e+02 2.276549e+02 9.950333e-01
7.672993e+00 2.004762e+02 -4.140344e+02 9.787423e-01
4.581346e+00 6.653516e+00 2.474606e+01 9.366232e-01
3.165072e+00 3.956940e+01 -8.547683e+00 8.571537e-01
2.531643e+01 1.114050e+03 -7.101707e+02 1.000000e+00
2.260004e+01 8.605225e+02 -9.593253e+01 1.000000e+00
1.898274e+01 8.768486e+02 -4.847357e+02 1.000000e+00
1.463646e+01 5.797017e+02 1.233265e+02 1.000000e+00
1.250508e+01 5.459993e+02 -3.623539e+02 9.992651e-01
8.775275e+00 2.763788e+02 2.206480e+02 9.950333e-01
5.243655e+00 1.995286e+02 -4.006050e+02 9.787423e-01
3.555253e+00 5.249052e+00 2.937016e+01 9.366232e-01
2.558538e+00 3.883344e+01 -4.852918e+00 8.571537e-01
1.150613e+01 1.116662e+03 -7.250101e+02 1.000000e+00
1.186823e+01 8.501378e+02 -7.562320e+01 1.000000e+00
9.709061e+00 8.765349e+02 -5.047706e+02 1.000000e+00
8.675258e+00 5.706168e+02 1.463307e+02 1.000000e+00
6.131481e+00 5.470281e+02 -3.843936e+02 9.992651e-01
3.905029e+00 2.691284e+02 2.412942e+02 9.950333e-01
3.689518e-01 1.975919e+02 -4.337569e+02 9.787423e-01
-1.986424e+00 1.006559e+00 3.149491e+01 9.366232e-01
-1.350609e+00 3.844765e+01 -5.616080e+00 8.571537e-01
9.295744e+00 1.101141e+03 -6.690577e+02 1.000000e+00
8.981718e+00 8.630149e+02 -1.296908e+02 1.000000e+00
8.139451e+00 8.644384e+02 -4.451448e+02 1.000000e+00
6.049318e+00 5.807092e+02 8.636641e+01 1.000000e+00
4.078207e+00 5.395426e+02 -3.239461e+02 9.992651e-01
3.313074e+00 2.727997e+02 1.823384e+02 9.950333e-01
4.121208e+00 1.972239e+02 -3.540203e+02 9.787423e-01
-3.699847e+00 -1.972514e+00 2.080346e+01 9.366232e-01
-1.767263e+00 3.843151e+01 -7.905318e+00 8.571537e-01
0.000000e+00 1.085249e+03 -5.935443e+02 1.000000e+00
0.000000e+00 8.894661e+02 -2.079180e+02 1.000000e+00
0.000000e+00 8.525134e+02 -3.615272e+02 1.000000e+00
0.000000e+00 6.013734e+02 -6.128677e-01 1.000000e+00
0.000000e+00 5.291227e+02 -2.347487e+02 9.992651e-01
0.000000e+00 2.847707e+02 9.708158e+01 9.950333e-01
0.000000e+00 1.962326e+02 -2.349272e+02 9.787423e-01
0.000000e+00 -6.572843e-02 9.342749e+00 9.366232e-01
0.000000e+00 3.696175e+01 -7.836728e+00 8.571537e-01
3.896848e+01 8.378773e+02 -1.729886e+02 1.000000e+00
3.518063e+01 8.876886e+02 -5.460026e+02 1.000000e+00
3.031047e+01 6.295187e+02 7.251479e+01 1.000000e+00
2.470002e+01 6.241423e+02 -3.907998e+02 1.000000e+00
1.860617e+01 3.625499e+02 2.291707e+02 9.992651e-01
1.259073e+01 3.193830e+02 -2.886336e+02 9.950333e-01
6.493237e+00 1.174794e+02 3.976360e+02 9.787423e-01
1.279855e+00 3.684388e+01 -4.211601e+01 9.366232e-01
8.881140e-01 -4.495321e+00 -2.504415e+00 8.571537e-01
3.629874e+01 8.340787e+02 -1.709491e+02 1.000000e+00
3.349763e+01 8.841704e+02 -5.424464e+02 1.000000e+00
2.896238e+01 6.260656e+02 7.268170e+01 1.000000e+00
2.233568e+01 6.205365e+02 -3.909030e+02 1.000000e+00
1.744779e+01 3.608818e+02 2.310189e+02 9.992651e-01
1.312858e+01 3.173354e+02 -2.889258e+02 9.950333e-01
6.640064e+00 1.149629e+02 3.943499e+02 9.787423e-01
2.336565e+00 3.665307e+01 -4.007062e+01 9.366232e-01
1.434355e+00 -4.513583e+00 -1.966435e+00 8.571537e-01
3.695560e+01 8.252132e+02 -1.703872e+02 1.000000e+00
3.313645e+01 8.762786e+02 -5.384767e+02 1.000000e+00
2.875300e+01 6.176090e+02 7.190546e+01 1.000000e+00
2.482308e+01 6.135848e+02 -3.884572e+02 1.000000e+00
1.859902e+01 3.557540e+02 2.290827e+02 9.992651e-01
1.157591e+01 3.146907e+02 -2.872543e+02 9.950333e-01
7.354415e+00 1.129100e+02 3.925258e+02 9.787423e-01
1.684555e+00 3.733071e+01 -3.761136e+01 9.366232e-01
1.225584e+00 -4.752188e+00 -6.269931e-01 8.571537e-01
3.012317e+01 8.164032e+02 -1.672361e+02 1.000000e+00
2.801378e+01 8.673297e+02 -5.378163e+02 1.000000e+00
2.343222e+01 6.123160e+02 7.301443e+01 1.000000e+00
1.896175e+01 6.084112e+02 -3.854173e+02 1.000000e+00
1.519283e+01 3.521138e+02 2.269849e+02 9.992651e-01
1.059035e+01 3.116602e+02 -2.856643e+02 9.950333e-01
5.317353e+00 1.140743e+02 3.931827e+02 9.787423e-01
1.186291e+00 3.731150e+01 -3.697699e+01 9.366232e-01
7.825229e-01 -3.770430e+00 -9.307770e-02 8.571537e-01
2.727925e+01 8.149463e+02 -1.661356e+02 1.000000e+00
2.520198e+01 8.657023e+02 -5.337957e+02 1.000000e+00
2.283363e+01 6.102357e+02 7.234173e+01 1.000000e+00
1.834540e+01 6.064382e+02 -3.833541e+02 1.000000e+00
1.417180e+01 3.498461e+02 2.260966e+02 9.992651e-01
1.047524e+01 3.102830e+02 -2.819503e+02 9.950333e-01
6.275395e+00 1.115487e+02 3.871778e+02 9.787423e-01
3.226115e+00 3.601908e+01 -3.548412e+01 9.366232e-01
2.380518e+00 -4.364835e+00 6.446215e-01 8.571537e-01
2.081526e+01 8.068799e+02 -1.697312e+02 1.000000e+00
1.916419e+01 8.576121e+02 -5.258994e+02 1.000000e+00
1.525408e+01 6.011523e+02 6.707681e+01 1.000000e+00
1.308645e+01 5.996998e+02 -3.753085e+02 1.000000e+00
1.054999e+01 3.448470e+02 2.196043e+02 9.992651e-01
7.991185e+00 3.070102e+02 -2.716590e+02 9.950333e-01
5.871532e+00 1.092984e+02 3.792549e+02 9.787423e-01
2.828433e+00 3.483552e+01 -3.023506e+01 9.366232e-01
2.116482e+00 -5.354099e+00 3.882035e+00 8.571537e-01
1.478233e+01 8.006804e+02 -1.497313e+02 1.000000e+00
1.271562e+01 8.625349e+02 -5.446943e+02 1.000000e+00
1.227533e+01 5.978837e+02 8.879217e+01 1.000000e+00
9.122591e+00 6.051691e+02 -3.958432e+02 1.000000e+00
6.847234e+00 3.408873e+02 2.421688e+02 9.992651e-01
1.755843e+00 3.095124e+02 -2.968952e+02 9.950333e-01
-1.347089e+00 1.079123e+02 4.113404e+02 9.787423e-01
-3.571989e+00 3.619534e+01 -3.430667e+01 9.366232e-01
-2.409637e+00 -7.065882e+00 3.547306e+00 8.571537e-01
6.214328e+00 8.161310e+02 -2.046359e+02 1.000000e+00
6.095875e+00 8.501482e+02 -4.843506e+02 1.000000e+00
5.733189e+00 6.097903e+02 2.963352e+01 1.000000e+00
3.927652e+00 5.950128e+02 -3.354566e+02 1.000000e+00
1.990922e+00 3.484025e+02 1.775006e+02 9.992651e-01
5.596324e-01 3.061970e+02 -2.417372e+02 9.950333e-01
-4.247010e+00 1.078277e+02 3.190634e+02 9.787423e-01
-1.680964e+00 3.689700e+01 -3.396290e+01 9.366232e-01
-2.029218e+00 -8.227654e+00 -1.497872e+00 8.571537e-01
0.000000e+00 8.335605e+02 -2.801743e+02 1.000000e+00
0.000000e+00 8.277864e+02 -4.028724e+02 1.000000e+00
0.000000e+00 6.230266e+02 -5.374162e+01 1.000000e+00
0.000000e+00 5.769510e+02 -2.494314e+02 1.000000e+00
0.000000e+00 3.602532e+02 8.720413e+01 9.992651e-01
0.000000e+00 2.978703e+02 -1.561462e+02 9.950333e-01
0.000000e+00 1.110281e+02 1.934333e+02 9.787423e-01
0.000000e+00 3.532221e+01 -2.589492e+01 9.366232e-01
0.000000e+00 -6.760296e+00 -4.057143e+00 8.571537e-01
