0 729 0.00000e+00
  1     729
0.000000e+00 -1.555432e+03 0.000000e+00 1.000000e+00
0.000000e+00 -1.471288e+03 -3.073202e+02 1.000000e+00
0.000000e+00 -1.537293e+03 -5.810395e+02 1.000000e+00
0.000000e+00 -1.344086e+03 -8.509137e+02 1.000000e+00
0.000000e+00 -1.318610e+03 -1.084282e+03 1.000000e+00
0.000000e+00 -1.028304e+03 -1.335133e+03 1.000000e+00
0.000000e+00 -9.225372e+02 -1.520884e+03 1.000000e+00
0.000000e+00 -5.611328e+02 -1.746188e+03 1.000000e+00
0.000000e+00 -4.107760e+02 -1.863448e+03 1.000000e+00
-4.548984e+00 -1.604861e+03 0.000000e+00 1.000000e+00
-5.444191e+00 -1.444161e+03 -3.081553e+02 1.000000e+00
-4.328188e+00 -1.586943e+03 -5.799824e+02 1.000000e+00
-5.487920e+00 -1.316343e+03 -8.539838e+02 1.000000e+00
-4.575387e+00 -1.365974e+03 -1.081474e+03 1.000000e+00
-5.760932e+00 -9.987837e+02 -1.341022e+03 1.000000e+00
-5.739979e+00 -9.659215e+02 -1.516188e+03 1.000000e+00
-5.608673e+00 -5.285494e+02 -1.754125e+03 1.000000e+00
-3.831604e+00 -4.491595e+02 -1.855694e+03 1.000000e+00
-9.432415e+00 -1.641571e+03 0.000000e+00 1.000000e+00
-9.468012e+00 -1.426562e+03 -3.093042e+02 1.000000e+00
-1.022071e+01 -1.623499e+03 -5.801625e+02 1.000000e+00
-9.854609e+00 -1.298421e+03 -8.572532e+02 1.000000e+00
-1.100208e+01 -1.400081e+03 -1.081691e+03 1.000000e+00
-1.161898e+01 -9.781566e+02 -1.346845e+03 1.000000e+00
-1.128255e+01 -9.971167e+02 -1.515285e+03 1.000000e+00
-1.113623e+01 -5.049101e+02 -1.761819e+03 1.000000e+00
-1.082933e+01 -4.759319e+02 -1.853543e+03 1.000000e+00
-1.434619e+01 -1.637615e+03 0.000000e+00 1.000000e+00
-1.422338e+01 -1.446581e+03 -3.099569e+02 1.000000e+00
-1.416166e+01 -1.620039e+03 -5.826326e+02 1.000000e+00
-1.571585e+01 -1.316793e+03 -8.593518e+02 1.000000e+00
-1.635765e+01 -1.395166e+03 -1.086494e+03 1.000000e+00
-1.717116e+01 -9.930724e+02 -1.349323e+03 1.000000e+00
-1.708515e+01 -9.902751e+02 -1.521508e+03 1.000000e+00
-1.705667e+01 -5.164371e+02 -1.764519e+03 1.000000e+00
-1.428371e+01 -4.663482e+02 -1.861012e+03 1.000000e+00
-1.719391e+01 -1.646567e+03 0.000000e+00 1.000000e+00
-1.792737e+01 -1.451706e+03 -3.111836e+02 1.000000e+00
-1.865956e+01 -1.628636e+03 -5.851607e+02 1.000000e+00
-1.938365e+01 -1.320446e+03 -8.632099e+02 1.000000e+00
-2.042262e+01 -1.401702e+03 -1.090702e+03 1.000000e+00
-2.196536e+01 -9.941040e+02 -1.354847e+03 1.000000e+00
-2.183925e+01 -9.938290e+02 -1.526677e+03 1.000000e+00
-2.072227e+01 -5.148642e+02 -1.770676e+03 1.000000e+00
-1.829373e+01 -4.666181e+02 -1.866163e+03 1.000000e+00
-2.062816e+01 -1.653790e+03 0.000000e+00 1.000000e+00
-2.094491e+01 -1.456949e+03 -3.127725e+02 1.000000e+00
-2.134869e+01 -1.635003e+03 -5.881000e+02 1.000000e+00
-2.278902e+01 -1.325079e+03 -8.674960e+02 1.000000e+00
-2.405781e+01 -1.405100e+03 -1.095814e+03 1.000000e+00
-2.497971e+01 -9.964667e+02 -1.360901e+03 1.000000e+00
-2.462507e+01 -9.943376e+02 -1.532590e+03 1.000000e+00
-2.444263e+01 -5.153488e+02 -1.778015e+03 1.000000e+00
-2.150455e+01 -4.638083e+02 -1.872315e+03 1.000000e+00
-2.237864e+01 -1.658797e+03 0.000000e+00 1.000000e+00
-2.305964e+01 -1.463073e+03 -3.143826e+02 1.000000e+00
-2.390248e+01 -1.639329e+03 -5.915540e+02 1.000000e+00
-2.485368e+01 -1.330165e+03 -8.719453e+02 1.000000e+00
-2.638812e+01 -1.406943e+03 -1.101727e+03 1.000000e+00
-2.762534e+01 -9.991723e+02 -1.366845e+03 1.000000e+00
-2.762775e+01 -9.936243e+02 -1.539868e+03 1.000000e+00
-2.596106e+01 -5.153028e+02 -1.784805e+03 1.000000e+00
-2.199960e+01 -4.604358e+02 -1.879220e+03 1.000000e+00
-2.356188e+01 -1.663699e+03 0.000000e+00 1.000000e+00
-2.425423e+01 -1.468346e+03 -3.162817e+02 1.000000e+00
-2.485014e+01 -1.643594e+03 -5.950179e+02 1.000000e+00
-2.627381e+01 -1.333822e+03 -8.767635e+02 1.000000e+00
-2.754650e+01 -1.409480e+03 -1.107640e+03 1.000000e+00
-2.836322e+01 -9.995057e+02 -1.373393e+03 1.000000e+00
-2.816067e+01 -9.941014e+02 -1.547095e+03 1.000000e+00
-2.692679e+01 -5.127014e+02 -1.791669e+03 1.000000e+00
-2.399637e+01 -4.580572e+02 -1.886330e+03 1.000000e+00
-2.401453e+01 -1.667006e+03 0.000000e+00 1.000000e+00
-2.455433e+01 -1.474352e+03 -3.182261e+02 1.000000e+00
-2.514984e+01 -1.647146e+03 -5.984293e+02 1.000000e+00
-2.643207e+01 -1.338051e+03 -8.818833e+02 1.000000e+00
-2.792026e+01 -1.411383e+03 -1.113347e+03 1.000000e+00
-2.843046e+01 -1.000774e+03 -1.380237e+03 1.000000e+00
-2.817027e+01 -9.939628e+02 -1.553782e+03 1.000000e+00
-2.684408e+01 -5.115070e+02 -1.799308e+03 1.000000e+00
-2.363949e+01 -4.553000e+02 -1.892467e+03 1.000000e+00
0.000000e+00 -1.397056e+03 0.000000e+00 1.000000e+00
0.000000e+00 -1.510379e+03 -3.096019e+02 1.000000e+00
0.000000e+00 -1.370346e+03 -5.968686e+02 1.000000e+00
0.000000e+00 -1.377317e+03 -8.477439e+02 1.000000e+00
0.000000e+00 -1.138978e+03 -1.105154e+03 1.000000e+00
0.000000e+00 -1.057404e+03 -1.308958e+03 1.000000e+00
0.000000e+00 -7.348247e+02 -1.536412e+03 1.000000e+00
0.000000e+00 -5.943635e+02 -1.678161e+03 1.000000e+00
0.000000e+00 -2.216864e+02 -1.866513e+03 1.000000e+00
-5.029720e+00 -1.370662e+03 0.000000e+00 1.000000e+00
-4.672121e+00 -1.557796e+03 -3.093905e+02 1.000000e+00
-5.474609e+00 -1.344634e+03 -5.984825e+02 1.000000e+00
-4.300371e+00 -1.422806e+03 -8.460041e+02 1.000000e+00
-5.537896e+00 -1.111816e+03 -1.109662e+03 1.000000e+00
-4.591424e+00 -1.099871e+03 -1.304585e+03 1.000000e+00
-5.756954e+00 -7.044634e+02 -1.544769e+03 1.000000e+00
-4.389354e+00 -6.330706e+02 -1.669695e+03 1.000000e+00
-3.420891e+00 -1.884796e+02 -1.878648e+03 1.000000e+00
-9.368968e+00 -1.353651e+03 0.000000e+00 1.000000e+00
-9.874729e+00 -1.593031e+03 -3.097008e+02 1.000000e+00
-9.650800e+00 -1.327844e+03 -6.006527e+02 1.000000e+00
-1.070598e+01 -1.457128e+03 -8.460833e+02 1.000000e+00
-1.004408e+01 -1.093383e+03 -1.114267e+03 1.000000e+00
-1.157778e+01 -1.131069e+03 -1.304051e+03 1.000000e+00
-1.035283e+01 -6.832289e+02 -1.551829e+03 1.000000e+00
-1.031543e+01 -6.608842e+02 -1.666710e+03 1.000000e+00
-8.964130e+00 -1.638929e+02 -1.888785e+03 1.000000e+00
-1.401859e+01 -1.372703e+03 0.000000e+00 1.000000e+00
-1.437554e+01 -1.589846e+03 -3.108475e+02 1.000000e+00
-1.434031e+01 -1.346112e+03 -6.021410e+02 1.000000e+00
-1.482518e+01 -1.453745e+03 -8.496664e+02 1.000000e+00
-1.600475e+01 -1.108653e+03 -1.116521e+03 1.000000e+00
-1.624326e+01 -1.125773e+03 -1.309700e+03 1.000000e+00
-1.560167e+01 -6.955142e+02 -1.553243e+03 1.000000e+00
-1.524795e+01 -6.526869e+02 -1.674499e+03 1.000000e+00
-1.260253e+01 -1.725397e+02 -1.889172e+03 1.000000e+00
-1.766409e+01 -1.377699e+03 0.000000e+00 1.000000e+00
-1.783055e+01 -1.598347e+03 -3.120150e+02 1.000000e+00
-1.817941e+01 -1.350401e+03 -6.047213e+02 1.000000e+00
-1.916647e+01 -1.461052e+03 -8.531495e+02 1.000000e+00
-1.943296e+01 -1.110648e+03 -1.120953e+03 1.000000e+00
-2.025937e+01 -1.130097e+03 -1.314178e+03 1.000000e+00
-2.008500e+01 -6.952138e+02 -1.559016e+03 1.000000e+00
-1.841627e+01 -6.545210e+02 -1.678788e+03 1.000000e+00
-1.566749e+01 -1.699157e+02 -1.895445e+03 1.000000e+00
-2.038385e+01 -1.382633e+03 0.000000e+00 1.000000e+00
-2.119970e+01 -1.605073e+03 -3.134959e+02 1.000000e+00
-2.142924e+01 -1.355253e+03 -6.077205e+02 1.000000e+00
-2.198878e+01 -1.466005e+03 -8.570534e+02 1.000000e+00
-2.360570e+01 -1.114129e+03 -1.126186e+03 1.000000e+00
-2.401828e+01 -1.131864e+03 -1.319174e+03 1.000000e+00
-2.284698e+01 -6.967549e+02 -1.565334e+03 1.000000e+00
-2.240168e+01 -6.535037e+02 -1.684409e+03 1.000000e+00
-1.851268e+01 -1.681976e+02 -1.901576e+03 1.000000e+00
-2.277453e+01 -1.388362e+03 0.000000e+00 1.000000e+00
-2.292837e+01 -1.609695e+03 -3.151434e+02 1.000000e+00
-2.320177e+01 -1.360474e+03 -6.108752e+02 1.000000e+00
-2.443587e+01 -1.469102e+03 -8.615709e+02 1.000000e+00
-2.476634e+01 -1.117281e+03 -1.131321e+03 1.000000e+00
-2.557050e+01 -1.132201e+03 -1.325340e+03 1.000000e+00
-2.512830e+01 -6.977380e+02 -1.571095e+03 1.000000e+00
-2.273056e+01 -6.512102e+02 -1.691451e+03 1.000000e+00
-1.932371e+01 -1.668091e+02 -1.906785e+03 1.000000e+00
-2.367167e+01 -1.393814e+03 0.000000e+00 1.000000e+00
-2.428449e+01 -1.614067e+03 -3.168369e+02 1.000000e+00
-2.471607e+01 -1.364714e+03 -6.143153e+02 1.000000e+00
-2.541872e+01 -1.472818e+03 -8.661844e+02 1.000000e+00
-2.685215e+01 -1.118864e+03 -1.136634e+03 1.000000e+00
-2.676138e+01 -1.133469e+03 -1.331593e+03 1.000000e+00
-2.611849e+01 -6.967545e+02 -1.577637e+03 1.000000e+00
-2.452533e+01 -6.505179e+02 -1.697426e+03 1.000000e+00
-2.038798e+01 -1.635137e+02 -1.913120e+03 1.000000e+00
-2.400880e+01 -1.399533e+03 0.000000e+00 1.000000e+00
-2.451478e+01 -1.617441e+03 -3.188060e+02 1.000000e+00
-2.484770e+01 -1.369880e+03 -6.175226e+02 1.000000e+00
-2.569102e+01 -1.475078e+03 -8.708414e+02 1.000000e+00
-2.678328e+01 -1.121505e+03 -1.142480e+03 1.000000e+00
-2.677320e+01 -1.134184e+03 -1.337059e+03 1.000000e+00
-2.590293e+01 -6.964455e+02 -1.584721e+03 1.000000e+00
-2.409263e+01 -6.488695e+02 -1.703244e+03 1.000000e+00
-2.037156e+01 -1.600545e+02 -1.918980e+03 1.000000e+00
0.000000e+00 -1.425839e+03 0.000000e+00 1.000000e+00
0.000000e+00 -1.350706e+03 -3.169304e+02 1.000000e+00
0.000000e+00 -1.393843e+03 -5.969740e+02 1.000000e+00
0.000000e+00 -1.207217e+03 -8.638171e+02 1.000000e+00
0.000000e+00 -1.157388e+03 -1.088007e+03 1.000000e+00
0.000000e+00 -8.776064e+02 -1.322865e+03 1.000000e+00
0.000000e+00 -7.556534e+02 -1.483745e+03 1.000000e+00
0.000000e+00 -4.134750e+02 -1.679030e+03 1.000000e+00
0.000000e+00 -2.561137e+02 -1.761656e+03 1.000000e+00
-3.441094e+00 -1.470129e+03 0.000000e+00 1.000000e+00
-5.891425e+00 -1.326813e+03 -3.185371e+02 1.000000e+00
-4.692625e+00 -1.438341e+03 -5.949993e+02 1.000000e+00
-5.126501e+00 -1.182771e+03 -8.676137e+02 1.000000e+00
-4.697355e+00 -1.199599e+03 -1.084639e+03 1.000000e+00
-5.385596e+00 -8.513645e+02 -1.329090e+03 1.000000e+00
-4.135311e+00 -7.939414e+02 -1.477648e+03 1.000000e+00
-4.509383e+00 -3.835407e+02 -1.688930e+03 1.000000e+00
-2.363195e+00 -2.907542e+02 -1.751049e+03 1.000000e+00
-9.869049e+00 -1.503012e+03 0.000000e+00 1.000000e+00
-9.385732e+00 -1.311060e+03 -3.201562e+02 1.000000e+00
-9.956931e+00 -1.471491e+03 -5.946030e+02 1.000000e+00
-1.009719e+01 -1.165933e+03 -8.716078e+02 1.000000e+00
-1.015855e+01 -1.230753e+03 -1.083627e+03 1.000000e+00
-9.994414e+00 -8.319744e+02 -1.335453e+03 1.000000e+00
-1.014153e+01 -8.215739e+02 -1.475263e+03 1.000000e+00
-8.530879e+00 -3.614448e+02 -1.697402e+03 1.000000e+00
-7.402200e+00 -3.148495e+02 -1.746095e+03 1.000000e+00
-1.383062e+01 -1.500130e+03 0.000000e+00 1.000000e+00
-1.432587e+01 -1.328465e+03 -3.207005e+02 1.000000e+00
-1.420327e+01 -1.468691e+03 -5.973506e+02 1.000000e+00
-1.423187e+01 -1.181611e+03 -8.730351e+02 1.000000e+00
-1.494836e+01 -1.226383e+03 -1.088512e+03 1.000000e+00
-1.552312e+01 -8.443580e+02 -1.337063e+03 1.000000e+00
-1.353292e+01 -8.147177e+02 -1.481073e+03 1.000000e+00
-1.341101e+01 -3.711176e+02 -1.698886e+03 1.000000e+00
-1.040622e+01 -3.052749e+02 -1.752842e+03 1.000000e+00
-1.787879e+01 -1.508667e+03 0.000000e+00 1.000000e+00
-1.784891e+01 -1.333005e+03 -3.217064e+02 1.000000e+00
-1.782676e+01 -1.476622e+03 -6.000421e+02 1.000000e+00
-1.898680e+01 -1.185371e+03 -8.763010e+02 1.000000e+00
-1.865676e+01 -1.232033e+03 -1.092521e+03 1.000000e+00
-1.886661e+01 -8.461588e+02 -1.341649e+03 1.000000e+00
-1.883197e+01 -8.179190e+02 -1.485532e+03 1.000000e+00
-1.642518e+01 -3.702483e+02 -1.703803e+03 1.000000e+00
-1.322950e+01 -3.054757e+02 -1.756921e+03 1.000000e+00
-1.995433e+01 -1.515019e+03 0.000000e+00 1.000000e+00
-2.116089e+01 -1.337729e+03 -3.233674e+02 1.000000e+00
-2.088950e+01 -1.481866e+03 -6.024523e+02 1.000000e+00
-2.080571e+01 -1.189206e+03 -8.806985e+02 1.000000e+00
-2.218221e+01 -1.234407e+03 -1.096612e+03 1.000000e+00
-2.213889e+01 -8.477345e+02 -1.347076e+03 1.000000e+00
-2.004270e+01 -8.176708e+02 -1.490404e+03 1.000000e+00
-1.887601e+01 -3.697337e+02 -1.709456e+03 1.000000e+00
-1.539187e+01 -3.032105e+02 -1.761654e+03 1.000000e+00
-2.295872e+01 -1.519382e+03 0.000000e+00 1.000000e+00
-2.277938e+01 -1.343108e+03 -3.250592e+02 1.000000e+00
-2.296686e+01 -1.485776e+03 -6.053458e+02 1.000000e+00
-2.399353e+01 -1.193323e+03 -8.850011e+02 1.000000e+00
-2.386928e+01 -1.236117e+03 -1.101522e+03 1.000000e+00
-2.394287e+01 -8.497109e+02 -1.352434e+03 1.000000e+00
-2.341805e+01 -8.167766e+02 -1.495924e+03 1.000000e+00
-2.048837e+01 -3.697757e+02 -1.715247e+03 1.000000e+00
-1.623574e+01 -2.996504e+02 -1.766330e+03 1.000000e+00
-2.353947e+01 -1.523749e+03 0.000000e+00 1.000000e+00
-2.413792e+01 -1.347768e+03 -3.265612e+02 1.000000e+00
-2.405561e+01 -1.489761e+03 -6.087811e+02 1.000000e+00
-2.440592e+01 -1.196449e+03 -8.892206e+02 1.000000e+00
-2.522495e+01 -1.238419e+03 -1.106474e+03 1.000000e+00
-2.481696e+01 -8.502552e+02 -1.358145e+03 1.000000e+00
-2.323018e+01 -8.172817e+02 -1.501725e+03 1.000000e+00
-2.104905e+01 -3.678694e+02 -1.720569e+03 1.000000e+00
-1.699820e+01 -2.977537e+02 -1.771339e+03 1.000000e+00
-2.385885e+01 -1.526775e+03 0.000000e+00 1.000000e+00
-2.430872e+01 -1.352848e+03 -3.284911e+02 1.000000e+00
-2.436276e+01 -1.492104e+03 -6.117145e+02 1.000000e+00
-2.475283e+01 -1.199930e+03 -8.936486e+02 1.000000e+00
-2.538997e+01 -1.238696e+03 -1.111710e+03 1.000000e+00
-2.486130e+01 -8.507186e+02 -1.363476e+03 1.000000e+00
-2.339421e+01 -8.158181e+02 -1.507319e+03 1.000000e+00
-2.104920e+01 -3.653963e+02 -1.726430e+03 1.000000e+00
-1.686169e+01 -2.958136e+02 -1.775689e+03 1.000000e+00
0.000000e+00 -1.270961e+03 0.000000e+00 1.000000e+00
0.000000e+00 -1.365270e+03 -3.169775e+02 1.000000e+00
0.000000e+00 -1.232164e+03 -6.077323e+02 1.000000e+00
0.000000e+00 -1.216803e+03 -8.541290e+02 1.000000e+00
0.000000e+00 -9.875510e+02 -1.099222e+03 1.000000e+00
0.000000e+00 -8.877167e+02 -1.283706e+03 1.000000e+00
0.000000e+00 -5.829730e+02 -1.485102e+03 1.000000e+00
0.000000e+00 -4.346352e+02 -1.592041e+03 1.000000e+00
0.000000e+00 -9.076425e+01 -1.745252e+03 1.000000e+00
-4.457925e+00 -1.248609e+03 0.000000e+00 1.000000e+00
-4.468679e+00 -1.406617e+03 -3.168518e+02 1.000000e+00
-6.062327e+00 -1.209705e+03 -6.097104e+02 1.000000e+00
-4.052950e+00 -1.257119e+03 -8.514893e+02 1.000000e+00
-5.411842e+00 -9.629150e+02 -1.104829e+03 1.000000e+00
-4.303814e+00 -9.249300e+02 -1.277933e+03 1.000000e+00
-4.028840e+00 -5.552495e+02 -1.493881e+03 1.000000e+00
-2.742903e+00 -4.679048e+02 -1.582949e+03 1.000000e+00
-2.479205e+00 -6.047449e+01 -1.758346e+03 1.000000e+00
-9.173743e+00 -1.233736e+03 0.000000e+00 1.000000e+00
-9.913566e+00 -1.437798e+03 -3.173584e+02 1.000000e+00
-9.321968e+00 -1.194761e+03 -6.119504e+02 1.000000e+00
-1.017122e+01 -1.287608e+03 -8.510073e+02 1.000000e+00
-9.166641e+00 -9.456344e+02 -1.109937e+03 1.000000e+00
-9.426414e+00 -9.529890e+02 -1.275613e+03 1.000000e+00
-8.619818e+00 -5.349137e+02 -1.501858e+03 1.000000e+00
-7.891398e+00 -4.925253e+02 -1.578052e+03 1.000000e+00
-5.119610e+00 -3.817969e+01 -1.769116e+03 1.000000e+00
-1.366129e+01 -1.249891e+03 0.000000e+00 1.000000e+00
-1.406943e+01 -1.435784e+03 -3.186565e+02 1.000000e+00
-1.410575e+01 -1.210496e+03 -6.131851e+02 1.000000e+00
-1.375440e+01 -1.284978e+03 -8.545245e+02 1.000000e+00
-1.411805e+01 -9.590160e+02 -1.111507e+03 1.000000e+00
-1.413543e+01 -9.482117e+02 -1.280700e+03 1.000000e+00
-1.234473e+01 -5.457501e+02 -1.502751e+03 1.000000e+00
-1.077011e+01 -4.851990e+02 -1.584422e+03 1.000000e+00
-8.799380e+00 -4.633269e+01 -1.768830e+03 1.000000e+00
-1.791232e+01 -1.253963e+03 0.000000e+00 1.000000e+00
-1.768794e+01 -1.443477e+03 -3.196917e+02 1.000000e+00
-1.745553e+01 -1.214103e+03 -6.157847e+02 1.000000e+00
-1.798634e+01 -1.290794e+03 -8.574603e+02 1.000000e+00
-1.761420e+01 -9.608662e+02 -1.115518e+03 1.000000e+00
-1.728511e+01 -9.513468e+02 -1.284387e+03 1.000000e+00
-1.656970e+01 -5.450475e+02 -1.507327e+03 1.000000e+00
-1.414800e+01 -4.859734e+02 -1.587865e+03 1.000000e+00
-9.705393e+00 -4.327972e+01 -1.773097e+03 1.000000e+00
-1.984482e+01 -1.258820e+03 0.000000e+00 1.000000e+00
-2.068746e+01 -1.448984e+03 -3.210507e+02 1.000000e+00
-2.057022e+01 -1.218728e+03 -6.186140e+02 1.000000e+00
-2.019847e+01 -1.295058e+03 -8.608726e+02 1.000000e+00
-2.071732e+01 -9.638100e+02 -1.120117e+03 1.000000e+00
-2.030960e+01 -9.531605e+02 -1.288390e+03 1.000000e+00
-1.782970e+01 -5.460594e+02 -1.512477e+03 1.000000e+00
-1.597847e+01 -4.857992e+02 -1.592138e+03 1.000000e+00
-1.295483e+01 -4.164642e+01 -1.777234e+03 1.000000e+00
-2.273896e+01 -1.264278e+03 0.000000e+00 1.000000e+00
-2.270522e+01 -1.452851e+03 -3.226376e+02 1.000000e+00
-2.229740e+01 -1.223114e+03 -6.214563e+02 1.000000e+00
-2.274502e+01 -1.297792e+03 -8.647760e+02 1.000000e+00
-2.243273e+01 -9.660649e+02 -1.124674e+03 1.000000e+00
-2.194297e+01 -9.532882e+02 -1.293285e+03 1.000000e+00
-2.075209e+01 -5.468019e+02 -1.517169e+03 1.000000e+00
-1.715045e+01 -4.833274e+02 -1.597074e+03 1.000000e+00
-1.231897e+01 -4.082240e+01 -1.781208e+03 1.000000e+00
-2.318488e+01 -1.268618e+03 0.000000e+00 1.000000e+00
-2.375509e+01 -1.456866e+03 -3.241955e+02 1.000000e+00
-2.355139e+01 -1.226498e+03 -6.244639e+02 1.000000e+00
-2.342775e+01 -1.300323e+03 -8.689067e+02 1.000000e+00
-2.378496e+01 -9.672415e+02 -1.129081e+03 1.000000e+00
-2.270259e+01 -9.538874e+02 -1.298383e+03 1.000000e+00
-2.057432e+01 -5.453298e+02 -1.522288e+03 1.000000e+00
-1.805877e+01 -4.822419e+02 -1.601517e+03 1.000000e+00
-1.372085e+01 -3.739273e+01 -1.785080e+03 1.000000e+00
-2.352709e+01 -1.273614e+03 0.000000e+00 1.000000e+00
-2.391370e+01 -1.459606e+03 -3.260065e+02 1.000000e+00
-2.373174e+01 -1.231168e+03 -6.272550e+02 1.000000e+00
-2.371030e+01 -1.302369e+03 -8.729533e+02 1.000000e+00
-2.367016e+01 -9.697628e+02 -1.133811e+03 1.000000e+00
-2.279895e+01 -9.541511e+02 -1.303094e+03 1.000000e+00
-2.075974e+01 -5.455406e+02 -1.527208e+03 1.000000e+00
-1.771100e+01 -4.815010e+02 -1.606421e+03 1.000000e+00
-1.335515e+01 -3.483381e+01 -1.788642e+03 1.000000e+00
0.000000e+00 -1.275969e+03 0.000000e+00 1.000000e+00
0.000000e+00 -1.208583e+03 -3.218580e+02 1.000000e+00
0.000000e+00 -1.232032e+03 -6.020694e+02 1.000000e+00
0.000000e+00 -1.053950e+03 -8.632836e+02 1.000000e+00
0.000000e+00 -9.854564e+02 -1.071476e+03 1.000000e+00
0.000000e+00 -7.217664e+02 -1.284747e+03 1.000000e+00
0.000000e+00 -5.889713e+02 -1.416285e+03 1.000000e+00
0.000000e+00 -2.741333e+02 -1.576124e+03 1.000000e+00
0.000000e+00 -1.201930e+02 -1.620039e+03 1.000000e+00
-2.703411e+00 -1.314156e+03 0.000000e+00 1.000000e+00
-5.545324e+00 -1.188357e+03 -3.237043e+02 1.000000e+00
-4.825644e+00 -1.270502e+03 -6.000034e+02 1.000000e+00
-5.120058e+00 -1.032637e+03 -8.672054e+02 1.000000e+00
-3.792728e+00 -1.021799e+03 -1.067302e+03 1.000000e+00
-4.531508e+00 -6.977517e+02 -1.291909e+03 1.000000e+00
-2.313318e+00 -6.223737e+02 -1.408162e+03 1.000000e+00
-2.666393e+00 -2.474943e+02 -1.588018e+03 1.000000e+00
-1.457702e+00 -1.502831e+02 -1.607500e+03 1.000000e+00
-9.565305e+00 -1.342957e+03 0.000000e+00 1.000000e+00
-9.292187e+00 -1.174660e+03 -3.257221e+02 1.000000e+00
-9.802457e+00 -1.299606e+03 -5.992691e+02 1.000000e+00
-9.086792e+00 -1.017387e+03 -8.712057e+02 1.000000e+00
-9.274887e+00 -1.049117e+03 -1.065578e+03 1.000000e+00
-8.222130e+00 -6.799672e+02 -1.298387e+03 1.000000e+00
-7.790009e+00 -6.465588e+02 -1.403918e+03 1.000000e+00
-6.038453e+00 -2.274143e+02 -1.597958e+03 1.000000e+00
-3.758197e+00 -1.716234e+02 -1.599469e+03 1.000000e+00
-1.364931e+01 -1.341727e+03 0.000000e+00 1.000000e+00
-1.362526e+01 -1.189123e+03 -3.262615e+02 1.000000e+00
-1.374779e+01 -1.297697e+03 -6.020430e+02 1.000000e+00
-1.353891e+01 -1.030814e+03 -8.721586e+02 1.000000e+00
-1.273585e+01 -1.045232e+03 -1.069939e+03 1.000000e+00
-1.284001e+01 -6.909883e+02 -1.299256e+03 1.000000e+00
-1.083715e+01 -6.402963e+02 -1.409266e+03 1.000000e+00
-8.737801e+00 -2.358921e+02 -1.597777e+03 1.000000e+00
-6.174520e+00 -1.622545e+02 -1.605509e+03 1.000000e+00
-1.724743e+01 -1.349170e+03 0.000000e+00 1.000000e+00
-1.754077e+01 -1.192889e+03 -3.273852e+02 1.000000e+00
-1.685952e+01 -1.304512e+03 -6.043613e+02 1.000000e+00
-1.671884e+01 -1.034014e+03 -8.750978e+02 1.000000e+00
-1.646605e+01 -1.049686e+03 -1.073255e+03 1.000000e+00
-1.525409e+01 -6.921958e+02 -1.302898e+03 1.000000e+00
-1.374727e+01 -6.424640e+02 -1.412746e+03 1.000000e+00
-1.115173e+01 -2.350104e+02 -1.601312e+03 1.000000e+00
-7.276759e+00 -1.630325e+02 -1.608348e+03 1.000000e+00
-1.973139e+01 -1.354136e+03 0.000000e+00 1.000000e+00
-2.032199e+01 -1.197573e+03 -3.291032e+02 1.000000e+00
-2.007382e+01 -1.308776e+03 -6.063320e+02 1.000000e+00
-1.963472e+01 -1.037057e+03 -8.790305e+02 1.000000e+00
-1.930069e+01 -1.051929e+03 -1.076655e+03 1.000000e+00
-1.853766e+01 -6.933257e+02 -1.307211e+03 1.000000e+00
-1.630456e+01 -6.425675e+02 -1.416562e+03 1.000000e+00
-1.316007e+01 -2.340335e+02 -1.605343e+03 1.000000e+00
-9.153989e+00 -1.610760e+02 -1.611004e+03 1.000000e+00
-2.251529e+01 -1.358064e+03 0.000000e+00 1.000000e+00
-2.206440e+01 -1.202157e+03 -3.304886e+02 1.000000e+00
-2.138698e+01 -1.311965e+03 -6.091238e+02 1.000000e+00
-2.143858e+01 -1.040589e+03 -8.826181e+02 1.000000e+00
-2.056797e+01 -1.053152e+03 -1.080578e+03 1.000000e+00
-1.940782e+01 -6.948482e+02 -1.311802e+03 1.000000e+00
-1.719499e+01 -6.416852e+02 -1.420386e+03 1.000000e+00
-1.352981e+01 -2.342041e+02 -1.609439e+03 1.000000e+00
-9.358402e+00 -1.578199e+02 -1.614137e+03 1.000000e+00
-2.287741e+01 -1.362204e+03 0.000000e+00 1.000000e+00
-2.325277e+01 -1.205683e+03 -3.317745e+02 1.000000e+00
-2.291302e+01 -1.315336e+03 -6.121990e+02 1.000000e+00
-2.233190e+01 -1.043008e+03 -8.859918e+02 1.000000e+00
-2.210774e+01 -1.054639e+03 -1.084990e+03 1.000000e+00
-2.065857e+01 -6.950037e+02 -1.315847e+03 1.000000e+00
-1.819177e+01 -6.415190e+02 -1.425026e+03 1.000000e+00
-1.491349e+01 -2.323001e+02 -1.612833e+03 1.000000e+00
-9.754159e+00 -1.570566e+02 -1.617472e+03 1.000000e+00
-2.315476e+01 -1.365076e+03 0.000000e+00 1.000000e+00
-2.333997e+01 -1.210106e+03 -3.333908e+02 1.000000e+00
-2.291482e+01 -1.317188e+03 -6.149306e+02 1.000000e+00
-2.255956e+01 -1.045812e+03 -8.894158e+02 1.000000e+00
-2.190276e+01 -1.054699e+03 -1.089445e+03 1.000000e+00
-2.054415e+01 -6.954121e+02 -1.319700e+03 1.000000e+00
-1.807980e+01 -6.406026e+02 -1.429612e+03 1.000000e+00
-1.437557e+01 -2.301546e+02 -1.616150e+03 1.000000e+00
-9.659672e+00 -1.546696e+02 -1.620486e+03 1.000000e+00
0.000000e+00 -1.123782e+03 0.000000e+00 1.000000e+00
0.000000e+00 -1.199241e+03 -3.187609e+02 1.000000e+00
0.000000e+00 -1.074873e+03 -6.078103e+02 1.000000e+00
0.000000e+00 -1.042482e+03 -8.449532e+02 1.000000e+00
0.000000e+00 -8.256107e+02 -1.072719e+03 1.000000e+00
0.000000e+00 -7.154980e+02 -1.231727e+03 1.000000e+00
0.000000e+00 -4.347221e+02 -1.402459e+03 1.000000e+00
0.000000e+00 -2.880032e+02 -1.472478e+03 1.000000e+00
0.000000e+00 1.584299e+01 -1.586643e+03 1.000000e+00
-4.022352e+00 -1.105677e+03 0.000000e+00 1.000000e+00
-3.969397e+00 -1.234675e+03 -3.185947e+02 1.000000e+00
-6.271040e+00 -1.056088e+03 -6.102186e+02 1.000000e+00
-3.788253e+00 -1.076949e+03 -8.415101e+02 1.000000e+00
-4.565204e+00 -8.045524e+02 -1.078840e+03 1.000000e+00
-3.242798e+00 -7.478804e+02 -1.225007e+03 1.000000e+00
-3.006392e+00 -4.110332e+02 -1.412142e+03 1.000000e+00
-1.434906e+00 -3.168410e+02 -1.461777e+03 1.000000e+00
-1.421077e+00 4.334253e+01 -1.601324e+03 1.000000e+00
-8.444738e+00 -1.092931e+03 0.000000e+00 1.000000e+00
-9.687853e+00 -1.261793e+03 -3.193654e+02 1.000000e+00
-8.856095e+00 -1.042998e+03 -6.123655e+02 1.000000e+00
-8.969726e+00 -1.103231e+03 -8.403641e+02 1.000000e+00
-8.148092e+00 -7.893408e+02 -1.084333e+03 1.000000e+00
-7.332088e+00 -7.719846e+02 -1.221005e+03 1.000000e+00
-5.565509e+00 -3.933156e+02 -1.420824e+03 1.000000e+00
-4.665497e+00 -3.380394e+02 -1.454896e+03 1.000000e+00
-1.949269e+00 6.312117e+01 -1.613279e+03 1.000000e+00
-1.350001e+01 -1.105626e+03 0.000000e+00 1.000000e+00
-1.329977e+01 -1.261024e+03 -3.207662e+02 1.000000e+00
-1.320086e+01 -1.055572e+03 -6.132045e+02 1.000000e+00
-1.286104e+01 -1.100806e+03 -8.439227e+02 1.000000e+00
-1.164344e+01 -8.005565e+02 -1.084650e+03 1.000000e+00
-1.100135e+01 -7.667303e+02 -1.225910e+03 1.000000e+00
-9.542895e+00 -4.021721e+02 -1.420608e+03 1.000000e+00
-6.343639e+00 -3.307433e+02 -1.460190e+03 1.000000e+00
-3.682159e+00 5.569075e+01 -1.611744e+03 1.000000e+00
-1.697281e+01 -1.109272e+03 0.000000e+00 1.000000e+00
-1.698112e+01 -1.267815e+03 -3.217953e+02 1.000000e+00
-1.654181e+01 -1.058818e+03 -6.155140e+02 1.000000e+00
-1.590730e+01 -1.106126e+03 -8.464686e+02 1.000000e+00
-1.523305e+01 -8.022049e+02 -1.087529e+03 1.000000e+00
-1.392449e+01 -7.699766e+02 -1.229384e+03 1.000000e+00
-1.134734e+01 -4.022628e+02 -1.423237e+03 1.000000e+00
-8.843469e+00 -3.317722e+02 -1.463226e+03 1.000000e+00
-5.043654e+00 5.812655e+01 -1.613837e+03 1.000000e+00
-1.954188e+01 -1.114110e+03 0.000000e+00 1.000000e+00
-1.973683e+01 -1.271961e+03 -3.231307e+02 1.000000e+00
-1.896007e+01 -1.062736e+03 -6.178510e+02 1.000000e+00
-1.810085e+01 -1.109317e+03 -8.492994e+02 1.000000e+00
-1.736691e+01 -8.040662e+02 -1.091463e+03 1.000000e+00
-1.567171e+01 -7.713915e+02 -1.232137e+03 1.000000e+00
-1.311609e+01 -4.019171e+02 -1.427234e+03 1.000000e+00
-9.619543e+00 -3.314184e+02 -1.465924e+03 1.000000e+00
-4.895637e+00 5.955162e+01 -1.616040e+03 1.000000e+00
-2.167792e+01 -1.118344e+03 0.000000e+00 1.000000e+00
-2.150579e+01 -1.275229e+03 -3.244500e+02 1.000000e+00
-2.092929e+01 -1.066588e+03 -6.205002e+02 1.000000e+00
-2.047209e+01 -1.111041e+03 -8.522874e+02 1.000000e+00
-1.928702e+01 -8.061860e+02 -1.095356e+03 1.000000e+00
-1.752622e+01 -7.711383e+02 -1.235459e+03 1.000000e+00
-1.487691e+01 -4.024016e+02 -1.431309e+03 1.000000e+00
-1.096786e+01 -3.295109e+02 -1.468181e+03 1.000000e+00
-6.371701e+00 6.028768e+01 -1.618970e+03 1.000000e+00
-2.244824e+01 -1.121427e+03 0.000000e+00 1.000000e+00
-2.267805e+01 -1.278941e+03 -3.258199e+02 1.000000e+00
-2.161790e+01 -1.069386e+03 -6.230453e+02 1.000000e+00
-2.081266e+01 -1.113331e+03 -8.556088e+02 1.000000e+00
-1.986630e+01 -8.071804e+02 -1.098860e+03 1.000000e+00
-1.799633e+01 -7.719584e+02 -1.239466e+03 1.000000e+00
-1.474037e+01 -4.015851e+02 -1.434406e+03 1.000000e+00
-1.102346e+01 -3.290176e+02 -1.471576e+03 1.000000e+00
-5.867094e+00 6.268930e+01 -1.620664e+03 1.000000e+00
-2.258349e+01 -1.125747e+03 0.000000e+00 1.000000e+00
-2.265068e+01 -1.281242e+03 -3.273032e+02 1.000000e+00
-2.186530e+01 -1.072604e+03 -6.253070e+02 1.000000e+00
-2.119394e+01 -1.114425e+03 -8.590552e+02 1.000000e+00
-1.999571e+01 -8.085672e+02 -1.102146e+03 1.000000e+00
-1.805013e+01 -7.713785e+02 -1.243463e+03 1.000000e+00
-1.518425e+01 -4.004830e+02 -1.437185e+03 1.000000e+00
-1.100011e+01 -3.275723e+02 -1.475147e+03 1.000000e+00
-5.879161e+00 6.443879e+01 -1.621591e+03 1.000000e+00
0.000000e+00 -1.105709e+03 0.000000e+00 1.000000e+00
0.000000e+00 -1.045962e+03 -3.211150e+02 1.000000e+00
0.000000e+00 -1.053600e+03 -5.960173e+02 1.000000e+00
0.000000e+00 -8.871796e+02 -8.462659e+02 1.000000e+00
0.000000e+00 -8.076973e+02 -1.033806e+03 1.000000e+00
0.000000e+00 -5.663441e+02 -1.220456e+03 1.000000e+00
0.000000e+00 -4.333994e+02 -1.318774e+03 1.000000e+00
0.000000e+00 -1.546575e+02 -1.441745e+03 1.000000e+00
0.000000e+00 -1.311174e+01 -1.446502e+03 1.000000e+00
-2.340784e+00 -1.137739e+03 0.000000e+00 1.000000e+00
-5.240032e+00 -1.029398e+03 -3.230361e+02 1.000000e+00
-4.491982e+00 -1.085306e+03 -5.937818e+02 1.000000e+00
-4.754970e+00 -8.690769e+02 -8.503891e+02 1.000000e+00
-2.820855e+00 -8.379596e+02 -1.028837e+03 1.000000e+00
-3.656965e+00 -5.451431e+02 -1.228451e+03 1.000000e+00
-1.059506e+00 -4.605411e+02 -1.309127e+03 1.000000e+00
-1.204973e+00 -1.304779e+02 -1.454942e+03 1.000000e+00
1.433336e-01 -3.821653e+01 -1.432032e+03 1.000000e+00
-8.633645e+00 -1.162606e+03 0.000000e+00 1.000000e+00
-8.707968e+00 -1.017588e+03 -3.253399e+02 1.000000e+00
-9.384938e+00 -1.109968e+03 -5.926579e+02 1.000000e+00
-8.104030e+00 -8.562082e+02 -8.544302e+02 1.000000e+00
-7.892643e+00 -8.607560e+02 -1.026060e+03 1.000000e+00
-6.067737e+00 -5.299162e+02 -1.235317e+03 1.000000e+00
-5.135405e+00 -4.811308e+02 -1.303005e+03 1.000000e+00
-3.165508e+00 -1.129034e+02 -1.465910e+03 1.000000e+00
-1.338604e+00 -5.642373e+01 -1.421769e+03 1.000000e+00
-1.327435e+01 -1.162672e+03 0.000000e+00 1.000000e+00
-1.291978e+01 -1.029045e+03 -3.259573e+02 1.000000e+00
-1.246215e+01 -1.109279e+03 -5.950314e+02 1.000000e+00
-1.187204e+01 -8.671593e+02 -8.551326e+02 1.000000e+00
-1.046323e+01 -8.575954e+02 -1.029628e+03 1.000000e+00
-9.309078e+00 -5.397844e+02 -1.235244e+03 1.000000e+00
-7.047116e+00 -4.755150e+02 -1.307894e+03 1.000000e+00
-4.359816e+00 -1.210649e+02 -1.464404e+03 1.000000e+00
-1.023001e+00 -4.857997e+01 -1.426985e+03 1.000000e+00
-1.621492e+01 -1.168885e+03 0.000000e+00 1.000000e+00
-1.646060e+01 -1.032168e+03 -3.269284e+02 1.000000e+00
-1.582338e+01 -1.114789e+03 -5.971200e+02 1.000000e+00
-1.481853e+01 -8.689134e+02 -8.573832e+02 1.000000e+00
-1.354318e+01 -8.611674e+02 -1.032225e+03 1.000000e+00
-1.188020e+01 -5.397990e+02 -1.237930e+03 1.000000e+00
-9.282029e+00 -4.766127e+02 -1.310380e+03 1.000000e+00
-5.826108e+00 -1.195668e+02 -1.466385e+03 1.000000e+00
-1.774449e+00 -4.818448e+01 -1.428464e+03 1.000000e+00
-1.901943e+01 -1.172311e+03 0.000000e+00 1.000000e+00
-1.911800e+01 -1.036503e+03 -3.284308e+02 1.000000e+00
-1.806458e+01 -1.118263e+03 -5.987908e+02 1.000000e+00
-1.717794e+01 -8.718993e+02 -8.605676e+02 1.000000e+00
-1.588730e+01 -8.633506e+02 -1.034754e+03 1.000000e+00
-1.350041e+01 -5.406357e+02 -1.241187e+03 1.000000e+00
-1.041777e+01 -4.776768e+02 -1.312804e+03 1.000000e+00
-6.870741e+00 -1.188236e+02 -1.469054e+03 1.000000e+00
-2.516509e+00 -4.781200e+01 -1.429526e+03 1.000000e+00
-2.092882e+01 -1.175462e+03 0.000000e+00 1.000000e+00
-2.081451e+01 -1.040603e+03 -3.297827e+02 1.000000e+00
-1.974712e+01 -1.120463e+03 -6.007942e+02 1.000000e+00
-1.878135e+01 -8.748115e+02 -8.637839e+02 1.000000e+00
-1.684189e+01 -8.637822e+02 -1.037357e+03 1.000000e+00
-1.497276e+01 -5.420811e+02 -1.244934e+03 1.000000e+00
-1.175964e+01 -4.764777e+02 -1.314899e+03 1.000000e+00
-7.126048e+00 -1.186975e+02 -1.471873e+03 1.000000e+00
-2.025387e+00 -4.593276e+01 -1.430479e+03 1.000000e+00
-2.181812e+01 -1.179106e+03 0.000000e+00 1.000000e+00
-2.173273e+01 -1.043210e+03 -3.309932e+02 1.000000e+00
-2.070875e+01 -1.123152e+03 -6.031561e+02 1.000000e+00
-1.951603e+01 -8.761525e+02 -8.664615e+02 1.000000e+00
-1.822008e+01 -8.647344e+02 -1.040724e+03 1.000000e+00
-1.540712e+01 -5.415400e+02 -1.247761e+03 1.000000e+00
-1.189635e+01 -4.761938e+02 -1.317879e+03 1.000000e+00
-7.970398e+00 -1.167589e+02 -1.473721e+03 1.000000e+00
-2.496892e+00 -4.459152e+01 -1.431797e+03 1.000000e+00
-2.176331e+01 -1.181251e+03 0.000000e+00 1.000000e+00
-2.181637e+01 -1.046643e+03 -3.322087e+02 1.000000e+00
-2.066255e+01 -1.125088e+03 -6.054028e+02 1.000000e+00
-1.963281e+01 -8.785911e+02 -8.690468e+02 1.000000e+00
-1.791428e+01 -8.654809e+02 -1.044162e+03 1.000000e+00
-1.542682e+01 -5.418920e+02 -1.249962e+03 1.000000e+00
-1.208827e+01 -4.759818e+02 -1.321297e+03 1.000000e+00
-7.655434e+00 -1.160219e+02 -1.475047e+03 1.000000e+00
-2.381937e+00 -4.363916e+01 -1.433190e+03 1.000000e+00
0.000000e+00 -9.566401e+02 0.000000e+00 1.000000e+00
0.000000e+00 -1.014172e+03 -3.150402e+02 1.000000e+00
0.000000e+00 -9.011973e+02 -5.966411e+02 1.000000e+00
0.000000e+00 -8.572877e+02 -8.187768e+02 1.000000e+00
0.000000e+00 -6.602290e+02 -1.025984e+03 1.000000e+00
0.000000e+00 -5.493497e+02 -1.154540e+03 1.000000e+00
0.000000e+00 -3.008324e+02 -1.292933e+03 1.000000e+00
0.000000e+00 -1.649819e+02 -1.324675e+03 1.000000e+00
0.000000e+00 9.134765e+01 -1.402181e+03 1.000000e+00
-3.610781e+00 -9.420359e+02 0.000000e+00 1.000000e+00
-3.389128e+00 -1.043255e+03 -3.147303e+02 1.000000e+00
-5.816254e+00 -8.862982e+02 -5.992714e+02 1.000000e+00
-3.306768e+00 -8.859002e+02 -8.149546e+02 1.000000e+00
-3.922404e+00 -6.431733e+02 -1.032297e+03 1.000000e+00
-1.827171e+00 -5.759550e+02 -1.146911e+03 1.000000e+00
-1.720072e+00 -2.813059e+02 -1.303436e+03 1.000000e+00
6.664946e-03 -1.896244e+02 -1.312642e+03 1.000000e+00
-6.167288e-01 1.140074e+02 -1.418319e+03 1.000000e+00
-7.628623e+00 -9.312832e+02 0.000000e+00 1.000000e+00
-8.995574e+00 -1.066083e+03 -3.154080e+02 1.000000e+00
-8.295580e+00 -8.752000e+02 -6.015942e+02 1.000000e+00
-7.737387e+00 -9.073604e+02 -8.129653e+02 1.000000e+00
-6.245082e+00 -6.304481e+02 -1.037872e+03 1.000000e+00
-5.352775e+00 -5.953292e+02 -1.141748e+03 1.000000e+00
-3.444491e+00 -2.664979e+02 -1.312584e+03 1.000000e+00
-1.909622e+00 -2.071455e+02 -1.303853e+03 1.000000e+00
1.546591e+00 1.314119e+02 -1.431221e+03 1.000000e+00
-1.291466e+01 -9.411434e+02 0.000000e+00 1.000000e+00
-1.231680e+01 -1.066185e+03 -3.166035e+02 1.000000e+00
-1.195951e+01 -8.848912e+02 -6.024430e+02 1.000000e+00
-1.119622e+01 -9.054808e+02 -8.155906e+02 1.000000e+00
-9.538342e+00 -6.392983e+02 -1.038010e+03 1.000000e+00
-7.838958e+00 -5.906884e+02 -1.145460e+03 1.000000e+00
-5.333654e+00 -2.740421e+02 -1.311750e+03 1.000000e+00
-2.408614e+00 -1.999992e+02 -1.308275e+03 1.000000e+00
2.852893e-01 1.252899e+02 -1.428268e+03 1.000000e+00
-1.561678e+01 -9.442217e+02 0.000000e+00 1.000000e+00
-1.560296e+01 -1.071731e+03 -3.173533e+02 1.000000e+00
-1.498773e+01 -8.875178e+02 -6.046096e+02 1.000000e+00
-1.346274e+01 -9.104226e+02 -8.172671e+02 1.000000e+00
-1.162380e+01 -6.404172e+02 -1.040277e+03 1.000000e+00
-9.680515e+00 -5.936678e+02 -1.147746e+03 1.000000e+00
-6.711405e+00 -2.740175e+02 -1.313455e+03 1.000000e+00
-2.966547e+00 -2.010720e+02 -1.309879e+03 1.000000e+00
1.220611e+00 1.256726e+02 -1.429285e+03 1.000000e+00
-1.815476e+01 -9.484573e+02 0.000000e+00 1.000000e+00
-1.840854e+01 -1.074825e+03 -3.186289e+02 1.000000e+00
-1.724406e+01 -8.908561e+02 -6.063359e+02 1.000000e+00
-1.573645e+01 -9.123178e+02 -8.195386e+02 1.000000e+00
-1.425745e+01 -6.415201e+02 -1.043073e+03 1.000000e+00
-1.135837e+01 -5.946471e+02 -1.149639e+03 1.000000e+00
-7.926088e+00 -2.732720e+02 -1.316119e+03 1.000000e+00
-4.277998e+00 -2.010102e+02 -1.310985e+03 1.000000e+00
1.009871e+00 1.279272e+02 -1.429959e+03 1.000000e+00
-2.043838e+01 -9.523162e+02 0.000000e+00 1.000000e+00
-1.976859e+01 -1.077124e+03 -3.196551e+02 1.000000e+00
-1.855417e+01 -8.942794e+02 -6.083824e+02 1.000000e+00
-1.720460e+01 -9.133563e+02 -8.218621e+02 1.000000e+00
-1.491722e+01 -6.438124e+02 -1.045988e+03 1.000000e+00
-1.215070e+01 -5.939917e+02 -1.151573e+03 1.000000e+00
-8.513793e+00 -2.738752e+02 -1.318860e+03 1.000000e+00
-3.595300e+00 -1.997829e+02 -1.311753e+03 1.000000e+00
1.092787e+00 1.284434e+02 -1.431127e+03 1.000000e+00
-2.069686e+01 -9.548146e+02 0.000000e+00 1.000000e+00
-2.084183e+01 -1.080138e+03 -3.206197e+02 1.000000e+00
-1.943911e+01 -8.961604e+02 -6.104562e+02 1.000000e+00
-1.808685e+01 -9.155028e+02 -8.243458e+02 1.000000e+00
-1.573387e+01 -6.441935e+02 -1.048266e+03 1.000000e+00
-1.294660e+01 -5.946550e+02 -1.154529e+03 1.000000e+00
-9.131859e+00 -2.731212e+02 -1.320268e+03 1.000000e+00
-4.547561e+00 -1.992803e+02 -1.313423e+03 1.000000e+00
9.534112e-01 1.290182e+02 -1.431413e+03 1.000000e+00
-2.081344e+01 -9.579470e+02 0.000000e+00 1.000000e+00
-2.080712e+01 -1.082075e+03 -3.218187e+02 1.000000e+00
-1.945374e+01 -8.984987e+02 -6.121051e+02 1.000000e+00
-1.800765e+01 -9.162358e+02 -8.269937e+02 1.000000e+00
-1.583508e+01 -6.443699e+02 -1.050249e+03 1.000000e+00
-1.286644e+01 -5.944703e+02 -1.157430e+03 1.000000e+00
-9.043261e+00 -2.722851e+02 -1.321308e+03 1.000000e+00
-4.402409e+00 -1.977034e+02 -1.315460e+03 1.000000e+00
9.861677e-01 1.302385e+02 -1.430466e+03 1.000000e+00
0.000000e+00 -9.158251e+02 0.000000e+00 1.000000e+00
0.000000e+00 -8.649795e+02 -3.148837e+02 1.000000e+00
0.000000e+00 -8.604949e+02 -5.789609e+02 1.000000e+00
0.000000e+00 -7.121793e+02 -8.134658e+02 1.000000e+00
0.000000e+00 -6.306829e+02 -9.765535e+02 1.000000e+00
0.000000e+00 -4.188176e+02 -1.134080e+03 1.000000e+00
0.000000e+00 -2.963279e+02 -1.197737e+03 1.000000e+00
0.000000e+00 -6.192344e+01 -1.285749e+03 1.000000e+00
0.000000e+00 5.711640e+01 -1.255225e+03 1.000000e+00
-1.839206e+00 -9.417483e+02 0.000000e+00 1.000000e+00
-4.731025e+00 -8.520646e+02 -3.168169e+02 1.000000e+00
-4.071299e+00 -8.858273e+02 -5.766116e+02 1.000000e+00
-4.553484e+00 -6.975495e+02 -8.177696e+02 1.000000e+00
-1.892035e+00 -6.542213e+02 -9.706763e+02 1.000000e+00
-2.910215e+00 -4.018741e+02 -1.143109e+03 1.000000e+00
-3.791475e-01 -3.182001e+02 -1.186600e+03 1.000000e+00
-6.910588e-01 -4.158737e+01 -1.300441e+03 1.000000e+00
1.235693e+00 3.811707e+01 -1.238266e+03 1.000000e+00
-7.756040e+00 -9.623434e+02 0.000000e+00 1.000000e+00
-8.033254e+00 -8.424941e+02 -3.192859e+02 1.000000e+00
-8.245284e+00 -9.057422e+02 -5.748590e+02 1.000000e+00
-6.382318e+00 -6.871901e+02 -8.221382e+02 1.000000e+00
-6.186440e+00 -6.724655e+02 -9.665206e+02 1.000000e+00
-3.495044e+00 -3.896853e+02 -1.150656e+03 1.000000e+00
-2.433974e+00 -3.345856e+02 -1.178833e+03 1.000000e+00
2.297856e-01 -2.701510e+01 -1.312096e+03 1.000000e+00
1.986470e+00 2.307167e+01 -1.225632e+03 1.000000e+00
-1.221504e+01 -9.627420e+02 0.000000e+00 1.000000e+00
-1.169513e+01 -8.512498e+02 -3.199466e+02 1.000000e+00
-1.131337e+01 -9.055243e+02 -5.766640e+02 1.000000e+00
-1.009740e+01 -6.955054e+02 -8.225052e+02 1.000000e+00
-8.053112e+00 -6.699477e+02 -9.693557e+02 1.000000e+00
-6.257171e+00 -3.970949e+02 -1.149766e+03 1.000000e+00
-3.648596e+00 -3.296641e+02 -1.183165e+03 1.000000e+00
-6.096494e-01 -3.378131e+01 -1.309053e+03 1.000000e+00
2.842250e+00 2.951140e+01 -1.230709e+03 1.000000e+00
-1.521153e+01 -9.679617e+02 0.000000e+00 1.000000e+00
-1.484667e+01 -8.537491e+02 -3.204604e+02 1.000000e+00
-1.409614e+01 -9.101888e+02 -5.788141e+02 1.000000e+00
-1.245665e+01 -6.966296e+02 -8.236486e+02 1.000000e+00
-1.030980e+01 -6.729899e+02 -9.713355e+02 1.000000e+00
-8.010104e+00 -3.969974e+02 -1.151587e+03 1.000000e+00
-4.369612e+00 -3.309307e+02 -1.184248e+03 1.000000e+00
-7.965679e-01 -3.298444e+01 -1.310284e+03 1.000000e+00
3.452887e+00 3.054659e+01 -1.230484e+03 1.000000e+00
-1.713410e+01 -9.707325e+02 0.000000e+00 1.000000e+00
-1.746877e+01 -8.574087e+02 -3.216946e+02 1.000000e+00
-1.600947e+01 -9.125197e+02 -5.800285e+02 1.000000e+00
-1.381031e+01 -6.991178e+02 -8.259856e+02 1.000000e+00
-1.202504e+01 -6.746680e+02 -9.730161e+02 1.000000e+00
-8.576695e+00 -3.974032e+02 -1.153749e+03 1.000000e+00
-4.970671e+00 -3.314809e+02 -1.185199e+03 1.000000e+00
-6.760067e-01 -3.177010e+01 -1.311762e+03 1.000000e+00
3.950702e+00 2.954749e+01 -1.229803e+03 1.000000e+00
-1.928150e+01 -9.723203e+02 0.000000e+00 1.000000e+00
-1.888108e+01 -8.609750e+02 -3.229423e+02 1.000000e+00
-1.743875e+01 -9.138771e+02 -5.811304e+02 1.000000e+00
-1.600257e+01 -7.016050e+02 -8.287880e+02 1.000000e+00
-1.317616e+01 -6.743690e+02 -9.743033e+02 1.000000e+00
-9.798803e+00 -3.984310e+02 -1.156228e+03 1.000000e+00
-6.283691e+00 -3.308301e+02 -1.186339e+03 1.000000e+00
-1.130770e+00 -3.163778e+01 -1.312351e+03 1.000000e+00
3.815886e+00 3.031453e+01 -1.230033e+03 1.000000e+00
-2.015800e+01 -9.753508e+02 0.000000e+00 1.000000e+00
-1.944431e+01 -8.627928e+02 -3.235598e+02 1.000000e+00
-1.828105e+01 -9.164397e+02 -5.832849e+02 1.000000e+00
-1.586788e+01 -7.021816e+02 -8.302036e+02 1.000000e+00
-1.355149e+01 -6.757237e+02 -9.769288e+02 1.000000e+00
-1.018706e+01 -3.979933e+02 -1.157462e+03 1.000000e+00
-5.509730e+00 -3.306179e+02 -1.188026e+03 1.000000e+00
-1.245156e+00 -3.119322e+01 -1.312620e+03 1.000000e+00
4.625271e+00 3.170822e+01 -1.229585e+03 1.000000e+00
-1.979214e+01 -9.776949e+02 0.000000e+00 1.000000e+00
-1.964270e+01 -8.650658e+02 -3.242158e+02 1.000000e+00
-1.807926e+01 -9.179907e+02 -5.853498e+02 1.000000e+00
-1.622434e+01 -7.032056e+02 -8.312063e+02 1.000000e+00
-1.361114e+01 -6.764659e+02 -9.799612e+02 1.000000e+00
-1.016456e+01 -3.977875e+02 -1.157912e+03 1.000000e+00
-6.074083e+00 -3.294534e+02 -1.189876e+03 1.000000e+00
-1.180393e+00 -3.076482e+01 -1.312558e+03 1.000000e+00
4.081816e+00 3.276404e+01 -1.229003e+03 1.000000e+00
