0 729 0.00000e+00
  1     729
2.647897e+01 2.268475e+03 -1.012489e+03 8.571537e-01
2.208660e+01 2.234607e+03 -6.539011e+02 7.399081e-01
1.761164e+01 1.423792e+03 -3.225335e+02 5.967547e-01
1.299570e+01 1.370181e+03 -2.207798e+02 4.469133e-01
8.803286e+00 6.194437e+02 -2.852708e+01 3.077485e-01
5.362710e+00 6.447862e+02 -1.051951e+02 1.891254e-01
2.714556e+00 1.041777e+02 2.628097e+01 9.748217e-02
1.002792e+00 1.676525e+02 -1.415100e+02 3.527858e-02
0.000000e+00 0.000000e+00 0.000000e+00 0.000000e+00
2.672387e+01 2.251420e+03 -1.001766e+03 8.571537e-01
2.207971e+01 2.219109e+03 -6.475247e+02 7.399081e-01
1.748806e+01 1.413412e+03 -3.175332e+02 5.967547e-01
1.284884e+01 1.359911e+03 -2.189622e+02 4.469133e-01
8.570928e+00 6.157336e+02 -2.752692e+01 3.077485e-01
5.158862e+00 6.401132e+02 -1.055676e+02 1.891254e-01
2.528615e+00 1.042589e+02 2.550239e+01 9.748217e-02
8.733647e-01 1.671249e+02 -1.415327e+02 3.527858e-02
0.000000e+00 0.000000e+00 0.000000e+00 0.000000e+00
2.371661e+01 2.231236e+03 -9.929036e+02 8.571537e-01
2.008307e+01 2.207858e+03 -6.415742e+02 7.399081e-01
1.604901e+01 1.399348e+03 -3.135506e+02 5.967547e-01
1.197091e+01 1.353867e+03 -2.163713e+02 4.469133e-01
8.163521e+00 6.089014e+02 -2.753365e+01 3.077485e-01
5.024199e+00 6.375851e+02 -1.046731e+02 1.891254e-01
2.573526e+00 1.029331e+02 2.512294e+01 9.748217e-02
9.860846e-01 1.665538e+02 -1.406099e+02 3.527858e-02
0.000000e+00 0.000000e+00 0.000000e+00 0.000000e+00
2.287922e+01 2.219495e+03 -9.862336e+02 8.571537e-01
1.957456e+01 2.191031e+03 -6.350189e+02 7.399081e-01
1.564077e+01 1.392020e+03 -3.111871e+02 5.967547e-01
1.147038e+01 1.343393e+03 -2.130276e+02 4.469133e-01
7.673790e+00 6.052112e+02 -2.817724e+01 3.077485e-01
4.691646e+00 6.323232e+02 -1.027579e+02 1.891254e-01
2.470497e+00 1.021093e+02 2.459173e+01 9.748217e-02
7.832643e-01 1.643563e+02 -1.415604e+02 3.527858e-02
0.000000e+00 0.000000e+00 0.000000e+00 0.000000e+00
2.137381e+01 2.202963e+03 -9.782541e+02 8.571537e-01
1.779330e+01 2.179279e+03 -6.296953e+02 7.399081e-01
1.427952e+01 1.381007e+03 -3.070020e+02 5.967547e-01
1.048705e+01 1.337469e+03 -2.123690e+02 4.469133e-01
7.028483e+00 5.979673e+02 -2.602791e+01 3.077485e-01
4.316230e+00 6.336268e+02 -1.026343e+02 1.891254e-01
1.973924e+00 9.608609e+01 2.553367e+01 9.748217e-02
9.728342e-01 1.704460e+02 -1.353043e+02 3.527858e-02
0.000000e+00 0.000000e+00 0.000000e+00 0.000000e+00
1.951373e+01 2.190833e+03 -9.711860e+02 8.571537e-01
1.622367e+01 2.164348e+03 -6.245647e+02 7.399081e-01
1.266103e+01 1.373957e+03 -3.038647e+02 5.967547e-01
9.310873e+00 1.327598e+03 -2.106404e+02 4.469133e-01
6.266770e+00 5.973751e+02 -2.577904e+01 3.077485e-01
3.601789e+00 6.274457e+02 -1.040701e+02 1.891254e-01
1.873633e+00 9.886740e+01 2.370183e+01 9.748217e-02
3.079825e-01 1.648505e+02 -1.389070e+02 3.527858e-02
0.000000e+00 0.000000e+00 0.000000e+00 0.000000e+00
1.577716e+01 2.175189e+03 -9.649888e+02 8.571537e-01
1.287849e+01 2.154835e+03 -6.209269e+02 7.399081e-01
1.014747e+01 1.363716e+03 -3.019666e+02 5.967547e-01
7.390960e+00 1.321270e+03 -2.088410e+02 4.469133e-01
4.807009e+00 5.935568e+02 -2.706114e+01 3.077485e-01
2.949340e+00 6.211192e+02 -1.052292e+02 1.891254e-01
1.483796e+00 1.019244e+02 2.026555e+01 9.748217e-02
5.706686e-01 1.566032e+02 -1.519301e+02 3.527858e-02
0.000000e+00 0.000000e+00 0.000000e+00 0.000000e+00
9.812065e+00 2.149843e+03 -9.611103e+02 8.571537e-01
8.348505e+00 2.160574e+03 -6.177814e+02 7.399081e-01
6.725522e+00 1.342936e+03 -2.984455e+02 5.967547e-01
5.107401e+00 1.330308e+03 -2.075238e+02 4.469133e-01
3.585082e+00 5.778525e+02 -2.435768e+01 3.077485e-01
2.365683e+00 6.325792e+02 -1.026009e+02 1.891254e-01
1.199378e+00 9.056666e+01 2.296935e+01 9.748217e-02
6.678311e-01 1.684116e+02 -1.430308e+02 3.527858e-02
0.000000e+00 0.000000e+00 0.000000e+00 0.000000e+00
0.000000e+00 2.147639e+03 -9.591229e+02 8.571537e-01
0.000000e+00 2.161791e+03 -6.139950e+02 7.399081e-01
0.000000e+00 1.341028e+03 -2.963174e+02 5.967547e-01
0.000000e+00 1.333211e+03 -2.054006e+02 4.469133e-01
0.000000e+00 5.761768e+02 -2.261778e+01 3.077485e-01
0.000000e+00 6.379324e+02 -1.000469e+02 1.891254e-01
0.000000e+00 8.690186e+01 2.521630e+01 9.748217e-02
0.000000e+00 1.749681e+02 -1.330921e+02 3.527858e-02
0.000000e+00 0.000000e+00 0.000000e+00 0.000000e+00
2.470397e+01 2.172776e+03 -8.288956e+02 8.571537e-01
2.062760e+01 1.494336e+03 -4.628771e+02 7.399081e-01
1.647016e+01 1.487712e+03 -2.928836e+02 5.967547e-01
1.216260e+01 8.083795e+02 -8.972623e+01 4.469133e-01
8.319236e+00 8.136326e+02 -9.609150e+01 3.077485e-01
5.061959e+00 2.625129e+02 5.064931e+01 1.891254e-01
2.632130e+00 3.247378e+02 -3.170461e+01 9.748217e-02
9.318190e-01 6.567687e+00 1.240362e+02 3.527858e-02
0.000000e+00 0.000000e+00 0.000000e+00 0.000000e+00
2.455587e+01 2.154623e+03 -8.207718e+02 8.571537e-01
2.047240e+01 1.481757e+03 -4.575426e+02 7.399081e-01
1.625512e+01 1.475929e+03 -2.904064e+02 5.967547e-01
1.202099e+01 8.028620e+02 -8.685097e+01 4.469133e-01
8.253488e+00 8.077092e+02 -9.551634e+01 3.077485e-01
5.180209e+00 2.617604e+02 5.359939e+01 1.891254e-01
2.933382e+00 3.233024e+02 -3.014973e+01 9.748217e-02
1.107068e+00 6.604622e+00 1.237356e+02 3.527858e-02
0.000000e+00 0.000000e+00 0.000000e+00 0.000000e+00
2.252064e+01 2.142152e+03 -8.131984e+02 8.571537e-01
1.867365e+01 1.466030e+03 -4.533782e+02 7.399081e-01
1.501747e+01 1.468404e+03 -2.872056e+02 5.967547e-01
1.112201e+01 7.936321e+02 -8.564974e+01 4.469133e-01
7.600066e+00 8.041403e+02 -9.472816e+01 3.077485e-01
4.497359e+00 2.583282e+02 5.325011e+01 1.891254e-01
2.115760e+00 3.214874e+02 -2.996485e+01 9.748217e-02
7.010313e-01 6.094743e+00 1.236930e+02 3.527858e-02
0.000000e+00 0.000000e+00 0.000000e+00 0.000000e+00
2.104150e+01 2.124577e+03 -8.066429e+02 8.571537e-01
1.800122e+01 1.457132e+03 -4.504220e+02 7.399081e-01
1.448057e+01 1.456495e+03 -2.841282e+02 5.967547e-01
1.044707e+01 7.891746e+02 -8.732199e+01 4.469133e-01
6.949454e+00 7.978041e+02 -9.312962e+01 3.077485e-01
4.253850e+00 2.571886e+02 5.033897e+01 1.891254e-01
2.182036e+00 3.180064e+02 -3.018156e+01 9.748217e-02
8.247621e-01 6.769039e+00 1.244482e+02 3.527858e-02
0.000000e+00 0.000000e+00 0.000000e+00 0.000000e+00
2.007271e+01 2.111010e+03 -8.014233e+02 8.571537e-01
1.692101e+01 1.445077e+03 -4.453635e+02 7.399081e-01
1.349507e+01 1.448197e+03 -2.831504e+02 5.967547e-01
1.020450e+01 7.819332e+02 -8.478320e+01 4.469133e-01
7.102340e+00 7.964542e+02 -9.309727e+01 3.077485e-01
4.305600e+00 2.516464e+02 5.216681e+01 1.891254e-01
2.514643e+00 3.227469e+02 -2.896341e+01 9.748217e-02
7.481018e-01 5.964839e-01 1.188041e+02 3.527858e-02
0.000000e+00 0.000000e+00 0.000000e+00 0.000000e+00
1.787156e+01 2.095077e+03 -7.950240e+02 8.571537e-01
1.451783e+01 1.436320e+03 -4.422091e+02 7.399081e-01
1.158130e+01 1.436962e+03 -2.806608e+02 5.967547e-01
8.521910e+00 7.788634e+02 -8.320496e+01 4.469133e-01
5.824084e+00 7.895239e+02 -9.251325e+01 3.077485e-01
3.621315e+00 2.532933e+02 5.254441e+01 1.891254e-01
1.621836e+00 3.188622e+02 -2.830342e+01 9.748217e-02
7.497938e-01 5.531560e+00 1.206350e+02 3.527858e-02
0.000000e+00 0.000000e+00 0.000000e+00 0.000000e+00
1.480205e+01 2.084174e+03 -7.904718e+02 8.571537e-01
1.219466e+01 1.423906e+03 -4.411146e+02 7.399081e-01
9.674341e+00 1.430351e+03 -2.788903e+02 5.967547e-01
6.825882e+00 7.726424e+02 -8.454312e+01 4.469133e-01
4.490779e+00 7.846214e+02 -9.130183e+01 3.077485e-01
2.678399e+00 2.543238e+02 5.313855e+01 1.891254e-01
1.447753e+00 3.123251e+02 -2.717275e+01 9.748217e-02
5.330908e-01 1.289363e+01 1.312528e+02 3.527858e-02
0.000000e+00 0.000000e+00 0.000000e+00 0.000000e+00
9.134126e+00 2.087049e+03 -7.874272e+02 8.571537e-01
7.597491e+00 1.402656e+03 -4.386763e+02 7.399081e-01
6.242317e+00 1.436296e+03 -2.780735e+02 5.967547e-01
4.861792e+00 7.555621e+02 -8.252756e+01 4.469133e-01
3.642833e+00 7.927252e+02 -9.102240e+01 3.077485e-01
2.253485e+00 2.405479e+02 5.461501e+01 1.891254e-01
1.306296e+00 3.211000e+02 -2.621529e+01 9.748217e-02
3.720100e-01 1.429609e+00 1.275510e+02 3.527858e-02
0.000000e+00 0.000000e+00 0.000000e+00 0.000000e+00
0.000000e+00 2.086177e+03 -7.835947e+02 8.571537e-01
0.000000e+00 1.400649e+03 -4.370644e+02 7.399081e-01
0.000000e+00 1.437193e+03 -2.762212e+02 5.967547e-01
0.000000e+00 7.535749e+02 -8.078519e+01 4.469133e-01
0.000000e+00 7.951494e+02 -9.015331e+01 3.077485e-01
0.000000e+00 2.367475e+02 5.425219e+01 1.891254e-01
0.000000e+00 3.257047e+02 -2.580553e+01 9.748217e-02
0.000000e+00 -4.515546e+00 1.212555e+02 3.527858e-02
0.000000e+00 0.000000e+00 0.000000e+00 0.000000e+00
2.255724e+01 1.452476e+03 -6.229655e+02 8.571537e-01
1.888567e+01 1.488065e+03 -4.029572e+02 7.399081e-01
1.515136e+01 9.255479e+02 -1.889521e+02 5.967547e-01
1.123400e+01 9.371200e+02 -1.418256e+02 4.469133e-01
7.667646e+00 4.118387e+02 -1.217912e+01 3.077485e-01
4.704324e+00 4.544091e+02 -8.249311e+01 1.891254e-01
2.388506e+00 7.238214e+01 1.522711e+01 9.748217e-02
8.900381e-01 1.209332e+02 -1.136856e+02 3.527858e-02
0.000000e+00 0.000000e+00 0.000000e+00 0.000000e+00
2.250172e+01 1.438667e+03 -6.156750e+02 8.571537e-01
1.866704e+01 1.473983e+03 -3.995760e+02 7.399081e-01
1.517862e+01 9.175003e+02 -1.849103e+02 5.967547e-01
1.143611e+01 9.287763e+02 -1.416283e+02 4.469133e-01
7.927495e+00 4.086171e+02 -9.208215e+00 3.077485e-01
5.070080e+00 4.503388e+02 -8.169225e+01 1.891254e-01
2.680372e+00 7.071178e+01 1.823720e+01 9.748217e-02
1.160134e+00 1.203461e+02 -1.095763e+02 3.527858e-02
0.000000e+00 0.000000e+00 0.000000e+00 0.000000e+00
2.090621e+01 1.421914e+03 -6.085847e+02 8.571537e-01
1.746846e+01 1.464946e+03 -3.957774e+02 7.399081e-01
1.375395e+01 9.062282e+02 -1.820270e+02 5.967547e-01
1.017270e+01 9.241193e+02 -1.406667e+02 4.469133e-01
6.862201e+00 4.032121e+02 -8.888433e+00 3.077485e-01
4.084608e+00 4.484233e+02 -8.203056e+01 1.891254e-01
1.975881e+00 6.987724e+01 1.701891e+01 9.748217e-02
4.942872e-01 1.197516e+02 -1.113196e+02 3.527858e-02
0.000000e+00 0.000000e+00 0.000000e+00 0.000000e+00
1.883687e+01 1.411242e+03 -6.045192e+02 8.571537e-01
1.630066e+01 1.451803e+03 -3.917178e+02 7.399081e-01
1.316564e+01 8.999263e+02 -1.826193e+02 5.967547e-01
9.771746e+00 9.166096e+02 -1.387298e+02 4.469133e-01
6.648412e+00 4.016557e+02 -1.213129e+01 3.077485e-01
4.072263e+00 4.451862e+02 -8.212674e+01 1.891254e-01
2.195135e+00 7.187100e+01 1.339342e+01 9.748217e-02
8.275390e-01 1.181841e+02 -1.160160e+02 3.527858e-02
0.000000e+00 0.000000e+00 0.000000e+00 0.000000e+00
1.916623e+01 1.398562e+03 -5.983981e+02 8.571537e-01
1.569239e+01 1.441121e+03 -3.886914e+02 7.399081e-01
1.279240e+01 8.913129e+02 -1.798868e+02 5.967547e-01
9.598696e+00 9.117830e+02 -1.383642e+02 4.469133e-01
6.669924e+00 3.955107e+02 -9.653333e+00 3.077485e-01
4.414006e+00 4.463245e+02 -7.955698e+01 1.891254e-01
2.202772e+00 6.490073e+01 1.667500e+01 9.748217e-02
1.033455e+00 1.235168e+02 -1.070200e+02 3.527858e-02
0.000000e+00 0.000000e+00 0.000000e+00 0.000000e+00
1.562542e+01 1.388657e+03 -5.932747e+02 8.571537e-01
1.314914e+01 1.428684e+03 -3.855839e+02 7.399081e-01
1.035437e+01 8.859058e+02 -1.781374e+02 5.967547e-01
7.762619e+00 9.031417e+02 -1.370074e+02 4.469133e-01
5.336767e+00 3.941788e+02 -9.408880e+00 3.077485e-01
3.088527e+00 4.403202e+02 -7.955610e+01 1.891254e-01
1.627402e+00 6.599268e+01 1.667343e+01 9.748217e-02
3.899753e-01 1.182459e+02 -1.072039e+02 3.527858e-02
0.000000e+00 0.000000e+00 0.000000e+00 0.000000e+00
1.345597e+01 1.374055e+03 -5.905539e+02 8.571537e-01
1.110570e+01 1.421240e+03 -3.847451e+02 7.399081e-01
8.819523e+00 8.771436e+02 -1.792468e+02 5.967547e-01
6.364311e+00 8.987959e+02 -1.371301e+02 4.469133e-01
4.093243e+00 3.925658e+02 -1.274561e+01 3.077485e-01
2.421858e+00 4.353769e+02 -8.271216e+01 1.891254e-01
1.168843e+00 7.111578e+01 1.300599e+01 9.748217e-02
3.672871e-01 1.102895e+02 -1.194606e+02 3.527858e-02
0.000000e+00 0.000000e+00 0.000000e+00 0.000000e+00
8.240573e+00 1.353023e+03 -5.884756e+02 8.571537e-01
6.880464e+00 1.424806e+03 -3.845475e+02 7.399081e-01
5.618964e+00 8.597929e+02 -1.783828e+02 5.967547e-01
4.244690e+00 9.046298e+02 -1.386776e+02 4.469133e-01
2.997134e+00 3.784823e+02 -1.200174e+01 3.077485e-01
2.005060e+00 4.432921e+02 -8.296704e+01 1.891254e-01
9.621753e-01 6.036650e+01 1.272818e+01 9.748217e-02
5.009000e-01 1.194447e+02 -1.168310e+02 3.527858e-02
0.000000e+00 0.000000e+00 0.000000e+00 0.000000e+00
0.000000e+00 1.351449e+03 -5.883093e+02 8.571537e-01
0.000000e+00 1.424307e+03 -3.828605e+02 7.399081e-01
0.000000e+00 8.579659e+02 -1.777316e+02 5.967547e-01
0.000000e+00 9.047392e+02 -1.381508e+02 4.469133e-01
0.000000e+00 3.748487e+02 -1.101239e+01 3.077485e-01
0.000000e+00 4.456018e+02 -8.138714e+01 1.891254e-01
0.000000e+00 5.487463e+01 1.334033e+01 9.748217e-02
0.000000e+00 1.245685e+02 -1.100121e+02 3.527858e-02
0.000000e+00 0.000000e+00 0.000000e+00 0.000000e+00
2.021832e+01 1.398795e+03 -5.291779e+02 8.571537e-01
1.699067e+01 9.350290e+02 -2.971654e+02 7.399081e-01
1.366331e+01 9.857852e+02 -1.981416e+02 5.967547e-01
1.016810e+01 5.188051e+02 -5.700855e+01 4.469133e-01
7.026693e+00 5.581310e+02 -6.831954e+01 3.077485e-01
4.314080e+00 1.712825e+02 4.587871e+01 1.891254e-01
2.254472e+00 2.286674e+02 -1.698057e+01 9.748217e-02
7.923051e-01 2.516933e+00 1.039893e+02 3.527858e-02
0.000000e+00 0.000000e+00 0.000000e+00 0.000000e+00
2.022913e+01 1.383093e+03 -5.233563e+02 8.571537e-01
1.720304e+01 9.257664e+02 -2.923948e+02 7.399081e-01
1.394230e+01 9.749961e+02 -1.968663e+02 5.967547e-01
1.062615e+01 5.137283e+02 -5.409943e+01 4.469133e-01
7.395772e+00 5.525566e+02 -7.003505e+01 3.077485e-01
4.536729e+00 1.694791e+02 4.679137e+01 1.891254e-01
2.311292e+00 2.274242e+02 -2.055816e+01 9.748217e-02
6.331830e-01 1.047397e+00 1.005009e+02 3.527858e-02
0.000000e+00 0.000000e+00 0.000000e+00 0.000000e+00
1.897216e+01 1.372095e+03 -5.167407e+02 8.571537e-01
1.572269e+01 9.128168e+02 -2.878586e+02 7.399081e-01
1.266722e+01 9.685425e+02 -1.943232e+02 5.967547e-01
9.367685e+00 5.059780e+02 -5.173891e+01 4.469133e-01
6.579920e+00 5.496204e+02 -6.870483e+01 3.077485e-01
4.232661e+00 1.668203e+02 4.898207e+01 1.891254e-01
2.422466e+00 2.262820e+02 -1.896404e+01 9.748217e-02
1.149038e+00 1.217090e+00 1.026744e+02 3.527858e-02
0.000000e+00 0.000000e+00 0.000000e+00 0.000000e+00
1.692219e+01 1.358342e+03 -5.114282e+02 8.571537e-01
1.429147e+01 9.041483e+02 -2.862027e+02 7.399081e-01
1.175971e+01 9.592628e+02 -1.912088e+02 5.967547e-01
8.838170e+00 5.020349e+02 -5.312270e+01 4.469133e-01
6.070078e+00 5.444194e+02 -6.523724e+01 3.077485e-01
3.732294e+00 1.666169e+02 4.880493e+01 1.891254e-01
1.823825e+00 2.228699e+02 -1.452090e+01 9.748217e-02
6.298429e-01 3.188071e+00 1.074130e+02 3.527858e-02
0.000000e+00 0.000000e+00 0.000000e+00 0.000000e+00
1.696768e+01 1.345621e+03 -5.068406e+02 8.571537e-01
1.459580e+01 8.944805e+02 -2.823832e+02 7.399081e-01
1.163463e+01 9.514588e+02 -1.904234e+02 5.967547e-01
8.781044e+00 4.953376e+02 -5.178725e+01 4.469133e-01
6.190852e+00 5.426252e+02 -6.665091e+01 3.077485e-01
3.681088e+00 1.604250e+02 4.665262e+01 1.891254e-01
1.985724e+00 2.263754e+02 -1.796858e+01 9.748217e-02
4.968127e-01 -3.768769e+00 9.929474e+01 3.527858e-02
0.000000e+00 0.000000e+00 0.000000e+00 0.000000e+00
1.440726e+01 1.332079e+03 -5.010062e+02 8.571537e-01
1.155631e+01 8.874356e+02 -2.796892e+02 7.399081e-01
9.388072e+00 9.416587e+02 -1.884480e+02 5.967547e-01
6.997210e+00 4.923030e+02 -5.055584e+01 4.469133e-01
4.843812e+00 5.362118e+02 -6.598468e+01 3.077485e-01
3.197201e+00 1.610726e+02 4.684109e+01 1.891254e-01
1.705316e+00 2.229912e+02 -1.844877e+01 9.748217e-02
7.864566e-01 -2.854304e-01 9.737982e+01 3.527858e-02
0.000000e+00 0.000000e+00 0.000000e+00 0.000000e+00
1.121529e+01 1.324346e+03 -4.990765e+02 8.571537e-01
9.622453e+00 8.765261e+02 -2.802288e+02 7.399081e-01
7.923089e+00 9.369485e+02 -1.875157e+02 5.967547e-01
5.936092e+00 4.874708e+02 -5.186889e+01 4.469133e-01
4.121094e+00 5.321870e+02 -6.448463e+01 3.077485e-01
2.530979e+00 1.633283e+02 4.868143e+01 1.891254e-01
1.288826e+00 2.167651e+02 -1.576926e+01 9.748217e-02
5.397571e-01 7.466191e+00 1.078680e+02 3.527858e-02
0.000000e+00 0.000000e+00 0.000000e+00 0.000000e+00
7.754735e+00 1.325677e+03 -4.977693e+02 8.571537e-01
6.417758e+00 8.598391e+02 -2.801606e+02 7.399081e-01
4.931829e+00 9.413041e+02 -1.894869e+02 5.967547e-01
3.372191e+00 4.738752e+02 -5.251276e+01 4.469133e-01
2.174549e+00 5.388153e+02 -6.705810e+01 3.077485e-01
1.083135e+00 1.520183e+02 4.710560e+01 1.891254e-01
5.370616e-01 2.240388e+02 -1.744842e+01 9.748217e-02
4.503823e-03 -1.630469e+00 1.057087e+02 3.527858e-02
0.000000e+00 0.000000e+00 0.000000e+00 0.000000e+00
0.000000e+00 1.324288e+03 -4.947730e+02 8.571537e-01
0.000000e+00 8.589890e+02 -2.800193e+02 7.399081e-01
0.000000e+00 9.407753e+02 -1.898598e+02 5.967547e-01
0.000000e+00 4.718297e+02 -5.317928e+01 4.469133e-01
0.000000e+00 5.399233e+02 -6.846536e+01 3.077485e-01
0.000000e+00 1.478538e+02 4.453902e+01 1.891254e-01
0.000000e+00 2.279842e+02 -1.928743e+01 9.748217e-02
0.000000e+00 -7.094551e+00 9.850149e+01 3.527858e-02
0.000000e+00 0.000000e+00 0.000000e+00 0.000000e+00
1.782550e+01 8.717903e+02 -3.873653e+02 8.571537e-01
1.496803e+01 9.461909e+02 -2.648386e+02 7.399081e-01
1.208986e+01 5.634775e+02 -1.247384e+02 5.967547e-01
9.072278e+00 6.141395e+02 -1.053094e+02 4.469133e-01
6.248786e+00 2.521701e+02 -1.149896e+01 3.077485e-01
3.892639e+00 3.062034e+02 -7.089006e+01 1.891254e-01
1.995243e+00 3.885187e+01 5.500933e+00 9.748217e-02
7.420736e-01 8.311092e+01 -9.786859e+01 3.527858e-02
0.000000e+00 0.000000e+00 0.000000e+00 0.000000e+00
1.821389e+01 8.622914e+02 -3.808220e+02 8.571537e-01
1.526496e+01 9.336270e+02 -2.616978e+02 7.399081e-01
1.252067e+01 5.572238e+02 -1.213853e+02 5.967547e-01
9.500601e+00 6.063658e+02 -1.054091e+02 4.469133e-01
6.752484e+00 2.491624e+02 -8.408033e+00 3.077485e-01
4.332977e+00 3.032643e+02 -7.144014e+01 1.891254e-01
2.239822e+00 3.749773e+01 7.991312e+00 9.748217e-02
9.554434e-01 8.442566e+01 -9.506409e+01 3.527858e-02
0.000000e+00 0.000000e+00 0.000000e+00 0.000000e+00
1.619535e+01 8.482715e+02 -3.749025e+02 8.571537e-01
1.387718e+01 9.253633e+02 -2.575920e+02 7.399081e-01
1.116130e+01 5.474739e+02 -1.183282e+02 5.967547e-01
8.502572e+00 6.018062e+02 -1.038815e+02 4.469133e-01
5.767013e+00 2.440759e+02 -6.828170e+00 3.077485e-01
3.556031e+00 3.009377e+02 -7.063924e+01 1.891254e-01
1.898340e+00 3.608408e+01 9.022308e+00 9.748217e-02
6.037099e-01 8.331561e+01 -9.546191e+01 3.527858e-02
0.000000e+00 0.000000e+00 0.000000e+00 0.000000e+00
1.465533e+01 8.376135e+02 -3.722632e+02 8.571537e-01
1.246904e+01 9.151855e+02 -2.544262e+02 7.399081e-01
1.001614e+01 5.410227e+02 -1.183775e+02 5.967547e-01
7.499337e+00 5.951186e+02 -1.015944e+02 4.469133e-01
5.135106e+00 2.417784e+02 -9.162828e+00 3.077485e-01
3.149915e+00 2.967209e+02 -6.948660e+01 1.891254e-01
1.588232e+00 3.730515e+01 6.143891e+00 9.748217e-02
5.078908e-01 7.986210e+01 -1.001698e+02 3.527858e-02
0.000000e+00 0.000000e+00 0.000000e+00 0.000000e+00
1.496320e+01 8.277930e+02 -3.680147e+02 8.571537e-01
1.246901e+01 9.053317e+02 -2.526906e+02 7.399081e-01
1.045525e+01 5.335923e+02 -1.165190e+02 5.967547e-01
8.029773e+00 5.903646e+02 -1.018702e+02 4.469133e-01
5.669919e+00 2.358026e+02 -8.265369e+00 3.077485e-01
3.722969e+00 2.979210e+02 -6.902054e+01 1.891254e-01
1.835341e+00 3.166611e+01 7.086428e+00 9.748217e-02
8.756869e-01 8.600853e+01 -9.444714e+01 3.527858e-02
0.000000e+00 0.000000e+00 0.000000e+00 0.000000e+00
1.249634e+01 8.193815e+02 -3.639242e+02 8.571537e-01
1.067026e+01 8.947120e+02 -2.498589e+02 7.399081e-01
8.328121e+00 5.289565e+02 -1.153468e+02 5.967547e-01
6.193819e+00 5.828483e+02 -1.002652e+02 4.469133e-01
4.337103e+00 2.344416e+02 -7.368115e+00 3.077485e-01
2.721930e+00 2.928477e+02 -6.684432e+01 1.891254e-01
1.605518e+00 3.235577e+01 1.014581e+01 9.748217e-02
6.074705e-01 8.273058e+01 -8.919254e+01 3.527858e-02
0.000000e+00 0.000000e+00 0.000000e+00 0.000000e+00
9.235025e+00 8.072404e+02 -3.630904e+02 8.571537e-01
8.053546e+00 8.903068e+02 -2.491548e+02 7.399081e-01
6.710964e+00 5.216177e+02 -1.160156e+02 5.967547e-01
5.179042e+00 5.791929e+02 -9.945577e+01 4.469133e-01
3.587628e+00 2.334608e+02 -8.739081e+00 3.077485e-01
2.209089e+00 2.879730e+02 -6.879845e+01 1.891254e-01
1.054939e+00 3.733303e+01 7.545057e+00 9.748217e-02
1.794706e-01 7.463847e+01 -9.937358e+01 3.527858e-02
0.000000e+00 0.000000e+00 0.000000e+00 0.000000e+00
7.213358e+00 7.923768e+02 -3.623301e+02 8.571537e-01
5.907846e+00 8.933546e+02 -2.494135e+02 7.399081e-01
4.583131e+00 5.089759e+02 -1.158105e+02 5.967547e-01
3.333166e+00 5.851489e+02 -1.013354e+02 4.469133e-01
2.088168e+00 2.236308e+02 -9.241683e+00 3.077485e-01
1.305321e+00 2.959446e+02 -7.151553e+01 1.891254e-01
6.035320e-01 2.971735e+01 5.086315e+00 9.748217e-02
3.579463e-01 8.217899e+01 -1.015689e+02 3.527858e-02
0.000000e+00 0.000000e+00 0.000000e+00 0.000000e+00
0.000000e+00 7.922462e+02 -3.612953e+02 8.571537e-01
0.000000e+00 8.920805e+02 -2.480866e+02 7.399081e-01
0.000000e+00 5.085027e+02 -1.160243e+02 5.967547e-01
0.000000e+00 5.859001e+02 -1.015473e+02 4.469133e-01
0.000000e+00 2.217735e+02 -9.446014e+00 3.077485e-01
0.000000e+00 2.991405e+02 -7.051207e+01 1.891254e-01
0.000000e+00 2.563952e+01 5.869317e+00 9.748217e-02
0.000000e+00 8.735771e+01 -9.544768e+01 3.527858e-02
0.000000e+00 0.000000e+00 0.000000e+00 0.000000e+00
1.534530e+01 8.549680e+02 -3.230180e+02 8.571537e-01
1.292800e+01 5.386692e+02 -1.812422e+02 7.399081e-01
1.049309e+01 6.146953e+02 -1.289769e+02 5.967547e-01
7.889874e+00 2.982800e+02 -3.126689e+01 4.469133e-01
5.506379e+00 3.585857e+02 -4.786477e+01 3.077485e-01
3.415553e+00 9.366026e+01 4.117746e+01 1.891254e-01
1.809536e+00 1.528816e+02 -1.141678e+01 9.748217e-02
6.367558e-01 -3.281728e+00 8.873483e+01 3.527858e-02
0.000000e+00 0.000000e+00 0.000000e+00 0.000000e+00
1.547027e+01 8.411229e+02 -3.178695e+02 8.571537e-01
1.328945e+01 5.322535e+02 -1.770003e+02 7.399081e-01
1.069983e+01 6.051699e+02 -1.279984e+02 5.967547e-01
8.195980e+00 2.943513e+02 -2.827561e+01 4.469133e-01
5.729195e+00 3.534503e+02 -4.898304e+01 3.077485e-01
3.614725e+00 9.135521e+01 4.334774e+01 1.891254e-01
1.991931e+00 1.520223e+02 -1.317121e+01 9.748217e-02
6.086223e-01 -5.847167e+00 8.652496e+01 3.527858e-02
0.000000e+00 0.000000e+00 0.000000e+00 0.000000e+00
1.374814e+01 8.318890e+02 -3.131945e+02 8.571537e-01
1.161211e+01 5.218118e+02 -1.732125e+02 7.399081e-01
9.615505e+00 5.991390e+02 -1.262936e+02 5.967547e-01
7.222289e+00 2.872915e+02 -2.628572e+01 4.469133e-01
5.095328e+00 3.500642e+02 -4.856110e+01 3.077485e-01
3.140384e+00 8.833150e+01 4.488777e+01 1.891254e-01
1.644966e+00 1.505564e+02 -1.270500e+01 9.748217e-02
6.826410e-01 -5.946465e+00 8.733027e+01 3.527858e-02
0.000000e+00 0.000000e+00 0.000000e+00 0.000000e+00
1.248607e+01 8.219700e+02 -3.103520e+02 8.571537e-01
1.041702e+01 5.139571e+02 -1.725574e+02 7.399081e-01
8.478065e+00 5.918405e+02 -1.241327e+02 5.967547e-01
6.300869e+00 2.830921e+02 -2.729359e+01 4.469133e-01
4.433124e+00 3.452798e+02 -4.547128e+01 3.077485e-01
2.806325e+00 8.800146e+01 4.465700e+01 1.891254e-01
1.533034e+00 1.468361e+02 -8.730914e+00 9.748217e-02
6.451488e-01 -2.892972e+00 9.231290e+01 3.527858e-02
0.000000e+00 0.000000e+00 0.000000e+00 0.000000e+00
1.248391e+01 8.116963e+02 -3.080458e+02 8.571537e-01
1.076775e+01 5.070545e+02 -1.710780e+02 7.399081e-01
8.718078e+00 5.852983e+02 -1.237814e+02 5.967547e-01
6.614493e+00 2.773305e+02 -2.706457e+01 4.469133e-01
4.561925e+00 3.436475e+02 -4.653862e+01 3.077485e-01
2.705665e+00 8.244054e+01 4.327400e+01 1.891254e-01
1.429872e+00 1.498656e+02 -1.120895e+01 9.748217e-02
2.833888e-01 -9.739018e+00 8.668996e+01 3.527858e-02
0.000000e+00 0.000000e+00 0.000000e+00 0.000000e+00
1.096682e+01 8.013265e+02 -3.043910e+02 8.571537e-01
9.199775e+00 5.018215e+02 -1.691550e+02 7.399081e-01
7.681186e+00 5.776188e+02 -1.224277e+02 5.967547e-01
5.771317e+00 2.750707e+02 -2.732623e+01 4.469133e-01
4.023099e+00 3.381861e+02 -4.743422e+01 3.077485e-01
2.474597e+00 8.249080e+01 4.109857e+01 1.891254e-01
1.189574e+00 1.465841e+02 -1.461036e+01 9.748217e-02
4.548076e-01 -8.714244e+00 8.104959e+01 3.527858e-02
0.000000e+00 0.000000e+00 0.000000e+00 0.000000e+00
7.754400e+00 7.978146e+02 -3.034281e+02 8.571537e-01
6.759995e+00 4.932640e+02 -1.684191e+02 7.399081e-01
5.502640e+00 5.747031e+02 -1.215434e+02 5.967547e-01
4.225213e+00 2.711683e+02 -2.643364e+01 4.469133e-01
3.201166e+00 3.341872e+02 -4.412653e+01 3.077485e-01
2.205058e+00 8.427800e+01 4.511226e+01 1.891254e-01
1.333061e+00 1.404325e+02 -9.307972e+00 9.748217e-02
7.227291e-01 -1.019247e+00 9.230690e+01 3.527858e-02
0.000000e+00 0.000000e+00 0.000000e+00 0.000000e+00
6.667777e+00 7.999291e+02 -3.010815e+02 8.571537e-01
5.542633e+00 4.816176e+02 -1.670452e+02 7.399081e-01
4.538038e+00 5.785869e+02 -1.209302e+02 5.967547e-01
3.521042e+00 2.609415e+02 -2.442693e+01 4.469133e-01
2.525121e+00 3.402178e+02 -4.293832e+01 3.077485e-01
1.501462e+00 7.607894e+01 4.791481e+01 1.891254e-01
8.009092e-01 1.471960e+02 -7.054778e+00 9.748217e-02
9.135390e-02 -7.258967e+00 9.567888e+01 3.527858e-02
0.000000e+00 0.000000e+00 0.000000e+00 0.000000e+00
0.000000e+00 7.975510e+02 -2.969122e+02 8.571537e-01
0.000000e+00 4.816563e+02 -1.660431e+02 7.399081e-01
0.000000e+00 5.779931e+02 -1.193984e+02 5.967547e-01
0.000000e+00 2.602717e+02 -2.430822e+01 4.469133e-01
0.000000e+00 3.420668e+02 -4.332864e+01 3.077485e-01
0.000000e+00 7.353761e+01 4.608936e+01 1.891254e-01
0.000000e+00 1.512177e+02 -9.176480e+00 9.748217e-02
0.000000e+00 -1.222109e+01 8.966729e+01 3.527858e-02
0.000000e+00 0.000000e+00 0.000000e+00 0.000000e+00
1.283632e+01 4.783142e+02 -2.215513e+02 8.571537e-01
1.088607e+01 5.647456e+02 -1.591315e+02 7.399081e-01
8.831407e+00 3.050442e+02 -6.807923e+01 5.967547e-01
6.698045e+00 3.745824e+02 -6.926818e+01 4.469133e-01
4.651504e+00 1.302943e+02 -2.941876e+00 3.077485e-01
2.919229e+00 1.930221e+02 -5.790067e+01 1.891254e-01
1.503312e+00 1.099985e+01 3.512362e+00 9.748217e-02
5.601616e-01 5.494955e+01 -8.420047e+01 3.527858e-02
0.000000e+00 0.000000e+00 0.000000e+00 0.000000e+00
1.264604e+01 4.715632e+02 -2.174519e+02 8.571537e-01
1.087394e+01 5.539514e+02 -1.564844e+02 7.399081e-01
8.994988e+00 3.008772e+02 -6.602966e+01 5.967547e-01
6.648961e+00 3.677044e+02 -6.995423e+01 4.469133e-01
4.581879e+00 1.275580e+02 -1.034329e+00 3.077485e-01
2.847738e+00 1.903316e+02 -5.873747e+01 1.891254e-01
1.415469e+00 8.785572e+00 5.639374e+00 9.748217e-02
6.252675e-01 5.668734e+01 -8.134167e+01 3.527858e-02
0.000000e+00 0.000000e+00 0.000000e+00 0.000000e+00
1.151753e+01 4.613650e+02 -2.138921e+02 8.571537e-01
9.785783e+00 5.476373e+02 -1.539495e+02 7.399081e-01
7.747397e+00 2.934628e+02 -6.533012e+01 5.967547e-01
5.871869e+00 3.638153e+02 -6.990874e+01 4.469133e-01
3.977112e+00 1.232723e+02 -1.076640e+00 3.077485e-01
2.336545e+00 1.881676e+02 -6.009587e+01 1.891254e-01
1.119821e+00 7.226998e+00 5.190459e+00 9.748217e-02
2.849377e-01 5.573325e+01 -8.179753e+01 3.527858e-02
0.000000e+00 0.000000e+00 0.000000e+00 0.000000e+00
1.005743e+01 4.534832e+02 -2.126129e+02 8.571537e-01
8.685123e+00 5.411164e+02 -1.528168e+02 7.399081e-01
7.021413e+00 2.883163e+02 -6.633608e+01 5.967547e-01
5.308267e+00 3.591581e+02 -6.885741e+01 4.469133e-01
3.629875e+00 1.215207e+02 -3.820642e+00 3.077485e-01
2.267318e+00 1.845277e+02 -6.072566e+01 1.891254e-01
1.175724e+00 8.709546e+00 1.107543e+00 9.748217e-02
3.457376e-01 5.139447e+01 -8.747900e+01 3.527858e-02
0.000000e+00 0.000000e+00 0.000000e+00 0.000000e+00
1.082678e+01 4.477607e+02 -2.104449e+02 8.571537e-01
9.009686e+00 5.342976e+02 -1.520830e+02 7.399081e-01
7.297357e+00 2.836162e+02 -6.559216e+01 5.967547e-01
5.417700e+00 3.560793e+02 -6.922991e+01 4.469133e-01
3.808176e+00 1.172080e+02 -2.843810e+00 3.077485e-01
2.490412e+00 1.861230e+02 -5.946855e+01 1.891254e-01
1.322652e+00 4.300704e+00 3.136778e+00 9.748217e-02
6.999099e-01 5.748409e+01 -8.359853e+01 3.527858e-02
0.000000e+00 0.000000e+00 0.000000e+00 0.000000e+00
9.228115e+00 4.434654e+02 -2.076445e+02 8.571537e-01
8.179762e+00 5.272846e+02 -1.496310e+02 7.399081e-01
6.734212e+00 2.808869e+02 -6.452929e+01 5.967547e-01
5.254068e+00 3.506565e+02 -6.807684e+01 4.469133e-01
3.622435e+00 1.170040e+02 -2.096981e+00 3.077485e-01
2.194035e+00 1.830019e+02 -5.777571e+01 1.891254e-01
1.118692e+00 5.755898e+00 5.112292e+00 9.748217e-02
3.391515e-01 5.676777e+01 -7.915482e+01 3.527858e-02
0.000000e+00 0.000000e+00 0.000000e+00 0.000000e+00
6.777016e+00 4.350796e+02 -2.061189e+02 8.571537e-01
5.620414e+00 5.253696e+02 -1.487406e+02 7.399081e-01
4.294555e+00 2.752259e+02 -6.466048e+01 5.967547e-01
2.959116e+00 3.477838e+02 -6.812457e+01 4.469133e-01
1.895848e+00 1.157709e+02 -3.315851e+00 3.077485e-01
1.136906e+00 1.779664e+02 -5.981794e+01 1.891254e-01
6.025165e-01 9.546100e+00 2.010491e+00 9.748217e-02
9.766958e-02 4.825592e+01 -8.764980e+01 3.527858e-02
0.000000e+00 0.000000e+00 0.000000e+00 0.000000e+00
5.643144e+00 4.246080e+02 -2.040150e+02 8.571537e-01
4.739145e+00 5.276403e+02 -1.470309e+02 7.399081e-01
4.006154e+00 2.651953e+02 -6.367693e+01 5.967547e-01
3.292408e+00 3.515023e+02 -6.808877e+01 4.469133e-01
2.429992e+00 1.064819e+02 -2.347055e+00 3.077485e-01
1.620573e+00 1.826389e+02 -6.041908e+01 1.891254e-01
8.420280e-01 2.090276e+00 2.309732e+00 9.748217e-02
4.495001e-01 5.309220e+01 -8.934534e+01 3.527858e-02
0.000000e+00 0.000000e+00 0.000000e+00 0.000000e+00
0.000000e+00 4.246593e+02 -2.025557e+02 8.571537e-01
0.000000e+00 5.254030e+02 -1.442597e+02 7.399081e-01
0.000000e+00 2.644598e+02 -6.266463e+01 5.967547e-01
0.000000e+00 3.509274e+02 -6.647987e+01 4.469133e-01
0.000000e+00 1.042742e+02 -1.541642e+00 3.077485e-01
0.000000e+00 1.845299e+02 -5.866360e+01 1.891254e-01
0.000000e+00 -1.695411e+00 3.992791e+00 9.748217e-02
0.000000e+00 5.794065e+01 -8.431466e+01 3.527858e-02
0.000000e+00 0.000000e+00 0.000000e+00 0.000000e+00
1.047532e+01 4.938049e+02 -1.840101e+02 8.571537e-01
8.892428e+00 2.777343e+02 -9.551822e+01 7.399081e-01
7.264643e+00 3.585739e+02 -7.297073e+01 5.967547e-01
5.473798e+00 1.451350e+02 -3.820810e+00 4.469133e-01
3.844134e+00 2.136901e+02 -2.700881e+01 3.077485e-01
2.369950e+00 3.601833e+01 4.552937e+01 1.891254e-01
1.257389e+00 9.638882e+01 -4.011824e+00 9.748217e-02
4.583645e-01 -8.807134e+00 8.172626e+01 3.527858e-02
0.000000e+00 0.000000e+00 0.000000e+00 0.000000e+00
9.856274e+00 4.833228e+02 -1.814310e+02 8.571537e-01
8.642678e+00 2.739153e+02 -9.340331e+01 7.399081e-01
7.013607e+00 3.507701e+02 -7.284435e+01 5.967547e-01
5.178617e+00 1.429293e+02 -3.665109e+00 4.469133e-01
3.468255e+00 2.100879e+02 -2.880729e+01 3.077485e-01
2.045720e+00 3.456358e+01 4.429739e+01 1.891254e-01
1.014030e+00 9.643875e+01 -6.884572e+00 9.748217e-02
2.398031e-01 -1.159230e+01 7.818458e+01 3.527858e-02
0.000000e+00 0.000000e+00 0.000000e+00 0.000000e+00
9.521481e+00 4.770311e+02 -1.784327e+02 8.571537e-01
7.975699e+00 2.666268e+02 -9.170374e+01 7.399081e-01
6.520910e+00 3.468424e+02 -7.257956e+01 5.967547e-01
4.904704e+00 1.386660e+02 -3.801772e+00 4.469133e-01
3.528885e+00 2.085635e+02 -2.943291e+01 3.077485e-01
2.257448e+00 3.339961e+01 4.335092e+01 1.891254e-01
1.214151e+00 9.643210e+01 -8.331059e+00 9.748217e-02
5.107994e-01 -1.140915e+01 7.634267e+01 3.527858e-02
0.000000e+00 0.000000e+00 0.000000e+00 0.000000e+00
8.286969e+00 4.712466e+02 -1.761180e+02 8.571537e-01
7.076310e+00 2.611646e+02 -9.126367e+01 7.399081e-01
5.738275e+00 3.426898e+02 -7.173923e+01 5.967547e-01
4.239874e+00 1.360152e+02 -3.686484e+00 4.469133e-01
2.981045e+00 2.056380e+02 -2.723298e+01 3.077485e-01
1.820588e+00 3.402993e+01 4.458011e+01 1.891254e-01
9.841691e-01 9.375216e+01 -4.924529e+00 9.748217e-02
4.583589e-01 -7.227011e+00 8.076478e+01 3.527858e-02
0.000000e+00 0.000000e+00 0.000000e+00 0.000000e+00
9.186045e+00 4.648184e+02 -1.739319e+02 8.571537e-01
7.595461e+00 2.573111e+02 -9.016880e+01 7.399081e-01
6.066223e+00 3.385739e+02 -7.111553e+01 5.967547e-01
4.552176e+00 1.325407e+02 -3.540525e+00 4.469133e-01
3.100851e+00 2.050013e+02 -2.757585e+01 3.077485e-01
1.861834e+00 2.956711e+01 4.453837e+01 1.891254e-01
9.493827e-01 9.598800e+01 -5.613829e+00 9.748217e-02
1.833918e-01 -1.364135e+01 7.905018e+01 3.527858e-02
0.000000e+00 0.000000e+00 0.000000e+00 0.000000e+00
8.345529e+00 4.588867e+02 -1.697814e+02 8.571537e-01
6.999911e+00 2.546286e+02 -8.803221e+01 7.399081e-01
5.773870e+00 3.334498e+02 -6.911369e+01 5.967547e-01
4.258998e+00 1.313914e+02 -3.718418e+00 4.469133e-01
3.010895e+00 2.008159e+02 -2.676450e+01 3.077485e-01
1.897306e+00 2.973181e+01 4.411227e+01 1.891254e-01
1.063958e+00 9.348338e+01 -5.813814e+00 9.748217e-02
4.540066e-01 -1.383554e+01 7.596754e+01 3.527858e-02
0.000000e+00 0.000000e+00 0.000000e+00 0.000000e+00
5.482096e+00 4.576501e+02 -1.682153e+02 8.571537e-01
4.646739e+00 2.483867e+02 -8.653909e+01 7.399081e-01
3.604497e+00 3.319965e+02 -6.922036e+01 5.967547e-01
2.485585e+00 1.285734e+02 -3.602470e+00 4.469133e-01
1.630865e+00 1.981242e+02 -2.563638e+01 3.077485e-01
9.546540e-01 3.192538e+01 4.610886e+01 1.891254e-01
4.344910e-01 8.876342e+01 -2.944213e+00 9.748217e-02
2.382416e-01 -5.944798e+00 8.280467e+01 3.527858e-02
0.000000e+00 0.000000e+00 0.000000e+00 0.000000e+00
4.339586e+00 4.578519e+02 -1.659573e+02 8.571537e-01
3.449342e+00 2.390419e+02 -8.603904e+01 7.399081e-01
2.843508e+00 3.345500e+02 -6.955889e+01 5.967547e-01
2.203704e+00 1.203377e+02 -3.474210e+00 4.469133e-01
1.523580e+00 2.023595e+02 -2.709746e+01 3.077485e-01
8.484310e-01 2.474765e+01 4.599404e+01 1.891254e-01
4.332419e-01 9.331129e+01 -4.246236e+00 9.748217e-02
2.540718e-02 -1.111741e+01 8.426884e+01 3.527858e-02
0.000000e+00 0.000000e+00 0.000000e+00 0.000000e+00
0.000000e+00 4.542760e+02 -1.626247e+02 8.571537e-01
0.000000e+00 2.385766e+02 -8.593422e+01 7.399081e-01
0.000000e+00 3.326421e+02 -6.824548e+01 5.967547e-01
0.000000e+00 1.188511e+02 -3.770581e+00 4.469133e-01
0.000000e+00 2.022703e+02 -2.767749e+01 3.077485e-01
0.000000e+00 2.144867e+01 4.419371e+01 1.891254e-01
0.000000e+00 9.558656e+01 -6.049637e+00 9.748217e-02
0.000000e+00 -1.630977e+01 8.000446e+01 3.527858e-02
0.000000e+00 0.000000e+00 0.000000e+00 0.000000e+00
8.436582e+00 2.385346e+02 -1.136853e+02 8.571537e-01
7.137080e+00 3.201373e+02 -8.881973e+01 7.399081e-01
5.764287e+00 1.429455e+02 -3.231330e+01 5.967547e-01
4.371461e+00 2.143803e+02 -4.788780e+01 4.469133e-01
2.999563e+00 5.005314e+01 1.531852e+00 3.077485e-01
1.878946e+00 1.137297e+02 -5.302506e+01 1.891254e-01
9.511167e-01 -8.930076e+00 5.982780e-01 9.748217e-02
3.482661e-01 3.468187e+01 -7.587475e+01 3.527858e-02
0.000000e+00 0.000000e+00 0.000000e+00 0.000000e+00
7.657170e+00 2.356741e+02 -1.115104e+02 8.571537e-01
6.618447e+00 3.126097e+02 -8.703744e+01 7.399081e-01
5.419775e+00 1.411895e+02 -3.142327e+01 5.967547e-01
4.089131e+00 2.096462e+02 -4.749336e+01 4.469133e-01
2.960332e+00 4.906431e+01 2.978049e+00 3.077485e-01
2.023206e+00 1.128340e+02 -5.201240e+01 1.891254e-01
1.137099e+00 -9.842297e+00 2.503276e+00 9.748217e-02
5.250891e-01 3.732695e+01 -7.345417e+01 3.527858e-02
0.000000e+00 0.000000e+00 0.000000e+00 0.000000e+00
7.037868e+00 2.284377e+02 -1.097622e+02 8.571537e-01
6.140277e+00 3.084666e+02 -8.548919e+01 7.399081e-01
5.038701e+00 1.363007e+02 -3.094907e+01 5.967547e-01
3.860728e+00 2.072466e+02 -4.692946e+01 4.469133e-01
2.616932e+00 4.636468e+01 4.261741e+00 3.077485e-01
1.602632e+00 1.116339e+02 -5.066655e+01 1.891254e-01
7.713329e-01 -1.083184e+01 4.457274e+00 9.748217e-02
2.841797e-01 3.720816e+01 -7.041762e+01 3.527858e-02
0.000000e+00 0.000000e+00 0.000000e+00 0.000000e+00
6.774445e+00 2.221335e+02 -1.084250e+02 8.571537e-01
5.645682e+00 3.040960e+02 -8.503545e+01 7.399081e-01
4.468482e+00 1.326131e+02 -3.125982e+01 5.967547e-01
3.349327e+00 2.044150e+02 -4.669269e+01 4.469133e-01
2.268827e+00 4.520332e+01 3.196893e+00 3.077485e-01
1.437845e+00 1.086847e+02 -5.077128e+01 1.891254e-01
7.456548e-01 -9.675930e+00 2.886298e+00 9.748217e-02
2.071246e-01 3.248874e+01 -7.280122e+01 3.527858e-02
0.000000e+00 0.000000e+00 0.000000e+00 0.000000e+00
7.488092e+00 2.184743e+02 -1.062627e+02 8.571537e-01
6.206534e+00 2.994447e+02 -8.395640e+01 7.399081e-01
5.007181e+00 1.297486e+02 -3.053524e+01 5.967547e-01
3.838723e+00 2.027337e+02 -4.617548e+01 4.469133e-01
2.765791e+00 4.280102e+01 3.299009e+00 3.077485e-01
1.766070e+00 1.109646e+02 -5.081607e+01 1.891254e-01
9.512041e-01 -1.236018e+01 3.050968e+00 9.748217e-02
4.412568e-01 3.805651e+01 -7.395765e+01 3.527858e-02
0.000000e+00 0.000000e+00 0.000000e+00 0.000000e+00
7.437536e+00 2.157764e+02 -1.026393e+02 8.571537e-01
6.078311e+00 2.948350e+02 -8.092542e+01 7.399081e-01
4.721385e+00 1.283116e+02 -2.930869e+01 5.967547e-01
3.453521e+00 1.990954e+02 -4.504697e+01 4.469133e-01
2.118612e+00 4.309964e+01 3.067485e+00 3.077485e-01
1.229474e+00 1.083324e+02 -4.995087e+01 1.891254e-01
5.181286e-01 -1.176992e+01 3.047421e+00 9.748217e-02
1.602115e-01 3.783272e+01 -7.132644e+01 3.527858e-02
0.000000e+00 0.000000e+00 0.000000e+00 0.000000e+00
4.069164e+00 2.094050e+02 -1.002312e+02 8.571537e-01
3.553599e+00 2.939766e+02 -7.993881e+01 7.399081e-01
2.863425e+00 1.243988e+02 -2.883843e+01 5.967547e-01
2.053609e+00 1.980684e+02 -4.601520e+01 4.469133e-01
1.285238e+00 4.286927e+01 1.480445e+00 3.077485e-01
7.119921e-01 1.046483e+02 -5.199529e+01 1.891254e-01
4.131315e-01 -8.436481e+00 4.236491e-01 9.748217e-02
4.322969e-02 2.988008e+01 -7.681380e+01 3.527858e-02
0.000000e+00 0.000000e+00 0.000000e+00 0.000000e+00
2.510063e+00 2.007488e+02 -1.010761e+02 8.571537e-01
2.130230e+00 2.954402e+02 -7.976411e+01 7.399081e-01
1.751833e+00 1.172083e+02 -2.906964e+01 5.967547e-01
1.363474e+00 2.018566e+02 -4.649089e+01 4.469133e-01
9.951574e-01 3.719663e+01 1.286369e+00 3.077485e-01
6.709501e-01 1.102266e+02 -5.360508e+01 1.891254e-01
3.038499e-01 -1.232520e+01 1.844987e-01 9.748217e-02
1.983725e-01 3.457903e+01 -8.111628e+01 3.527858e-02
0.000000e+00 0.000000e+00 0.000000e+00 0.000000e+00
0.000000e+00 2.004478e+02 -1.020611e+02 8.571537e-01
0.000000e+00 2.929585e+02 -7.858497e+01 7.399081e-01
0.000000e+00 1.169377e+02 -2.945633e+01 5.967547e-01
0.000000e+00 2.013191e+02 -4.542942e+01 4.469133e-01
0.000000e+00 3.624738e+01 1.525054e+00 3.077485e-01
0.000000e+00 1.125623e+02 -5.257479e+01 1.891254e-01
0.000000e+00 -1.450209e+01 1.027716e+00 9.748217e-02
0.000000e+00 3.943398e+01 -7.881631e+01 3.527858e-02
0.000000e+00 0.000000e+00 0.000000e+00 0.000000e+00
