0 729 0.00000e+00
  1     729
0.000000e+00 -1.020947e+03 -1.943658e+03 1.000000e+00
0.000000e+00 -5.383093e+02 -2.229075e+03 1.000000e+00
0.000000e+00 -4.344586e+02 -2.385166e+03 1.000000e+00
0.000000e+00 1.369700e+02 -2.683885e+03 1.000000e+00
0.000000e+00 4.356853e+02 -2.748973e+03 1.000000e+00
0.000000e+00 1.268475e+03 -3.152110e+03 1.000000e+00
0.000000e+00 1.571070e+03 -3.096328e+03 1.000000e+00
0.000000e+00 2.328664e+03 -3.542797e+03 1.000000e+00
0.000000e+00 2.497435e+03 -3.284704e+03 1.000000e+00
-7.936398e+00 -1.074502e+03 -1.942408e+03 1.000000e+00
-7.409189e+00 -4.951817e+02 -2.235196e+03 1.000000e+00
-6.167615e+00 -4.822233e+02 -2.382454e+03 1.000000e+00
-4.872591e+00 1.834078e+02 -2.694481e+03 1.000000e+00
-3.770226e+00 3.972608e+02 -2.736313e+03 1.000000e+00
-4.622249e+00 1.316610e+03 -3.173049e+03 1.000000e+00
-5.491818e+00 1.547880e+03 -3.077720e+03 1.000000e+00
-3.379842e+00 2.377277e+03 -3.567509e+03 1.000000e+00
6.841640e-01 2.487255e+03 -3.258320e+03 1.000000e+00
-1.739760e+01 -1.107026e+03 -1.947156e+03 1.000000e+00
-1.507133e+01 -4.687442e+02 -2.240859e+03 1.000000e+00
-1.337943e+01 -5.091567e+02 -2.389120e+03 1.000000e+00
-9.251739e+00 2.143715e+02 -2.699681e+03 1.000000e+00
-8.111908e+00 3.790361e+02 -2.739310e+03 1.000000e+00
-6.683562e+00 1.349277e+03 -3.178955e+03 1.000000e+00
-3.770704e+00 1.539722e+03 -3.080280e+03 1.000000e+00
-1.581109e+00 2.409327e+03 -3.573839e+03 1.000000e+00
1.042652e+00 2.486553e+03 -3.260650e+03 1.000000e+00
-2.430241e+01 -1.095593e+03 -1.956285e+03 1.000000e+00
-2.322509e+01 -4.818251e+02 -2.247451e+03 1.000000e+00
-1.895463e+01 -4.949557e+02 -2.398872e+03 1.000000e+00
-1.440068e+01 2.081898e+02 -2.703670e+03 1.000000e+00
-1.202338e+01 3.972405e+02 -2.749409e+03 1.000000e+00
-1.082968e+01 1.352261e+03 -3.177643e+03 1.000000e+00
-9.259185e+00 1.557076e+03 -3.091830e+03 1.000000e+00
-4.163882e+00 2.416529e+03 -3.569065e+03 1.000000e+00
3.761337e+00 2.501347e+03 -3.273198e+03 1.000000e+00
-3.222032e+01 -1.100831e+03 -1.964487e+03 1.000000e+00
-2.849584e+01 -4.744341e+02 -2.258232e+03 1.000000e+00
-2.384050e+01 -4.971822e+02 -2.405154e+03 1.000000e+00
-1.820374e+01 2.197777e+02 -2.715254e+03 1.000000e+00
-1.535478e+01 4.007820e+02 -2.751872e+03 1.000000e+00
-1.281844e+01 1.367257e+03 -3.188832e+03 1.000000e+00
-7.299871e+00 1.564762e+03 -3.088374e+03 1.000000e+00
-1.112610e+00 2.429192e+03 -3.579069e+03 1.000000e+00
4.669276e+00 2.511307e+03 -3.264928e+03 1.000000e+00
-3.498891e+01 -1.098463e+03 -1.974988e+03 1.000000e+00
-3.258392e+01 -4.734253e+02 -2.267320e+03 1.000000e+00
-2.846076e+01 -4.895597e+02 -2.415911e+03 1.000000e+00
-2.471042e+01 2.238396e+02 -2.722417e+03 1.000000e+00
-1.954272e+01 4.134787e+02 -2.761495e+03 1.000000e+00
-1.342237e+01 1.371717e+03 -3.190928e+03 1.000000e+00
-8.130990e+00 1.582569e+03 -3.096049e+03 1.000000e+00
-7.506221e-01 2.431943e+03 -3.577456e+03 1.000000e+00
9.426502e+00 2.528620e+03 -3.268916e+03 1.000000e+00
-3.905932e+01 -1.095903e+03 -1.985466e+03 1.000000e+00
-3.607917e+01 -4.702417e+02 -2.277855e+03 1.000000e+00
-3.161827e+01 -4.839368e+02 -2.426065e+03 1.000000e+00
-2.553431e+01 2.303721e+02 -2.730810e+03 1.000000e+00
-1.993279e+01 4.218769e+02 -2.769937e+03 1.000000e+00
-1.607165e+01 1.381430e+03 -3.198198e+03 1.000000e+00
-8.201024e+00 1.590851e+03 -3.100334e+03 1.000000e+00
1.395611e+00 2.444983e+03 -3.578261e+03 1.000000e+00
9.646320e+00 2.532594e+03 -3.266815e+03 1.000000e+00
-3.996864e+01 -1.092792e+03 -1.996103e+03 1.000000e+00
-3.760977e+01 -4.662928e+02 -2.288507e+03 1.000000e+00
-3.305770e+01 -4.784177e+02 -2.435915e+03 1.000000e+00
-2.903883e+01 2.369288e+02 -2.740514e+03 1.000000e+00
-2.398838e+01 4.294448e+02 -2.779573e+03 1.000000e+00
-1.524605e+01 1.392033e+03 -3.204761e+03 1.000000e+00
-5.944418e+00 1.598690e+03 -3.105383e+03 1.000000e+00
2.753618e+00 2.455793e+03 -3.579255e+03 1.000000e+00
1.243626e+01 2.539631e+03 -3.266369e+03 1.000000e+00
-4.009749e+01 -1.089461e+03 -2.007022e+03 1.000000e+00
-3.765637e+01 -4.640742e+02 -2.299321e+03 1.000000e+00
-3.422096e+01 -4.720822e+02 -2.445948e+03 1.000000e+00
-2.945690e+01 2.409969e+02 -2.751439e+03 1.000000e+00
-2.315051e+01 4.369124e+02 -2.787366e+03 1.000000e+00
-1.582033e+01 1.400230e+03 -3.212000e+03 1.000000e+00
-6.552126e+00 1.608325e+03 -3.109958e+03 1.000000e+00
3.214156e+00 2.462380e+03 -3.582110e+03 1.000000e+00
1.245864e+01 2.548295e+03 -3.264659e+03 1.000000e+00
0.000000e+00 -7.695422e+02 -1.997991e+03 1.000000e+00
0.000000e+00 -6.679032e+02 -2.176771e+03 1.000000e+00
0.000000e+00 -1.714248e+02 -2.452448e+03 1.000000e+00
0.000000e+00 -9.233630e-01 -2.555703e+03 1.000000e+00
0.000000e+00 7.249262e+02 -2.892741e+03 1.000000e+00
0.000000e+00 1.116491e+03 -2.871339e+03 1.000000e+00
0.000000e+00 1.888785e+03 -3.289143e+03 1.000000e+00
0.000000e+00 2.125602e+03 -3.107312e+03 1.000000e+00
0.000000e+00 2.817432e+03 -3.516647e+03 1.000000e+00
-7.703155e+00 -7.281214e+02 -2.003979e+03 1.000000e+00
-6.951545e+00 -7.176561e+02 -2.173725e+03 1.000000e+00
-6.097641e+00 -1.271499e+02 -2.461552e+03 1.000000e+00
-4.529573e+00 -4.246766e+01 -2.548368e+03 1.000000e+00
-4.357011e+00 7.720108e+02 -2.909062e+03 1.000000e+00
-3.818543e+00 1.088626e+03 -2.854169e+03 1.000000e+00
-4.295118e+00 1.938956e+03 -3.315107e+03 1.000000e+00
-1.198192e+00 2.112352e+03 -3.079061e+03 1.000000e+00
2.746330e+00 2.866095e+03 -3.550793e+03 1.000000e+00
-1.659169e+01 -7.026735e+02 -2.008633e+03 1.000000e+00
-1.493885e+01 -7.473248e+02 -2.179039e+03 1.000000e+00
-1.274618e+01 -9.910011e+01 -2.468521e+03 1.000000e+00
-8.752041e+00 -6.435244e+01 -2.551972e+03 1.000000e+00
-6.801367e+00 8.033809e+02 -2.915133e+03 1.000000e+00
-5.836525e+00 1.075761e+03 -2.855338e+03 1.000000e+00
-1.844039e+00 1.972035e+03 -3.322099e+03 1.000000e+00
6.087427e-01 2.108894e+03 -3.077621e+03 1.000000e+00
4.004457e+00 2.895240e+03 -3.559491e+03 1.000000e+00
-2.366631e+01 -7.175609e+02 -2.014934e+03 1.000000e+00
-2.247214e+01 -7.347072e+02 -2.188538e+03 1.000000e+00
-1.856334e+01 -1.082042e+02 -2.473915e+03 1.000000e+00
-1.410674e+01 -4.790696e+01 -2.561900e+03 1.000000e+00
-1.120285e+01 8.029529e+02 -2.914740e+03 1.000000e+00
-8.325194e+00 1.094206e+03 -2.866512e+03 1.000000e+00
-6.452978e+00 1.977779e+03 -3.317297e+03 1.000000e+00
-3.792098e-01 2.124668e+03 -3.089363e+03 1.000000e+00
7.066712e+00 2.902419e+03 -3.549927e+03 1.000000e+00
-3.092884e+01 -7.123580e+02 -2.025352e+03 1.000000e+00
-2.754706e+01 -7.380458e+02 -2.195798e+03 1.000000e+00
-2.305968e+01 -9.905021e+01 -2.484284e+03 1.000000e+00
-1.719294e+01 -4.703836e+01 -2.566721e+03 1.000000e+00
-1.359216e+01 8.169042e+02 -2.926576e+03 1.000000e+00
-1.075837e+01 1.101147e+03 -2.864270e+03 1.000000e+00
-3.913173e+00 1.991495e+03 -3.327579e+03 1.000000e+00
2.189612e+00 2.133143e+03 -3.081777e+03 1.000000e+00
9.128473e+00 2.913848e+03 -3.557595e+03 1.000000e+00
-3.418560e+01 -7.123853e+02 -2.034456e+03 1.000000e+00
-3.192542e+01 -7.331060e+02 -2.206066e+03 1.000000e+00
-2.712554e+01 -9.624107e+01 -2.492535e+03 1.000000e+00
-2.315310e+01 -3.662929e+01 -2.576549e+03 1.000000e+00
-1.766961e+01 8.209204e+02 -2.931423e+03 1.000000e+00
-1.060068e+01 1.116774e+03 -2.870950e+03 1.000000e+00
-4.745787e+00 1.994695e+03 -3.327150e+03 1.000000e+00
3.380814e+00 2.150372e+03 -3.086789e+03 1.000000e+00
1.303637e+01 2.915026e+03 -3.549655e+03 1.000000e+00
-3.753924e+01 -7.104457e+02 -2.044990e+03 1.000000e+00
-3.475770e+01 -7.290128e+02 -2.216302e+03 1.000000e+00
-3.045597e+01 -9.099596e+01 -2.502209e+03 1.000000e+00
-2.390278e+01 -2.908824e+01 -2.584578e+03 1.000000e+00
-1.724766e+01 8.294631e+02 -2.938654e+03 1.000000e+00
-1.295535e+01 1.125942e+03 -2.877835e+03 1.000000e+00
-4.433269e+00 2.006147e+03 -3.329301e+03 1.000000e+00
5.538341e+00 2.157740e+03 -3.086399e+03 1.000000e+00
1.392732e+01 2.927039e+03 -3.546779e+03 1.000000e+00
-3.910399e+01 -7.083034e+02 -2.055274e+03 1.000000e+00
-3.635735e+01 -7.241761e+02 -2.226825e+03 1.000000e+00
-3.126191e+01 -8.607772e+01 -2.511598e+03 1.000000e+00
-2.674596e+01 -2.308740e+01 -2.593707e+03 1.000000e+00
-2.156605e+01 8.383146e+02 -2.946970e+03 1.000000e+00
-1.202583e+01 1.133005e+03 -2.884083e+03 1.000000e+00
-2.250244e+00 2.016859e+03 -3.331909e+03 1.000000e+00
6.129720e+00 2.163652e+03 -3.087449e+03 1.000000e+00
1.653932e+01 2.935535e+03 -3.542058e+03 1.000000e+00
-3.894921e+01 -7.074824e+02 -2.066543e+03 1.000000e+00
-3.639884e+01 -7.187305e+02 -2.236607e+03 1.000000e+00
-3.246143e+01 -8.235589e+01 -2.521678e+03 1.000000e+00
-2.719404e+01 -1.628503e+01 -2.603434e+03 1.000000e+00
-2.052950e+01 8.449707e+02 -2.954964e+03 1.000000e+00
-1.253989e+01 1.142373e+03 -2.888713e+03 1.000000e+00
-3.072436e+00 2.025644e+03 -3.336794e+03 1.000000e+00
6.885019e+00 2.172351e+03 -3.087433e+03 1.000000e+00
1.628555e+01 2.941227e+03 -3.538849e+03 1.000000e+00
0.000000e+00 -8.828824e+02 -1.959573e+03 1.000000e+00
0.000000e+00 -4.171013e+02 -2.232457e+03 1.000000e+00
0.000000e+00 -2.919049e+02 -2.365086e+03 1.000000e+00
0.000000e+00 2.625543e+02 -2.642094e+03 1.000000e+00
0.000000e+00 5.944425e+02 -2.667868e+03 1.000000e+00
0.000000e+00 1.409412e+03 -3.035426e+03 1.000000e+00
0.000000e+00 1.723009e+03 -2.910341e+03 1.000000e+00
0.000000e+00 2.425663e+03 -3.298212e+03 1.000000e+00
0.000000e+00 2.575418e+03 -2.955618e+03 1.000000e+00
-6.751141e+00 -9.332359e+02 -1.957656e+03 1.000000e+00
-7.253315e+00 -3.758537e+02 -2.239915e+03 1.000000e+00
-5.097638e+00 -3.359302e+02 -2.359817e+03 1.000000e+00
-4.544289e+00 3.080128e+02 -2.656596e+03 1.000000e+00
-3.795368e+00 5.603180e+02 -2.649546e+03 1.000000e+00
-2.184750e+00 1.459474e+03 -3.060981e+03 1.000000e+00
-1.737119e+00 1.704445e+03 -2.885028e+03 1.000000e+00
1.877502e+00 2.476069e+03 -3.328677e+03 1.000000e+00
5.908738e+00 2.567938e+03 -2.921382e+03 1.000000e+00
-1.674491e+01 -9.651442e+02 -1.961218e+03 1.000000e+00
-1.403712e+01 -3.498297e+02 -2.246377e+03 1.000000e+00
-1.276323e+01 -3.613947e+02 -2.364456e+03 1.000000e+00
-8.234936e+00 3.378006e+02 -2.663311e+03 1.000000e+00
-6.288750e+00 5.435118e+02 -2.649930e+03 1.000000e+00
-5.094956e+00 1.492317e+03 -3.069081e+03 1.000000e+00
-7.251068e-01 1.698211e+03 -2.881365e+03 1.000000e+00
2.700304e+00 2.507845e+03 -3.337507e+03 1.000000e+00
5.998573e+00 2.567370e+03 -2.914727e+03 1.000000e+00
-2.212615e+01 -9.537310e+02 -1.970236e+03 1.000000e+00
-2.192562e+01 -3.615995e+02 -2.251773e+03 1.000000e+00
-1.708478e+01 -3.469557e+02 -2.374417e+03 1.000000e+00
-1.312239e+01 3.335789e+02 -2.665556e+03 1.000000e+00
-9.263051e+00 5.612753e+02 -2.660983e+03 1.000000e+00
-4.736473e+00 1.495228e+03 -3.064765e+03 1.000000e+00
-1.967458e+00 1.715499e+03 -2.892699e+03 1.000000e+00
3.932472e+00 2.513888e+03 -3.328404e+03 1.000000e+00
1.227729e+01 2.581250e+03 -2.925488e+03 1.000000e+00
-2.989869e+01 -9.574518e+02 -1.977949e+03 1.000000e+00
-2.632214e+01 -3.549174e+02 -2.262061e+03 1.000000e+00
-2.267810e+01 -3.479939e+02 -2.380037e+03 1.000000e+00
-1.654786e+01 3.450013e+02 -2.676644e+03 1.000000e+00
-1.218572e+01 5.656990e+02 -2.661234e+03 1.000000e+00
-8.592538e+00 1.510092e+03 -3.075306e+03 1.000000e+00
-1.300088e+00 1.722261e+03 -2.886302e+03 1.000000e+00
5.742176e+00 2.526438e+03 -3.336475e+03 1.000000e+00
1.228518e+01 2.588072e+03 -2.912777e+03 1.000000e+00
-3.289939e+01 -9.550563e+02 -1.987746e+03 1.000000e+00
-3.068493e+01 -3.530848e+02 -2.270625e+03 1.000000e+00
-2.511187e+01 -3.404152e+02 -2.389453e+03 1.000000e+00
-2.073771e+01 3.487332e+02 -2.683505e+03 1.000000e+00
-1.492906e+01 5.788094e+02 -2.669190e+03 1.000000e+00
-6.881716e+00 1.514306e+03 -3.076476e+03 1.000000e+00
3.195351e-02 1.737904e+03 -2.890190e+03 1.000000e+00
8.455356e+00 2.529082e+03 -3.331728e+03 1.000000e+00
1.790740e+01 2.601477e+03 -2.913602e+03 1.000000e+00
-3.608973e+01 -9.526284e+02 -1.997764e+03 1.000000e+00
-3.326841e+01 -3.492129e+02 -2.280820e+03 1.000000e+00
-2.930089e+01 -3.342606e+02 -2.398285e+03 1.000000e+00
-2.210906e+01 3.561696e+02 -2.691195e+03 1.000000e+00
-1.489409e+01 5.868616e+02 -2.675640e+03 1.000000e+00
-9.532929e+00 1.524634e+03 -3.081236e+03 1.000000e+00
-5.134665e-01 1.746189e+03 -2.892204e+03 1.000000e+00
9.511280e+00 2.539876e+03 -3.328474e+03 1.000000e+00
1.880577e+01 2.606365e+03 -2.909484e+03 1.000000e+00
-3.770618e+01 -9.494537e+02 -2.007812e+03 1.000000e+00
-3.481561e+01 -3.451687e+02 -2.290910e+03 1.000000e+00
-2.908911e+01 -3.291489e+02 -2.407603e+03 1.000000e+00
-2.417339e+01 3.625285e+02 -2.698682e+03 1.000000e+00
-1.829640e+01 5.937994e+02 -2.684005e+03 1.000000e+00
-8.292466e+00 1.534399e+03 -3.084918e+03 1.000000e+00
1.755766e+00 1.752610e+03 -2.894772e+03 1.000000e+00
1.053181e+01 2.548467e+03 -3.326265e+03 1.000000e+00
2.046158e+01 2.611271e+03 -2.903957e+03 1.000000e+00
-3.757803e+01 -9.452866e+02 -2.018502e+03 1.000000e+00
-3.478449e+01 -3.422619e+02 -2.300581e+03 1.000000e+00
-3.035353e+01 -3.227714e+02 -2.416612e+03 1.000000e+00
-2.449830e+01 3.674023e+02 -2.708421e+03 1.000000e+00
-1.734572e+01 6.025876e+02 -2.689873e+03 1.000000e+00
-8.585632e+00 1.542383e+03 -3.089935e+03 1.000000e+00
1.081863e+00 1.761594e+03 -2.896589e+03 1.000000e+00
1.141371e+01 2.555698e+03 -3.326022e+03 1.000000e+00
2.100960e+01 2.617688e+03 -2.897906e+03 1.000000e+00
0.000000e+00 -6.448068e+02 -2.007627e+03 1.000000e+00
0.000000e+00 -5.196755e+02 -2.165513e+03 1.000000e+00
0.000000e+00 -4.336981e+01 -2.421470e+03 1.000000e+00
0.000000e+00 1.476196e+02 -2.489518e+03 1.000000e+00
0.000000e+00 8.611957e+02 -2.794479e+03 1.000000e+00
0.000000e+00 1.274437e+03 -2.715900e+03 1.000000e+00
0.000000e+00 2.002491e+03 -3.068783e+03 1.000000e+00
0.000000e+00 2.228067e+03 -2.808843e+03 1.000000e+00
0.000000e+00 2.832261e+03 -3.133720e+03 1.000000e+00
-6.716485e+00 -6.054231e+02 -2.015508e+03 1.000000e+00
-6.829362e+00 -5.662993e+02 -2.160786e+03 1.000000e+00
-5.128350e+00 -1.451234e+00 -2.431669e+03 1.000000e+00
-3.605931e+00 1.098629e+02 -2.479985e+03 1.000000e+00
-3.684922e+00 9.068632e+02 -2.815036e+03 1.000000e+00
-5.654420e-02 1.249352e+03 -2.690325e+03 1.000000e+00
1.180964e+00 2.053118e+03 -3.102166e+03 1.000000e+00
4.120181e+00 2.213546e+03 -2.772391e+03 1.000000e+00
8.989697e+00 2.879722e+03 -3.173805e+03 1.000000e+00
-1.605472e+01 -5.801025e+02 -2.021501e+03 1.000000e+00
-1.362294e+01 -5.949594e+02 -2.163823e+03 1.000000e+00
-1.145446e+01 2.678061e+01 -2.439877e+03 1.000000e+00
-8.407874e+00 8.960526e+01 -2.480729e+03 1.000000e+00
-4.140956e+00 9.388226e+02 -2.824337e+03 1.000000e+00
-3.694803e+00 1.239996e+03 -2.685517e+03 1.000000e+00
1.349875e+00 2.087064e+03 -3.111954e+03 1.000000e+00
5.944295e+00 2.211007e+03 -2.762930e+03 1.000000e+00
9.253317e+00 2.907815e+03 -3.185437e+03 1.000000e+00
-2.108095e+01 -5.935172e+02 -2.026590e+03 1.000000e+00
-2.071339e+01 -5.826982e+02 -2.173412e+03 1.000000e+00
-1.635900e+01 1.898487e+01 -2.443663e+03 1.000000e+00
-1.136854e+01 1.056047e+02 -2.491225e+03 1.000000e+00
-8.242412e+00 9.384155e+02 -2.821404e+03 1.000000e+00
-1.467573e+00 1.257289e+03 -2.697630e+03 1.000000e+00
1.440707e+00 2.090627e+03 -3.102548e+03 1.000000e+00
7.972247e+00 2.226988e+03 -2.773606e+03 1.000000e+00
1.607221e+01 2.911129e+03 -3.171203e+03 1.000000e+00
-2.864219e+01 -5.891240e+02 -2.036128e+03 1.000000e+00
-2.492757e+01 -5.845546e+02 -2.180397e+03 1.000000e+00
-2.147291e+01 2.747321e+01 -2.453155e+03 1.000000e+00
-1.571432e+01 1.079418e+02 -2.494737e+03 1.000000e+00
-9.428051e+00 9.513662e+02 -2.832154e+03 1.000000e+00
-5.086558e+00 1.263595e+03 -2.692569e+03 1.000000e+00
2.878862e+00 2.103803e+03 -3.111775e+03 1.000000e+00
9.632970e+00 2.232031e+03 -2.762137e+03 1.000000e+00
1.771678e+01 2.921912e+03 -3.174603e+03 1.000000e+00
-3.149023e+01 -5.887378e+02 -2.044810e+03 1.000000e+00
-2.904213e+01 -5.792349e+02 -2.189124e+03 1.000000e+00
-2.322834e+01 3.068324e+01 -2.461340e+03 1.000000e+00
-1.817890e+01 1.182085e+02 -2.502186e+03 1.000000e+00
-1.241359e+01 9.563957e+02 -2.836872e+03 1.000000e+00
-3.509122e+00 1.278175e+03 -2.696670e+03 1.000000e+00
4.600315e+00 2.108055e+03 -3.108320e+03 1.000000e+00
1.327124e+01 2.245333e+03 -2.763911e+03 1.000000e+00
2.181216e+01 2.923552e+03 -3.162077e+03 1.000000e+00
-3.435392e+01 -5.863735e+02 -2.054989e+03 1.000000e+00
-3.157936e+01 -5.751949e+02 -2.198514e+03 1.000000e+00
-2.731161e+01 3.647349e+01 -2.469624e+03 1.000000e+00
-2.011005e+01 1.251234e+02 -2.509499e+03 1.000000e+00
-1.185790e+01 9.645610e+02 -2.841775e+03 1.000000e+00
-5.197361e+00 1.285390e+03 -2.700841e+03 1.000000e+00
4.065106e+00 2.117827e+03 -3.107754e+03 1.000000e+00
1.459164e+01 2.250992e+03 -2.760126e+03 1.000000e+00
2.370605e+01 2.930168e+03 -3.155576e+03 1.000000e+00
-3.612273e+01 -5.838401e+02 -2.064638e+03 1.000000e+00
-3.285408e+01 -5.705878e+02 -2.208474e+03 1.000000e+00
-2.693332e+01 4.218499e+01 -2.477844e+03 1.000000e+00
-2.133103e+01 1.309005e+02 -2.517114e+03 1.000000e+00
-1.464351e+01 9.733352e+02 -2.846889e+03 1.000000e+00
-4.198698e+00 1.293105e+03 -2.705374e+03 1.000000e+00
5.958040e+00 2.126767e+03 -3.107009e+03 1.000000e+00
1.523405e+01 2.257065e+03 -2.757313e+03 1.000000e+00
2.488636e+01 2.935680e+03 -3.147567e+03 1.000000e+00
-3.585833e+01 -5.825611e+02 -2.075058e+03 1.000000e+00
-3.283361e+01 -5.650518e+02 -2.217457e+03 1.000000e+00
-2.792632e+01 4.566355e+01 -2.486496e+03 1.000000e+00
-2.148478e+01 1.377358e+02 -2.525489e+03 1.000000e+00
-1.375314e+01 9.796445e+02 -2.852453e+03 1.000000e+00
-4.323801e+00 1.301587e+03 -2.708341e+03 1.000000e+00
5.644122e+00 2.133180e+03 -3.108344e+03 1.000000e+00
1.608382e+01 2.263326e+03 -2.754259e+03 1.000000e+00
2.564339e+01 2.939102e+03 -3.140635e+03 1.000000e+00
0.000000e+00 -7.314554e+02 -1.956638e+03 1.000000e+00
0.000000e+00 -2.839399e+02 -2.209207e+03 1.000000e+00
0.000000e+00 -1.406365e+02 -2.314192e+03 1.000000e+00
0.000000e+00 3.915098e+02 -2.558384e+03 1.000000e+00
0.000000e+00 7.460141e+02 -2.536883e+03 1.000000e+00
0.000000e+00 1.533248e+03 -2.850327e+03 1.000000e+00
0.000000e+00 1.840928e+03 -2.647182e+03 1.000000e+00
0.000000e+00 2.469344e+03 -2.949999e+03 1.000000e+00
0.000000e+00 2.575498e+03 -2.529322e+03 1.000000e+00
-6.117633e+00 -7.787861e+02 -1.953429e+03 1.000000e+00
-7.356003e+00 -2.448864e+02 -2.218788e+03 1.000000e+00
-4.607085e+00 -1.813265e+02 -2.305323e+03 1.000000e+00
-3.252918e+00 4.349817e+02 -2.576564e+03 1.000000e+00
-2.870724e+00 7.154786e+02 -2.513810e+03 1.000000e+00
1.714653e+00 1.581435e+03 -2.878783e+03 1.000000e+00
4.014551e+00 1.823008e+03 -2.615719e+03 1.000000e+00
6.002192e+00 2.517869e+03 -2.987976e+03 1.000000e+00
1.075148e+01 2.564438e+03 -2.484010e+03 1.000000e+00
-1.569617e+01 -8.090836e+02 -1.955753e+03 1.000000e+00
-1.169435e+01 -2.185814e+02 -2.226059e+03 1.000000e+00
-1.054269e+01 -2.050768e+02 -2.307200e+03 1.000000e+00
-6.799285e+00 4.653475e+02 -2.585916e+03 1.000000e+00
-2.321958e+00 7.007142e+02 -2.508956e+03 1.000000e+00
-4.200583e-01 1.614700e+03 -2.890153e+03 1.000000e+00
4.047600e+00 1.817616e+03 -2.604554e+03 1.000000e+00
1.023184e+01 2.547780e+03 -3.000812e+03 1.000000e+00
1.329610e+01 2.562247e+03 -2.467475e+03 1.000000e+00
-2.003175e+01 -7.985640e+02 -1.964208e+03 1.000000e+00
-1.995395e+01 -2.284636e+02 -2.230285e+03 1.000000e+00
-1.559179e+01 -1.915462e+02 -2.317432e+03 1.000000e+00
-1.069859e+01 4.613730e+02 -2.585539e+03 1.000000e+00
-6.275585e+00 7.181356e+02 -2.521089e+03 1.000000e+00
-2.077193e-01 1.615744e+03 -2.882972e+03 1.000000e+00
5.160429e+00 1.834521e+03 -2.614287e+03 1.000000e+00
1.066708e+01 2.550302e+03 -2.986937e+03 1.000000e+00
1.927461e+01 2.575394e+03 -2.476958e+03 1.000000e+00
-2.684781e+01 -8.011353e+02 -1.971443e+03 1.000000e+00
-2.304597e+01 -2.228078e+02 -2.239705e+03 1.000000e+00
-1.906034e+01 -1.902987e+02 -2.322157e+03 1.000000e+00
-1.356139e+01 4.715949e+02 -2.595316e+03 1.000000e+00
-6.368389e+00 7.228729e+02 -2.519239e+03 1.000000e+00
8.254263e-01 1.629244e+03 -2.891242e+03 1.000000e+00
7.101459e+00 1.839179e+03 -2.606371e+03 1.000000e+00
1.567590e+01 2.561990e+03 -2.990932e+03 1.000000e+00
2.305671e+01 2.576702e+03 -2.460206e+03 1.000000e+00
-3.000512e+01 -7.977436e+02 -1.980295e+03 1.000000e+00
-2.734883e+01 -2.210225e+02 -2.247372e+03 1.000000e+00
-2.192727e+01 -1.824983e+02 -2.330304e+03 1.000000e+00
-1.584303e+01 4.759785e+02 -2.601251e+03 1.000000e+00
-9.767104e+00 7.346011e+02 -2.524566e+03 1.000000e+00
-6.014692e-01 1.634846e+03 -2.890924e+03 1.000000e+00
8.872941e+00 1.851067e+03 -2.607364e+03 1.000000e+00
1.749104e+01 2.565387e+03 -2.982176e+03 1.000000e+00
2.520910e+01 2.584667e+03 -2.458153e+03 1.000000e+00
-3.238664e+01 -7.955450e+02 -1.989487e+03 1.000000e+00
-2.928121e+01 -2.166911e+02 -2.256746e+03 1.000000e+00
-2.453795e+01 -1.774126e+02 -2.337617e+03 1.000000e+00
-1.719045e+01 4.834125e+02 -2.607613e+03 1.000000e+00
-8.437840e+00 7.413354e+02 -2.529327e+03 1.000000e+00
-4.873320e-02 1.643163e+03 -2.892584e+03 1.000000e+00
9.597653e+00 1.857844e+03 -2.605961e+03 1.000000e+00
1.974878e+01 2.572160e+03 -2.976605e+03 1.000000e+00
2.938408e+01 2.587127e+03 -2.449765e+03 1.000000e+00
-3.428890e+01 -7.925270e+02 -1.999177e+03 1.000000e+00
-3.057070e+01 -2.119572e+02 -2.265436e+03 1.000000e+00
-2.468334e+01 -1.720142e+02 -2.346140e+03 1.000000e+00
-1.837926e+01 4.903974e+02 -2.612958e+03 1.000000e+00
-1.046817e+01 7.481306e+02 -2.535022e+03 1.000000e+00
9.846772e-02 1.651685e+03 -2.893642e+03 1.000000e+00
1.066586e+01 1.864796e+03 -2.605786e+03 1.000000e+00
2.031229e+01 2.577604e+03 -2.970754e+03 1.000000e+00
2.918111e+01 2.590654e+03 -2.440917e+03 1.000000e+00
-3.394068e+01 -7.885488e+02 -2.008770e+03 1.000000e+00
-3.062540e+01 -2.090907e+02 -2.274053e+03 1.000000e+00
-2.531181e+01 -1.664289e+02 -2.354147e+03 1.000000e+00
-1.831813e+01 4.945829e+02 -2.619964e+03 1.000000e+00
-1.011823e+01 7.562578e+02 -2.539696e+03 1.000000e+00
1.053105e-01 1.657552e+03 -2.895333e+03 1.000000e+00
1.028328e+01 1.871521e+03 -2.605203e+03 1.000000e+00
2.049346e+01 2.581647e+03 -2.966485e+03 1.000000e+00
2.972682e+01 2.592760e+03 -2.432311e+03 1.000000e+00
0.000000e+00 -5.073106e+02 -1.993472e+03 1.000000e+00
0.000000e+00 -3.646584e+02 -2.124751e+03 1.000000e+00
0.000000e+00 8.837325e+01 -2.352041e+03 1.000000e+00
0.000000e+00 2.940168e+02 -2.380655e+03 1.000000e+00
0.000000e+00 9.820461e+02 -2.636306e+03 1.000000e+00
0.000000e+00 1.400824e+03 -2.494263e+03 1.000000e+00
0.000000e+00 2.068254e+03 -2.764720e+03 1.000000e+00
0.000000e+00 2.256554e+03 -2.423463e+03 1.000000e+00
0.000000e+00 2.750751e+03 -2.654951e+03 1.000000e+00
-6.407923e+00 -4.699570e+02 -2.003159e+03 1.000000e+00
-6.487103e+00 -4.062740e+02 -2.117896e+03 1.000000e+00
-4.386693e+00 1.292901e+02 -2.363931e+03 1.000000e+00
-1.802960e+00 2.602165e+02 -2.367243e+03 1.000000e+00
-1.099580e+00 1.028052e+03 -2.662676e+03 1.000000e+00
3.943339e+00 1.377808e+03 -2.460458e+03 1.000000e+00
7.155354e+00 2.117455e+03 -2.803713e+03 1.000000e+00
8.286873e+00 2.242418e+03 -2.381014e+03 1.000000e+00
1.285182e+01 2.796302e+03 -2.699601e+03 1.000000e+00
-1.406977e+01 -4.447727e+02 -2.010868e+03 1.000000e+00
-1.123663e+01 -4.334287e+02 -2.118269e+03 1.000000e+00
-8.864567e+00 1.574872e+02 -2.373319e+03 1.000000e+00
-6.297843e+00 2.404091e+02 -2.364859e+03 1.000000e+00
-9.686794e-01 1.058476e+03 -2.675177e+03 1.000000e+00
1.715084e+00 1.367307e+03 -2.448073e+03 1.000000e+00
6.616586e+00 2.147524e+03 -2.818520e+03 1.000000e+00
1.252268e+01 2.236564e+03 -2.362636e+03 1.000000e+00
1.633511e+01 2.819315e+03 -2.715827e+03 1.000000e+00
-1.930902e+01 -4.564124e+02 -2.014161e+03 1.000000e+00
-1.793201e+01 -4.217669e+02 -2.127962e+03 1.000000e+00
-1.473887e+01 1.511576e+02 -2.375703e+03 1.000000e+00
-8.176929e+00 2.558099e+02 -2.374566e+03 1.000000e+00
-3.450698e+00 1.057463e+03 -2.669799e+03 1.000000e+00
3.486469e+00 1.385383e+03 -2.460358e+03 1.000000e+00
9.251855e+00 2.148379e+03 -2.804282e+03 1.000000e+00
1.607885e+01 2.252428e+03 -2.371612e+03 1.000000e+00
2.311637e+01 2.819252e+03 -2.697148e+03 1.000000e+00
-2.465661e+01 -4.526020e+02 -2.022985e+03 1.000000e+00
-2.137637e+01 -4.217750e+02 -2.134109e+03 1.000000e+00
-1.670156e+01 1.584620e+02 -2.383772e+03 1.000000e+00
-1.141538e+01 2.598739e+02 -2.377043e+03 1.000000e+00
-3.882236e+00 1.068866e+03 -2.677761e+03 1.000000e+00
4.653620e+00 1.389985e+03 -2.453820e+03 1.000000e+00
1.184306e+01 2.160892e+03 -2.810222e+03 1.000000e+00
1.871106e+01 2.253874e+03 -2.358100e+03 1.000000e+00
2.754793e+01 2.827296e+03 -2.695702e+03 1.000000e+00
-2.853001e+01 -4.522971e+02 -2.031180e+03 1.000000e+00
-2.488274e+01 -4.161228e+02 -2.141262e+03 1.000000e+00
-1.997388e+01 1.612312e+02 -2.391267e+03 1.000000e+00
-1.333905e+01 2.686548e+02 -2.382435e+03 1.000000e+00
-5.181062e+00 1.074215e+03 -2.680320e+03 1.000000e+00
3.568120e+00 1.399888e+03 -2.455884e+03 1.000000e+00
1.400437e+01 2.165432e+03 -2.803976e+03 1.000000e+00
2.331080e+01 2.261113e+03 -2.356741e+03 1.000000e+00
2.989718e+01 2.827003e+03 -2.680371e+03 1.000000e+00
-2.995991e+01 -4.497178e+02 -2.039983e+03 1.000000e+00
-2.715996e+01 -4.121288e+02 -2.149804e+03 1.000000e+00
-2.143069e+01 1.675171e+02 -2.397888e+03 1.000000e+00
-1.378781e+01 2.749509e+02 -2.387920e+03 1.000000e+00
-5.639458e+00 1.082546e+03 -2.684060e+03 1.000000e+00
5.148053e+00 1.406911e+03 -2.456289e+03 1.000000e+00
1.447582e+01 2.172682e+03 -2.800797e+03 1.000000e+00
2.423378e+01 2.265797e+03 -2.349771e+03 1.000000e+00
3.357431e+01 2.829815e+03 -2.671186e+03 1.000000e+00
-3.210253e+01 -4.463220e+02 -2.049102e+03 1.000000e+00
-2.786147e+01 -4.083801e+02 -2.158359e+03 1.000000e+00
-2.208675e+01 1.731710e+02 -2.404477e+03 1.000000e+00
-1.521941e+01 2.807020e+02 -2.394055e+03 1.000000e+00
-5.672858e+00 1.088781e+03 -2.686401e+03 1.000000e+00
4.894959e+00 1.413417e+03 -2.457661e+03 1.000000e+00
1.589323e+01 2.177582e+03 -2.798038e+03 1.000000e+00
2.568058e+01 2.269380e+03 -2.343461e+03 1.000000e+00
3.403643e+01 2.829813e+03 -2.660109e+03 1.000000e+00
-3.185240e+01 -4.446187e+02 -2.058246e+03 1.000000e+00
-2.812356e+01 -4.028734e+02 -2.166033e+03 1.000000e+00
-2.236283e+01 1.766930e+02 -2.412159e+03 1.000000e+00
-1.498593e+01 2.870954e+02 -2.399371e+03 1.000000e+00
-5.923958e+00 1.094871e+03 -2.689866e+03 1.000000e+00
4.913547e+00 1.420915e+03 -2.458597e+03 1.000000e+00
1.536260e+01 2.182185e+03 -2.794968e+03 1.000000e+00
2.519845e+01 2.274045e+03 -2.338423e+03 1.000000e+00
3.383895e+01 2.830924e+03 -2.649305e+03 1.000000e+00
0.000000e+00 -5.723318e+02 -1.926913e+03 1.000000e+00
0.000000e+00 -1.459419e+02 -2.151746e+03 1.000000e+00
0.000000e+00 9.184772e+00 -2.221823e+03 1.000000e+00
0.000000e+00 5.124045e+02 -2.424943e+03 1.000000e+00
0.000000e+00 8.747375e+02 -2.349049e+03 1.000000e+00
0.000000e+00 1.613960e+03 -2.592920e+03 1.000000e+00
0.000000e+00 1.894130e+03 -2.312415e+03 1.000000e+00
0.000000e+00 2.427099e+03 -2.521753e+03 1.000000e+00
0.000000e+00 2.465488e+03 -2.038518e+03 1.000000e+00
-5.379394e+00 -6.150836e+02 -1.921715e+03 1.000000e+00
-6.004840e+00 -1.078570e+02 -2.163033e+03 1.000000e+00
-3.038948e+00 -2.734100e+01 -2.210104e+03 1.000000e+00
-5.509107e-01 5.539399e+02 -2.445898e+03 1.000000e+00
6.425155e-01 8.459654e+02 -2.321637e+03 1.000000e+00
5.524950e+00 1.658869e+03 -2.626134e+03 1.000000e+00
9.141661e+00 1.874247e+03 -2.272993e+03 1.000000e+00
1.026196e+01 2.472099e+03 -2.567369e+03 1.000000e+00
1.370564e+01 2.451351e+03 -1.984188e+03 1.000000e+00
-1.364971e+01 -6.437754e+02 -1.922272e+03 1.000000e+00
-1.000899e+01 -8.133733e+01 -2.171558e+03 1.000000e+00
-8.427877e+00 -5.034169e+01 -2.208285e+03 1.000000e+00
-4.781900e+00 5.834681e+02 -2.458461e+03 1.000000e+00
-4.016337e-01 8.305061e+02 -2.310224e+03 1.000000e+00
4.786491e+00 1.688835e+03 -2.641268e+03 1.000000e+00
9.101080e+00 1.866274e+03 -2.254320e+03 1.000000e+00
1.484476e+01 2.497251e+03 -2.585872e+03 1.000000e+00
1.856093e+01 2.445526e+03 -1.956304e+03 1.000000e+00
-1.739662e+01 -6.335976e+02 -1.930317e+03 1.000000e+00
-1.604574e+01 -8.962228e+01 -2.174315e+03 1.000000e+00
-1.195657e+01 -3.695837e+01 -2.218116e+03 1.000000e+00
-5.974233e+00 5.799336e+02 -2.455904e+03 1.000000e+00
9.231203e-01 8.476141e+02 -2.321421e+03 1.000000e+00
6.603638e+00 1.688302e+03 -2.631543e+03 1.000000e+00
1.418035e+01 1.883283e+03 -2.262583e+03 1.000000e+00
2.093525e+01 2.496298e+03 -2.567183e+03 1.000000e+00
2.797404e+01 2.457645e+03 -1.964959e+03 1.000000e+00
-2.287543e+01 -6.349778e+02 -1.936624e+03 1.000000e+00
-1.972032e+01 -8.476500e+01 -2.182849e+03 1.000000e+00
-1.514141e+01 -3.474227e+01 -2.221456e+03 1.000000e+00
-8.827570e+00 5.884939e+02 -2.463507e+03 1.000000e+00
-2.109006e+00 8.519056e+02 -2.319005e+03 1.000000e+00
8.554034e+00 1.699038e+03 -2.635851e+03 1.000000e+00
1.539852e+01 1.885198e+03 -2.253373e+03 1.000000e+00
2.193801e+01 2.505519e+03 -2.567746e+03 1.000000e+00
2.946836e+01 2.453638e+03 -1.946663e+03 1.000000e+00
-2.630700e+01 -6.314673e+02 -1.944105e+03 1.000000e+00
-2.179979e+01 -8.289133e+01 -2.189502e+03 1.000000e+00
-1.685408e+01 -2.754157e+01 -2.228367e+03 1.000000e+00
-1.001543e+01 5.929955e+02 -2.467377e+03 1.000000e+00
-1.072422e-01 8.605757e+02 -2.321953e+03 1.000000e+00
9.100513e+00 1.705448e+03 -2.633012e+03 1.000000e+00
1.926995e+01 1.892141e+03 -2.252257e+03 1.000000e+00
2.953663e+01 2.507801e+03 -2.556397e+03 1.000000e+00
3.597871e+01 2.456731e+03 -1.941465e+03 1.000000e+00
-2.754511e+01 -6.287103e+02 -1.952177e+03 1.000000e+00
-2.492570e+01 -7.825980e+01 -2.197403e+03 1.000000e+00
-1.874003e+01 -2.272774e+01 -2.234001e+03 1.000000e+00
-1.039103e+01 5.998972e+02 -2.472177e+03 1.000000e+00
-2.120471e+00 8.667443e+02 -2.324157e+03 1.000000e+00
9.068042e+00 1.711885e+03 -2.633015e+03 1.000000e+00
1.950807e+01 1.896552e+03 -2.246660e+03 1.000000e+00
2.787644e+01 2.510831e+03 -2.549286e+03 1.000000e+00
3.616148e+01 2.456218e+03 -1.930426e+03 1.000000e+00
-2.973099e+01 -6.263519e+02 -1.960893e+03 1.000000e+00
-2.469614e+01 -7.356741e+01 -2.204877e+03 1.000000e+00
-1.884058e+01 -1.844252e+01 -2.240110e+03 1.000000e+00
-1.170063e+01 6.058267e+02 -2.476351e+03 1.000000e+00
-8.574829e-01 8.726901e+02 -2.326783e+03 1.000000e+00
1.053288e+01 1.716656e+03 -2.631515e+03 1.000000e+00
2.098748e+01 1.901279e+03 -2.243761e+03 1.000000e+00
3.101681e+01 2.511904e+03 -2.540784e+03 1.000000e+00
3.885179e+01 2.455067e+03 -1.919846e+03 1.000000e+00
-2.940108e+01 -6.224121e+02 -1.968850e+03 1.000000e+00
-2.518322e+01 -7.018017e+01 -2.211790e+03 1.000000e+00
-1.902481e+01 -1.245903e+01 -2.247176e+03 1.000000e+00
-1.118550e+01 6.101631e+02 -2.480158e+03 1.000000e+00
-1.159146e+00 8.794295e+02 -2.329221e+03 1.000000e+00
1.023854e+01 1.721767e+03 -2.630676e+03 1.000000e+00
2.082116e+01 1.905901e+03 -2.240457e+03 1.000000e+00
3.034260e+01 2.513602e+03 -2.532117e+03 1.000000e+00
3.824776e+01 2.454905e+03 -1.911083e+03 1.000000e+00
0.000000e+00 -3.640801e+02 -1.948156e+03 1.000000e+00
0.000000e+00 -2.080217e+02 -2.046492e+03 1.000000e+00
0.000000e+00 2.162740e+02 -2.236762e+03 1.000000e+00
0.000000e+00 4.248644e+02 -2.220783e+03 1.000000e+00
0.000000e+00 1.071208e+03 -2.418458e+03 1.000000e+00
0.000000e+00 1.470675e+03 -2.208416e+03 1.000000e+00
0.000000e+00 2.055850e+03 -2.393977e+03 1.000000e+00
0.000000e+00 2.184844e+03 -1.984213e+03 1.000000e+00
0.000000e+00 2.556131e+03 -2.132249e+03 1.000000e+00
-5.206149e+00 -3.285595e+02 -1.959642e+03 1.000000e+00
-5.012314e+00 -2.461714e+02 -2.036950e+03 1.000000e+00
-2.483961e+00 2.545830e+02 -2.250906e+03 1.000000e+00
1.954568e-01 3.926587e+02 -2.203348e+03 1.000000e+00
1.377598e+00 1.113154e+03 -2.450046e+03 1.000000e+00
5.712813e+00 1.446571e+03 -2.168351e+03 1.000000e+00
9.411862e+00 2.099389e+03 -2.438360e+03 1.000000e+00
1.049769e+01 2.167757e+03 -1.934354e+03 1.000000e+00
1.328178e+01 2.596650e+03 -2.184304e+03 1.000000e+00
-1.171777e+01 -3.029818e+02 -1.968662e+03 1.000000e+00
-8.938705e+00 -2.708729e+02 -2.034559e+03 1.000000e+00
-6.149280e+00 2.826564e+02 -2.261565e+03 1.000000e+00
-3.079058e+00 3.738557e+02 -2.196564e+03 1.000000e+00
2.882639e+00 1.142869e+03 -2.467326e+03 1.000000e+00
7.947544e+00 1.434404e+03 -2.147048e+03 1.000000e+00
1.407775e+01 2.126427e+03 -2.459190e+03 1.000000e+00
1.816509e+01 2.160555e+03 -1.907111e+03 1.000000e+00
2.233547e+01 2.616347e+03 -2.206198e+03 1.000000e+00
-1.629249e+01 -3.131204e+02 -1.970493e+03 1.000000e+00
-1.400703e+01 -2.594091e+02 -2.043643e+03 1.000000e+00
-1.049189e+01 2.767896e+02 -2.262274e+03 1.000000e+00
-3.670116e+00 3.885053e+02 -2.205254e+03 1.000000e+00
2.454811e+00 1.140124e+03 -2.459741e+03 1.000000e+00
9.692601e+00 1.450868e+03 -2.158287e+03 1.000000e+00
1.587270e+01 2.123675e+03 -2.441950e+03 1.000000e+00
2.384597e+01 2.173385e+03 -1.914695e+03 1.000000e+00
2.919123e+01 2.610500e+03 -2.184077e+03 1.000000e+00
-2.056882e+01 -3.102150e+02 -1.978567e+03 1.000000e+00
-1.751465e+01 -2.584281e+02 -2.048602e+03 1.000000e+00
-1.206792e+01 2.831728e+02 -2.268600e+03 1.000000e+00
-5.746566e+00 3.920854e+02 -2.206451e+03 1.000000e+00
2.742931e+00 1.149915e+03 -2.464866e+03 1.000000e+00
1.303222e+01 1.454081e+03 -2.151420e+03 1.000000e+00
2.166068e+01 2.133149e+03 -2.443418e+03 1.000000e+00
2.696686e+01 2.172441e+03 -1.900725e+03 1.000000e+00
3.407920e+01 2.615706e+03 -2.180431e+03 1.000000e+00
-2.385426e+01 -3.093038e+02 -1.986018e+03 1.000000e+00
-1.907242e+01 -2.531149e+02 -2.054260e+03 1.000000e+00
-1.381635e+01 2.866939e+02 -2.274501e+03 1.000000e+00
-7.017175e+00 3.993932e+02 -2.210579e+03 1.000000e+00
3.176146e+00 1.155098e+03 -2.463990e+03 1.000000e+00
1.342232e+01 1.460187e+03 -2.151374e+03 1.000000e+00
2.288953e+01 2.137105e+03 -2.435716e+03 1.000000e+00
3.264879e+01 2.174656e+03 -1.896265e+03 1.000000e+00
3.875591e+01 2.612828e+03 -2.164522e+03 1.000000e+00
-2.523059e+01 -3.072269e+02 -1.992915e+03 1.000000e+00
-2.176942e+01 -2.492281e+02 -2.061496e+03 1.000000e+00
-1.571118e+01 2.917376e+02 -2.279430e+03 1.000000e+00
-6.296741e+00 4.044022e+02 -2.213657e+03 1.000000e+00
3.071892e+00 1.160666e+03 -2.466243e+03 1.000000e+00
1.427407e+01 1.464663e+03 -2.148762e+03 1.000000e+00
2.510936e+01 2.139953e+03 -2.430655e+03 1.000000e+00
3.332556e+01 2.174481e+03 -1.886706e+03 1.000000e+00
3.990431e+01 2.609853e+03 -2.154875e+03 1.000000e+00
-2.666346e+01 -3.036189e+02 -2.000540e+03 1.000000e+00
-2.169211e+01 -2.454707e+02 -2.068497e+03 1.000000e+00
-1.512315e+01 2.972122e+02 -2.284005e+03 1.000000e+00
-8.125194e+00 4.097913e+02 -2.217355e+03 1.000000e+00
3.576236e+00 1.166268e+03 -2.466836e+03 1.000000e+00
1.571132e+01 1.470087e+03 -2.147296e+03 1.000000e+00
2.565949e+01 2.142504e+03 -2.424702e+03 1.000000e+00
3.481914e+01 2.176316e+03 -1.879389e+03 1.000000e+00
4.247569e+01 2.607432e+03 -2.141774e+03 1.000000e+00
-2.666035e+01 -3.010669e+02 -2.008337e+03 1.000000e+00
-2.192847e+01 -2.410595e+02 -2.074208e+03 1.000000e+00
-1.549411e+01 3.006252e+02 -2.289969e+03 1.000000e+00
-7.252295e+00 4.149464e+02 -2.220740e+03 1.000000e+00
3.552954e+00 1.169191e+03 -2.466530e+03 1.000000e+00
1.534031e+01 1.473778e+03 -2.146889e+03 1.000000e+00
2.585561e+01 2.143274e+03 -2.418347e+03 1.000000e+00
3.494425e+01 2.174908e+03 -1.872450e+03 1.000000e+00
4.180013e+01 2.602985e+03 -2.128715e+03 1.000000e+00
0.000000e+00 -4.107760e+02 -1.863448e+03 1.000000e+00
0.000000e+00 -1.132809e+01 -2.052369e+03 1.000000e+00
0.000000e+00 1.472627e+02 -2.082232e+03 1.000000e+00
0.000000e+00 6.098376e+02 -2.238914e+03 1.000000e+00
0.000000e+00 9.553771e+02 -2.105938e+03 1.000000e+00
0.000000e+00 1.621966e+03 -2.275703e+03 1.000000e+00
0.000000e+00 1.852652e+03 -1.930742e+03 1.000000e+00
0.000000e+00 2.274849e+03 -2.058596e+03 1.000000e+00
0.000000e+00 2.237425e+03 -1.540972e+03 1.000000e+00
-3.831604e+00 -4.491595e+02 -1.855694e+03 1.000000e+00
-4.248732e+00 2.555872e+01 -2.065807e+03 1.000000e+00
-1.619232e+00 1.138591e+02 -2.067636e+03 1.000000e+00
1.216381e+00 6.496714e+02 -2.262504e+03 1.000000e+00
2.562679e+00 9.300211e+02 -2.073156e+03 1.000000e+00
6.542023e+00 1.664968e+03 -2.315810e+03 1.000000e+00
9.923017e+00 1.833956e+03 -1.883240e+03 1.000000e+00
1.129079e+01 2.317877e+03 -2.110660e+03 1.000000e+00
1.322864e+01 2.224015e+03 -1.479835e+03 1.000000e+00
-1.082933e+01 -4.759319e+02 -1.853543e+03 1.000000e+00
-7.003894e+00 5.207793e+01 -2.075778e+03 1.000000e+00
-4.562017e+00 9.221121e+01 -2.062055e+03 1.000000e+00
-8.583273e-01 6.774950e+02 -2.277903e+03 1.000000e+00
4.083456e+00 9.138599e+02 -2.054939e+03 1.000000e+00
1.109876e+01 1.691546e+03 -2.337214e+03 1.000000e+00
1.626516e+01 1.822354e+03 -1.854567e+03 1.000000e+00
2.126754e+01 2.339508e+03 -2.136586e+03 1.000000e+00
2.358165e+01 2.215410e+03 -1.442952e+03 1.000000e+00
-1.428371e+01 -4.663482e+02 -1.861012e+03 1.000000e+00
-1.262008e+01 4.455126e+01 -2.076965e+03 1.000000e+00
-8.132730e+00 1.052380e+02 -2.070741e+03 1.000000e+00
-1.818180e+00 6.731267e+02 -2.273670e+03 1.000000e+00
6.172338e+00 9.290555e+02 -2.065002e+03 1.000000e+00
1.286384e+01 1.688681e+03 -2.324855e+03 1.000000e+00
1.952858e+01 1.836561e+03 -1.863106e+03 1.000000e+00
2.548503e+01 2.333550e+03 -2.114771e+03 1.000000e+00
3.171326e+01 2.224344e+03 -1.451412e+03 1.000000e+00
-1.829373e+01 -4.666181e+02 -1.866163e+03 1.000000e+00
-1.426643e+01 4.958987e+01 -2.083915e+03 1.000000e+00
-8.984632e+00 1.078394e+02 -2.073134e+03 1.000000e+00
-1.749756e+00 6.809866e+02 -2.278399e+03 1.000000e+00
6.614514e+00 9.327300e+02 -2.062425e+03 1.000000e+00
1.752038e+01 1.696918e+03 -2.326290e+03 1.000000e+00
2.635251e+01 1.837385e+03 -1.853047e+03 1.000000e+00
3.271711e+01 2.339523e+03 -2.112178e+03 1.000000e+00
3.740767e+01 2.218568e+03 -1.434119e+03 1.000000e+00
-2.150455e+01 -4.638083e+02 -1.872315e+03 1.000000e+00
-1.660164e+01 5.182405e+01 -2.089088e+03 1.000000e+00
-1.119646e+01 1.130402e+02 -2.078504e+03 1.000000e+00
-4.048344e+00 6.850349e+02 -2.280192e+03 1.000000e+00
6.578923e+00 9.377537e+02 -2.063439e+03 1.000000e+00
1.736493e+01 1.700173e+03 -2.320883e+03 1.000000e+00
2.635958e+01 1.839298e+03 -1.849828e+03 1.000000e+00
3.440853e+01 2.338409e+03 -2.100637e+03 1.000000e+00
3.978577e+01 2.214714e+03 -1.427070e+03 1.000000e+00
-2.199960e+01 -4.604358e+02 -1.879220e+03 1.000000e+00
-1.833225e+01 5.525743e+01 -2.095043e+03 1.000000e+00
-1.128371e+01 1.179497e+02 -2.082282e+03 1.000000e+00
-1.972320e+00 6.900870e+02 -2.283069e+03 1.000000e+00
8.597513e+00 9.424698e+02 -2.062748e+03 1.000000e+00
1.988451e+01 1.704416e+03 -2.319113e+03 1.000000e+00
3.067851e+01 1.840659e+03 -1.842427e+03 1.000000e+00
3.907909e+01 2.337377e+03 -2.092276e+03 1.000000e+00
4.464858e+01 2.211101e+03 -1.415421e+03 1.000000e+00
-2.399637e+01 -4.580572e+02 -1.886330e+03 1.000000e+00
-1.821025e+01 5.973631e+01 -2.100597e+03 1.000000e+00
-1.202233e+01 1.221486e+02 -2.086320e+03 1.000000e+00
-4.122923e+00 6.950420e+02 -2.285113e+03 1.000000e+00
7.672060e+00 9.463436e+02 -2.063282e+03 1.000000e+00
2.021423e+01 1.706595e+03 -2.315094e+03 1.000000e+00
2.987607e+01 1.842152e+03 -1.837321e+03 1.000000e+00
3.789851e+01 2.334949e+03 -2.082021e+03 1.000000e+00
4.415977e+01 2.207130e+03 -1.405366e+03 1.000000e+00
-2.363949e+01 -4.553000e+02 -1.892467e+03 1.000000e+00
-1.852600e+01 6.291468e+01 -2.105839e+03 1.000000e+00
-1.192118e+01 1.260935e+02 -2.091346e+03 1.000000e+00
-3.348897e+00 6.984047e+02 -2.286371e+03 1.000000e+00
8.117884e+00 9.501671e+02 -2.063593e+03 1.000000e+00
2.012519e+01 1.708130e+03 -2.310907e+03 1.000000e+00
3.025439e+01 1.842780e+03 -1.833497e+03 1.000000e+00
3.854358e+01 2.331790e+03 -2.071069e+03 1.000000e+00
4.434776e+01 2.201061e+03 -1.396750e+03 1.000000e+00
