0 729 0.00000e+00
  1     729
0.000000e+00 2.373908e+03 -1.090718e+03 8.571537e-01
0.000000e+00 2.361040e+03 -7.115453e+02 7.399081e-01
0.000000e+00 1.488949e+03 -3.538446e+02 5.967547e-01
0.000000e+00 1.450880e+03 -2.433861e+02 4.469133e-01
0.000000e+00 6.461589e+02 -3.082816e+01 3.077485e-01
0.000000e+00 6.840111e+02 -1.111565e+02 1.891254e-01
0.000000e+00 1.073516e+02 3.244327e+01 9.748217e-02
0.000000e+00 1.802092e+02 -1.405945e+02 3.527858e-02
0.000000e+00 0.000000e+00 0.000000e+00 0.000000e+00
1.542207e+01 2.378524e+03 -1.084103e+03 8.571537e-01
1.256690e+01 2.356925e+03 -7.083683e+02 7.399081e-01
9.582519e+00 1.494630e+03 -3.516103e+02 5.967547e-01
6.636925e+00 1.445855e+03 -2.424353e+02 4.469133e-01
4.056772e+00 6.509288e+02 -3.175446e+01 3.077485e-01
2.104040e+00 6.774072e+02 -1.129029e+02 1.891254e-01
9.320231e-01 1.124882e+02 2.985713e+01 9.748217e-02
8.153421e-02 1.734344e+02 -1.503196e+02 3.527858e-02
0.000000e+00 0.000000e+00 0.000000e+00 0.000000e+00
2.476657e+01 2.379347e+03 -1.075165e+03 8.571537e-01
2.097133e+01 2.327891e+03 -7.011849e+02 7.399081e-01
1.661897e+01 1.499384e+03 -3.487417e+02 5.967547e-01
1.220878e+01 1.423180e+03 -2.393785e+02 4.469133e-01
8.251344e+00 6.588257e+02 -3.321300e+01 3.077485e-01
4.950428e+00 6.612957e+02 -1.141102e+02 1.891254e-01
2.481142e+00 1.206345e+02 2.659604e+01 9.748217e-02
8.868860e-01 1.621170e+02 -1.579816e+02 3.527858e-02
0.000000e+00 0.000000e+00 0.000000e+00 0.000000e+00
2.716908e+01 2.361267e+03 -1.064313e+03 8.571537e-01
2.291626e+01 2.311080e+03 -6.921287e+02 7.399081e-01
1.840960e+01 1.486689e+03 -3.437248e+02 5.967547e-01
1.361099e+01 1.414327e+03 -2.360732e+02 4.469133e-01
9.102380e+00 6.510371e+02 -3.163877e+01 3.077485e-01
5.674548e+00 6.621342e+02 -1.110284e+02 1.891254e-01
2.804606e+00 1.137955e+02 2.831140e+01 9.748217e-02
1.353515e+00 1.700152e+02 -1.427379e+02 3.527858e-02
0.000000e+00 0.000000e+00 0.000000e+00 0.000000e+00
2.858616e+01 2.339815e+03 -1.054118e+03 8.571537e-01
2.405562e+01 2.296995e+03 -6.841513e+02 7.399081e-01
1.903386e+01 1.471420e+03 -3.394140e+02 5.967547e-01
1.402767e+01 1.406920e+03 -2.327510e+02 4.469133e-01
9.484919e+00 6.414066e+02 -3.120020e+01 3.077485e-01
5.692587e+00 6.609290e+02 -1.083593e+02 1.891254e-01
3.089857e+00 1.089863e+02 2.903816e+01 9.748217e-02
8.586900e-01 1.739038e+02 -1.386513e+02 3.527858e-02
0.000000e+00 0.000000e+00 0.000000e+00 0.000000e+00
2.877436e+01 2.321440e+03 -1.043740e+03 8.571537e-01
2.374936e+01 2.279370e+03 -6.763270e+02 7.399081e-01
1.884675e+01 1.459394e+03 -3.356289e+02 5.967547e-01
1.401013e+01 1.395453e+03 -2.286891e+02 4.469133e-01
9.527525e+00 6.377094e+02 -3.188022e+01 3.077485e-01
5.819743e+00 6.526985e+02 -1.072476e+02 1.891254e-01
2.876498e+00 1.117162e+02 2.752552e+01 9.748217e-02
1.161955e+00 1.668514e+02 -1.441068e+02 3.527858e-02
0.000000e+00 0.000000e+00 0.000000e+00 0.000000e+00
2.852208e+01 2.299261e+03 -1.031705e+03 8.571537e-01
2.356422e+01 2.266555e+03 -6.696410e+02 7.399081e-01
1.867271e+01 1.444523e+03 -3.298801e+02 5.967547e-01
1.361722e+01 1.388349e+03 -2.270768e+02 4.469133e-01
9.096126e+00 6.306559e+02 -2.987254e+01 3.077485e-01
5.444991e+00 6.512120e+02 -1.076805e+02 1.891254e-01
2.697030e+00 1.090689e+02 2.707144e+01 9.748217e-02
9.234293e-01 1.683379e+02 -1.420744e+02 3.527858e-02
0.000000e+00 0.000000e+00 0.000000e+00 0.000000e+00
2.632528e+01 2.285625e+03 -1.021410e+03 8.571537e-01
2.232067e+01 2.248328e+03 -6.616915e+02 7.399081e-01
1.781171e+01 1.436176e+03 -3.259300e+02 5.967547e-01
1.317172e+01 1.377189e+03 -2.244434e+02 4.469133e-01
8.995398e+00 6.266467e+02 -2.903249e+01 3.077485e-01
5.508238e+00 6.470767e+02 -1.072541e+02 1.891254e-01
2.877807e+00 1.073789e+02 2.621002e+01 9.748217e-02
1.058233e+00 1.681688e+02 -1.426175e+02 3.527858e-02
0.000000e+00 0.000000e+00 0.000000e+00 0.000000e+00
2.647897e+01 2.268475e+03 -1.012489e+03 8.571537e-01
2.208660e+01 2.234607e+03 -6.539011e+02 7.399081e-01
1.761164e+01 1.423792e+03 -3.225335e+02 5.967547e-01
1.299570e+01 1.370181e+03 -2.207798e+02 4.469133e-01
8.803286e+00 6.194437e+02 -2.852708e+01 3.077485e-01
5.362710e+00 6.447862e+02 -1.051951e+02 1.891254e-01
2.714556e+00 1.041777e+02 2.628097e+01 9.748217e-02
1.002792e+00 1.676525e+02 -1.415100e+02 3.527858e-02
0.000000e+00 0.000000e+00 0.000000e+00 0.000000e+00
0.000000e+00 2.318372e+03 -8.891461e+02 8.571537e-01
0.000000e+00 1.576997e+03 -4.991447e+02 7.399081e-01
0.000000e+00 1.582082e+03 -3.154666e+02 5.967547e-01
0.000000e+00 8.460015e+02 -9.537317e+01 4.469133e-01
0.000000e+00 8.626056e+02 -1.042617e+02 3.077485e-01
0.000000e+00 2.692812e+02 5.597935e+01 1.891254e-01
0.000000e+00 3.437232e+02 -3.343470e+01 9.748217e-02
0.000000e+00 2.622471e+00 1.273270e+02 3.527858e-02
0.000000e+00 0.000000e+00 0.000000e+00 0.000000e+00
1.429538e+01 2.313482e+03 -8.865563e+02 8.571537e-01
1.163112e+01 1.581480e+03 -4.968211e+02 7.399081e-01
8.776824e+00 1.578555e+03 -3.145916e+02 5.967547e-01
5.922330e+00 8.515381e+02 -9.609712e+01 4.469133e-01
3.475204e+00 8.587033e+02 -1.041885e+02 3.077485e-01
1.920650e+00 2.758017e+02 5.631752e+01 1.891254e-01
8.154957e-01 3.386365e+02 -3.360408e+01 9.748217e-02
3.344927e-01 9.257120e+00 1.331881e+02 3.527858e-02
0.000000e+00 0.000000e+00 0.000000e+00 0.000000e+00
2.269493e+01 2.283457e+03 -8.793679e+02 8.571537e-01
1.906058e+01 1.583841e+03 -4.932822e+02 7.399081e-01
1.509982e+01 1.555869e+03 -3.115175e+02 5.967547e-01
1.128475e+01 8.590004e+02 -9.666380e+01 4.469133e-01
7.793231e+00 8.432600e+02 -1.030956e+02 3.077485e-01
4.748883e+00 2.858639e+02 5.445668e+01 1.891254e-01
2.423399e+00 3.289061e+02 -3.400520e+01 9.748217e-02
8.157743e-01 1.905328e+01 1.355316e+02 3.527858e-02
0.000000e+00 0.000000e+00 0.000000e+00 0.000000e+00
2.545889e+01 2.263934e+03 -8.700154e+02 8.571537e-01
2.160510e+01 1.569597e+03 -4.866056e+02 7.399081e-01
1.721545e+01 1.543787e+03 -3.082309e+02 5.967547e-01
1.261881e+01 8.504667e+02 -9.403250e+01 4.469133e-01
8.548308e+00 8.400355e+02 -1.021158e+02 3.077485e-01
5.096909e+00 2.789967e+02 5.284861e+01 1.891254e-01
2.880505e+00 3.336611e+02 -3.353258e+01 9.748217e-02
8.617343e-01 1.020018e+01 1.230298e+02 3.527858e-02
0.000000e+00 0.000000e+00 0.000000e+00 0.000000e+00
2.646099e+01 2.246834e+03 -8.621764e+02 8.571537e-01
2.202910e+01 1.551987e+03 -4.813874e+02 7.399081e-01
1.759575e+01 1.534041e+03 -3.052715e+02 5.967547e-01
1.275484e+01 8.396346e+02 -9.378528e+01 4.469133e-01
8.534185e+00 8.367709e+02 -1.009057e+02 3.077485e-01
5.230329e+00 2.730313e+02 5.226923e+01 1.891254e-01
2.430354e+00 3.339829e+02 -3.337493e+01 9.748217e-02
9.973747e-01 4.991562e+00 1.208393e+02 3.527858e-02
0.000000e+00 0.000000e+00 0.000000e+00 0.000000e+00
2.669501e+01 2.226646e+03 -8.528875e+02 8.571537e-01
2.191946e+01 1.536978e+03 -4.777877e+02 7.399081e-01
1.738070e+01 1.520986e+03 -3.012078e+02 5.967547e-01
1.298662e+01 8.324297e+02 -9.412533e+01 4.469133e-01
9.028525e+00 8.280688e+02 -9.947546e+01 3.077485e-01
5.437454e+00 2.733454e+02 5.050769e+01 1.891254e-01
2.847919e+00 3.264263e+02 -3.398067e+01 9.748217e-02
9.758152e-01 1.005798e+01 1.259902e+02 3.527858e-02
0.000000e+00 0.000000e+00 0.000000e+00 0.000000e+00
2.621542e+01 2.210174e+03 -8.446444e+02 8.571537e-01
2.207710e+01 1.519607e+03 -4.719250e+02 7.399081e-01
1.753735e+01 1.511277e+03 -2.990348e+02 5.967547e-01
1.288018e+01 8.227499e+02 -9.035543e+01 4.469133e-01
8.779879e+00 8.243777e+02 -9.925055e+01 3.077485e-01
5.459743e+00 2.690516e+02 5.306578e+01 1.891254e-01
3.058406e+00 3.273790e+02 -3.256221e+01 9.748217e-02
1.147620e+00 8.166949e+00 1.244720e+02 3.527858e-02
0.000000e+00 0.000000e+00 0.000000e+00 0.000000e+00
2.457924e+01 2.188624e+03 -8.366943e+02 8.571537e-01
2.048057e+01 1.508734e+03 -4.670699e+02 7.399081e-01
1.642174e+01 1.497362e+03 -2.963216e+02 5.967547e-01
1.197149e+01 8.175674e+02 -8.936826e+01 4.469133e-01
8.113974e+00 8.179862e+02 -9.763968e+01 3.077485e-01
4.792607e+00 2.672044e+02 5.331631e+01 1.891254e-01
2.249881e+00 3.263662e+02 -3.134724e+01 9.748217e-02
7.829334e-01 7.671536e+00 1.242557e+02 3.527858e-02
0.000000e+00 0.000000e+00 0.000000e+00 0.000000e+00
2.470397e+01 2.172776e+03 -8.288956e+02 8.571537e-01
2.062760e+01 1.494336e+03 -4.628771e+02 7.399081e-01
1.647016e+01 1.487712e+03 -2.928836e+02 5.967547e-01
1.216260e+01 8.083795e+02 -8.972623e+01 4.469133e-01
8.319236e+00 8.136326e+02 -9.609150e+01 3.077485e-01
5.061959e+00 2.625129e+02 5.064931e+01 1.891254e-01
2.632130e+00 3.247378e+02 -3.170461e+01 9.748217e-02
9.318190e-01 6.567687e+00 1.240362e+02 3.527858e-02
0.000000e+00 0.000000e+00 0.000000e+00 0.000000e+00
0.000000e+00 1.554488e+03 -6.664279e+02 8.571537e-01
0.000000e+00 1.598176e+03 -4.302316e+02 7.399081e-01
0.000000e+00 9.804131e+02 -1.982112e+02 5.967547e-01
0.000000e+00 1.000080e+03 -1.514199e+02 4.469133e-01
0.000000e+00 4.289571e+02 -9.417953e+00 3.077485e-01
0.000000e+00 4.830038e+02 -8.595387e+01 1.891254e-01
0.000000e+00 7.074475e+01 1.878675e+01 9.748217e-02
0.000000e+00 1.297151e+02 -1.151015e+02 3.527858e-02
0.000000e+00 0.000000e+00 0.000000e+00 0.000000e+00
1.292114e+01 1.555920e+03 -6.622114e+02 8.571537e-01
1.063163e+01 1.594246e+03 -4.291934e+02 7.399081e-01
8.144453e+00 9.848616e+02 -1.977310e+02 5.967547e-01
5.770535e+00 9.975807e+02 -1.510686e+02 4.469133e-01
3.674506e+00 4.354677e+02 -1.027588e+01 3.077485e-01
2.055248e+00 4.793684e+02 -8.723937e+01 1.891254e-01
1.070330e+00 7.766925e+01 1.822740e+01 9.748217e-02
2.675600e-01 1.243832e+02 -1.214718e+02 3.527858e-02
0.000000e+00 0.000000e+00 0.000000e+00 0.000000e+00
2.031791e+01 1.554909e+03 -6.575170e+02 8.571537e-01
1.718063e+01 1.570318e+03 -4.253725e+02 7.399081e-01
1.374172e+01 9.894652e+02 -1.970608e+02 5.967547e-01
1.034434e+01 9.809430e+02 -1.484823e+02 4.469133e-01
7.224735e+00 4.440442e+02 -1.123991e+01 3.077485e-01
4.552262e+00 4.678901e+02 -8.653680e+01 1.891254e-01
2.352618e+00 8.606985e+01 1.803682e+01 9.748217e-02
9.308954e-01 1.156653e+02 -1.227783e+02 3.527858e-02
0.000000e+00 0.000000e+00 0.000000e+00 0.000000e+00
2.376455e+01 1.539362e+03 -6.502933e+02 8.571537e-01
1.992553e+01 1.555296e+03 -4.204011e+02 7.399081e-01
1.602937e+01 9.793864e+02 -1.939395e+02 5.967547e-01
1.185794e+01 9.736414e+02 -1.466258e+02 4.469133e-01
7.997812e+00 4.367795e+02 -8.971470e+00 3.077485e-01
5.106855e+00 4.688502e+02 -8.242500e+01 1.891254e-01
2.572568e+00 7.794116e+01 2.018486e+01 9.748217e-02
1.132276e+00 1.233431e+02 -1.089434e+02 3.527858e-02
0.000000e+00 0.000000e+00 0.000000e+00 0.000000e+00
2.320399e+01 1.519112e+03 -6.446318e+02 8.571537e-01
1.991826e+01 1.542869e+03 -4.167311e+02 7.399081e-01
1.579899e+01 9.662986e+02 -1.928252e+02 5.967547e-01
1.165949e+01 9.682644e+02 -1.459190e+02 4.469133e-01
7.895963e+00 4.301691e+02 -9.228017e+00 3.077485e-01
4.565693e+00 4.686568e+02 -8.190809e+01 1.891254e-01
2.409661e+00 7.517773e+01 1.977883e+01 9.748217e-02
6.808718e-01 1.271225e+02 -1.086606e+02 3.527858e-02
0.000000e+00 0.000000e+00 0.000000e+00 0.000000e+00
2.460202e+01 1.501318e+03 -6.397050e+02 8.571537e-01
2.014430e+01 1.528162e+03 -4.132439e+02 7.399081e-01
1.601015e+01 9.560544e+02 -1.923216e+02 5.967547e-01
1.190313e+01 9.589740e+02 -1.449323e+02 4.469133e-01
8.116499e+00 4.277642e+02 -1.153575e+01 3.077485e-01
5.033879e+00 4.619403e+02 -8.439771e+01 1.891254e-01
2.459983e+00 7.969936e+01 1.603986e+01 9.748217e-02
8.796722e-01 1.209994e+02 -1.174250e+02 3.527858e-02
0.000000e+00 0.000000e+00 0.000000e+00 0.000000e+00
2.359356e+01 1.482370e+03 -6.323668e+02 8.571537e-01
1.990670e+01 1.515711e+03 -4.106193e+02 7.399081e-01
1.622826e+01 9.440012e+02 -1.886626e+02 5.967547e-01
1.215178e+01 9.524275e+02 -1.452377e+02 4.469133e-01
8.430547e+00 4.207112e+02 -8.833706e+00 3.077485e-01
5.369790e+00 4.599362e+02 -8.366514e+01 1.891254e-01
2.870772e+00 7.502969e+01 1.837654e+01 9.748217e-02
1.291623e+00 1.218274e+02 -1.122018e+02 3.527858e-02
0.000000e+00 0.000000e+00 0.000000e+00 0.000000e+00
2.215646e+01 1.469090e+03 -6.278563e+02 8.571537e-01
1.881163e+01 1.499416e+03 -4.069655e+02 7.399081e-01
1.479313e+01 9.365239e+02 -1.885081e+02 5.967547e-01
1.082879e+01 9.430420e+02 -1.436804e+02 4.469133e-01
7.279190e+00 4.174663e+02 -9.470030e+00 3.077485e-01
4.278649e+00 4.562089e+02 -8.212835e+01 1.891254e-01
2.088811e+00 7.331059e+01 1.865764e+01 9.748217e-02
5.729739e-01 1.213057e+02 -1.101418e+02 3.527858e-02
0.000000e+00 0.000000e+00 0.000000e+00 0.000000e+00
2.255724e+01 1.452476e+03 -6.229655e+02 8.571537e-01
1.888567e+01 1.488065e+03 -4.029572e+02 7.399081e-01
1.515136e+01 9.255479e+02 -1.889521e+02 5.967547e-01
1.123400e+01 9.371200e+02 -1.418256e+02 4.469133e-01
7.667646e+00 4.118387e+02 -1.217912e+01 3.077485e-01
4.704324e+00 4.544091e+02 -8.249311e+01 1.891254e-01
2.388506e+00 7.238214e+01 1.522711e+01 9.748217e-02
8.900381e-01 1.209332e+02 -1.136856e+02 3.527858e-02
0.000000e+00 0.000000e+00 0.000000e+00 0.000000e+00
0.000000e+00 1.516995e+03 -5.647698e+02 8.571537e-01
0.000000e+00 1.005500e+03 -3.159402e+02 7.399081e-01
0.000000e+00 1.064811e+03 -2.109295e+02 5.967547e-01
0.000000e+00 5.520920e+02 -5.926770e+01 4.469133e-01
0.000000e+00 6.013319e+02 -7.670352e+01 3.077485e-01
0.000000e+00 1.791224e+02 4.569007e+01 1.891254e-01
0.000000e+00 2.466502e+02 -2.463099e+01 9.748217e-02
0.000000e+00 -2.824330e-02 1.022328e+02 3.527858e-02
0.000000e+00 0.000000e+00 0.000000e+00 0.000000e+00
1.092550e+01 1.511942e+03 -5.642749e+02 8.571537e-01
9.157760e+00 1.007317e+03 -3.144407e+02 7.399081e-01
7.523680e+00 1.061590e+03 -2.095957e+02 5.967547e-01
5.774843e+00 5.563687e+02 -5.832895e+01 4.469133e-01
4.107710e+00 5.978394e+02 -7.496014e+01 3.077485e-01
2.749015e+00 1.849987e+02 4.837759e+01 1.891254e-01
1.485171e+00 2.416441e+02 -2.266786e+01 9.748217e-02
7.085910e-01 5.740379e+00 1.092188e+02 3.527858e-02
0.000000e+00 0.000000e+00 0.000000e+00 0.000000e+00
1.846369e+01 1.487928e+03 -5.599737e+02 8.571537e-01
1.541456e+01 1.008628e+03 -3.120908e+02 7.399081e-01
1.229454e+01 1.042892e+03 -2.063516e+02 5.967547e-01
9.092677e+00 5.618113e+02 -5.748007e+01 4.469133e-01
6.304790e+00 5.844424e+02 -7.192919e+01 3.077485e-01
3.872041e+00 1.927377e+02 4.962073e+01 1.891254e-01
2.089783e+00 2.331405e+02 -2.069602e+01 9.748217e-02
6.508532e-01 1.317627e+01 1.099369e+02 3.527858e-02
0.000000e+00 0.000000e+00 0.000000e+00 0.000000e+00
2.084323e+01 1.470635e+03 -5.531484e+02 8.571537e-01
1.810258e+01 9.974589e+02 -3.074958e+02 7.399081e-01
1.464382e+01 1.032140e+03 -2.047286e+02 5.967547e-01
1.091951e+01 5.540479e+02 -5.590696e+01 4.469133e-01
7.599972e+00 5.815073e+02 -7.196160e+01 3.077485e-01
4.494527e+00 1.852571e+02 4.693964e+01 1.891254e-01
2.321212e+00 2.377981e+02 -2.220808e+01 9.748217e-02
6.776386e-01 4.115892e+00 9.785805e+01 3.527858e-02
0.000000e+00 0.000000e+00 0.000000e+00 0.000000e+00
2.083520e+01 1.456868e+03 -5.492430e+02 8.571537e-01
1.729877e+01 9.823925e+02 -3.051417e+02 7.399081e-01
1.414656e+01 1.024031e+03 -2.035394e+02 5.967547e-01
1.050601e+01 5.450201e+02 -5.620784e+01 4.469133e-01
7.117361e+00 5.784421e+02 -7.143369e+01 3.077485e-01
4.513229e+00 1.803340e+02 4.699750e+01 1.891254e-01
2.301894e+00 2.375870e+02 -2.106851e+01 9.748217e-02
1.032931e+00 1.546106e-01 1.002815e+02 3.527858e-02
0.000000e+00 0.000000e+00 0.000000e+00 0.000000e+00
2.198202e+01 1.441679e+03 -5.441063e+02 8.571537e-01
1.853601e+01 9.699462e+02 -3.035417e+02 7.399081e-01
1.475236e+01 1.013590e+03 -2.015297e+02 5.967547e-01
1.094527e+01 5.392648e+02 -5.628480e+01 4.469133e-01
7.670604e+00 5.710728e+02 -6.929468e+01 3.077485e-01
4.724095e+00 1.815291e+02 4.952496e+01 1.891254e-01
2.616138e+00 2.311875e+02 -1.713460e+01 9.748217e-02
9.661340e-01 5.990658e+00 1.084014e+02 3.527858e-02
0.000000e+00 0.000000e+00 0.000000e+00 0.000000e+00
2.089894e+01 1.427240e+03 -5.391460e+02 8.571537e-01
1.784969e+01 9.570479e+02 -2.995865e+02 7.399081e-01
1.450057e+01 1.004705e+03 -2.013444e+02 5.967547e-01
1.093735e+01 5.309247e+02 -5.377009e+01 4.469133e-01
7.519451e+00 5.676592e+02 -7.109267e+01 3.077485e-01
4.476068e+00 1.766882e+02 4.956229e+01 1.891254e-01
2.149114e+00 2.320862e+02 -2.030698e+01 9.748217e-02
5.128348e-01 3.005035e+00 1.032473e+02 3.527858e-02
0.000000e+00 0.000000e+00 0.000000e+00 0.000000e+00
2.007090e+01 1.410838e+03 -5.345899e+02 8.571537e-01
1.667240e+01 9.479822e+02 -2.983661e+02 7.399081e-01
1.346104e+01 9.932028e+02 -2.000889e+02 5.967547e-01
9.805968e+00 5.261987e+02 -5.526949e+01 4.469133e-01
6.734079e+00 5.615803e+02 -7.063334e+01 3.077485e-01
4.146571e+00 1.743999e+02 4.707323e+01 1.891254e-01
2.223124e+00 2.303114e+02 -2.068901e+01 9.748217e-02
1.009600e+00 2.118526e+00 1.011186e+02 3.527858e-02
0.000000e+00 0.000000e+00 0.000000e+00 0.000000e+00
2.021832e+01 1.398795e+03 -5.291779e+02 8.571537e-01
1.699067e+01 9.350290e+02 -2.971654e+02 7.399081e-01
1.366331e+01 9.857852e+02 -1.981416e+02 5.967547e-01
1.016810e+01 5.188051e+02 -5.700855e+01 4.469133e-01
7.026693e+00 5.581310e+02 -6.831954e+01 3.077485e-01
4.314080e+00 1.712825e+02 4.587871e+01 1.891254e-01
2.254472e+00 2.286674e+02 -1.698057e+01 9.748217e-02
7.923051e-01 2.516933e+00 1.039893e+02 3.527858e-02
0.000000e+00 0.000000e+00 0.000000e+00 0.000000e+00
0.000000e+00 9.498427e+02 -4.193926e+02 8.571537e-01
0.000000e+00 1.032935e+03 -2.841693e+02 7.399081e-01
0.000000e+00 6.109651e+02 -1.322624e+02 5.967547e-01
0.000000e+00 6.703091e+02 -1.119008e+02 4.469133e-01
0.000000e+00 2.721942e+02 -8.548888e+00 3.077485e-01
0.000000e+00 3.355374e+02 -7.315599e+01 1.891254e-01
0.000000e+00 4.187670e+01 1.020081e+01 9.748217e-02
0.000000e+00 9.300449e+01 -9.820469e+01 3.527858e-02
0.000000e+00 0.000000e+00 0.000000e+00 0.000000e+00
8.799432e+00 9.493675e+02 -4.176523e+02 8.571537e-01
7.636708e+00 1.029270e+03 -2.839000e+02 7.399081e-01
6.360023e+00 6.126776e+02 -1.312455e+02 5.967547e-01
4.869553e+00 6.661376e+02 -1.111681e+02 4.469133e-01
3.520785e+00 2.756233e+02 -8.158424e+00 3.077485e-01
2.185482e+00 3.303514e+02 -7.407706e+01 1.891254e-01
1.143239e+00 4.670287e+01 9.247382e+00 9.748217e-02
2.945988e-01 8.743282e+01 -1.041389e+02 3.527858e-02
0.000000e+00 0.000000e+00 0.000000e+00 0.000000e+00
1.636626e+01 9.479807e+02 -4.142407e+02 8.571537e-01
1.365703e+01 1.010021e+03 -2.811539e+02 7.399081e-01
1.086275e+01 6.150593e+02 -1.303727e+02 5.967547e-01
8.061888e+00 6.505582e+02 -1.086503e+02 4.469133e-01
5.549463e+00 2.802022e+02 -7.611993e+00 3.077485e-01
3.536942e+00 3.186723e+02 -7.100011e+01 1.891254e-01
1.904115e+00 5.179588e+01 1.148760e+01 9.748217e-02
9.531075e-01 8.021821e+01 -1.005497e+02 3.527858e-02
0.000000e+00 0.000000e+00 0.000000e+00 0.000000e+00
1.829216e+01 9.369471e+02 -4.085426e+02 8.571537e-01
1.552060e+01 9.968670e+02 -2.776451e+02 7.399081e-01
1.291317e+01 6.068459e+02 -1.281938e+02 5.967547e-01
9.888014e+00 6.442563e+02 -1.080714e+02 4.469133e-01
6.783310e+00 2.729995e+02 -6.786014e+00 3.077485e-01
4.238367e+00 3.196313e+02 -6.814238e+01 1.891254e-01
1.981565e+00 4.379803e+01 1.331569e+01 9.748217e-02
7.054948e-01 8.800634e+01 -8.878638e+01 3.527858e-02
0.000000e+00 0.000000e+00 0.000000e+00 0.000000e+00
1.817422e+01 9.217382e+02 -4.048458e+02 8.571537e-01
1.554672e+01 9.875800e+02 -2.754373e+02 7.399081e-01
1.224343e+01 5.960187e+02 -1.269735e+02 5.967547e-01
9.029886e+00 6.393443e+02 -1.080994e+02 4.469133e-01
6.082232e+00 2.670725e+02 -7.605478e+00 3.077485e-01
3.582374e+00 3.187581e+02 -7.010025e+01 1.891254e-01
1.912180e+00 4.132830e+01 9.872431e+00 9.748217e-02
5.144530e-01 8.979168e+01 -9.451289e+01 3.527858e-02
0.000000e+00 0.000000e+00 0.000000e+00 0.000000e+00
1.955161e+01 9.082396e+02 -4.008313e+02 8.571537e-01
1.652132e+01 9.768313e+02 -2.721538e+02 7.399081e-01
1.345832e+01 5.878392e+02 -1.261359e+02 5.967547e-01
1.019901e+01 6.315756e+02 -1.066896e+02 4.469133e-01
7.085585e+00 2.651719e+02 -8.110494e+00 3.077485e-01
4.499872e+00 3.121798e+02 -7.054356e+01 1.891254e-01
2.341731e+00 4.447616e+01 8.651833e+00 9.748217e-02
9.463714e-01 8.278423e+01 -1.003094e+02 3.527858e-02
0.000000e+00 0.000000e+00 0.000000e+00 0.000000e+00
1.887971e+01 8.958803e+02 -3.947106e+02 8.571537e-01
1.582048e+01 9.663153e+02 -2.696794e+02 7.399081e-01
1.282892e+01 5.789072e+02 -1.236628e+02 5.967547e-01
9.560435e+00 6.262216e+02 -1.071950e+02 4.469133e-01
6.675501e+00 2.595364e+02 -6.096656e+00 3.077485e-01
4.157196e+00 3.114570e+02 -7.097445e+01 1.891254e-01
2.051617e+00 4.069061e+01 1.061533e+01 9.748217e-02
8.337752e-01 8.534547e+01 -9.524628e+01 3.527858e-02
0.000000e+00 0.000000e+00 0.000000e+00 0.000000e+00
1.749035e+01 8.861462e+02 -3.909332e+02 8.571537e-01
1.488075e+01 9.543339e+02 -2.674612e+02 7.399081e-01
1.186447e+01 5.728693e+02 -1.242244e+02 5.967547e-01
8.860224e+00 6.186106e+02 -1.066255e+02 4.469133e-01
5.890044e+00 2.568138e+02 -8.438694e+00 3.077485e-01
3.515321e+00 3.084155e+02 -7.118513e+01 1.891254e-01
1.780677e+00 3.979075e+01 8.548637e+00 9.748217e-02
5.068033e-01 8.518012e+01 -9.500210e+01 3.527858e-02
0.000000e+00 0.000000e+00 0.000000e+00 0.000000e+00
1.782550e+01 8.717903e+02 -3.873653e+02 8.571537e-01
1.496803e+01 9.461909e+02 -2.648386e+02 7.399081e-01
1.208986e+01 5.634775e+02 -1.247384e+02 5.967547e-01
9.072278e+00 6.141395e+02 -1.053094e+02 4.469133e-01
6.248786e+00 2.521701e+02 -1.149896e+01 3.077485e-01
3.892639e+00 3.062034e+02 -7.089006e+01 1.891254e-01
1.995243e+00 3.885187e+01 5.500933e+00 9.748217e-02
7.420736e-01 8.311092e+01 -9.786859e+01 3.527858e-02
0.000000e+00 0.000000e+00 0.000000e+00 0.000000e+00
0.000000e+00 9.432017e+02 -3.523308e+02 8.571537e-01
0.000000e+00 5.942306e+02 -1.977061e+02 7.399081e-01
0.000000e+00 6.780400e+02 -1.398828e+02 5.967547e-01
0.000000e+00 3.270560e+02 -3.242392e+01 4.469133e-01
0.000000e+00 3.950936e+02 -5.144079e+01 3.077485e-01
0.000000e+00 1.015155e+02 4.560824e+01 1.891254e-01
0.000000e+00 1.680461e+02 -1.320715e+01 9.748217e-02
0.000000e+00 -5.746931e+00 9.195667e+01 3.527858e-02
0.000000e+00 0.000000e+00 0.000000e+00 0.000000e+00
6.794041e+00 9.398735e+02 -3.540950e+02 8.571537e-01
5.857631e+00 5.945513e+02 -1.972160e+02 7.399081e-01
4.756585e+00 6.743715e+02 -1.404513e+02 5.967547e-01
3.430556e+00 3.288062e+02 -3.210651e+01 4.469133e-01
2.333590e+00 3.903235e+02 -5.074477e+01 3.077485e-01
1.418109e+00 1.049852e+02 4.752606e+01 1.891254e-01
7.473173e-01 1.629149e+02 -1.090452e+01 9.748217e-02
4.394803e-01 -5.519575e-01 9.768753e+01 3.527858e-02
0.000000e+00 0.000000e+00 0.000000e+00 0.000000e+00
1.410814e+01 9.214380e+02 -3.520667e+02 8.571537e-01
1.178793e+01 5.952691e+02 -1.960190e+02 7.399081e-01
9.625673e+00 6.591093e+02 -1.394568e+02 5.967547e-01
7.131751e+00 3.324768e+02 -3.316946e+01 4.469133e-01
4.780899e+00 3.784058e+02 -5.124968e+01 3.077485e-01
2.716296e+00 1.098661e+02 4.491427e+01 1.891254e-01
1.282109e+00 1.550303e+02 -1.292510e+01 9.748217e-02
1.861283e-01 3.968293e+00 9.309978e+01 3.527858e-02
0.000000e+00 0.000000e+00 0.000000e+00 0.000000e+00
1.547798e+01 9.073386e+02 -3.464767e+02 8.571537e-01
1.323629e+01 5.873511e+02 -1.931209e+02 7.399081e-01
1.073073e+01 6.501852e+02 -1.378031e+02 5.967547e-01
8.100074e+00 3.260112e+02 -3.316351e+01 4.469133e-01
5.698686e+00 3.765030e+02 -5.310446e+01 3.077485e-01
3.521070e+00 1.032594e+02 4.072715e+01 1.891254e-01
1.965004e+00 1.595844e+02 -1.738311e+01 9.748217e-02
6.864448e-01 -5.175901e+00 8.066725e+01 3.527858e-02
0.000000e+00 0.000000e+00 0.000000e+00 0.000000e+00
1.603804e+01 8.977587e+02 -3.427478e+02 8.571537e-01
1.336809e+01 5.757756e+02 -1.908858e+02 7.399081e-01
1.086938e+01 6.437452e+02 -1.365206e+02 5.967547e-01
8.082872e+00 3.184834e+02 -3.215053e+01 4.469133e-01
5.643264e+00 3.739548e+02 -5.145708e+01 3.077485e-01
3.575386e+00 9.957161e+01 4.290887e+01 1.891254e-01
1.874783e+00 1.597545e+02 -1.351182e+01 9.748217e-02
8.891844e-01 -6.479028e+00 8.682947e+01 3.527858e-02
0.000000e+00 0.000000e+00 0.000000e+00 0.000000e+00
1.702608e+01 8.869962e+02 -3.373840e+02 8.571537e-01
1.459726e+01 5.660507e+02 -1.879245e+02 7.399081e-01
1.188554e+01 6.357202e+02 -1.344060e+02 5.967547e-01
9.031560e+00 3.142380e+02 -3.115165e+01 4.469133e-01
6.279752e+00 3.678980e+02 -4.997380e+01 3.077485e-01
3.801523e+00 1.008336e+02 4.452876e+01 1.891254e-01
1.984168e+00 1.542900e+02 -1.087383e+01 9.748217e-02
6.084102e-01 -5.557159e-01 9.242218e+01 3.527858e-02
0.000000e+00 0.000000e+00 0.000000e+00 0.000000e+00
1.661501e+01 8.754564e+02 -3.319196e+02 8.571537e-01
1.404049e+01 5.571714e+02 -1.838301e+02 7.399081e-01
1.127510e+01 6.285132e+02 -1.334073e+02 5.967547e-01
8.449430e+00 3.081248e+02 -2.898806e+01 4.469133e-01
5.850746e+00 3.653441e+02 -5.148273e+01 3.077485e-01
3.636700e+00 9.667434e+01 4.472100e+01 1.891254e-01
1.937566e+00 1.556917e+02 -1.394137e+01 9.748217e-02
6.140590e-01 -4.456327e+00 8.720377e+01 3.527858e-02
0.000000e+00 0.000000e+00 0.000000e+00 0.000000e+00
1.529042e+01 8.633060e+02 -3.272205e+02 8.571537e-01
1.264596e+01 5.498436e+02 -1.824620e+02 7.399081e-01
1.042494e+01 6.200787e+02 -1.314207e+02 5.967547e-01
7.695465e+00 3.046516e+02 -2.997839e+01 4.469133e-01
5.391558e+00 3.610542e+02 -4.998323e+01 3.077485e-01
3.298442e+00 9.552511e+01 4.302094e+01 1.891254e-01
1.667955e+00 1.544270e+02 -1.345143e+01 9.748217e-02
7.074050e-01 -4.883012e+00 8.661134e+01 3.527858e-02
0.000000e+00 0.000000e+00 0.000000e+00 0.000000e+00
1.534530e+01 8.549680e+02 -3.230180e+02 8.571537e-01
1.292800e+01 5.386692e+02 -1.812422e+02 7.399081e-01
1.049309e+01 6.146953e+02 -1.289769e+02 5.967547e-01
7.889874e+00 2.982800e+02 -3.126689e+01 4.469133e-01
5.506379e+00 3.585857e+02 -4.786477e+01 3.077485e-01
3.415553e+00 9.366026e+01 4.117746e+01 1.891254e-01
1.809536e+00 1.528816e+02 -1.141678e+01 9.748217e-02
6.367558e-01 -3.281728e+00 8.873483e+01 3.527858e-02
0.000000e+00 0.000000e+00 0.000000e+00 0.000000e+00
0.000000e+00 5.373103e+02 -2.473835e+02 8.571537e-01
0.000000e+00 6.299447e+02 -1.739430e+02 7.399081e-01
0.000000e+00 3.408504e+02 -7.740843e+01 5.967547e-01
0.000000e+00 4.162666e+02 -7.595664e+01 4.469133e-01
0.000000e+00 1.435502e+02 -2.030864e+00 3.077485e-01
0.000000e+00 2.134345e+02 -6.081212e+01 1.891254e-01
0.000000e+00 1.144642e+01 6.598251e+00 9.748217e-02
0.000000e+00 6.225090e+01 -8.630581e+01 3.527858e-02
0.000000e+00 0.000000e+00 0.000000e+00 0.000000e+00
5.339624e+00 5.369320e+02 -2.468248e+02 8.571537e-01
4.542685e+00 6.275259e+02 -1.756259e+02 7.399081e-01
3.437413e+00 3.422531e+02 -7.774248e+01 5.967547e-01
2.325935e+00 4.132839e+02 -7.722754e+01 4.469133e-01
1.376400e+00 1.465568e+02 -2.699726e+00 3.077485e-01
7.933803e-01 2.094616e+02 -6.231661e+01 1.891254e-01
3.845122e-01 1.553040e+01 4.958070e+00 9.748217e-02
2.969921e-02 5.690856e+01 -9.086590e+01 3.527858e-02
0.000000e+00 0.000000e+00 0.000000e+00 0.000000e+00
1.162948e+01 5.367177e+02 -2.450159e+02 8.571537e-01
9.996036e+00 6.133525e+02 -1.748660e+02 7.399081e-01
8.325465e+00 3.450644e+02 -7.739165e+01 5.967547e-01
6.562933e+00 4.021318e+02 -7.670493e+01 4.469133e-01
4.680771e+00 1.518410e+02 -3.419303e+00 3.077485e-01
2.988796e+00 2.020179e+02 -6.147269e+01 1.891254e-01
1.501381e+00 2.089705e+01 4.797715e+00 9.748217e-02
7.122403e-01 5.267431e+01 -8.802489e+01 3.527858e-02
0.000000e+00 0.000000e+00 0.000000e+00 0.000000e+00
1.305898e+01 5.292635e+02 -2.407894e+02 8.571537e-01
1.079464e+01 6.030573e+02 -1.717838e+02 7.399081e-01
8.609835e+00 3.393123e+02 -7.552452e+01 5.967547e-01
6.352272e+00 3.977411e+02 -7.550228e+01 4.469133e-01
4.378388e+00 1.468334e+02 -2.516772e+00 3.077485e-01
2.798317e+00 2.043256e+02 -5.902814e+01 1.891254e-01
1.450675e+00 1.482891e+01 7.285586e+00 9.748217e-02
6.061156e-01 6.126022e+01 -7.873737e+01 3.527858e-02
0.000000e+00 0.000000e+00 0.000000e+00 0.000000e+00
1.333486e+01 5.172026e+02 -2.371824e+02 8.571537e-01
1.145151e+01 5.959005e+02 -1.701890e+02 7.399081e-01
9.268478e+00 3.308082e+02 -7.449124e+01 5.967547e-01
7.101533e+00 3.939373e+02 -7.549799e+01 4.469133e-01
4.830806e+00 1.416751e+02 -3.352806e+00 3.077485e-01
2.895059e+00 2.028740e+02 -6.064220e+01 1.891254e-01
1.458483e+00 1.210859e+01 4.633653e+00 9.748217e-02
3.308590e-01 6.063045e+01 -8.396487e+01 3.527858e-02
0.000000e+00 0.000000e+00 0.000000e+00 0.000000e+00
1.491939e+01 5.068631e+02 -2.327578e+02 8.571537e-01
1.256051e+01 5.878118e+02 -1.667504e+02 7.399081e-01
1.017135e+01 3.244432e+02 -7.307347e+01 5.967547e-01
7.675187e+00 3.877243e+02 -7.411946e+01 4.469133e-01
5.327127e+00 1.402275e+02 -4.089422e+00 3.077485e-01
3.288486e+00 1.972333e+02 -6.213787e+01 1.891254e-01
1.645848e+00 1.451006e+01 2.217853e+00 9.748217e-02
6.916400e-01 5.383187e+01 -8.814870e+01 3.527858e-02
0.000000e+00 0.000000e+00 0.000000e+00 0.000000e+00
1.391625e+01 4.980935e+02 -2.273745e+02 8.571537e-01
1.188700e+01 5.791602e+02 -1.631980e+02 7.399081e-01
9.768403e+00 3.180715e+02 -7.029350e+01 5.967547e-01
7.370946e+00 3.832174e+02 -7.360822e+01 4.469133e-01
5.155098e+00 1.358152e+02 -1.765662e+00 3.077485e-01
3.331939e+00 1.969861e+02 -6.130515e+01 1.891254e-01
1.791780e+00 1.099640e+01 5.559005e+00 9.748217e-02
7.734223e-01 5.742382e+01 -8.235320e+01 3.527858e-02
0.000000e+00 0.000000e+00 0.000000e+00 0.000000e+00
1.278198e+01 4.897437e+02 -2.243315e+02 8.571537e-01
1.075573e+01 5.700778e+02 -1.610627e+02 7.399081e-01
8.553817e+00 3.130040e+02 -6.893951e+01 5.967547e-01
6.691191e+00 3.775483e+02 -7.170833e+01 4.469133e-01
4.686661e+00 1.338112e+02 -1.918036e+00 3.077485e-01
2.966656e+00 1.946524e+02 -5.928001e+01 1.891254e-01
1.593306e+00 1.083072e+01 5.479301e+00 9.748217e-02
4.904040e-01 5.728672e+01 -8.177671e+01 3.527858e-02
0.000000e+00 0.000000e+00 0.000000e+00 0.000000e+00
1.283632e+01 4.783142e+02 -2.215513e+02 8.571537e-01
1.088607e+01 5.647456e+02 -1.591315e+02 7.399081e-01
8.831407e+00 3.050442e+02 -6.807923e+01 5.967547e-01
6.698045e+00 3.745824e+02 -6.926818e+01 4.469133e-01
4.651504e+00 1.302943e+02 -2.941876e+00 3.077485e-01
2.919229e+00 1.930221e+02 -5.790067e+01 1.891254e-01
1.503312e+00 1.099985e+01 3.512362e+00 9.748217e-02
5.601616e-01 5.494955e+01 -8.420047e+01 3.527858e-02
0.000000e+00 0.000000e+00 0.000000e+00 0.000000e+00
0.000000e+00 5.557255e+02 -2.024295e+02 8.571537e-01
0.000000e+00 3.159196e+02 -1.092436e+02 7.399081e-01
0.000000e+00 4.034473e+02 -8.384704e+01 5.967547e-01
0.000000e+00 1.654256e+02 -1.039767e+01 4.469133e-01
0.000000e+00 2.403181e+02 -3.417505e+01 3.077485e-01
0.000000e+00 4.118985e+01 4.319044e+01 1.891254e-01
0.000000e+00 1.075017e+02 -9.109923e+00 9.748217e-02
0.000000e+00 -1.137406e+01 8.129826e+01 3.527858e-02
0.000000e+00 0.000000e+00 0.000000e+00 0.000000e+00
4.197377e+00 5.542426e+02 -2.046815e+02 8.571537e-01
3.750284e+00 3.167217e+02 -1.087950e+02 7.399081e-01
3.011574e+00 4.016042e+02 -8.498531e+01 5.967547e-01
2.087833e+00 1.677330e+02 -1.015551e+01 4.469133e-01
1.468541e+00 2.379234e+02 -3.354055e+01 3.077485e-01
9.297304e-01 4.518697e+01 4.476840e+01 1.891254e-01
5.215509e-01 1.042967e+02 -7.211827e+00 9.748217e-02
2.877657e-01 -5.997432e+00 8.494154e+01 3.527858e-02
0.000000e+00 0.000000e+00 0.000000e+00 0.000000e+00
9.595297e+00 5.420007e+02 -2.037040e+02 8.571537e-01
8.066993e+00 3.187314e+02 -1.074360e+02 7.399081e-01
6.724819e+00 3.907661e+02 -8.378868e+01 5.967547e-01
5.280605e+00 1.715793e+02 -9.787842e+00 4.469133e-01
3.791445e+00 2.295625e+02 -3.207978e+01 3.077485e-01
2.357850e+00 4.998818e+01 4.489227e+01 1.891254e-01
1.328995e+00 9.920241e+01 -5.983806e+00 9.748217e-02
3.700048e-01 -2.404581e+00 8.246918e+01 3.527858e-02
0.000000e+00 0.000000e+00 0.000000e+00 0.000000e+00
1.022897e+01 5.311498e+02 -1.993205e+02 8.571537e-01
8.596521e+00 3.134143e+02 -1.054024e+02 7.399081e-01
6.910297e+00 3.841420e+02 -8.145147e+01 5.967547e-01
5.216429e+00 1.671050e+02 -8.928471e+00 4.469133e-01
3.630175e+00 2.283064e+02 -3.226382e+01 3.077485e-01
2.177381e+00 4.427846e+01 4.312664e+01 1.891254e-01
1.086942e+00 1.029759e+02 -8.272061e+00 9.748217e-02
3.285384e-01 -1.152487e+01 7.513489e+01 3.527858e-02
0.000000e+00 0.000000e+00 0.000000e+00 0.000000e+00
1.087561e+01 5.234108e+02 -1.972139e+02 8.571537e-01
9.344419e+00 3.045763e+02 -1.036990e+02 7.399081e-01
7.702772e+00 3.795045e+02 -8.089316e+01 5.967547e-01
5.789979e+00 1.614237e+02 -7.582376e+00 4.469133e-01
4.184290e+00 2.268324e+02 -3.184114e+01 3.077485e-01
2.639062e+00 4.169350e+01 4.394366e+01 1.891254e-01
1.426759e+00 1.031978e+02 -7.174115e+00 9.748217e-02
6.752999e-01 -1.125334e+01 7.893620e+01 3.527858e-02
0.000000e+00 0.000000e+00 0.000000e+00 0.000000e+00
1.270290e+01 5.155930e+02 -1.928359e+02 8.571537e-01
1.060725e+01 2.973726e+02 -1.009014e+02 7.399081e-01
8.634963e+00 3.735091e+02 -7.889797e+01 5.967547e-01
6.544958e+00 1.581697e+02 -6.296490e+00 4.469133e-01
4.551860e+00 2.221600e+02 -3.055734e+01 3.077485e-01
2.829515e+00 4.332221e+01 4.439498e+01 1.891254e-01
1.485054e+00 9.945609e+01 -6.151466e+00 9.748217e-02
4.265433e-01 -5.403070e+00 8.083331e+01 3.527858e-02
0.000000e+00 0.000000e+00 0.000000e+00 0.000000e+00
1.122195e+01 5.068902e+02 -1.887753e+02 8.571537e-01
9.632368e+00 2.912928e+02 -9.778640e+01 7.399081e-01
7.895352e+00 3.676904e+02 -7.711346e+01 5.967547e-01
5.952759e+00 1.538154e+02 -5.557216e+00 4.469133e-01
4.107572e+00 2.200752e+02 -3.150581e+01 3.077485e-01
2.484362e+00 3.972819e+01 4.313333e+01 1.891254e-01
1.286804e+00 1.006034e+02 -9.230201e+00 9.748217e-02
4.002806e-01 -1.015347e+01 7.618097e+01 3.527858e-02
0.000000e+00 0.000000e+00 0.000000e+00 0.000000e+00
1.068392e+01 4.985712e+02 -1.865827e+02 8.571537e-01
8.809080e+00 2.859506e+02 -9.655594e+01 7.399081e-01
7.229338e+00 3.614621e+02 -7.510172e+01 5.967547e-01
5.534422e+00 1.504077e+02 -4.851700e+00 4.469133e-01
4.063736e+00 2.159149e+02 -2.971415e+01 3.077485e-01
2.618776e+00 3.789409e+01 4.389571e+01 1.891254e-01
1.457951e+00 9.839296e+01 -7.346493e+00 9.748217e-02
6.551693e-01 -1.071907e+01 7.801366e+01 3.527858e-02
0.000000e+00 0.000000e+00 0.000000e+00 0.000000e+00
1.047532e+01 4.938049e+02 -1.840101e+02 8.571537e-01
8.892428e+00 2.777343e+02 -9.551822e+01 7.399081e-01
7.264643e+00 3.585739e+02 -7.297073e+01 5.967547e-01
5.473798e+00 1.451350e+02 -3.820810e+00 4.469133e-01
3.844134e+00 2.136901e+02 -2.700881e+01 3.077485e-01
2.369950e+00 3.601833e+01 4.552937e+01 1.891254e-01
1.257389e+00 9.638882e+01 -4.011824e+00 9.748217e-02
4.583645e-01 -8.807134e+00 8.172626e+01 3.527858e-02
0.000000e+00 0.000000e+00 0.000000e+00 0.000000e+00
0.000000e+00 2.733882e+02 -1.312467e+02 8.571537e-01
0.000000e+00 3.624694e+02 -9.812135e+01 7.399081e-01
0.000000e+00 1.661668e+02 -3.857138e+01 5.967547e-01
0.000000e+00 2.445937e+02 -5.119709e+01 4.469133e-01
0.000000e+00 6.138397e+01 2.124134e+00 3.077485e-01
0.000000e+00 1.316850e+02 -5.311930e+01 1.891254e-01
0.000000e+00 -5.797018e+00 3.361156e+00 9.748217e-02
0.000000e+00 4.188583e+01 -7.977117e+01 3.527858e-02
0.000000e+00 0.000000e+00 0.000000e+00 0.000000e+00
3.694430e+00 2.736944e+02 -1.298527e+02 8.571537e-01
3.221417e+00 3.610776e+02 -9.915698e+01 7.399081e-01
2.538333e+00 1.671838e+02 -3.816697e+01 5.967547e-01
1.941208e+00 2.425172e+02 -5.226226e+01 4.469133e-01
1.231307e+00 6.332714e+01 1.525881e+00 3.077485e-01
7.696338e-01 1.279647e+02 -5.417986e+01 1.891254e-01
4.014363e-01 -3.200727e+00 2.223747e+00 9.748217e-02
8.472724e-02 3.672949e+01 -8.150216e+01 3.527858e-02
0.000000e+00 0.000000e+00 0.000000e+00 0.000000e+00
7.644247e+00 2.752929e+02 -1.270923e+02 8.571537e-01
6.350572e+00 3.511391e+02 -9.816429e+01 7.399081e-01
5.146076e+00 1.699133e+02 -3.720157e+01 5.967547e-01
3.990660e+00 2.338026e+02 -5.169683e+01 4.469133e-01
2.843386e+00 6.666657e+01 1.724384e+00 3.077485e-01
1.883846e+00 1.208516e+02 -5.286077e+01 1.891254e-01
9.069369e-01 -8.574865e-01 2.457240e+00 9.748217e-02
4.695184e-01 3.286053e+01 -7.648548e+01 3.527858e-02
0.000000e+00 0.000000e+00 0.000000e+00 0.000000e+00
7.240389e+00 2.701491e+02 -1.252037e+02 8.571537e-01
6.304075e+00 3.435104e+02 -9.629549e+01 7.399081e-01
5.209716e+00 1.658601e+02 -3.608928e+01 5.967547e-01
4.059280e+00 2.298966e+02 -4.992972e+01 4.469133e-01
3.000394e+00 6.239966e+01 3.366775e+00 3.077485e-01
1.979117e+00 1.227058e+02 -5.073050e+01 1.891254e-01
1.131317e+00 -6.026282e+00 4.888126e+00 9.748217e-02
4.493614e-01 4.100904e+01 -7.076404e+01 3.527858e-02
0.000000e+00 0.000000e+00 0.000000e+00 0.000000e+00
8.783903e+00 2.615732e+02 -1.238679e+02 8.571537e-01
7.464130e+00 3.383806e+02 -9.609253e+01 7.399081e-01
5.989978e+00 1.596432e+02 -3.547641e+01 5.967547e-01
4.477199e+00 2.273140e+02 -4.984789e+01 4.469133e-01
2.974212e+00 5.847070e+01 3.609366e+00 3.077485e-01
1.838112e+00 1.220928e+02 -5.134374e+01 1.891254e-01
8.828393e-01 -7.380707e+00 4.305151e+00 9.748217e-02
2.462989e-01 4.003508e+01 -7.393771e+01 3.527858e-02
0.000000e+00 0.000000e+00 0.000000e+00 0.000000e+00
1.030836e+01 2.546257e+02 -1.206707e+02 8.571537e-01
8.784250e+00 3.329712e+02 -9.356055e+01 7.399081e-01
7.145570e+00 1.553088e+02 -3.439050e+01 5.967547e-01
5.391078e+00 2.227448e+02 -4.906506e+01 4.469133e-01
3.746081e+00 5.715386e+01 3.869190e+00 3.077485e-01
2.321479e+00 1.170928e+02 -5.097453e+01 1.891254e-01
1.164114e+00 -6.076702e+00 4.220944e+00 9.748217e-02
5.190839e-01 3.401879e+01 -7.258386e+01 3.527858e-02
0.000000e+00 0.000000e+00 0.000000e+00 0.000000e+00
9.464674e+00 2.498758e+02 -1.174174e+02 8.571537e-01
7.989931e+00 3.275086e+02 -9.064757e+01 7.399081e-01
6.413487e+00 1.514628e+02 -3.280448e+01 5.967547e-01
4.848151e+00 2.194760e+02 -4.804822e+01 4.469133e-01
3.385039e+00 5.425518e+01 4.954719e+00 3.077485e-01
2.168209e+00 1.173653e+02 -5.042122e+01 1.891254e-01
1.159891e+00 -8.561924e+00 5.881352e+00 9.748217e-02
4.262641e-01 3.832995e+01 -6.979227e+01 3.527858e-02
0.000000e+00 0.000000e+00 0.000000e+00 0.000000e+00
8.885356e+00 2.459581e+02 -1.155247e+02 8.571537e-01
7.418508e+00 3.223953e+02 -8.964182e+01 7.399081e-01
5.862566e+00 1.485002e+02 -3.241253e+01 5.967547e-01
4.396990e+00 2.158839e+02 -4.791198e+01 4.469133e-01
2.839618e+00 5.298133e+01 3.376077e+00 3.077485e-01
1.596651e+00 1.155714e+02 -5.173407e+01 1.891254e-01
6.887839e-01 -8.526025e+00 3.393215e+00 9.748217e-02
1.536571e-01 3.771093e+01 -7.297887e+01 3.527858e-02
0.000000e+00 0.000000e+00 0.000000e+00 0.000000e+00
8.436582e+00 2.385346e+02 -1.136853e+02 8.571537e-01
7.137080e+00 3.201373e+02 -8.881973e+01 7.399081e-01
5.764287e+00 1.429455e+02 -3.231330e+01 5.967547e-01
4.371461e+00 2.143803e+02 -4.788780e+01 4.469133e-01
2.999563e+00 5.005314e+01 1.531852e+00 3.077485e-01
1.878946e+00 1.137297e+02 -5.302506e+01 1.891254e-01
9.511167e-01 -8.930076e+00 5.982780e-01 9.748217e-02
3.482661e-01 3.468187e+01 -7.587475e+01 3.527858e-02
0.000000e+00 0.000000e+00 0.000000e+00 0.000000e+00
