0 729 0.00000e+00
  1     729
0.000000e+00 -1.693581e+03 -1.602308e+03 1.000000e+00
0.000000e+00 -1.256262e+03 -1.813709e+03 1.000000e+00
0.000000e+00 -1.185260e+03 -2.126278e+03 1.000000e+00
0.000000e+00 -6.609744e+02 -2.282890e+03 1.000000e+00
0.000000e+00 -4.974965e+02 -2.672417e+03 1.000000e+00
0.000000e+00 2.116150e+02 -2.730485e+03 1.000000e+00
0.000000e+00 4.860274e+02 -3.221121e+03 1.000000e+00
0.000000e+00 1.298489e+03 -3.131474e+03 1.000000e+00
0.000000e+00 1.581841e+03 -3.619648e+03 1.000000e+00
-8.993566e+00 -1.753247e+03 -1.607421e+03 1.000000e+00
-7.875886e+00 -1.218204e+03 -1.811838e+03 1.000000e+00
-7.944475e+00 -1.239075e+03 -2.135270e+03 1.000000e+00
-6.736722e+00 -6.210455e+02 -2.276558e+03 1.000000e+00
-6.311531e+00 -5.438063e+02 -2.687242e+03 1.000000e+00
-7.345382e+00 2.523027e+02 -2.716899e+03 1.000000e+00
-8.558071e+00 4.562531e+02 -3.244066e+03 1.000000e+00
-6.652682e+00 1.341523e+03 -3.108502e+03 1.000000e+00
-3.522010e+00 1.564499e+03 -3.650360e+03 1.000000e+00
-1.789312e+01 -1.789909e+03 -1.612754e+03 1.000000e+00
-1.755746e+01 -1.194458e+03 -1.818309e+03 1.000000e+00
-1.525140e+01 -1.271276e+03 -2.143091e+03 1.000000e+00
-1.202771e+01 -5.971241e+02 -2.282129e+03 1.000000e+00
-1.172322e+01 -5.678271e+02 -2.693163e+03 1.000000e+00
-1.242657e+01 2.805151e+02 -2.721378e+03 1.000000e+00
-9.684629e+00 4.420453e+02 -3.250454e+03 1.000000e+00
-6.059444e+00 1.372196e+03 -3.110380e+03 1.000000e+00
-2.090456e+00 1.562547e+03 -3.659543e+03 1.000000e+00
-2.669189e+01 -1.781124e+03 -1.620123e+03 1.000000e+00
-2.541824e+01 -1.209400e+03 -1.829250e+03 1.000000e+00
-2.271778e+01 -1.260469e+03 -2.150286e+03 1.000000e+00
-1.948708e+01 -6.089694e+02 -2.293702e+03 1.000000e+00
-1.905921e+01 -5.565464e+02 -2.696105e+03 1.000000e+00
-1.759118e+01 2.759312e+02 -2.732215e+03 1.000000e+00
-1.652252e+01 4.560781e+02 -3.249718e+03 1.000000e+00
-1.311725e+01 1.376735e+03 -3.122828e+03 1.000000e+00
-5.417200e+00 1.578158e+03 -3.652802e+03 1.000000e+00
-3.360336e+01 -1.788907e+03 -1.631888e+03 1.000000e+00
-3.214982e+01 -1.204886e+03 -1.838281e+03 1.000000e+00
-2.789491e+01 -1.264629e+03 -2.162669e+03 1.000000e+00
-2.363674e+01 -6.023542e+02 -2.300686e+03 1.000000e+00
-2.167194e+01 -5.578522e+02 -2.710146e+03 1.000000e+00
-2.195305e+01 2.841624e+02 -2.733123e+03 1.000000e+00
-1.662320e+01 4.635396e+02 -3.260750e+03 1.000000e+00
-9.137030e+00 1.387688e+03 -3.119454e+03 1.000000e+00
-3.278665e+00 1.589362e+03 -3.662446e+03 1.000000e+00
-3.791167e+01 -1.787704e+03 -1.642544e+03 1.000000e+00
-3.642701e+01 -1.206480e+03 -1.850451e+03 1.000000e+00
-3.363244e+01 -1.260513e+03 -2.173102e+03 1.000000e+00
-3.180959e+01 -6.025478e+02 -2.312995e+03 1.000000e+00
-2.925974e+01 -5.477911e+02 -2.716447e+03 1.000000e+00
-2.340316e+01 2.867394e+02 -2.743166e+03 1.000000e+00
-2.001361e+01 4.781568e+02 -3.262922e+03 1.000000e+00
-1.325867e+01 1.390468e+03 -3.126296e+03 1.000000e+00
-2.024576e+00 1.604696e+03 -3.658911e+03 1.000000e+00
-4.162114e+01 -1.787931e+03 -1.654057e+03 1.000000e+00
-4.108102e+01 -1.205228e+03 -1.862768e+03 1.000000e+00
-3.808085e+01 -1.257690e+03 -2.184925e+03 1.000000e+00
-3.364466e+01 -5.987720e+02 -2.323365e+03 1.000000e+00
-2.953294e+01 -5.433092e+02 -2.725984e+03 1.000000e+00
-2.782135e+01 2.954951e+02 -2.751759e+03 1.000000e+00
-2.015714e+01 4.844860e+02 -3.268824e+03 1.000000e+00
-1.020443e+01 1.402834e+03 -3.128466e+03 1.000000e+00
-2.140199e+00 1.608528e+03 -3.658286e+03 1.000000e+00
-4.350108e+01 -1.787426e+03 -1.665990e+03 1.000000e+00
-4.316989e+01 -1.204086e+03 -1.874999e+03 1.000000e+00
-4.042857e+01 -1.253748e+03 -2.196420e+03 1.000000e+00
-3.814631e+01 -5.946317e+02 -2.334686e+03 1.000000e+00
-3.523165e+01 -5.363840e+02 -2.736817e+03 1.000000e+00
-2.808342e+01 3.053108e+02 -2.760737e+03 1.000000e+00
-1.966356e+01 4.925667e+02 -3.273306e+03 1.000000e+00
-1.096988e+01 1.414579e+03 -3.132902e+03 1.000000e+00
-2.754937e-02 1.618740e+03 -3.656671e+03 1.000000e+00
-4.405147e+01 -1.785483e+03 -1.678227e+03 1.000000e+00
-4.401731e+01 -1.204697e+03 -1.886603e+03 1.000000e+00
-4.242439e+01 -1.249285e+03 -2.208519e+03 1.000000e+00
-3.977925e+01 -5.911364e+02 -2.346228e+03 1.000000e+00
-3.567873e+01 -5.293518e+02 -2.747357e+03 1.000000e+00
-2.980206e+01 3.113167e+02 -2.767606e+03 1.000000e+00
-2.089258e+01 5.018367e+02 -3.280982e+03 1.000000e+00
-1.104875e+01 1.422046e+03 -3.135477e+03 1.000000e+00
-7.999281e-01 1.626532e+03 -3.656915e+03 1.000000e+00
0.000000e+00 -1.432104e+03 -1.615519e+03 1.000000e+00
0.000000e+00 -1.400867e+03 -1.923018e+03 1.000000e+00
0.000000e+00 -9.073141e+02 -2.116760e+03 1.000000e+00
0.000000e+00 -8.109720e+02 -2.449999e+03 1.000000e+00
0.000000e+00 -1.853762e+02 -2.571594e+03 1.000000e+00
0.000000e+00 5.701174e+01 -3.024372e+03 1.000000e+00
0.000000e+00 8.370208e+02 -3.048052e+03 1.000000e+00
0.000000e+00 1.101728e+03 -3.549664e+03 1.000000e+00
0.000000e+00 1.945071e+03 -3.379525e+03 1.000000e+00
-9.190820e+00 -1.393684e+03 -1.614749e+03 1.000000e+00
-8.740097e+00 -1.458565e+03 -1.928971e+03 1.000000e+00
-7.723140e+00 -8.659536e+02 -2.115083e+03 1.000000e+00
-6.316461e+00 -8.601001e+02 -2.459377e+03 1.000000e+00
-5.754008e+00 -1.421474e+02 -2.562196e+03 1.000000e+00
-7.721046e+00 1.946219e+01 -3.041977e+03 1.000000e+00
-8.089276e+00 8.822633e+02 -3.032929e+03 1.000000e+00
-6.783590e+00 1.080399e+03 -3.571979e+03 1.000000e+00
-4.187325e+00 1.992065e+03 -3.358826e+03 1.000000e+00
-1.837716e+01 -1.372043e+03 -1.620420e+03 1.000000e+00
-1.672082e+01 -1.492444e+03 -1.935090e+03 1.000000e+00
-1.544609e+01 -8.407233e+02 -2.123314e+03 1.000000e+00
-1.263322e+01 -8.907978e+02 -2.464932e+03 1.000000e+00
-1.119475e+01 -1.175646e+02 -2.566882e+03 1.000000e+00
-1.147384e+01 3.530692e-01 -3.048015e+03 1.000000e+00
-1.051959e+01 9.129875e+02 -3.037518e+03 1.000000e+00
-8.044392e+00 1.070351e+03 -3.578640e+03 1.000000e+00
-4.517669e+00 2.021226e+03 -3.364800e+03 1.000000e+00
-2.693460e+01 -1.390036e+03 -1.629942e+03 1.000000e+00
-2.628505e+01 -1.481485e+03 -1.943509e+03 1.000000e+00
-2.209538e+01 -8.532668e+02 -2.133837e+03 1.000000e+00
-1.806631e+01 -8.789042e+02 -2.471780e+03 1.000000e+00
-1.863746e+01 -1.257693e+02 -2.577348e+03 1.000000e+00
-1.905865e+01 1.459151e+01 -3.049781e+03 1.000000e+00
-1.787365e+01 9.125832e+02 -3.049591e+03 1.000000e+00
-1.362936e+01 1.087348e+03 -3.576787e+03 1.000000e+00
-6.892704e+00 2.028291e+03 -3.378190e+03 1.000000e+00
-3.408464e+01 -1.387059e+03 -1.639703e+03 1.000000e+00
-3.179270e+01 -1.487590e+03 -1.955515e+03 1.000000e+00
-2.799377e+01 -8.464991e+02 -2.142233e+03 1.000000e+00
-2.402910e+01 -8.815849e+02 -2.484633e+03 1.000000e+00
-2.152011e+01 -1.181140e+02 -2.582868e+03 1.000000e+00
-2.136274e+01 1.782189e+01 -3.062162e+03 1.000000e+00
-1.736863e+01 9.222123e+02 -3.048674e+03 1.000000e+00
-1.165442e+01 1.096453e+03 -3.588291e+03 1.000000e+00
-4.542801e+00 2.038782e+03 -3.372715e+03 1.000000e+00
-3.800115e+01 -1.389563e+03 -1.651694e+03 1.000000e+00
-3.673243e+01 -1.484013e+03 -1.966254e+03 1.000000e+00
-3.365955e+01 -8.475145e+02 -2.155083e+03 1.000000e+00
-3.124641e+01 -8.758939e+02 -2.493375e+03 1.000000e+00
-2.929598e+01 -1.173745e+02 -2.594315e+03 1.000000e+00
-2.458229e+01 2.975375e+01 -3.066278e+03 1.000000e+00
-2.070717e+01 9.259190e+02 -3.058835e+03 1.000000e+00
-1.420529e+01 1.111230e+03 -3.588941e+03 1.000000e+00
-4.810500e+00 2.039449e+03 -3.379685e+03 1.000000e+00
-4.236135e+01 -1.389945e+03 -1.662837e+03 1.000000e+00
-4.098632e+01 -1.482107e+03 -1.978860e+03 1.000000e+00
-3.796410e+01 -8.445425e+02 -2.166638e+03 1.000000e+00
-3.384903e+01 -8.707754e+02 -2.504266e+03 1.000000e+00
-2.990930e+01 -1.100136e+02 -2.604309e+03 1.000000e+00
-2.822958e+01 3.605867e+01 -3.075666e+03 1.000000e+00
-2.116842e+01 9.379345e+02 -3.064981e+03 1.000000e+00
-1.155958e+01 1.118243e+03 -3.592738e+03 1.000000e+00
-2.222571e+00 2.052753e+03 -3.379926e+03 1.000000e+00
-4.340393e+01 -1.390126e+03 -1.674977e+03 1.000000e+00
-4.351703e+01 -1.479967e+03 -1.990877e+03 1.000000e+00
-4.072606e+01 -8.419968e+02 -2.178416e+03 1.000000e+00
-3.841540e+01 -8.660103e+02 -2.515741e+03 1.000000e+00
-3.561608e+01 -1.051409e+02 -2.615790e+03 1.000000e+00
-2.858432e+01 4.356253e+01 -3.084672e+03 1.000000e+00
-2.065123e+01 9.479740e+02 -3.071771e+03 1.000000e+00
-1.191298e+01 1.125095e+03 -3.596457e+03 1.000000e+00
-2.467718e+00 2.060440e+03 -3.381666e+03 1.000000e+00
-4.420680e+01 -1.390179e+03 -1.687086e+03 1.000000e+00
-4.414792e+01 -1.476852e+03 -2.003167e+03 1.000000e+00
-4.255342e+01 -8.407498e+02 -2.189976e+03 1.000000e+00
-3.980157e+01 -8.588817e+02 -2.528339e+03 1.000000e+00
-3.563823e+01 -9.890363e+01 -2.625645e+03 1.000000e+00
-3.013032e+01 5.264178e+01 -3.093516e+03 1.000000e+00
-2.131881e+01 9.555064e+02 -3.079167e+03 1.000000e+00
-1.127434e+01 1.137005e+03 -3.600998e+03 1.000000e+00
-1.430907e+00 2.067808e+03 -3.384267e+03 1.000000e+00
0.000000e+00 -1.594448e+03 -1.698994e+03 1.000000e+00
0.000000e+00 -1.123881e+03 -1.922097e+03 1.000000e+00
0.000000e+00 -1.070443e+03 -2.231056e+03 1.000000e+00
0.000000e+00 -5.136774e+02 -2.402211e+03 1.000000e+00
0.000000e+00 -3.507421e+02 -2.784431e+03 1.000000e+00
0.000000e+00 4.000710e+02 -2.879660e+03 1.000000e+00
0.000000e+00 6.511187e+02 -3.366999e+03 1.000000e+00
0.000000e+00 1.475043e+03 -3.336045e+03 1.000000e+00
0.000000e+00 1.703607e+03 -3.832851e+03 1.000000e+00
-9.566533e+00 -1.654297e+03 -1.703966e+03 1.000000e+00
-9.185146e+00 -1.083490e+03 -1.921331e+03 1.000000e+00
-7.665052e+00 -1.124356e+03 -2.237509e+03 1.000000e+00
-5.332830e+00 -4.704554e+02 -2.399038e+03 1.000000e+00
-4.408904e+00 -3.946976e+02 -2.795427e+03 1.000000e+00
-6.491018e+00 4.463111e+02 -2.871208e+03 1.000000e+00
-8.271371e+00 6.210812e+02 -3.383947e+03 1.000000e+00
-5.815502e+00 1.522476e+03 -3.319490e+03 1.000000e+00
-3.551237e+00 1.690402e+03 -3.858740e+03 1.000000e+00
-1.842644e+01 -1.690153e+03 -1.709161e+03 1.000000e+00
-1.636354e+01 -1.058852e+03 -1.927876e+03 1.000000e+00
-1.517431e+01 -1.155583e+03 -2.245243e+03 1.000000e+00
-1.364940e+01 -4.448485e+02 -2.405345e+03 1.000000e+00
-1.285623e+01 -4.225194e+02 -2.799228e+03 1.000000e+00
-1.251395e+01 4.745798e+02 -2.876829e+03 1.000000e+00
-1.040220e+01 6.079255e+02 -3.388789e+03 1.000000e+00
-1.099028e+01 1.554033e+03 -3.327543e+03 1.000000e+00
-8.950674e+00 1.684800e+03 -3.866961e+03 1.000000e+00
-2.713686e+01 -1.679623e+03 -1.716869e+03 1.000000e+00
-2.667267e+01 -1.073592e+03 -1.938696e+03 1.000000e+00
-2.184627e+01 -1.143913e+03 -2.252741e+03 1.000000e+00
-1.564487e+01 -4.547973e+02 -2.416130e+03 1.000000e+00
-1.538118e+01 -4.090113e+02 -2.803725e+03 1.000000e+00
-1.805910e+01 4.707661e+02 -2.886682e+03 1.000000e+00
-1.902377e+01 6.246567e+02 -3.391575e+03 1.000000e+00
-1.332508e+01 1.557112e+03 -3.339050e+03 1.000000e+00
-4.939749e+00 1.702428e+03 -3.865740e+03 1.000000e+00
-3.456414e+01 -1.687459e+03 -1.729096e+03 1.000000e+00
-3.176678e+01 -1.068308e+03 -1.947912e+03 1.000000e+00
-2.778127e+01 -1.147777e+03 -2.264264e+03 1.000000e+00
-2.520771e+01 -4.474500e+02 -2.424188e+03 1.000000e+00
-2.335271e+01 -4.082088e+02 -2.816521e+03 1.000000e+00
-2.297906e+01 4.794443e+02 -2.890752e+03 1.000000e+00
-1.820951e+01 6.311396e+02 -3.401927e+03 1.000000e+00
-1.457956e+01 1.567118e+03 -3.338385e+03 1.000000e+00
-8.996276e+00 1.713579e+03 -3.875050e+03 1.000000e+00
-3.784365e+01 -1.685625e+03 -1.739538e+03 1.000000e+00
-3.647506e+01 -1.069228e+03 -1.960451e+03 1.000000e+00
-3.367408e+01 -1.142393e+03 -2.275220e+03 1.000000e+00
-2.997434e+01 -4.483099e+02 -2.436037e+03 1.000000e+00
-2.746274e+01 -3.996869e+02 -2.822456e+03 1.000000e+00
-2.391363e+01 4.819745e+02 -2.901495e+03 1.000000e+00
-2.075829e+01 6.452524e+02 -3.405280e+03 1.000000e+00
-1.342647e+01 1.571143e+03 -3.348205e+03 1.000000e+00
-4.480197e+00 1.726388e+03 -3.875272e+03 1.000000e+00
-4.288422e+01 -1.684738e+03 -1.751312e+03 1.000000e+00
-4.140466e+01 -1.068210e+03 -1.972640e+03 1.000000e+00
-3.766088e+01 -1.138455e+03 -2.286860e+03 1.000000e+00
-3.404275e+01 -4.432817e+02 -2.446919e+03 1.000000e+00
-3.119374e+01 -3.941836e+02 -2.833629e+03 1.000000e+00
-2.952088e+01 4.932145e+02 -2.910229e+03 1.000000e+00
-2.211629e+01 6.521153e+02 -3.413705e+03 1.000000e+00
-1.373765e+01 1.583699e+03 -3.350844e+03 1.000000e+00
-4.002971e+00 1.731373e+03 -3.878329e+03 1.000000e+00
-4.337365e+01 -1.684247e+03 -1.763562e+03 1.000000e+00
-4.315292e+01 -1.066789e+03 -1.984387e+03 1.000000e+00
-4.115244e+01 -1.134171e+03 -2.298878e+03 1.000000e+00
-3.835796e+01 -4.394223e+02 -2.458506e+03 1.000000e+00
-3.505747e+01 -3.882447e+02 -2.845477e+03 1.000000e+00
-2.884266e+01 5.002652e+02 -2.920116e+03 1.000000e+00
-2.106136e+01 6.603989e+02 -3.420014e+03 1.000000e+00
-1.218419e+01 1.592898e+03 -3.357864e+03 1.000000e+00
-3.352348e+00 1.738051e+03 -3.877832e+03 1.000000e+00
-4.418839e+01 -1.682049e+03 -1.775479e+03 1.000000e+00
-4.418394e+01 -1.065789e+03 -1.996787e+03 1.000000e+00
-4.261455e+01 -1.130253e+03 -2.311179e+03 1.000000e+00
-3.983902e+01 -4.363108e+02 -2.470059e+03 1.000000e+00
-3.509900e+01 -3.781304e+02 -2.856742e+03 1.000000e+00
-2.981512e+01 5.069922e+02 -2.929002e+03 1.000000e+00
-2.150432e+01 6.706241e+02 -3.428601e+03 1.000000e+00
-1.126852e+01 1.601184e+03 -3.362517e+03 1.000000e+00
-1.116122e+00 1.748916e+03 -3.882741e+03 1.000000e+00
0.000000e+00 -1.318709e+03 -1.702832e+03 1.000000e+00
0.000000e+00 -1.302379e+03 -2.006253e+03 1.000000e+00
0.000000e+00 -7.794358e+02 -2.212579e+03 1.000000e+00
0.000000e+00 -6.961113e+02 -2.533474e+03 1.000000e+00
0.000000e+00 -2.524644e+01 -2.681724e+03 1.000000e+00
0.000000e+00 2.132288e+02 -3.116745e+03 1.000000e+00
0.000000e+00 1.016852e+03 -3.189716e+03 1.000000e+00
0.000000e+00 1.250480e+03 -3.674182e+03 1.000000e+00
0.000000e+00 2.101684e+03 -3.577714e+03 1.000000e+00
-9.555074e+00 -1.277730e+03 -1.703690e+03 1.000000e+00
-9.733483e+00 -1.360070e+03 -2.010958e+03 1.000000e+00
-7.626255e+00 -7.367008e+02 -2.211636e+03 1.000000e+00
-5.093819e+00 -7.469109e+02 -2.541035e+03 1.000000e+00
-3.680116e+00 1.765796e+01 -2.675876e+03 1.000000e+00
-5.953252e+00 1.743551e+02 -3.129887e+03 1.000000e+00
-7.677384e+00 1.065528e+03 -3.180405e+03 1.000000e+00
-6.176729e+00 1.226787e+03 -3.689475e+03 1.000000e+00
-3.724091e+00 2.147210e+03 -3.566387e+03 1.000000e+00
-1.873501e+01 -1.254997e+03 -1.709341e+03 1.000000e+00
-1.569483e+01 -1.392577e+03 -2.016692e+03 1.000000e+00
-1.473818e+01 -7.098676e+02 -2.220386e+03 1.000000e+00
-1.328553e+01 -7.756292e+02 -2.545933e+03 1.000000e+00
-1.340407e+01 4.475891e+01 -2.681962e+03 1.000000e+00
-1.326828e+01 1.538593e+02 -3.132416e+03 1.000000e+00
-1.061293e+01 1.098386e+03 -3.187420e+03 1.000000e+00
-1.178672e+01 1.217970e+03 -3.696656e+03 1.000000e+00
-1.125928e+01 2.179880e+03 -3.577536e+03 1.000000e+00
-2.724929e+01 -1.273856e+03 -1.718064e+03 1.000000e+00
-2.741078e+01 -1.380574e+03 -2.025899e+03 1.000000e+00
-2.170101e+01 -7.218219e+02 -2.229914e+03 1.000000e+00
-1.492735e+01 -7.636927e+02 -2.553373e+03 1.000000e+00
-1.334657e+01 3.694455e+01 -2.691236e+03 1.000000e+00
-1.662242e+01 1.705566e+02 -3.135674e+03 1.000000e+00
-1.968249e+01 1.097435e+03 -3.199090e+03 1.000000e+00
-1.476464e+01 1.235349e+03 -3.698620e+03 1.000000e+00
-5.324420e+00 2.184628e+03 -3.589878e+03 1.000000e+00
-3.465289e+01 -1.269505e+03 -1.728760e+03 1.000000e+00
-3.149180e+01 -1.386536e+03 -2.037207e+03 1.000000e+00
-2.758674e+01 -7.149178e+02 -2.238513e+03 1.000000e+00
-2.440347e+01 -7.652930e+02 -2.564876e+03 1.000000e+00
-2.385500e+01 4.540926e+01 -2.698497e+03 1.000000e+00
-2.474779e+01 1.740179e+02 -3.147562e+03 1.000000e+00
-1.893948e+01 1.107445e+03 -3.200975e+03 1.000000e+00
-1.505096e+01 1.245094e+03 -3.708231e+03 1.000000e+00
-1.081159e+01 2.193571e+03 -3.588394e+03 1.000000e+00
-3.789054e+01 -1.271633e+03 -1.740391e+03 1.000000e+00
-3.616123e+01 -1.381822e+03 -2.048069e+03 1.000000e+00
-3.366346e+01 -7.156696e+02 -2.252026e+03 1.000000e+00
-3.012437e+01 -7.581643e+02 -2.572916e+03 1.000000e+00
-2.662109e+01 4.725978e+01 -2.709743e+03 1.000000e+00
-2.278213e+01 1.855076e+02 -3.151692e+03 1.000000e+00
-2.039675e+01 1.112499e+03 -3.211911e+03 1.000000e+00
-1.438198e+01 1.258958e+03 -3.711221e+03 1.000000e+00
-4.736668e+00 2.198440e+03 -3.596930e+03 1.000000e+00
-4.344656e+01 -1.272987e+03 -1.751635e+03 1.000000e+00
-4.151875e+01 -1.379029e+03 -2.060638e+03 1.000000e+00
-3.734739e+01 -7.122953e+02 -2.262935e+03 1.000000e+00
-3.328187e+01 -7.542713e+02 -2.585042e+03 1.000000e+00
-3.152135e+01 5.377171e+01 -2.719323e+03 1.000000e+00
-3.077964e+01 1.919502e+02 -3.162550e+03 1.000000e+00
-2.302381e+01 1.124970e+03 -3.218993e+03 1.000000e+00
-1.410383e+01 1.264445e+03 -3.717019e+03 1.000000e+00
-5.406825e+00 2.209127e+03 -3.597745e+03 1.000000e+00
-4.295377e+01 -1.271829e+03 -1.764311e+03 1.000000e+00
-4.297287e+01 -1.376952e+03 -2.072210e+03 1.000000e+00
-4.132360e+01 -7.090837e+02 -2.274806e+03 1.000000e+00
-3.849501e+01 -7.474590e+02 -2.596834e+03 1.000000e+00
-3.441578e+01 6.032103e+01 -2.731849e+03 1.000000e+00
-2.845503e+01 1.999935e+02 -3.172656e+03 1.000000e+00
-2.135679e+01 1.133866e+03 -3.226397e+03 1.000000e+00
-1.232524e+01 1.274452e+03 -3.722658e+03 1.000000e+00
-3.490304e+00 2.217091e+03 -3.601724e+03 1.000000e+00
-4.428493e+01 -1.270778e+03 -1.776216e+03 1.000000e+00
-4.407354e+01 -1.374191e+03 -2.084928e+03 1.000000e+00
-4.278828e+01 -7.079628e+02 -2.287076e+03 1.000000e+00
-4.004578e+01 -7.418830e+02 -2.608679e+03 1.000000e+00
-3.506787e+01 6.454898e+01 -2.742261e+03 1.000000e+00
-2.953460e+01 2.102311e+02 -3.182824e+03 1.000000e+00
-2.162479e+01 1.140506e+03 -3.235250e+03 1.000000e+00
-1.161633e+01 1.283932e+03 -3.728155e+03 1.000000e+00
-1.421649e+00 2.222340e+03 -3.607165e+03 1.000000e+00
0.000000e+00 -1.513152e+03 -1.765002e+03 1.000000e+00
0.000000e+00 -1.011800e+03 -2.000265e+03 1.000000e+00
0.000000e+00 -9.778127e+02 -2.298097e+03 1.000000e+00
0.000000e+00 -3.875905e+02 -2.485869e+03 1.000000e+00
0.000000e+00 -2.251444e+02 -2.844913e+03 1.000000e+00
0.000000e+00 5.662113e+02 -2.984519e+03 1.000000e+00
0.000000e+00 7.965792e+02 -3.435750e+03 1.000000e+00
0.000000e+00 1.639734e+03 -3.470241e+03 1.000000e+00
0.000000e+00 1.829286e+03 -3.928677e+03 1.000000e+00
-9.732390e+00 -1.573309e+03 -1.769891e+03 1.000000e+00
-1.012667e+01 -9.697561e+02 -2.000270e+03 1.000000e+00
-7.521785e+00 -1.030806e+03 -2.302634e+03 1.000000e+00
-5.040061e+00 -3.435316e+02 -2.485410e+03 1.000000e+00
-4.606525e+00 -2.743769e+02 -2.852452e+03 1.000000e+00
-6.097003e+00 6.116019e+02 -2.979308e+03 1.000000e+00
-7.223366e+00 7.666732e+02 -3.447620e+03 1.000000e+00
-6.318629e+00 1.688175e+03 -3.460985e+03 1.000000e+00
-5.781618e+00 1.810786e+03 -3.948726e+03 1.000000e+00
-1.859171e+01 -1.608014e+03 -1.775015e+03 1.000000e+00
-1.535365e+01 -9.447663e+02 -2.006583e+03 1.000000e+00
-1.420934e+01 -1.060435e+03 -2.310278e+03 1.000000e+00
-1.239889e+01 -3.159080e+02 -2.491933e+03 1.000000e+00
-1.138286e+01 -2.994424e+02 -2.856219e+03 1.000000e+00
-1.291161e+01 6.424066e+02 -2.984448e+03 1.000000e+00
-1.069094e+01 7.530366e+02 -3.451018e+03 1.000000e+00
-1.190225e+01 1.721397e+03 -3.472482e+03 1.000000e+00
-1.051099e+01 1.807792e+03 -3.956484e+03 1.000000e+00
-2.774613e+01 -1.596726e+03 -1.782740e+03 1.000000e+00
-2.775148e+01 -9.596560e+02 -2.016731e+03 1.000000e+00
-2.178834e+01 -1.047585e+03 -2.318224e+03 1.000000e+00
-1.496651e+01 -3.266101e+02 -2.501792e+03 1.000000e+00
-1.410062e+01 -2.852952e+02 -2.860748e+03 1.000000e+00
-1.655313e+01 6.384923e+02 -2.993451e+03 1.000000e+00
-1.993118e+01 7.708507e+02 -3.455887e+03 1.000000e+00
-1.637908e+01 1.723203e+03 -3.483621e+03 1.000000e+00
-8.560630e+00 1.825365e+03 -3.958833e+03 1.000000e+00
-3.423825e+01 -1.604037e+03 -1.795080e+03 1.000000e+00
-3.138446e+01 -9.541046e+02 -2.026292e+03 1.000000e+00
-2.718352e+01 -1.050597e+03 -2.328439e+03 1.000000e+00
-2.274851e+01 -3.186192e+02 -2.510340e+03 1.000000e+00
-2.173663e+01 -2.847946e+02 -2.872549e+03 1.000000e+00
-2.471528e+01 6.482058e+02 -2.999760e+03 1.000000e+00
-1.953566e+01 7.779924e+02 -3.464751e+03 1.000000e+00
-1.459600e+01 1.733520e+03 -3.485469e+03 1.000000e+00
-9.220057e+00 1.836618e+03 -3.967316e+03 1.000000e+00
-3.817543e+01 -1.601477e+03 -1.805204e+03 1.000000e+00
-3.569299e+01 -9.551968e+02 -2.038891e+03 1.000000e+00
-3.371955e+01 -1.044645e+03 -2.339898e+03 1.000000e+00
-3.088278e+01 -3.184414e+02 -2.521024e+03 1.000000e+00
-2.778047e+01 -2.743429e+02 -2.879050e+03 1.000000e+00
-2.248336e+01 6.527812e+02 -3.009767e+03 1.000000e+00
-2.051483e+01 7.905810e+02 -3.469515e+03 1.000000e+00
-1.525423e+01 1.739735e+03 -3.495628e+03 1.000000e+00
-7.199559e+00 1.849797e+03 -3.968584e+03 1.000000e+00
-4.342739e+01 -1.599657e+03 -1.817201e+03 1.000000e+00
-4.167520e+01 -9.541482e+02 -2.050568e+03 1.000000e+00
-3.680630e+01 -1.040360e+03 -2.351512e+03 1.000000e+00
-3.205320e+01 -3.135873e+02 -2.532295e+03 1.000000e+00
-3.036141e+01 -2.702854e+02 -2.890060e+03 1.000000e+00
-3.115953e+01 6.614829e+02 -3.018819e+03 1.000000e+00
-2.345888e+01 7.977381e+02 -3.478934e+03 1.000000e+00
-1.373910e+01 1.753020e+03 -3.499429e+03 1.000000e+00
-4.862436e+00 1.851612e+03 -3.974000e+03 1.000000e+00
-4.293893e+01 -1.598821e+03 -1.829702e+03 1.000000e+00
-4.239415e+01 -9.518696e+02 -2.062388e+03 1.000000e+00
-4.172365e+01 -1.036326e+03 -2.363108e+03 1.000000e+00
-3.870633e+01 -3.085332e+02 -2.543997e+03 1.000000e+00
-3.410468e+01 -2.605768e+02 -2.903165e+03 1.000000e+00
-2.794903e+01 6.689951e+02 -3.030041e+03 1.000000e+00
-2.145692e+01 8.076744e+02 -3.485431e+03 1.000000e+00
-1.269219e+01 1.761244e+03 -3.506979e+03 1.000000e+00
-3.467192e+00 1.862986e+03 -3.975661e+03 1.000000e+00
-4.431287e+01 -1.597783e+03 -1.841057e+03 1.000000e+00
-4.394645e+01 -9.499257e+02 -2.075407e+03 1.000000e+00
-4.272947e+01 -1.032507e+03 -2.375683e+03 1.000000e+00
-4.009264e+01 -3.064695e+02 -2.555351e+03 1.000000e+00
-3.547301e+01 -2.525812e+02 -2.913987e+03 1.000000e+00
-2.948661e+01 6.742491e+02 -3.039729e+03 1.000000e+00
-2.148385e+01 8.183562e+02 -3.495445e+03 1.000000e+00
-1.179117e+01 1.766982e+03 -3.512943e+03 1.000000e+00
-2.166632e+00 1.871222e+03 -3.980871e+03 1.000000e+00
0.000000e+00 -1.224402e+03 -1.766480e+03 1.000000e+00
0.000000e+00 -1.222841e+03 -2.060203e+03 1.000000e+00
0.000000e+00 -6.741975e+02 -2.281471e+03 1.000000e+00
0.000000e+00 -6.057144e+02 -2.578339e+03 1.000000e+00
0.000000e+00 1.069596e+02 -2.762454e+03 1.000000e+00
0.000000e+00 3.419396e+02 -3.154243e+03 1.000000e+00
0.000000e+00 1.172865e+03 -3.289733e+03 1.000000e+00
0.000000e+00 1.378804e+03 -3.711331e+03 1.000000e+00
0.000000e+00 2.242224e+03 -3.709944e+03 1.000000e+00
-9.714790e+00 -1.181719e+03 -1.768862e+03 1.000000e+00
-1.037628e+01 -1.279961e+03 -2.063481e+03 1.000000e+00
-7.104395e+00 -6.286924e+02 -2.281260e+03 1.000000e+00
-4.832871e+00 -6.554164e+02 -2.585311e+03 1.000000e+00
-5.396438e+00 1.504740e+02 -2.759040e+03 1.000000e+00
-6.818816e+00 3.017935e+02 -3.162188e+03 1.000000e+00
-6.591030e+00 1.222415e+03 -3.284519e+03 1.000000e+00
-6.517989e+00 1.355676e+03 -3.722895e+03 1.000000e+00
-6.722734e+00 2.290680e+03 -3.706658e+03 1.000000e+00
-1.864547e+01 -1.158185e+03 -1.774452e+03 1.000000e+00
-1.507966e+01 -1.312056e+03 -2.069114e+03 1.000000e+00
-1.460480e+01 -6.020665e+02 -2.289575e+03 1.000000e+00
-1.157031e+01 -6.828384e+02 -2.590539e+03 1.000000e+00
-9.431664e+00 1.784939e+02 -2.764990e+03 1.000000e+00
-1.167618e+01 2.827287e+02 -3.163980e+03 1.000000e+00
-1.076561e+01 1.256115e+03 -3.291568e+03 1.000000e+00
-1.227468e+01 1.344591e+03 -3.730687e+03 1.000000e+00
-1.045965e+01 2.323407e+03 -3.719364e+03 1.000000e+00
-2.784763e+01 -1.176638e+03 -1.782507e+03 1.000000e+00
-2.792781e+01 -1.299263e+03 -2.078530e+03 1.000000e+00
-2.145647e+01 -6.147604e+02 -2.298526e+03 1.000000e+00
-1.467769e+01 -6.685772e+02 -2.598229e+03 1.000000e+00
-1.496467e+01 1.706116e+02 -2.772818e+03 1.000000e+00
-1.730754e+01 2.998515e+02 -3.168242e+03 1.000000e+00
-2.017305e+01 1.255241e+03 -3.302337e+03 1.000000e+00
-1.643095e+01 1.363556e+03 -3.734608e+03 1.000000e+00
-1.068688e+01 2.327454e+03 -3.731671e+03 1.000000e+00
-3.414005e+01 -1.172159e+03 -1.793820e+03 1.000000e+00
-3.112930e+01 -1.304201e+03 -2.089297e+03 1.000000e+00
-2.738950e+01 -6.075807e+02 -2.307050e+03 1.000000e+00
-2.169715e+01 -6.699313e+02 -2.608641e+03 1.000000e+00
-1.952009e+01 1.795617e+02 -2.781326e+03 1.000000e+00
-2.358014e+01 3.035967e+02 -3.179012e+03 1.000000e+00
-2.019983e+01 1.265442e+03 -3.306058e+03 1.000000e+00
-1.482449e+01 1.374047e+03 -3.742760e+03 1.000000e+00
-7.867827e+00 2.337827e+03 -3.733139e+03 1.000000e+00
-3.826472e+01 -1.174700e+03 -1.804924e+03 1.000000e+00
-3.524384e+01 -1.299308e+03 -2.100498e+03 1.000000e+00
-3.341676e+01 -6.083192e+02 -2.320222e+03 1.000000e+00
-3.114210e+01 -6.624219e+02 -2.616351e+03 1.000000e+00
-2.881782e+01 1.827352e+02 -2.791509e+03 1.000000e+00
-2.292988e+01 3.157419e+02 -3.184589e+03 1.000000e+00
-2.023002e+01 1.272374e+03 -3.315944e+03 1.000000e+00
-1.565022e+01 1.385222e+03 -3.748011e+03 1.000000e+00
-8.528606e+00 2.344284e+03 -3.739664e+03 1.000000e+00
-4.354525e+01 -1.175827e+03 -1.816408e+03 1.000000e+00
-4.162252e+01 -1.296280e+03 -2.112762e+03 1.000000e+00
-3.658887e+01 -6.040546e+02 -2.330671e+03 1.000000e+00
-3.104209e+01 -6.569993e+02 -2.629111e+03 1.000000e+00
-2.943898e+01 1.887533e+02 -2.800884e+03 1.000000e+00
-3.076327e+01 3.212596e+02 -3.195271e+03 1.000000e+00
-2.393837e+01 1.285370e+03 -3.323161e+03 1.000000e+00
-1.314214e+01 1.391975e+03 -3.754453e+03 1.000000e+00
-4.762320e+00 2.354984e+03 -3.744165e+03 1.000000e+00
-4.275203e+01 -1.174365e+03 -1.829279e+03 1.000000e+00
-4.206755e+01 -1.294307e+03 -2.124325e+03 1.000000e+00
-4.175486e+01 -6.004968e+02 -2.342354e+03 1.000000e+00
-3.915402e+01 -6.515986e+02 -2.640485e+03 1.000000e+00
-3.377427e+01 1.955666e+02 -2.814295e+03 1.000000e+00
-2.723937e+01 3.315907e+02 -3.206681e+03 1.000000e+00
-2.159016e+01 1.292338e+03 -3.331169e+03 1.000000e+00
-1.286933e+01 1.402493e+03 -3.759811e+03 1.000000e+00
-3.041533e+00 2.361323e+03 -3.749064e+03 1.000000e+00
-4.430594e+01 -1.172566e+03 -1.840822e+03 1.000000e+00
-4.376557e+01 -1.291845e+03 -2.137098e+03 1.000000e+00
-4.249900e+01 -5.979127e+02 -2.355153e+03 1.000000e+00
-3.965359e+01 -6.456608e+02 -2.651820e+03 1.000000e+00
-3.572246e+01 2.007087e+02 -2.824725e+03 1.000000e+00
-2.938091e+01 3.423514e+02 -3.217000e+03 1.000000e+00
-2.118680e+01 1.297996e+03 -3.340960e+03 1.000000e+00
-1.134847e+01 1.413235e+03 -3.766629e+03 1.000000e+00
-2.383672e+00 2.367883e+03 -3.753560e+03 1.000000e+00
0.000000e+00 -1.447885e+03 -1.808219e+03 1.000000e+00
0.000000e+00 -9.213975e+02 -2.057514e+03 1.000000e+00
0.000000e+00 -9.026816e+02 -2.336752e+03 1.000000e+00
0.000000e+00 -2.876723e+02 -2.546938e+03 1.000000e+00
0.000000e+00 -1.303910e+02 -2.865497e+03 1.000000e+00
0.000000e+00 7.003217e+02 -3.064646e+03 1.000000e+00
0.000000e+00 9.173318e+02 -3.443531e+03 1.000000e+00
0.000000e+00 1.777005e+03 -3.567865e+03 1.000000e+00
0.000000e+00 1.933260e+03 -3.929654e+03 1.000000e+00
-9.653607e+00 -1.508188e+03 -1.812716e+03 1.000000e+00
-1.030549e+01 -8.772446e+02 -2.058118e+03 1.000000e+00
-6.811846e+00 -9.556331e+02 -2.339700e+03 1.000000e+00
-4.122388e+00 -2.406375e+02 -2.549256e+03 1.000000e+00
-5.675090e+00 -1.762607e+02 -2.870289e+03 1.000000e+00
-7.101157e+00 7.473110e+02 -3.061814e+03 1.000000e+00
-6.453398e+00 8.864667e+02 -3.450331e+03 1.000000e+00
-6.198065e+00 1.827446e+03 -3.564847e+03 1.000000e+00
-6.891440e+00 1.917868e+03 -3.944733e+03 1.000000e+00
-1.852781e+01 -1.542761e+03 -1.817705e+03 1.000000e+00
-1.510577e+01 -8.518137e+02 -2.064281e+03 1.000000e+00
-1.503836e+01 -9.852009e+02 -2.347295e+03 1.000000e+00
-1.166287e+01 -2.137409e+02 -2.555433e+03 1.000000e+00
-8.402986e+00 -2.006298e+02 -2.874371e+03 1.000000e+00
-1.060823e+01 7.784513e+02 -3.065605e+03 1.000000e+00
-1.055414e+01 8.727698e+02 -3.454614e+03 1.000000e+00
-1.324490e+01 1.859231e+03 -3.576636e+03 1.000000e+00
-1.097767e+01 1.913384e+03 -3.952761e+03 1.000000e+00
-2.787240e+01 -1.530695e+03 -1.825313e+03 1.000000e+00
-2.772443e+01 -8.674792e+02 -2.074100e+03 1.000000e+00
-2.099199e+01 -9.708077e+02 -2.355351e+03 1.000000e+00
-1.361093e+01 -2.245165e+02 -2.564370e+03 1.000000e+00
-1.478572e+01 -1.841672e+02 -2.879542e+03 1.000000e+00
-1.757801e+01 7.744919e+02 -3.073378e+03 1.000000e+00
-2.037671e+01 8.918762e+02 -3.460896e+03 1.000000e+00
-1.553858e+01 1.860756e+03 -3.586205e+03 1.000000e+00
-1.103071e+01 1.932338e+03 -3.958560e+03 1.000000e+00
-3.390368e+01 -1.537279e+03 -1.837540e+03 1.000000e+00
-3.103207e+01 -8.620004e+02 -2.083876e+03 1.000000e+00
-2.776420e+01 -9.734094e+02 -2.364768e+03 1.000000e+00
-2.158944e+01 -2.159020e+02 -2.573069e+03 1.000000e+00
-1.847383e+01 -1.832717e+02 -2.890456e+03 1.000000e+00
-2.277725e+01 7.842520e+02 -3.081116e+03 1.000000e+00
-2.061072e+01 8.991744e+02 -3.468467e+03 1.000000e+00
-1.543705e+01 1.872568e+03 -3.589790e+03 1.000000e+00
-7.789192e+00 1.943268e+03 -3.966028e+03 1.000000e+00
-3.829957e+01 -1.534488e+03 -1.847643e+03 1.000000e+00
-3.467093e+01 -8.632714e+02 -2.096113e+03 1.000000e+00
-3.283527e+01 -9.672125e+02 -2.376530e+03 1.000000e+00
-3.067436e+01 -2.153484e+02 -2.582352e+03 1.000000e+00
-2.887802e+01 -1.734875e+02 -2.897565e+03 1.000000e+00
-2.260358e+01 7.903231e+02 -3.089917e+03 1.000000e+00
-2.033187e+01 9.109276e+02 -3.475128e+03 1.000000e+00
-1.497501e+01 1.879580e+03 -3.598982e+03 1.000000e+00
-8.525082e+00 1.955293e+03 -3.967863e+03 1.000000e+00
-4.349830e+01 -1.532422e+03 -1.859654e+03 1.000000e+00
-4.163055e+01 -8.618658e+02 -2.107633e+03 1.000000e+00
-3.629487e+01 -9.619870e+02 -2.387308e+03 1.000000e+00
-3.069345e+01 -2.096182e+02 -2.594623e+03 1.000000e+00
-2.907789e+01 -1.678326e+02 -2.907977e+03 1.000000e+00
-3.063081e+01 7.997493e+02 -3.099046e+03 1.000000e+00
-2.371305e+01 9.191087e+02 -3.483661e+03 1.000000e+00
-1.295518e+01 1.892558e+03 -3.603849e+03 1.000000e+00
-5.079957e+00 1.958614e+03 -3.975794e+03 1.000000e+00
-4.258333e+01 -1.531222e+03 -1.872447e+03 1.000000e+00
-4.159665e+01 -8.591586e+02 -2.119357e+03 1.000000e+00
-4.178530e+01 -9.584145e+02 -2.398702e+03 1.000000e+00
-3.914087e+01 -2.051712e+02 -2.606041e+03 1.000000e+00
-3.335704e+01 -1.601264e+02 -2.920965e+03 1.000000e+00
-2.637007e+01 8.060455e+02 -3.111231e+03 1.000000e+00
-2.153251e+01 9.313528e+02 -3.491178e+03 1.000000e+00
-1.291340e+01 1.898164e+03 -3.610840e+03 1.000000e+00
-1.993991e+00 1.968278e+03 -3.978205e+03 1.000000e+00
-4.418365e+01 -1.529942e+03 -1.883740e+03 1.000000e+00
-4.356395e+01 -8.566984e+02 -2.132249e+03 1.000000e+00
-4.208273e+01 -9.545402e+02 -2.411389e+03 1.000000e+00
-3.896029e+01 -2.008759e+02 -2.617147e+03 1.000000e+00
-3.533223e+01 -1.500593e+02 -2.931854e+03 1.000000e+00
-2.908089e+01 8.122333e+02 -3.121212e+03 1.000000e+00
-2.067175e+01 9.421702e+02 -3.501720e+03 1.000000e+00
-1.070972e+01 1.904639e+03 -3.617345e+03 1.000000e+00
-1.726598e+00 1.980168e+03 -3.982087e+03 1.000000e+00
0.000000e+00 -1.150440e+03 -1.814488e+03 1.000000e+00
0.000000e+00 -1.158478e+03 -2.091316e+03 1.000000e+00
0.000000e+00 -5.912316e+02 -2.332779e+03 1.000000e+00
0.000000e+00 -5.335219e+02 -2.594833e+03 1.000000e+00
0.000000e+00 2.068186e+02 -2.827436e+03 1.000000e+00
0.000000e+00 4.421291e+02 -3.147106e+03 1.000000e+00
0.000000e+00 1.297264e+03 -3.370750e+03 1.000000e+00
0.000000e+00 1.483329e+03 -3.682674e+03 1.000000e+00
0.000000e+00 2.356973e+03 -3.815307e+03 1.000000e+00
-9.548364e+00 -1.106712e+03 -1.817672e+03 1.000000e+00
-1.029837e+01 -1.215860e+03 -2.093484e+03 1.000000e+00
-6.538566e+00 -5.450594e+02 -2.333489e+03 1.000000e+00
-3.593568e+00 -5.827820e+02 -2.600646e+03 1.000000e+00
-5.522335e+00 2.541773e+02 -2.827171e+03 1.000000e+00
-7.063989e+00 4.040814e+02 -3.150792e+03 1.000000e+00
-6.467424e+00 1.346334e+03 -3.369340e+03 1.000000e+00
-6.209602e+00 1.459305e+03 -3.689225e+03 1.000000e+00
-6.685188e+00 2.406741e+03 -3.819316e+03 1.000000e+00
-1.848114e+01 -1.082847e+03 -1.822772e+03 1.000000e+00
-1.504587e+01 -1.247782e+03 -2.099295e+03 1.000000e+00
-1.550614e+01 -5.185523e+02 -2.341514e+03 1.000000e+00
-1.180496e+01 -6.097675e+02 -2.606080e+03 1.000000e+00
-8.340230e+00 2.824283e+02 -2.832159e+03 1.000000e+00
-9.863645e+00 3.854341e+02 -3.153080e+03 1.000000e+00
-1.029967e+01 1.379745e+03 -3.375179e+03 1.000000e+00
-1.345580e+01 1.449600e+03 -3.699341e+03 1.000000e+00
-1.169078e+01 2.437483e+03 -3.829865e+03 1.000000e+00
-2.773163e+01 -1.101405e+03 -1.830568e+03 1.000000e+00
-2.771037e+01 -1.234374e+03 -2.108660e+03 1.000000e+00
-2.057049e+01 -5.319526e+02 -2.350052e+03 1.000000e+00
-1.264662e+01 -5.940028e+02 -2.613794e+03 1.000000e+00
-1.398696e+01 2.750689e+02 -2.838986e+03 1.000000e+00
-1.742356e+01 4.037122e+02 -3.158660e+03 1.000000e+00
-2.043294e+01 1.378945e+03 -3.384202e+03 1.000000e+00
-1.511554e+01 1.469255e+03 -3.705676e+03 1.000000e+00
-1.034814e+01 2.441667e+03 -3.839845e+03 1.000000e+00
-3.378719e+01 -1.097185e+03 -1.842216e+03 1.000000e+00
-3.093633e+01 -1.238963e+03 -2.119048e+03 1.000000e+00
-2.804889e+01 -5.246543e+02 -2.358542e+03 1.000000e+00
-2.182206e+01 -5.946964e+02 -2.623447e+03 1.000000e+00
-1.837985e+01 2.843682e+02 -2.848282e+03 1.000000e+00
-2.248468e+01 4.081133e+02 -3.168260e+03 1.000000e+00
-2.050018e+01 1.389819e+03 -3.389424e+03 1.000000e+00
-1.540736e+01 1.479127e+03 -3.712232e+03 1.000000e+00
-8.273676e+00 2.452253e+03 -3.844117e+03 1.000000e+00
-3.824726e+01 -1.099936e+03 -1.852800e+03 1.000000e+00
-3.437836e+01 -1.234039e+03 -2.130568e+03 1.000000e+00
-3.236617e+01 -5.247496e+02 -2.371059e+03 1.000000e+00
-3.020097e+01 -5.867759e+02 -2.631292e+03 1.000000e+00
-2.813420e+01 2.877585e+02 -2.856909e+03 1.000000e+00
-2.221496e+01 4.190716e+02 -3.174906e+03 1.000000e+00
-2.032390e+01 1.398229e+03 -3.398354e+03 1.000000e+00
-1.442895e+01 1.490520e+03 -3.719150e+03 1.000000e+00
-8.013968e+00 2.458605e+03 -3.848299e+03 1.000000e+00
-4.350086e+01 -1.100509e+03 -1.864717e+03 1.000000e+00
-4.145807e+01 -1.230571e+03 -2.142049e+03 1.000000e+00
-3.611462e+01 -5.206651e+02 -2.381443e+03 1.000000e+00
-3.057898e+01 -5.811593e+02 -2.643967e+03 1.000000e+00
-2.915392e+01 2.958692e+02 -2.866629e+03 1.000000e+00
-3.035744e+01 4.263148e+02 -3.184669e+03 1.000000e+00
-2.344228e+01 1.410643e+03 -3.405831e+03 1.000000e+00
-1.234446e+01 1.496774e+03 -3.725214e+03 1.000000e+00
-5.350221e+00 2.471456e+03 -3.855217e+03 1.000000e+00
-4.237769e+01 -1.099021e+03 -1.877496e+03 1.000000e+00
-4.135133e+01 -1.228027e+03 -2.153683e+03 1.000000e+00
-4.160746e+01 -5.163176e+02 -2.392752e+03 1.000000e+00
-3.902333e+01 -5.761324e+02 -2.655257e+03 1.000000e+00
-3.291847e+01 3.009183e+02 -2.879431e+03 1.000000e+00
-2.576291e+01 4.371137e+02 -3.196603e+03 1.000000e+00
-2.136067e+01 1.416752e+03 -3.414076e+03 1.000000e+00
-1.274000e+01 1.509400e+03 -3.731206e+03 1.000000e+00
-1.012622e+00 2.476003e+03 -3.859315e+03 1.000000e+00
-4.404947e+01 -1.097266e+03 -1.888703e+03 1.000000e+00
-4.341938e+01 -1.225780e+03 -2.166614e+03 1.000000e+00
-4.178635e+01 -5.129583e+02 -2.405177e+03 1.000000e+00
-3.833814e+01 -5.696628e+02 -2.666446e+03 1.000000e+00
-3.464890e+01 3.068629e+02 -2.889958e+03 1.000000e+00
-2.864036e+01 4.483434e+02 -3.207354e+03 1.000000e+00
-2.015006e+01 1.422114e+03 -3.424316e+03 1.000000e+00
-1.028450e+01 1.520774e+03 -3.737979e+03 1.000000e+00
-7.110440e-01 2.482323e+03 -3.862427e+03 1.000000e+00
0.000000e+00 -1.394363e+03 -1.833322e+03 1.000000e+00
0.000000e+00 -8.541984e+02 -2.101234e+03 1.000000e+00
0.000000e+00 -8.413591e+02 -2.352627e+03 1.000000e+00
0.000000e+00 -2.131670e+02 -2.597216e+03 1.000000e+00
0.000000e+00 -5.452343e+01 -2.853806e+03 1.000000e+00
0.000000e+00 7.987551e+02 -3.134899e+03 1.000000e+00
0.000000e+00 1.013676e+03 -3.403720e+03 1.000000e+00
0.000000e+00 1.881154e+03 -3.656789e+03 1.000000e+00
0.000000e+00 2.020270e+03 -3.857992e+03 1.000000e+00
-9.445040e+00 -1.454760e+03 -1.837094e+03 1.000000e+00
-1.025573e+01 -8.093972e+02 -2.102685e+03 1.000000e+00
-6.426453e+00 -8.951958e+02 -2.354167e+03 1.000000e+00
-3.276660e+00 -1.659384e+02 -2.601771e+03 1.000000e+00
-5.223888e+00 -9.802994e+01 -2.855654e+03 1.000000e+00
-6.920937e+00 8.474750e+02 -3.136108e+03 1.000000e+00
-6.582558e+00 9.823895e+02 -3.405397e+03 1.000000e+00
-6.303804e+00 1.930524e+03 -3.659679e+03 1.000000e+00
-6.633080e+00 2.004176e+03 -3.866102e+03 1.000000e+00
-1.830853e+01 -1.488987e+03 -1.842200e+03 1.000000e+00
-1.494981e+01 -7.840846e+02 -2.108364e+03 1.000000e+00
-1.552030e+01 -9.241872e+02 -2.362222e+03 1.000000e+00
-1.199304e+01 -1.384466e+02 -2.607202e+03 1.000000e+00
-8.505446e+00 -1.210684e+02 -2.860450e+03 1.000000e+00
-9.490965e+00 8.789915e+02 -3.138501e+03 1.000000e+00
-9.861905e+00 9.682289e+02 -3.411059e+03 1.000000e+00
-1.313674e+01 1.963855e+03 -3.669859e+03 1.000000e+00
-1.152811e+01 2.001010e+03 -3.876521e+03 1.000000e+00
-2.764144e+01 -1.476577e+03 -1.849805e+03 1.000000e+00
-2.763371e+01 -8.001432e+02 -2.117817e+03 1.000000e+00
-2.033759e+01 -9.091193e+02 -2.370434e+03 1.000000e+00
-1.211211e+01 -1.493395e+02 -2.615235e+03 1.000000e+00
-1.321393e+01 -1.039128e+02 -2.866429e+03 1.000000e+00
-1.698915e+01 8.756214e+02 -3.145149e+03 1.000000e+00
-2.049737e+01 9.874129e+02 -3.419051e+03 1.000000e+00
-1.503301e+01 1.965610e+03 -3.677233e+03 1.000000e+00
-9.868703e+00 2.020266e+03 -3.885229e+03 1.000000e+00
-3.356118e+01 -1.483089e+03 -1.861583e+03 1.000000e+00
-3.076787e+01 -7.945840e+02 -2.127950e+03 1.000000e+00
-2.795677e+01 -9.114843e+02 -2.379112e+03 1.000000e+00
-2.198243e+01 -1.407489e+02 -2.624378e+03 1.000000e+00
-1.846305e+01 -1.018847e+02 -2.876277e+03 1.000000e+00
-2.233207e+01 8.863668e+02 -3.153900e+03 1.000000e+00
-1.988623e+01 9.953458e+02 -3.425068e+03 1.000000e+00
-1.488450e+01 1.976789e+03 -3.682930e+03 1.000000e+00
-8.075735e+00 2.030652e+03 -3.890631e+03 1.000000e+00
-3.816787e+01 -1.479725e+03 -1.872044e+03 1.000000e+00
-3.422446e+01 -7.959435e+02 -2.139552e+03 1.000000e+00
-3.205121e+01 -9.044907e+02 -2.391358e+03 1.000000e+00
-2.976565e+01 -1.393660e+02 -2.632385e+03 1.000000e+00
-2.744379e+01 -9.233183e+01 -2.884306e+03 1.000000e+00
-2.166973e+01 8.926791e+02 -3.161020e+03 1.000000e+00
-2.030188e+01 1.006736e+03 -3.433269e+03 1.000000e+00
-1.408020e+01 1.985539e+03 -3.690519e+03 1.000000e+00
-7.671371e+00 2.042683e+03 -3.893899e+03 1.000000e+00
-4.330566e+01 -1.476981e+03 -1.883936e+03 1.000000e+00
-4.118915e+01 -7.943689e+02 -2.150960e+03 1.000000e+00
-3.579111e+01 -8.999670e+02 -2.401578e+03 1.000000e+00
-3.045373e+01 -1.335854e+02 -2.645017e+03 1.000000e+00
-2.906463e+01 -8.560721e+01 -2.893923e+03 1.000000e+00
-3.003940e+01 9.033974e+02 -3.170635e+03 1.000000e+00
-2.287926e+01 1.013497e+03 -3.441012e+03 1.000000e+00
-1.162447e+01 1.998316e+03 -3.695997e+03 1.000000e+00
-5.079170e+00 2.046805e+03 -3.901463e+03 1.000000e+00
-4.220197e+01 -1.475601e+03 -1.896663e+03 1.000000e+00
-4.107788e+01 -7.911241e+02 -2.162461e+03 1.000000e+00
-4.129941e+01 -8.958890e+02 -2.412882e+03 1.000000e+00
-3.865839e+01 -1.285569e+02 -2.656060e+03 1.000000e+00
-3.247515e+01 -7.757906e+01 -2.906776e+03 1.000000e+00
-2.540861e+01 9.090011e+02 -3.182271e+03 1.000000e+00
-2.083808e+01 1.026866e+03 -3.449146e+03 1.000000e+00
-1.245589e+01 2.004106e+03 -3.702275e+03 1.000000e+00
-2.083529e-01 2.058711e+03 -3.905116e+03 1.000000e+00
-4.385214e+01 -1.474640e+03 -1.907974e+03 1.000000e+00
-4.323685e+01 -7.884678e+02 -2.175181e+03 1.000000e+00
-4.150054e+01 -8.916362e+02 -2.425395e+03 1.000000e+00
-3.784771e+01 -1.244376e+02 -2.666837e+03 1.000000e+00
-3.393086e+01 -6.821839e+01 -2.917675e+03 1.000000e+00
-2.805494e+01 9.145830e+02 -3.192871e+03 1.000000e+00
-1.965604e+01 1.038693e+03 -3.459678e+03 1.000000e+00
-9.852732e+00 2.009315e+03 -3.708720e+03 1.000000e+00
2.360912e-02 2.069762e+03 -3.907984e+03 1.000000e+00
