0 729 0.00000e+00
  1     729
0.000000e+00 9.434897e+03 -1.605259e+02 8.571537e-01
0.000000e+00 9.686210e+03 -8.437856e+01 7.399081e-01
0.000000e+00 9.630807e+03 -6.798198e+01 5.967547e-01
0.000000e+00 9.872904e+03 -4.110763e+00 4.469133e-01
0.000000e+00 9.824307e+03 -3.002067e+01 3.077485e-01
0.000000e+00 1.002549e+04 4.369792e+01 1.891254e-01
0.000000e+00 9.975473e+03 -1.140309e+01 9.748217e-02
0.000000e+00 1.010204e+04 7.589583e+01 3.527858e-02
0.000000e+00 1.009424e+04 0.000000e+00 0.000000e+00
4.515403e+00 9.482147e+03 -1.610535e+02 8.571537e-01
3.912537e+00 9.729054e+03 -8.223721e+01 7.399081e-01
3.139401e+00 9.673039e+03 -6.845734e+01 5.967547e-01
2.357941e+00 9.905775e+03 -2.601598e+00 4.469133e-01
1.912747e+00 9.853565e+03 -2.917779e+01 3.077485e-01
1.365272e+00 1.004125e+04 4.452982e+01 1.891254e-01
7.781700e-01 9.989259e+03 -1.083073e+01 9.748217e-02
3.120383e-01 1.010233e+04 7.715734e+01 3.527858e-02
0.000000e+00 1.009424e+04 0.000000e+00 0.000000e+00
8.421034e+00 9.502664e+03 -1.583495e+02 8.571537e-01
6.732170e+00 9.734438e+03 -7.976253e+01 7.399081e-01
5.559545e+00 9.689303e+03 -6.667811e+01 5.967547e-01
4.308745e+00 9.906954e+03 -1.624505e+00 4.469133e-01
2.850732e+00 9.862743e+03 -2.773347e+01 3.077485e-01
1.639331e+00 1.003812e+04 4.459350e+01 1.891254e-01
9.707822e-01 9.993143e+03 -9.566925e+00 9.748217e-02
3.043256e-01 1.010165e+04 7.378751e+01 3.527858e-02
0.000000e+00 1.009424e+04 0.000000e+00 0.000000e+00
7.737520e+00 9.514364e+03 -1.549931e+02 8.571537e-01
6.698047e+00 9.740576e+03 -7.883310e+01 7.399081e-01
5.325024e+00 9.696090e+03 -6.521156e+01 5.967547e-01
3.740970e+00 9.911523e+03 -2.661684e+00 4.469133e-01
2.478388e+00 9.864579e+03 -2.825266e+01 3.077485e-01
1.444612e+00 1.004359e+04 4.323005e+01 1.891254e-01
6.038014e-01 9.989454e+03 -1.124208e+01 9.748217e-02
1.519174e-01 1.011019e+04 6.923527e+01 3.527858e-02
0.000000e+00 1.009424e+04 0.000000e+00 0.000000e+00
8.854650e+00 9.522115e+03 -1.543779e+02 8.571537e-01
7.641955e+00 9.749813e+03 -7.775187e+01 7.399081e-01
6.194833e+00 9.700751e+03 -6.648938e+01 5.967547e-01
4.732774e+00 9.917821e+03 -2.018290e+00 4.469133e-01
3.520915e+00 9.867561e+03 -2.896161e+01 3.077485e-01
2.123601e+00 1.004627e+04 4.294355e+01 1.891254e-01
1.144426e+00 9.990401e+03 -1.233197e+01 9.748217e-02
4.896428e-01 1.010822e+04 7.156081e+01 3.527858e-02
0.000000e+00 1.009424e+04 0.000000e+00 0.000000e+00
1.051204e+01 9.528682e+03 -1.516913e+02 8.571537e-01
8.845456e+00 9.756312e+03 -7.575978e+01 7.399081e-01
7.358149e+00 9.706379e+03 -6.520901e+01 5.967547e-01
5.621879e+00 9.920836e+03 -4.220863e-01 4.469133e-01
3.889013e+00 9.871420e+03 -2.746120e+01 3.077485e-01
2.463445e+00 1.004470e+04 4.324429e+01 1.891254e-01
1.388005e+00 9.993759e+03 -1.140695e+01 9.748217e-02
4.486327e-01 1.010405e+04 7.080562e+01 3.527858e-02
0.000000e+00 1.009424e+04 0.000000e+00 0.000000e+00
1.110738e+01 9.534902e+03 -1.467651e+02 8.571537e-01
9.261777e+00 9.759877e+03 -7.275351e+01 7.399081e-01
7.472476e+00 9.710500e+03 -6.238921e+01 5.967547e-01
5.457249e+00 9.922924e+03 -6.868777e-01 4.469133e-01
3.710677e+00 9.872869e+03 -2.658190e+01 3.077485e-01
2.287745e+00 1.004874e+04 4.226633e+01 1.891254e-01
1.129749e+00 9.993354e+03 -1.274810e+01 9.748217e-02
3.601193e-01 1.011003e+04 6.778114e+01 3.527858e-02
0.000000e+00 1.009424e+04 0.000000e+00 0.000000e+00
9.393627e+00 9.542238e+03 -1.434161e+02 8.571537e-01
7.747841e+00 9.764484e+03 -7.058909e+01 7.399081e-01
6.179472e+00 9.716226e+03 -6.131349e+01 5.967547e-01
4.664487e+00 9.926686e+03 2.447610e-01 4.469133e-01
3.338333e+00 9.877189e+03 -2.573499e+01 3.077485e-01
2.065403e+00 1.005031e+04 4.291426e+01 1.891254e-01
1.143425e+00 9.995505e+03 -1.209615e+01 9.748217e-02
4.987165e-01 1.010935e+04 7.007504e+01 3.527858e-02
0.000000e+00 1.009424e+04 0.000000e+00 0.000000e+00
8.650517e+00 9.547835e+03 -1.417588e+02 8.571537e-01
7.232794e+00 9.773375e+03 -6.938662e+01 7.399081e-01
5.892362e+00 9.720111e+03 -6.087877e+01 5.967547e-01
4.410490e+00 9.933149e+03 2.040409e+00 4.469133e-01
3.071651e+00 9.879683e+03 -2.442667e+01 3.077485e-01
1.920789e+00 1.005156e+04 4.489264e+01 1.891254e-01
1.022070e+00 9.996678e+03 -1.012211e+01 9.748217e-02
3.729231e-01 1.010647e+04 7.276279e+01 3.527858e-02
0.000000e+00 1.009424e+04 0.000000e+00 0.000000e+00
0.000000e+00 9.462857e+03 -1.964951e+02 8.571537e-01
0.000000e+00 9.406741e+03 -1.406633e+02 7.399081e-01
0.000000e+00 9.698208e+03 -6.040567e+01 5.967547e-01
0.000000e+00 9.649989e+03 -6.558334e+01 4.469133e-01
0.000000e+00 9.919595e+03 -1.613594e-01 3.077485e-01
0.000000e+00 9.869911e+03 -5.929900e+01 1.891254e-01
0.000000e+00 1.007236e+04 7.204532e+00 9.748217e-02
0.000000e+00 1.002828e+04 -8.276110e+01 3.527858e-02
0.000000e+00 1.009424e+04 0.000000e+00 0.000000e+00
4.902882e+00 9.509033e+03 -1.953566e+02 8.571537e-01
4.056756e+00 9.453007e+03 -1.428090e+02 7.399081e-01
3.056670e+00 9.736250e+03 -6.055951e+01 5.967547e-01
2.208726e+00 9.685292e+03 -6.698519e+01 4.469133e-01
1.395686e+00 9.941920e+03 -1.434776e-01 3.077485e-01
9.580469e-01 9.890112e+03 -5.975519e+01 1.891254e-01
5.390605e-01 1.007826e+04 6.184139e+00 9.748217e-02
1.229387e-01 1.003604e+04 -8.526437e+01 3.527858e-02
0.000000e+00 1.009424e+04 0.000000e+00 0.000000e+00
9.786911e+00 9.517302e+03 -1.939722e+02 8.571537e-01
8.521751e+00 9.474521e+03 -1.423943e+02 7.399081e-01
7.021681e+00 9.739442e+03 -6.040730e+01 5.967547e-01
5.418175e+00 9.698475e+03 -6.651476e+01 4.469133e-01
3.777106e+00 9.939741e+03 6.948930e-02 3.077485e-01
2.326693e+00 9.897380e+03 -5.721822e+01 1.891254e-01
1.118240e+00 1.007477e+04 8.054892e+00 9.748217e-02
6.137403e-01 1.003736e+04 -7.895353e+01 3.527858e-02
0.000000e+00 1.009424e+04 0.000000e+00 0.000000e+00
1.132401e+01 9.525589e+03 -1.904580e+02 8.571537e-01
9.304886e+00 9.485636e+03 -1.394344e+02 7.399081e-01
7.250823e+00 9.746280e+03 -5.972261e+01 5.967547e-01
5.348820e+00 9.704598e+03 -6.454369e+01 4.469133e-01
3.767541e+00 9.946791e+03 1.002395e+00 3.077485e-01
2.354926e+00 9.897252e+03 -5.555164e+01 1.891254e-01
1.166023e+00 1.008199e+04 1.056346e+01 9.748217e-02
4.044957e-01 1.002964e+04 -7.161119e+01 3.527858e-02
0.000000e+00 1.009424e+04 0.000000e+00 0.000000e+00
1.102740e+01 9.537250e+03 -1.864779e+02 8.571537e-01
9.532006e+00 9.491618e+03 -1.382810e+02 7.399081e-01
7.959920e+00 9.754635e+03 -5.857399e+01 5.967547e-01
6.270797e+00 9.708344e+03 -6.448438e+01 4.469133e-01
4.299597e+00 9.951009e+03 6.120984e-01 3.077485e-01
2.699561e+00 9.899177e+03 -5.767982e+01 1.891254e-01
1.382308e+00 1.008383e+04 8.032443e+00 9.748217e-02
3.938054e-01 1.003262e+04 -7.705463e+01 3.527858e-02
0.000000e+00 1.009424e+04 0.000000e+00 0.000000e+00
1.286906e+01 9.546538e+03 -1.830397e+02 8.571537e-01
1.095012e+01 9.498650e+03 -1.353959e+02 7.399081e-01
8.833797e+00 9.760096e+03 -5.701838e+01 5.967547e-01
6.559132e+00 9.713505e+03 -6.369961e+01 4.469133e-01
4.439183e+00 9.951783e+03 4.288080e-01 3.077485e-01
2.744095e+00 9.903861e+03 -5.710747e+01 1.891254e-01
1.403092e+00 1.008135e+04 7.824656e+00 9.748217e-02
6.224570e-01 1.003777e+04 -7.621036e+01 3.527858e-02
0.000000e+00 1.009424e+04 0.000000e+00 0.000000e+00
1.294749e+01 9.554487e+03 -1.785792e+02 8.571537e-01
1.109959e+01 9.508038e+03 -1.312737e+02 7.399081e-01
8.919652e+00 9.765944e+03 -5.549770e+01 5.967547e-01
6.720640e+00 9.718619e+03 -6.227467e+01 4.469133e-01
4.778034e+00 9.955587e+03 2.153699e+00 3.077485e-01
3.061114e+00 9.902586e+03 -5.567015e+01 1.891254e-01
1.618713e+00 1.008354e+04 1.047640e+01 9.748217e-02
6.144090e-01 1.003224e+04 -7.126849e+01 3.527858e-02
0.000000e+00 1.009424e+04 0.000000e+00 0.000000e+00
1.184930e+01 9.561762e+03 -1.745756e+02 8.571537e-01
9.779581e+00 9.516117e+03 -1.284399e+02 7.399081e-01
7.923124e+00 9.770812e+03 -5.335774e+01 5.967547e-01
6.234803e+00 9.723761e+03 -6.021714e+01 4.469133e-01
4.284852e+00 9.957642e+03 2.791402e+00 3.077485e-01
2.737282e+00 9.905389e+03 -5.468597e+01 1.891254e-01
1.438941e+00 1.008384e+04 9.862712e+00 9.748217e-02
4.525237e-01 1.003375e+04 -7.360157e+01 3.527858e-02
0.000000e+00 1.009424e+04 0.000000e+00 0.000000e+00
1.109833e+01 9.571866e+03 -1.710644e+02 8.571537e-01
9.391336e+00 9.519696e+03 -1.266072e+02 7.399081e-01
7.573265e+00 9.777802e+03 -5.133789e+01 5.967547e-01
5.762183e+00 9.725769e+03 -5.838093e+01 4.469133e-01
4.018079e+00 9.961278e+03 2.831043e+00 3.077485e-01
2.520323e+00 9.908222e+03 -5.395652e+01 1.891254e-01
1.290321e+00 1.008473e+04 8.446732e+00 9.748217e-02
4.842715e-01 1.003744e+04 -7.629140e+01 3.527858e-02
0.000000e+00 1.009424e+04 0.000000e+00 0.000000e+00
0.000000e+00 9.100367e+03 -2.892732e+02 8.571537e-01
0.000000e+00 9.448311e+03 -1.610603e+02 7.399081e-01
0.000000e+00 9.392515e+03 -1.166034e+02 5.967547e-01
0.000000e+00 9.735173e+03 -2.264294e+01 4.469133e-01
0.000000e+00 9.689039e+03 -4.337724e+01 3.077485e-01
0.000000e+00 9.976272e+03 4.739636e+01 1.891254e-01
0.000000e+00 9.922995e+03 -1.099699e+01 9.748217e-02
0.000000e+00 1.009779e+04 8.935828e+01 3.527858e-02
0.000000e+00 1.009424e+04 0.000000e+00 0.000000e+00
5.174438e+00 9.148812e+03 -2.931196e+02 8.571537e-01
4.680790e+00 9.491904e+03 -1.614061e+02 7.399081e-01
3.506121e+00 9.436188e+03 -1.186783e+02 5.967547e-01
2.075908e+00 9.767771e+03 -2.325341e+01 4.469133e-01
1.128923e+00 9.719791e+03 -4.388461e+01 3.077485e-01
4.241060e-01 9.991087e+03 4.824763e+01 1.891254e-01
1.786778e-01 9.937281e+03 -9.233833e+00 9.748217e-02
2.075146e-01 1.009740e+04 9.306896e+01 3.527858e-02
0.000000e+00 1.009424e+04 0.000000e+00 0.000000e+00
1.273478e+01 9.176144e+03 -2.925463e+02 8.571537e-01
1.064053e+01 9.499114e+03 -1.611595e+02 7.399081e-01
8.809590e+00 9.457205e+03 -1.189643e+02 5.967547e-01
6.776898e+00 9.769725e+03 -2.534067e+01 4.469133e-01
4.829175e+00 9.732417e+03 -4.550868e+01 3.077485e-01
2.906229e+00 9.987766e+03 4.314519e+01 1.891254e-01
1.342316e+00 9.942935e+03 -1.437513e+01 9.748217e-02
8.355924e-02 1.009536e+04 8.406590e+01 3.527858e-02
0.000000e+00 1.009424e+04 0.000000e+00 0.000000e+00
1.373526e+01 9.191044e+03 -2.858375e+02 8.571537e-01
1.148220e+01 9.507008e+03 -1.582466e+02 7.399081e-01
9.331354e+00 9.466979e+03 -1.162659e+02 5.967547e-01
7.125998e+00 9.777127e+03 -2.521944e+01 4.469133e-01
4.984608e+00 9.734646e+03 -4.638931e+01 3.077485e-01
3.161152e+00 9.994808e+03 4.040828e+01 1.891254e-01
1.915633e+00 9.939050e+03 -1.792657e+01 9.748217e-02
8.870631e-01 1.010472e+04 7.455043e+01 3.527858e-02
0.000000e+00 1.009424e+04 0.000000e+00 0.000000e+00
1.285359e+01 9.197781e+03 -2.838349e+02 8.571537e-01
1.124859e+01 9.517892e+03 -1.561260e+02 7.399081e-01
9.232763e+00 9.472081e+03 -1.153941e+02 5.967547e-01
6.842718e+00 9.783527e+03 -2.342563e+01 4.469133e-01
4.865190e+00 9.737255e+03 -4.432353e+01 3.077485e-01
3.067326e+00 9.997346e+03 4.451316e+01 1.891254e-01
1.577452e+00 9.939769e+03 -1.239111e+01 9.748217e-02
7.112889e-01 1.010347e+04 8.298872e+01 3.527858e-02
0.000000e+00 1.009424e+04 0.000000e+00 0.000000e+00
1.578488e+01 9.207577e+03 -2.801557e+02 8.571537e-01
1.326278e+01 9.527122e+03 -1.536177e+02 7.399081e-01
1.071169e+01 9.479218e+03 -1.140802e+02 5.967547e-01
8.092961e+00 9.787354e+03 -2.283209e+01 4.469133e-01
5.528779e+00 9.743289e+03 -4.406145e+01 3.077485e-01
3.166420e+00 9.995972e+03 4.228502e+01 1.891254e-01
1.471907e+00 9.944078e+03 -1.404172e+01 9.748217e-02
3.134623e-01 1.009802e+04 8.226208e+01 3.527858e-02
0.000000e+00 1.009424e+04 0.000000e+00 0.000000e+00
1.590533e+01 9.219986e+03 -2.725169e+02 8.571537e-01
1.330792e+01 9.533908e+03 -1.490030e+02 7.399081e-01
1.085915e+01 9.487057e+03 -1.113779e+02 5.967547e-01
8.122040e+00 9.793118e+03 -2.205050e+01 4.469133e-01
5.434574e+00 9.746268e+03 -4.558152e+01 3.077485e-01
3.403504e+00 1.000136e+04 4.082800e+01 1.891254e-01
1.942865e+00 9.943455e+03 -1.729781e+01 9.748217e-02
7.429402e-01 1.010396e+04 7.670389e+01 3.527858e-02
0.000000e+00 1.009424e+04 0.000000e+00 0.000000e+00
1.380949e+01 9.230855e+03 -2.673428e+02 8.571537e-01
1.151942e+01 9.540736e+03 -1.464180e+02 7.399081e-01
9.256220e+00 9.494405e+03 -1.085769e+02 5.967547e-01
7.017290e+00 9.796513e+03 -2.107496e+01 4.469133e-01
5.236169e+00 9.750111e+03 -4.324398e+01 3.077485e-01
3.298339e+00 1.000205e+04 4.223693e+01 1.891254e-01
1.710396e+00 9.945051e+03 -1.444172e+01 9.748217e-02
7.193207e-01 1.010351e+04 8.009190e+01 3.527858e-02
0.000000e+00 1.009424e+04 0.000000e+00 0.000000e+00
1.362661e+01 9.237639e+03 -2.642335e+02 8.571537e-01
1.159260e+01 9.552079e+03 -1.444375e+02 7.399081e-01
9.472298e+00 9.498631e+03 -1.062054e+02 5.967547e-01
7.162698e+00 9.802584e+03 -1.977093e+01 4.469133e-01
4.989722e+00 9.752127e+03 -4.071457e+01 3.077485e-01
3.086669e+00 1.000256e+04 4.247407e+01 1.891254e-01
1.652541e+00 9.945763e+03 -1.207956e+01 9.748217e-02
5.992123e-01 1.010051e+04 8.336676e+01 3.527858e-02
0.000000e+00 1.009424e+04 0.000000e+00 0.000000e+00
0.000000e+00 9.102141e+03 -3.520638e+02 8.571537e-01
0.000000e+00 9.049395e+03 -2.424069e+02 7.399081e-01
0.000000e+00 9.458332e+03 -1.126796e+02 5.967547e-01
0.000000e+00 9.419655e+03 -9.900995e+01 4.469133e-01
0.000000e+00 9.802932e+03 -6.868047e+00 3.077485e-01
0.000000e+00 9.756027e+03 -6.944463e+01 1.891254e-01
0.000000e+00 1.004326e+04 8.842740e+00 9.748217e-02
0.000000e+00 9.999411e+03 -9.398399e+01 3.527858e-02
0.000000e+00 1.009424e+04 0.000000e+00 0.000000e+00
7.554287e+00 9.152033e+03 -3.512954e+02 8.571537e-01
6.564722e+00 9.098497e+03 -2.428893e+02 7.399081e-01
5.323969e+00 9.498325e+03 -1.120916e+02 5.967547e-01
3.906811e+00 9.459329e+03 -9.922528e+01 4.469133e-01
2.699196e+00 9.828227e+03 -6.832031e+00 3.077485e-01
1.637271e+00 9.781020e+03 -7.079468e+01 1.891254e-01
7.711147e-01 1.005097e+04 7.795149e+00 9.748217e-02
1.330037e-01 1.000863e+04 -9.801482e+01 3.527858e-02
0.000000e+00 1.009424e+04 0.000000e+00 0.000000e+00
1.516076e+01 9.164151e+03 -3.480860e+02 8.571537e-01
1.273804e+01 9.126503e+03 -2.404456e+02 7.399081e-01
1.037369e+01 9.503818e+03 -1.110072e+02 5.967547e-01
7.920111e+00 9.478773e+03 -9.740226e+01 4.469133e-01
5.490144e+00 9.828261e+03 -6.635682e+00 3.077485e-01
3.509909e+00 9.793272e+03 -6.747581e+01 1.891254e-01
1.952090e+00 1.004922e+04 1.110757e+01 9.748217e-02
1.055723e+00 1.001374e+04 -9.121913e+01 3.527858e-02
0.000000e+00 1.009424e+04 0.000000e+00 0.000000e+00
1.509066e+01 9.172431e+03 -3.436378e+02 8.571537e-01
1.298598e+01 9.139524e+03 -2.372885e+02 7.399081e-01
1.073904e+01 9.511003e+03 -1.088439e+02 5.967547e-01
8.183461e+00 9.483885e+03 -9.637421e+01 4.469133e-01
5.748945e+00 9.835040e+03 -5.912842e+00 3.077485e-01
3.682279e+00 9.791232e+03 -6.498949e+01 1.891254e-01
1.752296e+00 1.005617e+04 1.242364e+01 9.748217e-02
4.901671e-01 1.000512e+04 -8.290649e+01 3.527858e-02
0.000000e+00 1.009424e+04 0.000000e+00 0.000000e+00
1.617414e+01 9.188860e+03 -3.411665e+02 8.571537e-01
1.377869e+01 9.147504e+03 -2.362193e+02 7.399081e-01
1.092644e+01 9.521618e+03 -1.077971e+02 5.967547e-01
8.229157e+00 9.489043e+03 -9.669377e+01 4.469133e-01
5.495327e+00 9.840436e+03 -7.410583e+00 3.077485e-01
3.149376e+00 9.793110e+03 -6.850491e+01 1.891254e-01
1.622538e+00 1.005724e+04 7.416174e+00 9.748217e-02
4.408426e-01 1.000574e+04 -9.162724e+01 3.527858e-02
0.000000e+00 1.009424e+04 0.000000e+00 0.000000e+00
1.839606e+01 9.203975e+03 -3.361218e+02 8.571537e-01
1.556071e+01 9.158264e+03 -2.323542e+02 7.399081e-01
1.274812e+01 9.530845e+03 -1.065197e+02 5.967547e-01
9.721540e+00 9.498072e+03 -9.507528e+01 4.469133e-01
6.841011e+00 9.842975e+03 -7.850997e+00 3.077485e-01
4.485872e+00 9.800752e+03 -6.787833e+01 1.891254e-01
2.395325e+00 1.005638e+04 7.763147e+00 9.748217e-02
1.042599e+00 1.001358e+04 -9.265858e+01 3.527858e-02
0.000000e+00 1.009424e+04 0.000000e+00 0.000000e+00
1.720642e+01 9.211023e+03 -3.305550e+02 8.571537e-01
1.458667e+01 9.168660e+03 -2.290594e+02 7.399081e-01
1.167289e+01 9.536621e+03 -1.040012e+02 5.967547e-01
8.722270e+00 9.502230e+03 -9.398996e+01 4.469133e-01
6.244165e+00 9.848057e+03 -4.710149e+00 3.077485e-01
3.959040e+00 9.800705e+03 -6.629417e+01 1.891254e-01
1.992742e+00 1.006035e+04 1.139343e+01 9.748217e-02
7.993689e-01 1.000926e+04 -8.555198e+01 3.527858e-02
0.000000e+00 1.009424e+04 0.000000e+00 0.000000e+00
1.731463e+01 9.220395e+03 -3.260818e+02 8.571537e-01
1.433041e+01 9.179094e+03 -2.263127e+02 7.399081e-01
1.156416e+01 9.542598e+03 -1.024669e+02 5.967547e-01
8.740028e+00 9.509104e+03 -9.297321e+01 4.469133e-01
5.696922e+00 9.850640e+03 -6.286039e+00 3.077485e-01
3.336719e+00 9.803806e+03 -6.690388e+01 1.891254e-01
1.649634e+00 1.006034e+04 8.690334e+00 9.748217e-02
4.179338e-01 1.000975e+04 -8.768514e+01 3.527858e-02
0.000000e+00 1.009424e+04 0.000000e+00 0.000000e+00
1.660870e+01 9.237776e+03 -3.200470e+02 8.571537e-01
1.394894e+01 9.186624e+03 -2.225118e+02 7.399081e-01
1.129303e+01 9.554018e+03 -1.005794e+02 5.967547e-01
8.538203e+00 9.514609e+03 -9.188821e+01 4.469133e-01
5.911767e+00 9.855596e+03 -9.041810e+00 3.077485e-01
3.693148e+00 9.807130e+03 -6.737579e+01 1.891254e-01
1.884593e+00 1.006149e+04 4.830034e+00 9.748217e-02
6.927575e-01 1.001301e+04 -9.194544e+01 3.527858e-02
0.000000e+00 1.009424e+04 0.000000e+00 0.000000e+00
0.000000e+00 8.589562e+03 -4.854637e+02 8.571537e-01
0.000000e+00 9.080366e+03 -2.734557e+02 7.399081e-01
0.000000e+00 9.040942e+03 -1.864087e+02 5.967547e-01
0.000000e+00 9.528531e+03 -5.215429e+01 4.469133e-01
0.000000e+00 9.496271e+03 -6.929536e+01 3.077485e-01
0.000000e+00 9.902604e+03 4.370920e+01 1.891254e-01
0.000000e+00 9.848549e+03 -2.167808e+01 9.748217e-02
0.000000e+00 1.009175e+04 9.718032e+01 3.527858e-02
0.000000e+00 1.009424e+04 0.000000e+00 0.000000e+00
1.090573e+01 8.641364e+03 -4.834690e+02 8.571537e-01
9.108287e+00 9.124442e+03 -2.710799e+02 7.399081e-01
7.577006e+00 9.085662e+03 -1.848521e+02 5.967547e-01
5.906868e+00 9.559976e+03 -5.031725e+01 4.469133e-01
4.413886e+00 9.527281e+03 -6.673541e+01 3.077485e-01
3.093782e+00 9.916095e+03 4.691725e+01 1.891254e-01
1.740418e+00 9.863520e+03 -1.960429e+01 9.748217e-02
8.155985e-01 1.009108e+04 1.027224e+02 3.527858e-02
0.000000e+00 1.009424e+04 0.000000e+00 0.000000e+00
1.670613e+01 8.674770e+03 -4.782273e+02 8.571537e-01
1.387471e+01 9.131774e+03 -2.678790e+02 7.399081e-01
1.112583e+01 9.109949e+03 -1.813414e+02 5.967547e-01
8.196980e+00 9.560265e+03 -4.871689e+01 4.469133e-01
5.600929e+00 9.542243e+03 -6.339828e+01 3.077485e-01
3.375046e+00 9.911642e+03 4.831165e+01 1.891254e-01
1.843826e+00 9.870253e+03 -1.798883e+01 9.748217e-02
5.034722e-01 1.008633e+04 1.005615e+02 3.527858e-02
0.000000e+00 1.009424e+04 0.000000e+00 0.000000e+00
1.741060e+01 8.693873e+03 -4.745026e+02 8.571537e-01
1.545561e+01 9.142550e+03 -2.650303e+02 7.399081e-01
1.273051e+01 9.121855e+03 -1.798472e+02 5.967547e-01
9.740565e+00 9.569502e+03 -4.778605e+01 4.469133e-01
6.860211e+00 9.545351e+03 -6.432245e+01 3.077485e-01
3.996513e+00 9.920122e+03 4.487972e+01 1.891254e-01
1.964945e+00 9.866194e+03 -2.039133e+01 9.748217e-02
5.792803e-01 1.009637e+04 9.005611e+01 3.527858e-02
0.000000e+00 1.009424e+04 0.000000e+00 0.000000e+00
1.946915e+01 8.705096e+03 -4.712404e+02 8.571537e-01
1.595119e+01 9.158076e+03 -2.634182e+02 7.399081e-01
1.302350e+01 9.129896e+03 -1.785243e+02 5.967547e-01
9.674702e+00 9.578355e+03 -4.800066e+01 4.469133e-01
6.649130e+00 9.549121e+03 -6.367326e+01 3.077485e-01
4.348724e+00 9.924114e+03 4.553112e+01 1.891254e-01
2.347397e+00 9.868150e+03 -1.871370e+01 9.748217e-02
1.080443e+00 1.009805e+04 9.561841e+01 3.527858e-02
0.000000e+00 1.009424e+04 0.000000e+00 0.000000e+00
2.037867e+01 8.716594e+03 -4.641159e+02 8.571537e-01
1.739217e+01 9.169253e+03 -2.608516e+02 7.399081e-01
1.401373e+01 9.138271e+03 -1.758636e+02 5.967547e-01
1.056480e+01 9.582106e+03 -4.722515e+01 4.469133e-01
7.425400e+00 9.555791e+03 -6.111749e+01 3.077485e-01
4.602885e+00 9.922076e+03 4.897195e+01 1.891254e-01
2.640618e+00 9.872737e+03 -1.403787e+01 9.748217e-02
9.693172e-01 1.009108e+04 1.016334e+02 3.527858e-02
0.000000e+00 1.009424e+04 0.000000e+00 0.000000e+00
1.944790e+01 8.733491e+03 -4.600002e+02 8.571537e-01
1.660721e+01 9.179614e+03 -2.571328e+02 7.399081e-01
1.336935e+01 9.148782e+03 -1.757344e+02 5.967547e-01
9.964734e+00 9.590372e+03 -4.496018e+01 4.469133e-01
6.903908e+00 9.558563e+03 -6.301745e+01 3.077485e-01
4.173946e+00 9.926837e+03 4.809726e+01 1.891254e-01
1.964222e+00 9.870805e+03 -1.898047e+01 9.748217e-02
4.125555e-01 1.009542e+04 9.349281e+01 3.527858e-02
0.000000e+00 1.009424e+04 0.000000e+00 0.000000e+00
2.031978e+01 8.748828e+03 -4.542469e+02 8.571537e-01
1.649729e+01 9.189123e+03 -2.552426e+02 7.399081e-01
1.348154e+01 9.159187e+03 -1.736459e+02 5.967547e-01
1.000770e+01 9.595087e+03 -4.616536e+01 4.469133e-01
6.997041e+00 9.564573e+03 -6.189926e+01 3.077485e-01
4.378359e+00 9.929150e+03 4.577166e+01 1.891254e-01
2.434115e+00 9.873675e+03 -1.918653e+01 9.748217e-02
1.166902e+00 1.009630e+04 9.295445e+01 3.527858e-02
0.000000e+00 1.009424e+04 0.000000e+00 0.000000e+00
1.896288e+01 8.755693e+03 -4.459715e+02 8.571537e-01
1.589434e+01 9.201749e+03 -2.526735e+02 7.399081e-01
1.285327e+01 9.163480e+03 -1.701821e+02 5.967547e-01
9.631669e+00 9.600900e+03 -4.690842e+01 4.469133e-01
6.681920e+00 9.567877e+03 -5.886135e+01 3.077485e-01
4.115060e+00 9.931418e+03 4.565448e+01 1.891254e-01
2.159695e+00 9.875667e+03 -1.381297e+01 9.748217e-02
7.503830e-01 1.009503e+04 9.815443e+01 3.527858e-02
0.000000e+00 1.009424e+04 0.000000e+00 0.000000e+00
0.000000e+00 8.559243e+03 -5.730651e+02 8.571537e-01
0.000000e+00 8.534854e+03 -3.749356e+02 7.399081e-01
0.000000e+00 9.118135e+03 -1.743241e+02 5.967547e-01
0.000000e+00 9.112145e+03 -1.363405e+02 4.469133e-01
0.000000e+00 9.654931e+03 -1.057318e+01 3.077485e-01
0.000000e+00 9.616388e+03 -8.186448e+01 1.891254e-01
0.000000e+00 1.001510e+04 1.417997e+01 9.748217e-02
0.000000e+00 9.964686e+03 -1.094950e+02 3.527858e-02
0.000000e+00 1.009424e+04 0.000000e+00 0.000000e+00
1.321101e+01 8.605453e+03 -5.679365e+02 8.571537e-01
1.102651e+01 8.582741e+03 -3.726245e+02 7.399081e-01
8.794207e+00 9.154472e+03 -1.727611e+02 5.967547e-01
6.481913e+00 9.149021e+03 -1.351936e+02 4.469133e-01
4.388610e+00 9.675235e+03 -1.064412e+01 3.077485e-01
2.589798e+00 9.637882e+03 -8.212330e+01 1.891254e-01
1.438835e+00 1.001920e+04 1.467470e+01 9.748217e-02
4.787046e-01 9.973147e+03 -1.143518e+02 3.527858e-02
0.000000e+00 1.009424e+04 0.000000e+00 0.000000e+00
1.789240e+01 8.614695e+03 -5.634760e+02 8.571537e-01
1.487440e+01 8.613569e+03 -3.688944e+02 7.399081e-01
1.173164e+01 9.156978e+03 -1.711266e+02 5.967547e-01
8.753565e+00 9.168725e+03 -1.322463e+02 4.469133e-01
6.131691e+00 9.670202e+03 -1.050956e+01 3.077485e-01
3.936592e+00 9.648284e+03 -7.984520e+01 1.891254e-01
1.988629e+00 1.001341e+04 1.551859e+01 9.748217e-02
8.298678e-01 9.979289e+03 -1.122793e+02 3.527858e-02
0.000000e+00 1.009424e+04 0.000000e+00 0.000000e+00
2.207710e+01 8.631608e+03 -5.567897e+02 8.571537e-01
1.871499e+01 8.631716e+03 -3.650222e+02 7.399081e-01
1.540186e+01 9.168314e+03 -1.681860e+02 5.967547e-01
1.160099e+01 9.176646e+03 -1.312421e+02 4.469133e-01
7.954187e+00 9.679404e+03 -8.657971e+00 3.077485e-01
5.172414e+00 9.648155e+03 -7.630881e+01 1.891254e-01
2.687230e+00 1.002254e+04 1.722693e+01 9.748217e-02
1.127798e+00 9.970955e+03 -9.957319e+01 3.527858e-02
0.000000e+00 1.009424e+04 0.000000e+00 0.000000e+00
2.032354e+01 8.652901e+03 -5.525278e+02 8.571537e-01
1.764589e+01 8.643063e+03 -3.621864e+02 7.399081e-01
1.396882e+01 9.181385e+03 -1.678573e+02 5.967547e-01
1.028821e+01 9.182279e+03 -1.310646e+02 4.469133e-01
6.986094e+00 9.685525e+03 -9.488088e+00 3.077485e-01
4.028955e+00 9.649709e+03 -7.696817e+01 1.891254e-01
2.112015e+00 1.002392e+04 1.614847e+01 9.748217e-02
5.424228e-01 9.969591e+03 -1.031789e+02 3.527858e-02
0.000000e+00 1.009424e+04 0.000000e+00 0.000000e+00
2.222997e+01 8.666344e+03 -5.512136e+02 8.571537e-01
1.849705e+01 8.654074e+03 -3.602711e+02 7.399081e-01
1.482503e+01 9.190045e+03 -1.684791e+02 5.967547e-01
1.103977e+01 9.190667e+03 -1.303859e+02 4.469133e-01
7.526687e+00 9.686372e+03 -1.180214e+01 3.077485e-01
4.602887e+00 9.655542e+03 -7.942570e+01 1.891254e-01
2.124562e+00 1.001978e+04 1.261911e+01 9.748217e-02
7.448920e-01 9.976615e+03 -1.109223e+02 3.527858e-02
0.000000e+00 1.009424e+04 0.000000e+00 0.000000e+00
2.403594e+01 8.682001e+03 -5.421202e+02 8.571537e-01
1.986282e+01 8.668422e+03 -3.573344e+02 7.399081e-01
1.632649e+01 9.200178e+03 -1.644594e+02 5.967547e-01
1.238765e+01 9.197589e+03 -1.308747e+02 4.469133e-01
8.629232e+00 9.694057e+03 -9.609003e+00 3.077485e-01
5.506213e+00 9.657082e+03 -7.909342e+01 1.891254e-01
2.970047e+00 1.002502e+04 1.546016e+01 9.748217e-02
1.320943e+00 9.974263e+03 -1.040186e+02 3.527858e-02
0.000000e+00 1.009424e+04 0.000000e+00 0.000000e+00
2.064022e+01 8.694079e+03 -5.361053e+02 8.571537e-01
1.774141e+01 8.682636e+03 -3.535341e+02 7.399081e-01
1.387579e+01 9.207641e+03 -1.643198e+02 5.967547e-01
1.015550e+01 9.206498e+03 -1.290737e+02 4.469133e-01
6.872552e+00 9.696968e+03 -1.110124e+01 3.077485e-01
4.085276e+00 9.660436e+03 -7.805975e+01 1.891254e-01
2.015601e+00 1.002546e+04 1.451368e+01 9.748217e-02
4.998979e-01 9.974487e+03 -1.036418e+02 3.527858e-02
0.000000e+00 1.009424e+04 0.000000e+00 0.000000e+00
2.068735e+01 8.708679e+03 -5.339433e+02 8.571537e-01
1.743771e+01 8.689825e+03 -3.505927e+02 7.399081e-01
1.408530e+01 9.218215e+03 -1.655855e+02 5.967547e-01
1.052644e+01 9.210932e+03 -1.271024e+02 4.469133e-01
7.219387e+00 9.700412e+03 -1.425513e+01 3.077485e-01
4.458431e+00 9.661810e+03 -7.848801e+01 1.891254e-01
2.271604e+00 1.002524e+04 9.920504e+00 9.748217e-02
8.408917e-01 9.975303e+03 -1.086397e+02 3.527858e-02
0.000000e+00 1.009424e+04 0.000000e+00 0.000000e+00
0.000000e+00 7.847505e+03 -7.653857e+02 8.571537e-01
0.000000e+00 8.551115e+03 -4.263819e+02 7.399081e-01
0.000000e+00 8.560485e+03 -2.703851e+02 5.967547e-01
0.000000e+00 9.254286e+03 -7.900199e+01 4.469133e-01
0.000000e+00 9.249944e+03 -8.988522e+01 3.077485e-01
0.000000e+00 9.815553e+03 5.373260e+01 1.891254e-01
0.000000e+00 9.755348e+03 -2.703605e+01 9.748217e-02
0.000000e+00 1.008858e+04 1.203629e+02 3.527858e-02
0.000000e+00 1.009424e+04 0.000000e+00 0.000000e+00
1.539715e+01 7.900011e+03 -7.601931e+02 8.571537e-01
1.223416e+01 8.592258e+03 -4.229693e+02 7.399081e-01
9.237726e+00 8.603874e+03 -2.687361e+02 5.967547e-01
6.363333e+00 9.282634e+03 -7.930307e+01 4.469133e-01
3.861342e+00 9.280123e+03 -8.963960e+01 3.077485e-01
2.228087e+00 9.827556e+03 5.394575e+01 1.891254e-01
1.005717e+00 9.769792e+03 -2.732039e+01 9.748217e-02
3.959811e-01 1.008651e+04 1.252671e+02 3.527858e-02
0.000000e+00 1.009424e+04 0.000000e+00 0.000000e+00
1.942505e+01 7.940020e+03 -7.546657e+02 8.571537e-01
1.651451e+01 8.599153e+03 -4.198408e+02 7.399081e-01
1.312234e+01 8.631809e+03 -2.661115e+02 5.967547e-01
9.814838e+00 9.280599e+03 -7.927877e+01 4.469133e-01
6.820585e+00 9.296820e+03 -8.866468e+01 3.077485e-01
4.066288e+00 9.820752e+03 5.187169e+01 1.891254e-01
2.111575e+00 9.777497e+03 -2.785154e+01 9.748217e-02
6.560370e-01 1.007936e+04 1.241182e+02 3.527858e-02
0.000000e+00 1.009424e+04 0.000000e+00 0.000000e+00
2.492881e+01 7.960232e+03 -7.470065e+02 8.571537e-01
2.115822e+01 8.612631e+03 -4.143972e+02 7.399081e-01
1.692951e+01 8.644789e+03 -2.643045e+02 5.967547e-01
1.252558e+01 9.290521e+03 -7.679311e+01 4.469133e-01
8.674514e+00 9.299979e+03 -8.820004e+01 3.077485e-01
5.220717e+00 9.828273e+03 4.992708e+01 1.891254e-01
2.855917e+00 9.772441e+03 -2.816109e+01 9.748217e-02
8.675923e-01 1.008948e+04 1.114241e+02 3.527858e-02
0.000000e+00 1.009424e+04 0.000000e+00 0.000000e+00
2.313129e+01 7.975644e+03 -7.399900e+02 8.571537e-01
1.943760e+01 8.630736e+03 -4.108365e+02 7.399081e-01
1.566843e+01 8.653998e+03 -2.622893e+02 5.967547e-01
1.133849e+01 9.300714e+03 -7.772661e+01 4.469133e-01
7.432339e+00 9.303344e+03 -8.748929e+01 3.077485e-01
4.511595e+00 9.832361e+03 4.995721e+01 1.891254e-01
2.130037e+00 9.773078e+03 -2.719917e+01 9.748217e-02
9.449130e-01 1.009220e+04 1.135461e+02 3.527858e-02
0.000000e+00 1.009424e+04 0.000000e+00 0.000000e+00
2.451925e+01 7.996913e+03 -7.362214e+02 8.571537e-01
2.038600e+01 8.647055e+03 -4.100014e+02 7.399081e-01
1.622153e+01 8.667089e+03 -2.599584e+02 5.967547e-01
1.213820e+01 9.307842e+03 -7.873294e+01 4.469133e-01
8.516561e+00 9.312765e+03 -8.644623e+01 3.077485e-01
5.229300e+00 9.832616e+03 4.956600e+01 1.891254e-01
2.862734e+00 9.780705e+03 -2.668144e+01 9.748217e-02
9.595558e-01 1.008631e+04 1.193781e+02 3.527858e-02
0.000000e+00 1.009424e+04 0.000000e+00 0.000000e+00
2.580992e+01 8.012544e+03 -7.283621e+02 8.571537e-01
2.189350e+01 8.660052e+03 -4.042427e+02 7.399081e-01
1.750857e+01 8.677065e+03 -2.590503e+02 5.967547e-01
1.307123e+01 9.315793e+03 -7.432822e+01 4.469133e-01
9.120163e+00 9.315558e+03 -8.705155e+01 3.077485e-01
5.608470e+00 9.837623e+03 5.148598e+01 1.891254e-01
2.977663e+00 9.779113e+03 -2.713159e+01 9.748217e-02
1.071947e+00 1.008965e+04 1.169316e+02 3.527858e-02
0.000000e+00 1.009424e+04 0.000000e+00 0.000000e+00
2.295308e+01 8.030341e+03 -7.208531e+02 8.571537e-01
1.903682e+01 8.669587e+03 -4.008374e+02 7.399081e-01
1.538016e+01 8.688954e+03 -2.564866e+02 5.967547e-01
1.125545e+01 9.320117e+03 -7.451887e+01 4.469133e-01
7.580820e+00 9.321602e+03 -8.573843e+01 3.077485e-01
4.465981e+00 9.839143e+03 5.010091e+01 1.891254e-01
2.160533e+00 9.780723e+03 -2.577015e+01 9.748217e-02
7.904220e-01 1.009029e+04 1.167318e+02 3.527858e-02
0.000000e+00 1.009424e+04 0.000000e+00 0.000000e+00
2.312576e+01 8.046812e+03 -7.159882e+02 8.571537e-01
1.946456e+01 8.686245e+03 -3.991617e+02 7.399081e-01
1.556287e+01 8.697666e+03 -2.532968e+02 5.967547e-01
1.150444e+01 9.329771e+03 -7.640009e+01 4.469133e-01
7.914396e+00 9.327090e+03 -8.385651e+01 3.077485e-01
4.817548e+00 9.843331e+03 4.699865e+01 1.891254e-01
2.513776e+00 9.783435e+03 -2.477045e+01 9.748217e-02
8.794236e-01 1.009104e+04 1.160278e+02 3.527858e-02
0.000000e+00 1.009424e+04 0.000000e+00 0.000000e+00
0.000000e+00 7.780532e+03 -9.348455e+02 8.571537e-01
0.000000e+00 7.819101e+03 -5.979926e+02 7.399081e-01
0.000000e+00 8.645284e+03 -2.871287e+02 5.967547e-01
0.000000e+00 8.698030e+03 -2.000829e+02 4.469133e-01
0.000000e+00 9.457721e+03 -2.084772e+01 3.077485e-01
0.000000e+00 9.432465e+03 -9.890656e+01 1.891254e-01
0.000000e+00 9.982167e+03 2.504912e+01 9.748217e-02
0.000000e+00 9.916827e+03 -1.337186e+02 3.527858e-02
0.000000e+00 1.009424e+04 0.000000e+00 0.000000e+00
1.647099e+01 7.821262e+03 -9.257214e+02 8.571537e-01
1.310246e+01 7.866466e+03 -5.944644e+02 7.399081e-01
9.739213e+00 8.680092e+03 -2.858494e+02 5.967547e-01
6.539255e+00 8.736336e+03 -1.995902e+02 4.469133e-01
3.887958e+00 9.478574e+03 -2.191543e+01 3.077485e-01
1.968340e+00 9.456174e+03 -1.004415e+02 1.891254e-01
8.159083e-01 9.987818e+03 2.273074e+01 9.748217e-02
8.223283e-02 9.927079e+03 -1.412600e+02 3.527858e-02
0.000000e+00 1.009424e+04 0.000000e+00 0.000000e+00
2.251810e+01 7.831579e+03 -9.166013e+02 8.571537e-01
1.897496e+01 7.903250e+03 -5.886217e+02 7.399081e-01
1.495957e+01 8.682815e+03 -2.835444e+02 5.967547e-01
1.113466e+01 8.761419e+03 -1.971014e+02 4.469133e-01
7.628985e+00 9.473629e+03 -2.328015e+01 3.077485e-01
4.727670e+00 9.470768e+03 -1.008255e+02 1.891254e-01
2.414145e+00 9.982223e+03 2.059223e+01 9.748217e-02
9.506827e-01 9.935992e+03 -1.438208e+02 3.527858e-02
0.000000e+00 1.009424e+04 0.000000e+00 0.000000e+00
2.579974e+01 7.851347e+03 -9.091302e+02 8.571537e-01
2.197261e+01 7.922328e+03 -5.817642e+02 7.399081e-01
1.784107e+01 8.696046e+03 -2.788745e+02 5.967547e-01
1.317972e+01 8.770274e+03 -1.950013e+02 4.469133e-01
8.701705e+00 9.482276e+03 -2.191586e+01 3.077485e-01
5.384855e+00 9.469997e+03 -9.742465e+01 1.891254e-01
2.687943e+00 9.990220e+03 2.305108e+01 9.748217e-02
1.238217e+00 9.926953e+03 -1.282402e+02 3.527858e-02
0.000000e+00 1.009424e+04 0.000000e+00 0.000000e+00
2.620881e+01 7.872925e+03 -9.016559e+02 8.571537e-01
2.201024e+01 7.934821e+03 -5.759474e+02 7.399081e-01
1.707315e+01 8.710477e+03 -2.774370e+02 5.967547e-01
1.239649e+01 8.776341e+03 -1.932803e+02 4.469133e-01
8.404810e+00 9.490093e+03 -2.259230e+01 3.077485e-01
4.907205e+00 9.471693e+03 -9.672163e+01 1.891254e-01
2.534934e+00 9.993005e+03 2.194559e+01 9.748217e-02
5.781538e-01 9.924742e+03 -1.289855e+02 3.527858e-02
0.000000e+00 1.009424e+04 0.000000e+00 0.000000e+00
2.822043e+01 7.895336e+03 -8.923669e+02 8.571537e-01
2.328739e+01 7.953439e+03 -5.699808e+02 7.399081e-01
1.865603e+01 8.723795e+03 -2.754132e+02 5.967547e-01
1.403157e+01 8.788701e+03 -1.904038e+02 4.469133e-01
9.682549e+00 9.494396e+03 -2.338178e+01 3.077485e-01
6.063277e+00 9.480222e+03 -9.752190e+01 1.891254e-01
3.039135e+00 9.989942e+03 1.941858e+01 9.748217e-02
1.293641e+00 9.932470e+03 -1.359902e+02 3.527858e-02
0.000000e+00 1.009424e+04 0.000000e+00 0.000000e+00
2.559711e+01 7.913649e+03 -8.837509e+02 8.571537e-01
2.157716e+01 7.967333e+03 -5.656654e+02 7.399081e-01
1.735456e+01 8.736264e+03 -2.699008e+02 5.967547e-01
1.256645e+01 8.795878e+03 -1.909427e+02 4.469133e-01
8.310389e+00 9.500807e+03 -2.009888e+01 3.077485e-01
5.128794e+00 9.480835e+03 -9.717117e+01 1.891254e-01
2.646760e+00 9.994095e+03 2.095768e+01 9.748217e-02
9.599262e-01 9.930148e+03 -1.327242e+02 3.527858e-02
0.000000e+00 1.009424e+04 0.000000e+00 0.000000e+00
2.603906e+01 7.925447e+03 -8.774440e+02 8.571537e-01
2.190956e+01 7.983437e+03 -5.603228e+02 7.399081e-01
1.721732e+01 8.743269e+03 -2.684229e+02 5.967547e-01
1.281700e+01 8.805010e+03 -1.884364e+02 4.469133e-01
8.893559e+00 9.502989e+03 -2.022759e+01 3.077485e-01
5.339866e+00 9.484509e+03 -9.522946e+01 1.891254e-01
2.708135e+00 9.995414e+03 2.052371e+01 9.748217e-02
9.898274e-01 9.930388e+03 -1.316895e+02 3.527858e-02
0.000000e+00 1.009424e+04 0.000000e+00 0.000000e+00
2.608896e+01 7.947029e+03 -8.673044e+02 8.571537e-01
2.167192e+01 7.997523e+03 -5.527675e+02 7.399081e-01
1.730923e+01 8.757563e+03 -2.668787e+02 5.967547e-01
1.279257e+01 8.812384e+03 -1.838018e+02 4.469133e-01
8.702645e+00 9.510131e+03 -2.151702e+01 3.077485e-01
5.314146e+00 9.488039e+03 -9.295846e+01 1.891254e-01
2.709727e+00 9.997449e+03 1.984466e+01 9.748217e-02
1.016026e+00 9.931211e+03 -1.295300e+02 3.527858e-02
0.000000e+00 1.009424e+04 0.000000e+00 0.000000e+00
0.000000e+00 6.863746e+03 -1.272063e+03 8.571537e-01
0.000000e+00 7.821606e+03 -7.629644e+02 7.399081e-01
0.000000e+00 7.893452e+03 -4.858765e+02 5.967547e-01
0.000000e+00 8.854946e+03 -1.842321e+02 4.469133e-01
0.000000e+00 8.900296e+03 -1.539268e+02 3.077485e-01
0.000000e+00 9.690915e+03 4.750175e+01 1.891254e-01
0.000000e+00 9.623386e+03 -4.587318e+01 9.748217e-02
0.000000e+00 1.008707e+04 1.524030e+02 3.527858e-02
0.000000e+00 1.009424e+04 0.000000e+00 0.000000e+00
1.539812e+01 6.909926e+03 -1.267526e+03 8.571537e-01
1.273449e+01 7.857101e+03 -7.586738e+02 7.399081e-01
9.895446e+00 7.936463e+03 -4.824065e+02 5.967547e-01
7.147641e+00 8.883079e+03 -1.828687e+02 4.469133e-01
4.655548e+00 8.932913e+03 -1.520559e+02 3.077485e-01
2.899941e+00 9.703944e+03 4.913351e+01 1.891254e-01
1.533326e+00 9.639296e+03 -4.415492e+01 9.748217e-02
6.520276e-01 1.008508e+04 1.577759e+02 3.527858e-02
0.000000e+00 1.009424e+04 0.000000e+00 0.000000e+00
2.627641e+01 6.951111e+03 -1.255775e+03 8.571537e-01
2.213221e+01 7.862021e+03 -7.501181e+02 7.399081e-01
1.751398e+01 7.970201e+03 -4.763298e+02 5.967547e-01
1.274363e+01 8.881630e+03 -1.808210e+02 4.469133e-01
8.497530e+00 8.955378e+03 -1.490896e+02 3.077485e-01
4.978167e+00 9.697297e+03 4.965827e+01 1.891254e-01
2.433335e+00 9.650064e+03 -4.201606e+01 9.748217e-02
8.453998e-01 1.007704e+04 1.617206e+02 3.527858e-02
0.000000e+00 1.009424e+04 0.000000e+00 0.000000e+00
2.673200e+01 6.975895e+03 -1.242195e+03 8.571537e-01
2.313833e+01 7.880890e+03 -7.393030e+02 7.399081e-01
1.853943e+01 7.986374e+03 -4.704448e+02 5.967547e-01
1.373246e+01 8.894258e+03 -1.766182e+02 4.469133e-01
9.317619e+00 8.961511e+03 -1.478851e+02 3.077485e-01
5.312529e+00 9.706595e+03 4.654007e+01 1.891254e-01
2.703058e+00 9.646175e+03 -4.369962e+01 9.748217e-02
5.700078e-01 1.008695e+04 1.466736e+02 3.527858e-02
0.000000e+00 1.009424e+04 0.000000e+00 0.000000e+00
2.806683e+01 6.991592e+03 -1.234212e+03 8.571537e-01
2.320720e+01 7.899915e+03 -7.328442e+02 7.399081e-01
1.859901e+01 7.997228e+03 -4.641640e+02 5.967547e-01
1.361361e+01 8.907730e+03 -1.744410e+02 4.469133e-01
9.182636e+00 8.966464e+03 -1.444227e+02 3.077485e-01
5.911268e+00 9.713447e+03 4.646974e+01 1.891254e-01
3.032898e+00 9.647295e+03 -4.271465e+01 9.748217e-02
1.429193e+00 1.009118e+04 1.446993e+02 3.527858e-02
0.000000e+00 1.009424e+04 0.000000e+00 0.000000e+00
3.162471e+01 7.012566e+03 -1.218742e+03 8.571537e-01
2.634538e+01 7.916304e+03 -7.244109e+02 7.399081e-01
2.109068e+01 8.013112e+03 -4.565918e+02 5.967547e-01
1.577682e+01 8.916902e+03 -1.730717e+02 4.469133e-01
1.085587e+01 8.976343e+03 -1.406584e+02 3.077485e-01
6.426925e+00 9.713091e+03 4.749490e+01 1.891254e-01
3.336422e+00 9.654532e+03 -3.920752e+01 9.748217e-02
1.086427e+00 1.008523e+04 1.537040e+02 3.527858e-02
0.000000e+00 1.009424e+04 0.000000e+00 0.000000e+00
2.557187e+01 7.030251e+03 -1.209164e+03 8.571537e-01
2.173769e+01 7.934409e+03 -7.161226e+02 7.399081e-01
1.716335e+01 8.024420e+03 -4.529446e+02 5.967547e-01
1.254862e+01 8.927949e+03 -1.682338e+02 4.469133e-01
8.397208e+00 8.982060e+03 -1.418554e+02 3.077485e-01
4.926240e+00 9.718446e+03 4.796672e+01 1.891254e-01
2.562143e+00 9.653061e+03 -4.004966e+01 9.748217e-02
8.566946e-01 1.008811e+04 1.494058e+02 3.527858e-02
0.000000e+00 1.009424e+04 0.000000e+00 0.000000e+00
2.843250e+01 7.050640e+03 -1.201718e+03 8.571537e-01
2.383983e+01 7.944945e+03 -7.094601e+02 7.399081e-01
1.926889e+01 8.039348e+03 -4.481251e+02 5.967547e-01
1.411683e+01 8.934198e+03 -1.660350e+02 4.469133e-01
9.657752e+00 8.990069e+03 -1.391968e+02 3.077485e-01
5.967178e+00 9.720341e+03 4.828030e+01 1.891254e-01
3.015313e+00 9.654184e+03 -3.948442e+01 9.748217e-02
1.127208e+00 1.008875e+04 1.479320e+02 3.527858e-02
0.000000e+00 1.009424e+04 0.000000e+00 0.000000e+00
2.807698e+01 7.065747e+03 -1.185819e+03 8.571537e-01
2.344217e+01 7.960756e+03 -6.996498e+02 7.399081e-01
1.872234e+01 8.050021e+03 -4.407108e+02 5.967547e-01
1.386248e+01 8.944928e+03 -1.647870e+02 4.469133e-01
9.456605e+00 8.994360e+03 -1.346385e+02 3.077485e-01
5.741719e+00 9.724407e+03 4.770868e+01 1.891254e-01
2.971002e+00 9.655223e+03 -3.772593e+01 9.748217e-02
1.036605e+00 1.008917e+04 1.485326e+02 3.527858e-02
0.000000e+00 1.009424e+04 0.000000e+00 0.000000e+00
