0 729 0.00000e+00
  1     729
0.000000e+00 -2.417942e+03 1.723933e+03 1.000000e+00
0.000000e+00 -2.285142e+03 1.813500e+03 1.000000e+00
0.000000e+00 -2.186428e+03 1.735699e+03 1.000000e+00
0.000000e+00 -1.913813e+03 1.779901e+03 1.000000e+00
0.000000e+00 -1.741427e+03 1.533379e+03 1.000000e+00
0.000000e+00 -1.224990e+03 1.563629e+03 1.000000e+00
0.000000e+00 -5.994888e+02 1.146167e+03 1.000000e+00
0.000000e+00 4.038199e+02 1.162311e+03 1.000000e+00
0.000000e+00 1.395658e+03 6.900529e+02 1.000000e+00
9.253901e-01 -2.455089e+03 1.707365e+03 1.000000e+00
3.285957e-01 -2.277858e+03 1.834295e+03 1.000000e+00
-1.202145e+00 -2.220604e+03 1.711608e+03 1.000000e+00
-2.689236e+00 -1.904499e+03 1.814906e+03 1.000000e+00
-3.763827e+00 -1.767552e+03 1.479385e+03 1.000000e+00
-7.205763e+00 -1.203844e+03 1.627085e+03 1.000000e+00
-8.107373e+00 -6.164682e+02 1.075661e+03 1.000000e+00
-9.128586e+00 4.353680e+02 1.236648e+03 1.000000e+00
-9.444504e+00 1.392564e+03 6.079238e+02 1.000000e+00
3.616667e+00 -2.483296e+03 1.695846e+03 1.000000e+00
-9.437601e-02 -2.272821e+03 1.850660e+03 1.000000e+00
-3.349785e+00 -2.243723e+03 1.694074e+03 1.000000e+00
-8.267112e+00 -1.894836e+03 1.841273e+03 1.000000e+00
-1.162617e+01 -1.780497e+03 1.439825e+03 1.000000e+00
-1.697474e+01 -1.179929e+03 1.673013e+03 1.000000e+00
-1.895166e+01 -6.168227e+02 1.023404e+03 1.000000e+00
-2.288254e+01 4.726656e+02 1.286650e+03 1.000000e+00
-2.464060e+01 1.402858e+03 5.466490e+02 1.000000e+00
5.263901e+00 -2.486515e+03 1.702900e+03 1.000000e+00
1.776621e+00 -2.288589e+03 1.846580e+03 1.000000e+00
-3.602949e+00 -2.241359e+03 1.701421e+03 1.000000e+00
-8.891843e+00 -1.901807e+03 1.832030e+03 1.000000e+00
-1.775168e+01 -1.767129e+03 1.452484e+03 1.000000e+00
-2.508611e+01 -1.173928e+03 1.654823e+03 1.000000e+00
-3.046681e+01 -5.882116e+02 1.038875e+03 1.000000e+00
-3.203381e+01 4.916120e+02 1.261835e+03 1.000000e+00
-3.132418e+01 1.437567e+03 5.652281e+02 1.000000e+00
5.980830e+00 -2.494136e+03 1.704667e+03 1.000000e+00
2.755317e-01 -2.292581e+03 1.848974e+03 1.000000e+00
-4.968816e+00 -2.243492e+03 1.701615e+03 1.000000e+00
-1.169131e+01 -1.898363e+03 1.832250e+03 1.000000e+00
-2.043848e+01 -1.751973e+03 1.447324e+03 1.000000e+00
-3.087059e+01 -1.152581e+03 1.653443e+03 1.000000e+00
-3.741402e+01 -5.612758e+02 1.032200e+03 1.000000e+00
-3.934770e+01 5.219642e+02 1.261578e+03 1.000000e+00
-3.882484e+01 1.469237e+03 5.581362e+02 1.000000e+00
7.393834e+00 -2.501828e+03 1.706499e+03 1.000000e+00
8.865854e-01 -2.293038e+03 1.850259e+03 1.000000e+00
-7.400799e+00 -2.243515e+03 1.701147e+03 1.000000e+00
-1.672372e+01 -1.892368e+03 1.831518e+03 1.000000e+00
-2.588315e+01 -1.737917e+03 1.446108e+03 1.000000e+00
-3.393270e+01 -1.129426e+03 1.648665e+03 1.000000e+00
-4.018904e+01 -5.348644e+02 1.028346e+03 1.000000e+00
-4.593995e+01 5.601959e+02 1.253247e+03 1.000000e+00
-4.783508e+01 1.507196e+03 5.532418e+02 1.000000e+00
6.890262e+00 -2.506568e+03 1.709198e+03 1.000000e+00
2.912326e-01 -2.295466e+03 1.850675e+03 1.000000e+00
-5.859175e+00 -2.239809e+03 1.701442e+03 1.000000e+00
-1.445708e+01 -1.883040e+03 1.828027e+03 1.000000e+00
-2.731234e+01 -1.725677e+03 1.445085e+03 1.000000e+00
-4.013689e+01 -1.110239e+03 1.642315e+03 1.000000e+00
-4.752633e+01 -5.040667e+02 1.025852e+03 1.000000e+00
-4.823304e+01 5.924012e+02 1.244650e+03 1.000000e+00
-4.559664e+01 1.545497e+03 5.505577e+02 1.000000e+00
7.358847e+00 -2.509243e+03 1.710956e+03 1.000000e+00
-8.926637e-02 -2.296276e+03 1.852052e+03 1.000000e+00
-8.916595e+00 -2.236678e+03 1.700740e+03 1.000000e+00
-1.846351e+01 -1.873317e+03 1.826257e+03 1.000000e+00
-2.882595e+01 -1.709968e+03 1.439975e+03 1.000000e+00
-3.949538e+01 -1.084600e+03 1.637798e+03 1.000000e+00
-4.685102e+01 -4.715653e+02 1.019405e+03 1.000000e+00
-5.155305e+01 6.267696e+02 1.240280e+03 1.000000e+00
-5.256466e+01 1.581359e+03 5.448688e+02 1.000000e+00
6.816286e+00 -2.511517e+03 1.713318e+03 1.000000e+00
-3.364027e-01 -2.295819e+03 1.852313e+03 1.000000e+00
-8.288438e+00 -2.232835e+03 1.699473e+03 1.000000e+00
-1.768608e+01 -1.866225e+03 1.824661e+03 1.000000e+00
-2.977695e+01 -1.692686e+03 1.436301e+03 1.000000e+00
-4.103609e+01 -1.055398e+03 1.632466e+03 1.000000e+00
-4.795544e+01 -4.409668e+02 1.012884e+03 1.000000e+00
-5.188969e+01 6.642343e+02 1.231188e+03 1.000000e+00
-5.206092e+01 1.617765e+03 5.391453e+02 1.000000e+00
0.000000e+00 -2.405149e+03 1.377808e+03 1.000000e+00
0.000000e+00 -2.373047e+03 1.312961e+03 1.000000e+00
0.000000e+00 -2.118199e+03 1.344505e+03 1.000000e+00
0.000000e+00 -1.953711e+03 1.177869e+03 1.000000e+00
0.000000e+00 -1.583088e+03 1.216022e+03 1.000000e+00
0.000000e+00 -1.173065e+03 8.820854e+02 1.000000e+00
0.000000e+00 -3.427221e+02 9.386639e+02 1.000000e+00
0.000000e+00 5.021398e+02 5.285539e+02 1.000000e+00
0.000000e+00 1.689883e+03 6.315504e+02 1.000000e+00
1.353198e-01 -2.399128e+03 1.393625e+03 1.000000e+00
-1.551955e+00 -2.413734e+03 1.294366e+03 1.000000e+00
-2.315973e+00 -2.110131e+03 1.367828e+03 1.000000e+00
-3.066473e+00 -1.989356e+03 1.144538e+03 1.000000e+00
-4.381457e+00 -1.569840e+03 1.267476e+03 1.000000e+00
-4.916656e+00 -1.199398e+03 8.194064e+02 1.000000e+00
-8.245019e+00 -3.176715e+02 1.004467e+03 1.000000e+00
-9.487466e+00 4.874916e+02 4.552394e+02 1.000000e+00
-8.738387e+00 1.729534e+03 7.100659e+02 1.000000e+00
5.800080e-01 -2.393457e+03 1.405940e+03 1.000000e+00
-1.852268e+00 -2.441416e+03 1.280356e+03 1.000000e+00
-5.874497e+00 -2.102498e+03 1.385079e+03 1.000000e+00
-7.314115e+00 -2.010735e+03 1.120156e+03 1.000000e+00
-1.136407e+01 -1.552177e+03 1.304931e+03 1.000000e+00
-1.355502e+01 -1.206737e+03 7.735298e+02 1.000000e+00
-1.482311e+01 -2.861589e+02 1.051776e+03 1.000000e+00
-1.328424e+01 4.925364e+02 4.026465e+02 1.000000e+00
-1.594482e+01 1.774975e+03 7.613041e+02 1.000000e+00
2.644292e-01 -2.409641e+03 1.402859e+03 1.000000e+00
-2.609714e+00 -2.439314e+03 1.285543e+03 1.000000e+00
-5.875112e+00 -2.113336e+03 1.378705e+03 1.000000e+00
-1.092747e+01 -2.002555e+03 1.127819e+03 1.000000e+00
-1.616015e+01 -1.550069e+03 1.290879e+03 1.000000e+00
-2.137746e+01 -1.180092e+03 7.876827e+02 1.000000e+00
-2.471077e+01 -2.695291e+02 1.032928e+03 1.000000e+00
-2.758359e+01 5.309424e+02 4.195788e+02 1.000000e+00
-2.504107e+01 1.803839e+03 7.382289e+02 1.000000e+00
4.986159e-01 -2.416807e+03 1.403414e+03 1.000000e+00
-5.186096e+00 -2.445434e+03 1.285420e+03 1.000000e+00
-9.575210e+00 -2.114104e+03 1.379256e+03 1.000000e+00
-1.363067e+01 -1.999355e+03 1.125130e+03 1.000000e+00
-2.038586e+01 -1.542399e+03 1.290217e+03 1.000000e+00
-2.718751e+01 -1.160158e+03 7.826151e+02 1.000000e+00
-3.128992e+01 -2.434649e+02 1.031939e+03 1.000000e+00
-3.170243e+01 5.603712e+02 4.147586e+02 1.000000e+00
-3.027947e+01 1.836367e+03 7.414494e+02 1.000000e+00
7.750708e-01 -2.420105e+03 1.404352e+03 1.000000e+00
-3.328752e+00 -2.449227e+03 1.284895e+03 1.000000e+00
-1.054235e+01 -2.111811e+03 1.377157e+03 1.000000e+00
-1.829303e+01 -1.992589e+03 1.124379e+03 1.000000e+00
-2.450160e+01 -1.528096e+03 1.287681e+03 1.000000e+00
-3.012213e+01 -1.137418e+03 7.810478e+02 1.000000e+00
-3.353994e+01 -2.109731e+02 1.027425e+03 1.000000e+00
-3.494350e+01 5.905414e+02 4.140089e+02 1.000000e+00
-3.428976e+01 1.871411e+03 7.348282e+02 1.000000e+00
-8.166441e-01 -2.425041e+03 1.405056e+03 1.000000e+00
-7.208971e+00 -2.449272e+03 1.284500e+03 1.000000e+00
-1.125019e+01 -2.110047e+03 1.375450e+03 1.000000e+00
-1.657685e+01 -1.985207e+03 1.121975e+03 1.000000e+00
-2.742462e+01 -1.508632e+03 1.282632e+03 1.000000e+00
-3.655992e+01 -1.108198e+03 7.801427e+02 1.000000e+00
-4.067219e+01 -1.802521e+02 1.022591e+03 1.000000e+00
-4.168087e+01 6.261847e+02 4.120704e+02 1.000000e+00
-4.021336e+01 1.903102e+03 7.299117e+02 1.000000e+00
4.839551e-01 -2.429754e+03 1.405186e+03 1.000000e+00
-5.424925e+00 -2.449683e+03 1.283451e+03 1.000000e+00
-1.309917e+01 -2.105899e+03 1.374516e+03 1.000000e+00
-2.108587e+01 -1.977069e+03 1.118311e+03 1.000000e+00
-2.775817e+01 -1.491087e+03 1.279022e+03 1.000000e+00
-3.475866e+01 -1.083555e+03 7.754346e+02 1.000000e+00
-3.998805e+01 -1.512140e+02 1.019085e+03 1.000000e+00
-4.085865e+01 6.597448e+02 4.085295e+02 1.000000e+00
-3.957922e+01 1.936073e+03 7.278127e+02 1.000000e+00
-4.693492e-01 -2.433096e+03 1.405379e+03 1.000000e+00
-6.603703e+00 -2.448669e+03 1.282580e+03 1.000000e+00
-1.304996e+01 -2.100581e+03 1.370875e+03 1.000000e+00
-2.027756e+01 -1.965799e+03 1.116215e+03 1.000000e+00
-2.884833e+01 -1.473416e+03 1.276326e+03 1.000000e+00
-3.641133e+01 -1.061378e+03 7.710546e+02 1.000000e+00
-4.093058e+01 -1.202617e+02 1.013267e+03 1.000000e+00
-4.237873e+01 6.922059e+02 4.058425e+02 1.000000e+00
-4.065077e+01 1.974110e+03 7.224801e+02 1.000000e+00
0.000000e+00 -2.490083e+03 9.539748e+02 1.000000e+00
0.000000e+00 -2.301021e+03 9.683699e+02 1.000000e+00
0.000000e+00 -2.175325e+03 8.323736e+02 1.000000e+00
0.000000e+00 -1.831916e+03 8.449020e+02 1.000000e+00
0.000000e+00 -1.594936e+03 5.935180e+02 1.000000e+00
0.000000e+00 -9.821463e+02 6.647460e+02 1.000000e+00
0.000000e+00 -3.241815e+02 3.156177e+02 1.000000e+00
0.000000e+00 7.318139e+02 4.431765e+02 1.000000e+00
0.000000e+00 1.712885e+03 7.193975e+01 1.000000e+00
-1.588982e+00 -2.531593e+03 9.383381e+02 1.000000e+00
-2.639982e+00 -2.289960e+03 9.864614e+02 1.000000e+00
-3.310267e+00 -2.213139e+03 8.104629e+02 1.000000e+00
-3.084306e+00 -1.816330e+03 8.764927e+02 1.000000e+00
-3.507795e+00 -1.625211e+03 5.438186e+02 1.000000e+00
-3.913472e+00 -9.559042e+02 7.247531e+02 1.000000e+00
-3.764657e+00 -3.380181e+02 2.487923e+02 1.000000e+00
-5.637386e+00 7.741054e+02 5.133829e+02 1.000000e+00
-4.454932e+00 1.711866e+03 -2.499732e+00 1.000000e+00
-1.863456e+00 -2.563619e+03 9.270121e+02 1.000000e+00
-3.582175e+00 -2.281095e+03 9.995626e+02 1.000000e+00
-5.931288e+00 -2.237782e+03 7.931360e+02 1.000000e+00
-9.419233e+00 -1.803518e+03 8.991871e+02 1.000000e+00
-9.649178e+00 -1.642145e+03 5.084794e+02 1.000000e+00
-1.085315e+01 -9.276425e+02 7.678769e+02 1.000000e+00
-1.066993e+01 -3.367043e+02 2.010490e+02 1.000000e+00
-1.157274e+01 8.124749e+02 5.620113e+02 1.000000e+00
-9.303880e+00 1.720614e+03 -5.264397e+01 1.000000e+00
-3.875993e+00 -2.565624e+03 9.310818e+02 1.000000e+00
-7.064278e+00 -2.297710e+03 9.937963e+02 1.000000e+00
-9.379202e+00 -2.234728e+03 7.976517e+02 1.000000e+00
-1.021710e+01 -1.810837e+03 8.898304e+02 1.000000e+00
-1.461386e+01 -1.627529e+03 5.195008e+02 1.000000e+00
-1.881844e+01 -9.238253e+02 7.511435e+02 1.000000e+00
-2.032014e+01 -3.092011e+02 2.180402e+02 1.000000e+00
-1.766105e+01 8.286111e+02 5.442160e+02 1.000000e+00
-1.772743e+01 1.754929e+03 -3.332463e+01 1.000000e+00
-4.270415e+00 -2.572029e+03 9.297963e+02 1.000000e+00
-8.806079e+00 -2.300532e+03 9.925028e+02 1.000000e+00
-1.211926e+01 -2.236711e+03 7.964567e+02 1.000000e+00
-1.575621e+01 -1.804846e+03 8.890128e+02 1.000000e+00
-1.958363e+01 -1.611719e+03 5.143853e+02 1.000000e+00
-2.268652e+01 -9.034619e+02 7.518748e+02 1.000000e+00
-2.362440e+01 -2.813585e+02 2.145631e+02 1.000000e+00
-2.487234e+01 8.635196e+02 5.465701e+02 1.000000e+00
-2.156714e+01 1.789085e+03 -3.538120e+01 1.000000e+00
-5.715792e+00 -2.579765e+03 9.292019e+02 1.000000e+00
-8.608100e+00 -2.300819e+03 9.912501e+02 1.000000e+00
-1.331050e+01 -2.235032e+03 7.935287e+02 1.000000e+00
-1.995023e+01 -1.799378e+03 8.860333e+02 1.000000e+00
-2.408999e+01 -1.599121e+03 5.148610e+02 1.000000e+00
-2.592604e+01 -8.787980e+02 7.500410e+02 1.000000e+00
-2.733907e+01 -2.538541e+02 2.143667e+02 1.000000e+00
-2.686818e+01 8.973735e+02 5.426162e+02 1.000000e+00
-2.615846e+01 1.820488e+03 -3.207141e+01 1.000000e+00
-5.652539e+00 -2.581980e+03 9.278677e+02 1.000000e+00
-1.264045e+01 -2.303079e+03 9.890320e+02 1.000000e+00
-1.636537e+01 -2.231439e+03 7.915739e+02 1.000000e+00
-1.818880e+01 -1.790290e+03 8.827167e+02 1.000000e+00
-2.386818e+01 -1.584124e+03 5.124971e+02 1.000000e+00
-3.208525e+01 -8.584190e+02 7.456780e+02 1.000000e+00
-3.397089e+01 -2.239139e+02 2.152976e+02 1.000000e+00
-3.022751e+01 9.314208e+02 5.420426e+02 1.000000e+00
-2.716097e+01 1.860435e+03 -3.271544e+01 1.000000e+00
-7.036279e+00 -2.583191e+03 9.257469e+02 1.000000e+00
-1.095060e+01 -2.302423e+03 9.868235e+02 1.000000e+00
-1.617136e+01 -2.227944e+03 7.888361e+02 1.000000e+00
-2.268919e+01 -1.779244e+03 8.800751e+02 1.000000e+00
-2.777235e+01 -1.565779e+03 5.077682e+02 1.000000e+00
-2.992210e+01 -8.317289e+02 7.428185e+02 1.000000e+00
-3.207961e+01 -1.907681e+02 2.129841e+02 1.000000e+00
-3.407293e+01 9.666104e+02 5.404670e+02 1.000000e+00
-3.209110e+01 1.897406e+03 -3.253176e+01 1.000000e+00
-7.035145e+00 -2.586656e+03 9.248206e+02 1.000000e+00
-1.232500e+01 -2.302152e+03 9.845701e+02 1.000000e+00
-1.721740e+01 -2.223241e+03 7.848323e+02 1.000000e+00
-2.193762e+01 -1.770340e+03 8.760008e+02 1.000000e+00
-2.766838e+01 -1.550239e+03 5.060708e+02 1.000000e+00
-3.260384e+01 -8.034216e+02 7.399005e+02 1.000000e+00
-3.435870e+01 -1.598715e+02 2.102549e+02 1.000000e+00
-3.343805e+01 9.989610e+02 5.353423e+02 1.000000e+00
-3.087071e+01 1.924408e+03 -3.119613e+01 1.000000e+00
0.000000e+00 -2.404412e+03 6.610123e+02 1.000000e+00
0.000000e+00 -2.353812e+03 5.299321e+02 1.000000e+00
0.000000e+00 -2.049054e+03 5.125048e+02 1.000000e+00
0.000000e+00 -1.864754e+03 3.200584e+02 1.000000e+00
0.000000e+00 -1.430177e+03 3.620676e+02 1.000000e+00
0.000000e+00 -9.890034e+02 5.880389e+01 1.000000e+00
0.000000e+00 -1.195314e+02 1.939652e+02 1.000000e+00
0.000000e+00 7.024374e+02 -1.318280e+02 1.000000e+00
0.000000e+00 1.897858e+03 9.261980e+01 1.000000e+00
-1.271847e+00 -2.393497e+03 6.743442e+02 1.000000e+00
-3.515516e+00 -2.397131e+03 5.122639e+02 1.000000e+00
-3.060808e+00 -2.035616e+03 5.341642e+02 1.000000e+00
-1.667650e+00 -1.902955e+03 2.884643e+02 1.000000e+00
-2.067800e+00 -1.409823e+03 4.081055e+02 1.000000e+00
-1.071932e+00 -1.017618e+03 2.484033e+00 1.000000e+00
-6.273891e-01 -9.161849e+01 2.565985e+02 1.000000e+00
-1.210855e+00 6.861007e+02 -2.010896e+02 1.000000e+00
-8.726211e-01 1.940424e+03 1.677370e+02 1.000000e+00
-5.608338e+00 -2.384713e+03 6.836837e+02 1.000000e+00
-5.440542e+00 -2.427992e+03 4.992542e+02 1.000000e+00
-7.779401e+00 -2.024898e+03 5.477794e+02 1.000000e+00
-9.874673e+00 -1.925738e+03 2.647860e+02 1.000000e+00
-1.175776e+01 -1.389353e+03 4.414771e+02 1.000000e+00
-1.018656e+01 -1.030643e+03 -3.728625e+01 1.000000e+00
-1.038604e+01 -6.192392e+01 3.005166e+02 1.000000e+00
-7.610862e+00 6.911100e+02 -2.472434e+02 1.000000e+00
-7.672428e+00 1.982862e+03 2.177849e+02 1.000000e+00
-6.697914e+00 -2.401799e+03 6.784541e+02 1.000000e+00
-1.074829e+01 -2.425336e+03 5.019631e+02 1.000000e+00
-1.131216e+01 -2.036652e+03 5.402596e+02 1.000000e+00
-1.114200e+01 -1.918080e+03 2.708483e+02 1.000000e+00
-1.193461e+01 -1.390425e+03 4.284837e+02 1.000000e+00
-1.429864e+01 -1.003738e+03 -2.351142e+01 1.000000e+00
-1.337650e+01 -4.657059e+01 2.846423e+02 1.000000e+00
-1.260670e+01 7.268013e+02 -2.275235e+02 1.000000e+00
-8.430231e+00 2.007678e+03 2.006935e+02 1.000000e+00
-8.630358e+00 -2.407892e+03 6.765414e+02 1.000000e+00
-1.154171e+01 -2.430044e+03 4.987419e+02 1.000000e+00
-1.467434e+01 -2.036272e+03 5.386282e+02 1.000000e+00
-1.725528e+01 -1.916930e+03 2.684978e+02 1.000000e+00
-1.737612e+01 -1.380361e+03 4.281005e+02 1.000000e+00
-1.804700e+01 -9.814197e+02 -2.776487e+01 1.000000e+00
-1.870709e+01 -2.103317e+01 2.875204e+02 1.000000e+00
-1.653668e+01 7.529238e+02 -2.293895e+02 1.000000e+00
-1.411623e+01 2.039642e+03 2.080733e+02 1.000000e+00
-1.146081e+01 -2.410811e+03 6.745728e+02 1.000000e+00
-1.431801e+01 -2.434391e+03 4.969020e+02 1.000000e+00
-1.611524e+01 -2.034279e+03 5.347384e+02 1.000000e+00
-1.967340e+01 -1.907926e+03 2.658055e+02 1.000000e+00
-2.525428e+01 -1.366349e+03 4.256630e+02 1.000000e+00
-2.561346e+01 -9.644152e+02 -2.651657e+01 1.000000e+00
-2.176855e+01 6.898088e+00 2.874908e+02 1.000000e+00
-1.836918e+01 7.858864e+02 -2.252803e+02 1.000000e+00
-1.692371e+01 2.075033e+03 2.049003e+02 1.000000e+00
-1.065853e+01 -2.416240e+03 6.719822e+02 1.000000e+00
-1.581462e+01 -2.433052e+03 4.936416e+02 1.000000e+00
-1.957950e+01 -2.031038e+03 5.318002e+02 1.000000e+00
-2.039413e+01 -1.899776e+03 2.626304e+02 1.000000e+00
-2.047138e+01 -1.349548e+03 4.219626e+02 1.000000e+00
-2.393750e+01 -9.359719e+02 -2.707018e+01 1.000000e+00
-2.685648e+01 3.672694e+01 2.864443e+02 1.000000e+00
-2.528916e+01 8.143087e+02 -2.221631e+02 1.000000e+00
-1.757956e+01 2.104218e+03 2.089645e+02 1.000000e+00
-1.301605e+01 -2.420304e+03 6.691365e+02 1.000000e+00
-1.659690e+01 -2.431940e+03 4.895669e+02 1.000000e+00
-1.983632e+01 -2.026212e+03 5.280804e+02 1.000000e+00
-2.367687e+01 -1.892883e+03 2.594236e+02 1.000000e+00
-2.805413e+01 -1.332816e+03 4.192400e+02 1.000000e+00
-2.803248e+01 -9.107985e+02 -2.953637e+01 1.000000e+00
-2.511837e+01 6.508377e+01 2.852676e+02 1.000000e+00
-2.234672e+01 8.462600e+02 -2.214279e+02 1.000000e+00
-2.247246e+01 2.135914e+03 2.109192e+02 1.000000e+00
-1.283845e+01 -2.421906e+03 6.656639e+02 1.000000e+00
-1.741554e+01 -2.431544e+03 4.865395e+02 1.000000e+00
-2.052974e+01 -2.021376e+03 5.234805e+02 1.000000e+00
-2.317743e+01 -1.881361e+03 2.551731e+02 1.000000e+00
-2.662016e+01 -1.315477e+03 4.158077e+02 1.000000e+00
-2.850524e+01 -8.921465e+02 -2.941654e+01 1.000000e+00
-2.764563e+01 9.478574e+01 2.842997e+02 1.000000e+00
-2.506258e+01 8.848211e+02 -2.206571e+02 1.000000e+00
-2.167732e+01 2.176586e+03 2.059072e+02 1.000000e+00
0.000000e+00 -2.457296e+03 2.944464e+02 1.000000e+00
0.000000e+00 -2.224056e+03 2.501454e+02 1.000000e+00
0.000000e+00 -2.088492e+03 7.136178e+01 1.000000e+00
0.000000e+00 -1.703445e+03 5.867023e+01 1.000000e+00
0.000000e+00 -1.459125e+03 -1.935065e+02 1.000000e+00
0.000000e+00 -8.136730e+02 -8.524393e+01 1.000000e+00
0.000000e+00 -1.783822e+02 -3.866941e+02 1.000000e+00
0.000000e+00 8.702543e+02 -1.677630e+02 1.000000e+00
0.000000e+00 1.787157e+03 -4.605196e+02 1.000000e+00
-3.598972e+00 -2.504552e+03 2.804834e+02 1.000000e+00
-3.519770e+00 -2.208653e+03 2.659184e+02 1.000000e+00
-4.602651e+00 -2.131824e+03 4.984143e+01 1.000000e+00
-5.226386e+00 -1.689072e+03 8.768551e+01 1.000000e+00
-3.194772e+00 -1.497805e+03 -2.377773e+02 1.000000e+00
-2.138783e+00 -7.876916e+02 -3.147279e+01 1.000000e+00
-2.987837e+00 -2.024034e+02 -4.488536e+02 1.000000e+00
-4.377844e+00 9.055439e+02 -1.016957e+02 1.000000e+00
-1.484298e+00 1.778903e+03 -5.277598e+02 1.000000e+00
-6.292965e+00 -2.538844e+03 2.696442e+02 1.000000e+00
-8.103112e+00 -2.196691e+03 2.756754e+02 1.000000e+00
-7.739192e+00 -2.160392e+03 3.333426e+01 1.000000e+00
-7.721858e+00 -1.674036e+03 1.066681e+02 1.000000e+00
-6.882787e+00 -1.515500e+03 -2.703645e+02 1.000000e+00
-9.279827e+00 -7.593101e+02 4.284424e+00 1.000000e+00
-5.901246e+00 -2.069889e+02 -4.885919e+02 1.000000e+00
-1.148654e+00 9.403718e+02 -5.530955e+01 1.000000e+00
1.813434e+00 1.789895e+03 -5.709688e+02 1.000000e+00
-1.059787e+01 -2.538691e+03 2.711532e+02 1.000000e+00
-1.264176e+01 -2.212725e+03 2.683098e+02 1.000000e+00
-1.346473e+01 -2.155506e+03 3.630630e+01 1.000000e+00
-1.332886e+01 -1.679961e+03 9.659495e+01 1.000000e+00
-1.370418e+01 -1.498534e+03 -2.612861e+02 1.000000e+00
-1.044245e+01 -7.561114e+02 -9.153172e+00 1.000000e+00
-8.553680e+00 -1.766165e+02 -4.710133e+02 1.000000e+00
-7.572682e+00 9.604425e+02 -7.008769e+01 1.000000e+00
-5.353621e+00 1.827241e+03 -5.489496e+02 1.000000e+00
-1.232001e+01 -2.546361e+03 2.677996e+02 1.000000e+00
-1.534704e+01 -2.215379e+03 2.651495e+02 1.000000e+00
-1.732307e+01 -2.158165e+03 3.204980e+01 1.000000e+00
-1.910325e+01 -1.676837e+03 9.546218e+01 1.000000e+00
-1.792353e+01 -1.492487e+03 -2.635054e+02 1.000000e+00
-1.662290e+01 -7.414121e+02 -5.877052e+00 1.000000e+00
-1.514203e+01 -1.525294e+02 -4.744349e+02 1.000000e+00
-1.164284e+01 9.907422e+02 -6.374804e+01 1.000000e+00
-6.970257e+00 1.854349e+03 -5.475291e+02 1.000000e+00
-1.533855e+01 -2.551938e+03 2.641940e+02 1.000000e+00
-1.798595e+01 -2.215052e+03 2.617963e+02 1.000000e+00
-1.798783e+01 -2.156453e+03 2.857611e+01 1.000000e+00
-1.795392e+01 -1.670500e+03 9.141912e+01 1.000000e+00
-1.945207e+01 -1.475464e+03 -2.652401e+02 1.000000e+00
-2.059072e+01 -7.150497e+02 -8.347591e+00 1.000000e+00
-1.632948e+01 -1.277378e+02 -4.693617e+02 1.000000e+00
-1.077775e+01 1.018880e+03 -6.181947e+01 1.000000e+00
-6.168547e+00 1.887655e+03 -5.398162e+02 1.000000e+00
-1.609280e+01 -2.553312e+03 2.605521e+02 1.000000e+00
-2.015620e+01 -2.217262e+03 2.571327e+02 1.000000e+00
-2.342414e+01 -2.153515e+03 2.507454e+01 1.000000e+00
-2.484428e+01 -1.662888e+03 8.749561e+01 1.000000e+00
-2.400233e+01 -1.461430e+03 -2.674529e+02 1.000000e+00
-2.074575e+01 -6.953322e+02 -8.922504e+00 1.000000e+00
-2.010977e+01 -9.898438e+01 -4.683070e+02 1.000000e+00
-1.951957e+01 1.053201e+03 -5.974200e+01 1.000000e+00
-1.684478e+01 1.919487e+03 -5.349319e+02 1.000000e+00
-1.786007e+01 -2.554995e+03 2.560426e+02 1.000000e+00
-2.093686e+01 -2.217425e+03 2.524607e+02 1.000000e+00
-2.193178e+01 -2.150049e+03 2.010641e+01 1.000000e+00
-2.317012e+01 -1.653326e+03 8.394723e+01 1.000000e+00
-2.446688e+01 -1.447949e+03 -2.692197e+02 1.000000e+00
-2.520719e+01 -6.739982e+02 -1.011528e+01 1.000000e+00
-2.109068e+01 -7.022496e+01 -4.680759e+02 1.000000e+00
-1.478516e+01 1.084284e+03 -5.726094e+01 1.000000e+00
-8.317527e+00 1.952363e+03 -5.305505e+02 1.000000e+00
-1.797338e+01 -2.557644e+03 2.511825e+02 1.000000e+00
-2.161945e+01 -2.215467e+03 2.483450e+02 1.000000e+00
-2.351756e+01 -2.144326e+03 1.523061e+01 1.000000e+00
-2.439077e+01 -1.643329e+03 7.890228e+01 1.000000e+00
-2.550352e+01 -1.428297e+03 -2.725204e+02 1.000000e+00
-2.480267e+01 -6.453682e+02 -1.276824e+01 1.000000e+00
-2.173832e+01 -4.432021e+01 -4.644970e+02 1.000000e+00
-1.778952e+01 1.110394e+03 -5.585352e+01 1.000000e+00
-1.323330e+01 1.984558e+03 -5.249290e+02 1.000000e+00
0.000000e+00 -2.322258e+03 5.974823e+01 1.000000e+00
0.000000e+00 -2.261251e+03 -1.233257e+02 1.000000e+00
0.000000e+00 -1.925690e+03 -1.801047e+02 1.000000e+00
0.000000e+00 -1.747699e+03 -3.994553e+02 1.000000e+00
0.000000e+00 -1.284458e+03 -3.609723e+02 1.000000e+00
0.000000e+00 -8.718800e+02 -6.490807e+02 1.000000e+00
0.000000e+00 -1.674658e+01 -4.611509e+02 1.000000e+00
0.000000e+00 7.393884e+02 -7.430149e+02 1.000000e+00
0.000000e+00 1.902413e+03 -4.225917e+02 1.000000e+00
-3.283955e+00 -2.305060e+03 7.119493e+01 1.000000e+00
-4.310746e+00 -2.307880e+03 -1.391526e+02 1.000000e+00
-4.241224e+00 -1.905610e+03 -1.626943e+02 1.000000e+00
-4.957145e+00 -1.784438e+03 -4.281983e+02 1.000000e+00
-4.393499e+00 -1.258653e+03 -3.182899e+02 1.000000e+00
-7.454351e-01 -9.008885e+02 -6.995865e+02 1.000000e+00
-1.405764e+00 2.032385e+01 -4.063250e+02 1.000000e+00
-1.153571e+00 7.294420e+02 -8.043159e+02 1.000000e+00
2.345432e+00 1.953130e+03 -3.508124e+02 1.000000e+00
-8.979761e+00 -2.293080e+03 7.755093e+01 1.000000e+00
-9.589377e+00 -2.341268e+03 -1.519608e+02 1.000000e+00
-9.851864e+00 -1.891181e+03 -1.525458e+02 1.000000e+00
-7.626490e+00 -1.809776e+03 -4.493172e+02 1.000000e+00
-7.382235e+00 -1.239847e+03 -2.916719e+02 1.000000e+00
-7.126803e+00 -9.135066e+02 -7.340151e+02 1.000000e+00
-5.261176e+00 5.394767e+01 -3.693415e+02 1.000000e+00
-1.939888e-01 7.329995e+02 -8.415060e+02 1.000000e+00
1.851120e+00 1.991698e+03 -3.027052e+02 1.000000e+00
-1.288003e+01 -2.311472e+03 7.070066e+01 1.000000e+00
-1.513226e+01 -2.338255e+03 -1.514396e+02 1.000000e+00
-1.503142e+01 -1.905011e+03 -1.609520e+02 1.000000e+00
-1.532949e+01 -1.805456e+03 -4.448146e+02 1.000000e+00
-1.256184e+01 -1.244527e+03 -3.044652e+02 1.000000e+00
-1.031644e+01 -8.901069e+02 -7.222708e+02 1.000000e+00
-6.455211e+00 6.011758e+01 -3.807812e+02 1.000000e+00
-2.946605e+00 7.611214e+02 -8.214647e+02 1.000000e+00
1.196564e+00 2.009307e+03 -3.166565e+02 1.000000e+00
-1.552919e+01 -2.315697e+03 6.728447e+01 1.000000e+00
-1.775490e+01 -2.342630e+03 -1.567275e+02 1.000000e+00
-1.867436e+01 -1.902664e+03 -1.641568e+02 1.000000e+00
-1.774732e+01 -1.800612e+03 -4.494818e+02 1.000000e+00
-1.773131e+01 -1.230161e+03 -3.039260e+02 1.000000e+00
-1.416009e+01 -8.719493e+02 -7.235009e+02 1.000000e+00
-8.835145e+00 8.475060e+01 -3.748768e+02 1.000000e+00
-4.427848e+00 7.901865e+02 -8.214332e+02 1.000000e+00
3.222204e-01 2.046231e+03 -3.061983e+02 1.000000e+00
-2.005411e+01 -2.319907e+03 6.286810e+01 1.000000e+00
-2.177343e+01 -2.346467e+03 -1.609730e+02 1.000000e+00
-2.178649e+01 -1.901963e+03 -1.692226e+02 1.000000e+00
-2.147629e+01 -1.795502e+03 -4.524531e+02 1.000000e+00
-1.878370e+01 -1.222389e+03 -3.079082e+02 1.000000e+00
-1.740554e+01 -8.570884e+02 -7.217404e+02 1.000000e+00
-1.519023e+01 1.105379e+02 -3.748217e+02 1.000000e+00
-9.989408e+00 8.175469e+02 -8.132598e+02 1.000000e+00
-4.520305e+00 2.070785e+03 -3.029670e+02 1.000000e+00
-1.946671e+01 -2.324833e+03 5.732201e+01 1.000000e+00
-2.337402e+01 -2.344921e+03 -1.660002e+02 1.000000e+00
-2.480550e+01 -1.898808e+03 -1.742802e+02 1.000000e+00
-2.464043e+01 -1.789384e+03 -4.565719e+02 1.000000e+00
-2.364738e+01 -1.208246e+03 -3.092784e+02 1.000000e+00
-1.908287e+01 -8.336732e+02 -7.229507e+02 1.000000e+00
-1.263566e+01 1.354937e+02 -3.714745e+02 1.000000e+00
-7.608273e+00 8.454994e+02 -8.092249e+02 1.000000e+00
-4.004023e+00 2.104942e+03 -2.973920e+02 1.000000e+00
-2.275240e+01 -2.327229e+03 5.216143e+01 1.000000e+00
-2.482856e+01 -2.343229e+03 -1.724420e+02 1.000000e+00
-2.563742e+01 -1.893727e+03 -1.791888e+02 1.000000e+00
-2.473834e+01 -1.780238e+03 -4.609527e+02 1.000000e+00
-2.373219e+01 -1.191281e+03 -3.122880e+02 1.000000e+00
-2.207676e+01 -8.111765e+02 -7.222161e+02 1.000000e+00
-1.847116e+01 1.631288e+02 -3.697701e+02 1.000000e+00
-1.299879e+01 8.776849e+02 -8.048279e+02 1.000000e+00
-6.450171e+00 2.136812e+03 -2.925931e+02 1.000000e+00
-2.260799e+01 -2.329187e+03 4.670893e+01 1.000000e+00
-2.552272e+01 -2.343405e+03 -1.779512e+02 1.000000e+00
-2.627836e+01 -1.891568e+03 -1.849519e+02 1.000000e+00
-2.626068e+01 -1.773167e+03 -4.650175e+02 1.000000e+00
-2.519056e+01 -1.180014e+03 -3.166609e+02 1.000000e+00
-2.207705e+01 -7.946132e+02 -7.219323e+02 1.000000e+00
-1.802040e+01 1.886485e+02 -3.705519e+02 1.000000e+00
-1.298129e+01 9.053550e+02 -7.982761e+02 1.000000e+00
-7.197683e+00 2.158863e+03 -2.887192e+02 1.000000e+00
0.000000e+00 -2.361558e+03 -2.480208e+02 1.000000e+00
0.000000e+00 -2.090287e+03 -3.399649e+02 1.000000e+00
0.000000e+00 -1.959504e+03 -5.587365e+02 1.000000e+00
0.000000e+00 -1.555969e+03 -5.942998e+02 1.000000e+00
0.000000e+00 -1.331187e+03 -8.613952e+02 1.000000e+00
0.000000e+00 -6.840810e+02 -7.464127e+02 1.000000e+00
0.000000e+00 -1.180706e+02 -1.033572e+03 1.000000e+00
0.000000e+00 8.849372e+02 -7.569854e+02 1.000000e+00
0.000000e+00 1.715184e+03 -1.008068e+03 1.000000e+00
-4.138605e+00 -2.412119e+03 -2.608374e+02 1.000000e+00
-4.808220e+00 -2.071387e+03 -3.275484e+02 1.000000e+00
-4.796689e+00 -2.006370e+03 -5.769562e+02 1.000000e+00
-3.279280e+00 -1.535044e+03 -5.704419e+02 1.000000e+00
-2.867614e+00 -1.369648e+03 -9.025519e+02 1.000000e+00
-2.435408e+00 -6.582947e+02 -6.981129e+02 1.000000e+00
2.113853e-01 -1.450220e+02 -1.087013e+03 1.000000e+00
2.299064e+00 9.237141e+02 -6.961465e+02 1.000000e+00
5.354755e+00 1.703676e+03 -1.070828e+03 1.000000e+00
-1.086023e+01 -2.448944e+03 -2.713155e+02 1.000000e+00
-1.127438e+01 -2.056698e+03 -3.211360e+02 1.000000e+00
-1.033297e+01 -2.036873e+03 -5.915445e+02 1.000000e+00
-1.061842e+01 -1.518058e+03 -5.574321e+02 1.000000e+00
-8.569291e+00 -1.389604e+03 -9.303160e+02 1.000000e+00
-6.550825e+00 -6.323386e+02 -6.673989e+02 1.000000e+00
-3.042708e+00 -1.508834e+02 -1.120002e+03 1.000000e+00
-1.230952e+00 9.597306e+02 -6.574357e+02 1.000000e+00
3.461204e+00 1.713415e+03 -1.104516e+03 1.000000e+00
-1.480659e+01 -2.447000e+03 -2.716534e+02 1.000000e+00
-1.640713e+01 -2.071996e+03 -3.295561e+02 1.000000e+00
-1.740141e+01 -2.030853e+03 -5.912914e+02 1.000000e+00
-1.517816e+01 -1.525599e+03 -5.675386e+02 1.000000e+00
-1.262360e+01 -1.376296e+03 -9.213682e+02 1.000000e+00
-8.462542e+00 -6.295303e+02 -6.800593e+02 1.000000e+00
-5.106699e+00 -1.195002e+02 -1.104696e+03 1.000000e+00
1.265533e+00 9.765660e+02 -6.682937e+02 1.000000e+00
6.175267e+00 1.751059e+03 -1.080273e+03 1.000000e+00
-1.912005e+01 -2.454954e+03 -2.775709e+02 1.000000e+00
-2.078515e+01 -2.074883e+03 -3.341499e+02 1.000000e+00
-1.943570e+01 -2.034368e+03 -5.968968e+02 1.000000e+00
-1.821416e+01 -1.522870e+03 -5.704343e+02 1.000000e+00
-1.631415e+01 -1.371153e+03 -9.260700e+02 1.000000e+00
-1.347654e+01 -6.156653e+02 -6.767008e+02 1.000000e+00
-6.884114e+00 -1.027427e+02 -1.104497e+03 1.000000e+00
-9.607305e-01 1.000937e+03 -6.579790e+02 1.000000e+00
4.170794e+00 1.772516e+03 -1.078677e+03 1.000000e+00
-2.251093e+01 -2.458536e+03 -2.837096e+02 1.000000e+00
-2.478137e+01 -2.075368e+03 -3.398365e+02 1.000000e+00
-2.541851e+01 -2.032878e+03 -6.018602e+02 1.000000e+00
-2.394368e+01 -1.518415e+03 -5.756667e+02 1.000000e+00
-2.023261e+01 -1.356490e+03 -9.270173e+02 1.000000e+00
-1.629892e+01 -5.948777e+02 -6.792116e+02 1.000000e+00
-1.237427e+01 -8.233919e+01 -1.098562e+03 1.000000e+00
-6.512059e+00 1.027536e+03 -6.551023e+02 1.000000e+00
4.615280e-01 1.806267e+03 -1.067076e+03 1.000000e+00
-2.429307e+01 -2.459665e+03 -2.895559e+02 1.000000e+00
-2.601140e+01 -2.077060e+03 -3.465435e+02 1.000000e+00
-2.595278e+01 -2.030492e+03 -6.075894e+02 1.000000e+00
-2.450638e+01 -1.510380e+03 -5.800816e+02 1.000000e+00
-2.261674e+01 -1.345997e+03 -9.300812e+02 1.000000e+00
-1.683183e+01 -5.782784e+02 -6.775864e+02 1.000000e+00
-8.750032e+00 -5.659127e+01 -1.096954e+03 1.000000e+00
-2.677735e+00 1.055933e+03 -6.484427e+02 1.000000e+00
2.314937e+00 1.833952e+03 -1.059574e+03 1.000000e+00
-2.621198e+01 -2.462678e+03 -2.966199e+02 1.000000e+00
-2.871446e+01 -2.077717e+03 -3.525755e+02 1.000000e+00
-2.855521e+01 -2.026643e+03 -6.138651e+02 1.000000e+00
-2.736116e+01 -1.503584e+03 -5.851188e+02 1.000000e+00
-2.383759e+01 -1.334459e+03 -9.328441e+02 1.000000e+00
-2.107860e+01 -5.600719e+02 -6.780335e+02 1.000000e+00
-1.640977e+01 -3.446349e+01 -1.092472e+03 1.000000e+00
-8.818769e+00 1.080918e+03 -6.443219e+02 1.000000e+00
-1.921049e+00 1.861825e+03 -1.051167e+03 1.000000e+00
-2.656826e+01 -2.463639e+03 -3.038140e+02 1.000000e+00
-2.865265e+01 -2.075948e+03 -3.590008e+02 1.000000e+00
-2.901899e+01 -2.020963e+03 -6.202616e+02 1.000000e+00
-2.782221e+01 -1.495825e+03 -5.899549e+02 1.000000e+00
-2.493784e+01 -1.317172e+03 -9.345692e+02 1.000000e+00
-2.030439e+01 -5.364123e+02 -6.816006e+02 1.000000e+00
-1.498331e+01 -1.142110e+01 -1.088002e+03 1.000000e+00
-8.519482e+00 1.109548e+03 -6.407377e+02 1.000000e+00
-1.636304e+00 1.897515e+03 -1.041318e+03 1.000000e+00
0.000000e+00 -2.189133e+03 -4.278029e+02 1.000000e+00
0.000000e+00 -2.126612e+03 -6.521072e+02 1.000000e+00
0.000000e+00 -1.764559e+03 -7.464434e+02 1.000000e+00
0.000000e+00 -1.600702e+03 -9.937968e+02 1.000000e+00
0.000000e+00 -1.128089e+03 -9.706547e+02 1.000000e+00
0.000000e+00 -7.668255e+02 -1.276211e+03 1.000000e+00
0.000000e+00 5.659379e+01 -1.078770e+03 1.000000e+00
0.000000e+00 7.170728e+02 -1.348685e+03 1.000000e+00
0.000000e+00 1.815107e+03 -9.677639e+02 1.000000e+00
-4.538770e+00 -2.168553e+03 -4.181956e+02 1.000000e+00
-6.022465e+00 -2.175784e+03 -6.673181e+02 1.000000e+00
-5.690637e+00 -1.741459e+03 -7.309130e+02 1.000000e+00
-4.102166e+00 -1.643909e+03 -1.019123e+03 1.000000e+00
-4.722657e+00 -1.102281e+03 -9.361385e+02 1.000000e+00
-4.038109e+00 -7.979941e+02 -1.321033e+03 1.000000e+00
-1.531412e+00 9.155579e+01 -1.027574e+03 1.000000e+00
1.728252e+00 6.983203e+02 -1.403123e+03 1.000000e+00
5.681066e+00 1.863644e+03 -9.026987e+02 1.000000e+00
-1.274179e+01 -2.153716e+03 -4.147988e+02 1.000000e+00
-1.182523e+01 -2.210614e+03 -6.786871e+02 1.000000e+00
-1.134335e+01 -1.725316e+03 -7.248068e+02 1.000000e+00
-1.037694e+01 -1.671991e+03 -1.037300e+03 1.000000e+00
-8.226542e+00 -1.081801e+03 -9.164845e+02 1.000000e+00
-3.795730e+00 -8.113282e+02 -1.348512e+03 1.000000e+00
-7.801503e-01 1.232277e+02 -9.957269e+02 1.000000e+00
3.150482e+00 7.010461e+02 -1.433636e+03 1.000000e+00
4.359407e+00 1.899906e+03 -8.634276e+02 1.000000e+00
-1.606172e+01 -2.171468e+03 -4.227695e+02 1.000000e+00
-1.838210e+01 -2.206799e+03 -6.798872e+02 1.000000e+00
-1.822195e+01 -1.738298e+03 -7.348522e+02 1.000000e+00
-1.569573e+01 -1.664194e+03 -1.034540e+03 1.000000e+00
-1.278250e+01 -1.084967e+03 -9.292806e+02 1.000000e+00
-1.063769e+01 -7.922044e+02 -1.337062e+03 1.000000e+00
-4.199384e+00 1.277653e+02 -1.006162e+03 1.000000e+00
2.727638e+00 7.333048e+02 -1.413844e+03 1.000000e+00
1.139761e+01 1.916827e+03 -8.738527e+02 1.000000e+00
-2.300543e+01 -2.175651e+03 -4.278681e+02 1.000000e+00
-2.346177e+01 -2.212054e+03 -6.873670e+02 1.000000e+00
-2.215702e+01 -1.737576e+03 -7.389030e+02 1.000000e+00
-2.043932e+01 -1.663305e+03 -1.041214e+03 1.000000e+00
-1.841876e+01 -1.076728e+03 -9.299886e+02 1.000000e+00
-1.287837e+01 -7.811083e+02 -1.340007e+03 1.000000e+00
-7.917481e+00 1.468033e+02 -9.990938e+02 1.000000e+00
-1.956213e+00 7.520203e+02 -1.411722e+03 1.000000e+00
3.988523e+00 1.948558e+03 -8.585846e+02 1.000000e+00
-2.435798e+01 -2.180245e+03 -4.341106e+02 1.000000e+00
-2.567922e+01 -2.213384e+03 -6.939856e+02 1.000000e+00
-2.653510e+01 -1.737225e+03 -7.463484e+02 1.000000e+00
-2.393505e+01 -1.658929e+03 -1.044967e+03 1.000000e+00
-1.749419e+01 -1.069196e+03 -9.337071e+02 1.000000e+00
-1.250807e+01 -7.643055e+02 -1.338208e+03 1.000000e+00
-6.633742e+00 1.725948e+02 -9.995181e+02 1.000000e+00
-4.374694e-01 7.759767e+02 -1.402823e+03 1.000000e+00
6.967641e+00 1.969502e+03 -8.527181e+02 1.000000e+00
-2.831965e+01 -2.184144e+03 -4.418764e+02 1.000000e+00
-3.056657e+01 -2.212720e+03 -7.013493e+02 1.000000e+00
-2.872231e+01 -1.733979e+03 -7.528057e+02 1.000000e+00
-2.682702e+01 -1.654530e+03 -1.050491e+03 1.000000e+00
-2.614313e+01 -1.056146e+03 -9.365364e+02 1.000000e+00
-2.132752e+01 -7.482290e+02 -1.339320e+03 1.000000e+00
-1.172409e+01 1.905984e+02 -9.937980e+02 1.000000e+00
-2.116706e+00 8.011602e+02 -1.397033e+03 1.000000e+00
4.269088e+00 1.999067e+03 -8.432270e+02 1.000000e+00
-2.919428e+01 -2.185653e+03 -4.496214e+02 1.000000e+00
-3.028990e+01 -2.211931e+03 -7.089138e+02 1.000000e+00
-3.088650e+01 -1.731537e+03 -7.590038e+02 1.000000e+00
-2.813416e+01 -1.647400e+03 -1.056523e+03 1.000000e+00
-2.243531e+01 -1.044789e+03 -9.401321e+02 1.000000e+00
-1.633637e+01 -7.313768e+02 -1.338496e+03 1.000000e+00
-1.173068e+01 2.108531e+02 -9.915759e+02 1.000000e+00
-5.477705e+00 8.256212e+02 -1.388520e+03 1.000000e+00
3.386282e+00 2.025341e+03 -8.359247e+02 1.000000e+00
-2.999464e+01 -2.187327e+03 -4.562933e+02 1.000000e+00
-3.155052e+01 -2.209897e+03 -7.170654e+02 1.000000e+00
-3.132707e+01 -1.729144e+03 -7.665109e+02 1.000000e+00
-2.928100e+01 -1.639039e+03 -1.061208e+03 1.000000e+00
-2.518002e+01 -1.034022e+03 -9.435811e+02 1.000000e+00
-1.950943e+01 -7.121246e+02 -1.338105e+03 1.000000e+00
-1.273372e+01 2.377719e+02 -9.926693e+02 1.000000e+00
-4.919946e+00 8.500144e+02 -1.380037e+03 1.000000e+00
2.961639e+00 2.046588e+03 -8.287498e+02 1.000000e+00
0.000000e+00 -2.231518e+03 -6.809236e+02 1.000000e+00
0.000000e+00 -1.925798e+03 -8.125061e+02 1.000000e+00
0.000000e+00 -1.808183e+03 -1.064378e+03 1.000000e+00
0.000000e+00 -1.385933e+03 -1.126799e+03 1.000000e+00
0.000000e+00 -1.187776e+03 -1.424820e+03 1.000000e+00
0.000000e+00 -5.585889e+02 -1.328090e+03 1.000000e+00
0.000000e+00 -7.103886e+01 -1.635163e+03 1.000000e+00
0.000000e+00 8.754875e+02 -1.347108e+03 1.000000e+00
0.000000e+00 1.582828e+03 -1.601037e+03 1.000000e+00
-5.859888e+00 -2.284551e+03 -6.927068e+02 1.000000e+00
-6.247652e+00 -1.902615e+03 -8.020314e+02 1.000000e+00
-5.118688e+00 -1.854374e+03 -1.080267e+03 1.000000e+00
-4.078385e+00 -1.359450e+03 -1.108016e+03 1.000000e+00
-4.292956e+00 -1.226223e+03 -1.459658e+03 1.000000e+00
-1.816085e+00 -5.236192e+02 -1.285285e+03 1.000000e+00
6.208491e-01 -9.367841e+01 -1.683937e+03 1.000000e+00
1.640628e+00 9.167171e+02 -1.293429e+03 1.000000e+00
6.709773e+00 1.569674e+03 -1.654567e+03 1.000000e+00
-1.323579e+01 -2.322111e+03 -7.023323e+02 1.000000e+00
-1.362711e+01 -1.885970e+03 -7.989343e+02 1.000000e+00
-1.272936e+01 -1.885492e+03 -1.092778e+03 1.000000e+00
-1.234335e+01 -1.340719e+03 -1.100774e+03 1.000000e+00
-9.881122e+00 -1.250411e+03 -1.480824e+03 1.000000e+00
-6.578688e+00 -4.969399e+02 -1.260953e+03 1.000000e+00
-5.223455e-01 -9.935813e+01 -1.709914e+03 1.000000e+00
4.219671e+00 9.501633e+02 -1.262047e+03 1.000000e+00
7.906782e+00 1.582373e+03 -1.680418e+03 1.000000e+00
-1.895275e+01 -2.320174e+03 -7.040614e+02 1.000000e+00
-1.917872e+01 -1.901653e+03 -8.084769e+02 1.000000e+00
-1.907733e+01 -1.880294e+03 -1.094697e+03 1.000000e+00
-1.602054e+01 -1.351666e+03 -1.111267e+03 1.000000e+00
-1.252035e+01 -1.240455e+03 -1.474492e+03 1.000000e+00
-9.611050e+00 -4.984633e+02 -1.274669e+03 1.000000e+00
-6.398807e+00 -7.708436e+01 -1.693799e+03 1.000000e+00
1.697375e+00 9.568051e+02 -1.270633e+03 1.000000e+00
9.806453e+00 1.613640e+03 -1.658356e+03 1.000000e+00
-2.375958e+01 -2.326136e+03 -7.123342e+02 1.000000e+00
-2.601171e+01 -1.903278e+03 -8.145206e+02 1.000000e+00
-2.375941e+01 -1.882868e+03 -1.102125e+03 1.000000e+00
-2.079801e+01 -1.347065e+03 -1.114955e+03 1.000000e+00
-1.834854e+01 -1.232608e+03 -1.482219e+03 1.000000e+00
-1.280955e+01 -4.821634e+02 -1.271340e+03 1.000000e+00
-5.010150e+00 -6.085780e+01 -1.695877e+03 1.000000e+00
8.075193e-01 9.822496e+02 -1.258908e+03 1.000000e+00
8.086757e+00 1.630717e+03 -1.654421e+03 1.000000e+00
-2.834131e+01 -2.328654e+03 -7.202048e+02 1.000000e+00
-2.770559e+01 -1.906074e+03 -8.219776e+02 1.000000e+00
-2.805402e+01 -1.881427e+03 -1.109667e+03 1.000000e+00
-2.729498e+01 -1.345848e+03 -1.121971e+03 1.000000e+00
-2.156215e+01 -1.226694e+03 -1.482565e+03 1.000000e+00
-1.390833e+01 -4.713551e+02 -1.273002e+03 1.000000e+00
-7.495166e+00 -4.588909e+01 -1.690675e+03 1.000000e+00
2.762103e-01 1.006392e+03 -1.256829e+03 1.000000e+00
6.961564e+00 1.661123e+03 -1.641203e+03 1.000000e+00
-3.033874e+01 -2.330698e+03 -7.279870e+02 1.000000e+00
-3.264331e+01 -1.906829e+03 -8.305521e+02 1.000000e+00
-3.074627e+01 -1.880173e+03 -1.117113e+03 1.000000e+00
-2.540283e+01 -1.338267e+03 -1.127678e+03 1.000000e+00
-2.277965e+01 -1.217984e+03 -1.487316e+03 1.000000e+00
-1.992691e+01 -4.558200e+02 -1.273531e+03 1.000000e+00
-1.150639e+01 -2.617941e+01 -1.687659e+03 1.000000e+00
-1.141258e+00 1.025771e+03 -1.247733e+03 1.000000e+00
8.971931e+00 1.682687e+03 -1.632644e+03 1.000000e+00
-3.250312e+01 -2.332318e+03 -7.367200e+02 1.000000e+00
-3.309103e+01 -1.906422e+03 -8.392269e+02 1.000000e+00
-3.282143e+01 -1.876308e+03 -1.124096e+03 1.000000e+00
-3.163281e+01 -1.331464e+03 -1.133962e+03 1.000000e+00
-2.585656e+01 -1.204393e+03 -1.492058e+03 1.000000e+00
-1.750085e+01 -4.397867e+02 -1.274547e+03 1.000000e+00
-9.616567e+00 -4.587253e+00 -1.682842e+03 1.000000e+00
-2.916935e+00 1.049155e+03 -1.242631e+03 1.000000e+00
4.378361e+00 1.707512e+03 -1.620579e+03 1.000000e+00
-3.304217e+01 -2.334315e+03 -7.451539e+02 1.000000e+00
-3.421046e+01 -1.906881e+03 -8.471971e+02 1.000000e+00
-3.357676e+01 -1.871250e+03 -1.133045e+03 1.000000e+00
-3.096064e+01 -1.329484e+03 -1.140109e+03 1.000000e+00
-2.637787e+01 -1.196612e+03 -1.493848e+03 1.000000e+00
-1.996674e+01 -4.285696e+02 -1.276081e+03 1.000000e+00
-1.215605e+01 1.074057e+01 -1.679266e+03 1.000000e+00
-3.296623e+00 1.073236e+03 -1.239763e+03 1.000000e+00
5.435983e+00 1.733774e+03 -1.609316e+03 1.000000e+00
