0 729 0.00000e+00
  1     729
0.000000e+00 -2.129572e+03 0.000000e+00 1.000000e+00
0.000000e+00 -2.099756e+03 2.779546e+01 1.000000e+00
0.000000e+00 -2.286405e+03 2.735213e+01 1.000000e+00
0.000000e+00 -2.248325e+03 5.786172e+00 1.000000e+00
0.000000e+00 -2.413289e+03 -7.777348e+01 1.000000e+00
0.000000e+00 -2.320851e+03 -1.618574e+02 1.000000e+00
0.000000e+00 -2.420329e+03 -3.283163e+02 1.000000e+00
0.000000e+00 -2.236974e+03 -4.575192e+02 1.000000e+00
0.000000e+00 -2.231518e+03 -6.809236e+02 1.000000e+00
-3.300011e+00 -2.184217e+03 0.000000e+00 1.000000e+00
-1.464010e+00 -2.077220e+03 2.885287e+01 1.000000e+00
-1.580419e+00 -2.341362e+03 2.577401e+01 1.000000e+00
-1.115683e+00 -2.227760e+03 7.518177e+00 1.000000e+00
-2.275329e+00 -2.467637e+03 -8.109079e+01 1.000000e+00
-2.666893e+00 -2.301305e+03 -1.586681e+02 1.000000e+00
-5.496181e+00 -2.475045e+03 -3.352367e+02 1.000000e+00
-4.873680e+00 -2.215251e+03 -4.498903e+02 1.000000e+00
-5.859888e+00 -2.284551e+03 -6.927068e+02 1.000000e+00
-2.136110e+00 -2.225071e+03 0.000000e+00 1.000000e+00
-2.795271e+00 -2.064689e+03 2.954718e+01 1.000000e+00
-2.740537e+00 -2.382936e+03 2.447471e+01 1.000000e+00
-3.177355e+00 -2.216115e+03 7.957090e+00 1.000000e+00
-5.019683e+00 -2.507676e+03 -8.470094e+01 1.000000e+00
-7.814491e+00 -2.290297e+03 -1.579899e+02 1.000000e+00
-8.521487e+00 -2.514282e+03 -3.411039e+02 1.000000e+00
-1.209240e+01 -2.200273e+03 -4.479298e+02 1.000000e+00
-1.323579e+01 -2.322111e+03 -7.023323e+02 1.000000e+00
-4.172098e+00 -2.225446e+03 0.000000e+00 1.000000e+00
-3.113901e+00 -2.089984e+03 2.965931e+01 1.000000e+00
-3.748129e+00 -2.385314e+03 2.369316e+01 1.000000e+00
-5.443781e+00 -2.240425e+03 5.793325e+00 1.000000e+00
-7.635534e+00 -2.510076e+03 -8.617308e+01 1.000000e+00
-1.040192e+01 -2.313402e+03 -1.622662e+02 1.000000e+00
-1.444243e+01 -2.514418e+03 -3.427608e+02 1.000000e+00
-1.734597e+01 -2.219725e+03 -4.553516e+02 1.000000e+00
-1.895275e+01 -2.320174e+03 -7.040614e+02 1.000000e+00
-2.892716e+00 -2.238987e+03 0.000000e+00 1.000000e+00
-3.954893e+00 -2.100504e+03 2.960112e+01 1.000000e+00
-5.365851e+00 -2.400658e+03 2.214059e+01 1.000000e+00
-6.325533e+00 -2.249473e+03 3.795671e+00 1.000000e+00
-1.008019e+01 -2.524927e+03 -8.936092e+01 1.000000e+00
-1.419456e+01 -2.321784e+03 -1.656591e+02 1.000000e+00
-1.771833e+01 -2.525608e+03 -3.483140e+02 1.000000e+00
-2.118352e+01 -2.225718e+03 -4.598643e+02 1.000000e+00
-2.375958e+01 -2.326136e+03 -7.123342e+02 1.000000e+00
-4.526319e+00 -2.252046e+03 0.000000e+00 1.000000e+00
-4.508597e+00 -2.110876e+03 2.898665e+01 1.000000e+00
-5.865440e+00 -2.413057e+03 2.056419e+01 1.000000e+00
-8.173680e+00 -2.260854e+03 1.274184e+00 1.000000e+00
-1.173049e+01 -2.535062e+03 -9.318965e+01 1.000000e+00
-1.631222e+01 -2.331765e+03 -1.696772e+02 1.000000e+00
-2.137566e+01 -2.531765e+03 -3.543521e+02 1.000000e+00
-2.637974e+01 -2.232405e+03 -4.666425e+02 1.000000e+00
-2.834131e+01 -2.328654e+03 -7.202048e+02 1.000000e+00
-3.566806e+00 -2.262924e+03 0.000000e+00 1.000000e+00
-4.872282e+00 -2.122388e+03 2.808983e+01 1.000000e+00
-6.478085e+00 -2.422923e+03 1.893008e+01 1.000000e+00
-8.799010e+00 -2.273359e+03 -2.066095e+00 1.000000e+00
-1.312165e+01 -2.542938e+03 -9.667632e+01 1.000000e+00
-1.826620e+01 -2.341642e+03 -1.750689e+02 1.000000e+00
-2.300623e+01 -2.537460e+03 -3.602426e+02 1.000000e+00
-2.684378e+01 -2.237621e+03 -4.748579e+02 1.000000e+00
-3.033874e+01 -2.330698e+03 -7.279870e+02 1.000000e+00
-4.680531e+00 -2.271958e+03 0.000000e+00 1.000000e+00
-4.938618e+00 -2.133710e+03 2.695193e+01 1.000000e+00
-6.763623e+00 -2.432967e+03 1.695100e+01 1.000000e+00
-9.779169e+00 -2.282895e+03 -5.338984e+00 1.000000e+00
-1.397464e+01 -2.552770e+03 -1.008581e+02 1.000000e+00
-1.913083e+01 -2.347826e+03 -1.805470e+02 1.000000e+00
-2.462123e+01 -2.545114e+03 -3.668148e+02 1.000000e+00
-2.968389e+01 -2.240098e+03 -4.828546e+02 1.000000e+00
-3.250312e+01 -2.332318e+03 -7.367200e+02 1.000000e+00
-4.578283e+00 -2.280355e+03 0.000000e+00 1.000000e+00
-5.109689e+00 -2.144838e+03 2.601216e+01 1.000000e+00
-6.673553e+00 -2.442012e+03 1.442685e+01 1.000000e+00
-1.010054e+01 -2.293146e+03 -8.399276e+00 1.000000e+00
-1.454703e+01 -2.561264e+03 -1.055956e+02 1.000000e+00
-1.944604e+01 -2.354525e+03 -1.858904e+02 1.000000e+00
-2.472042e+01 -2.550537e+03 -3.742198e+02 1.000000e+00
-2.958040e+01 -2.243522e+03 -4.906628e+02 1.000000e+00
-3.304217e+01 -2.334315e+03 -7.451539e+02 1.000000e+00
0.000000e+00 -2.021571e+03 0.000000e+00 1.000000e+00
0.000000e+00 -2.211768e+03 -3.720901e+00 1.000000e+00
0.000000e+00 -2.167970e+03 -1.979298e+01 1.000000e+00
0.000000e+00 -2.350221e+03 -8.449668e+01 1.000000e+00
0.000000e+00 -2.269413e+03 -1.626897e+02 1.000000e+00
0.000000e+00 -2.402617e+03 -3.082365e+02 1.000000e+00
0.000000e+00 -2.249468e+03 -4.417451e+02 1.000000e+00
0.000000e+00 -2.293702e+03 -6.587207e+02 1.000000e+00
0.000000e+00 -2.032429e+03 -8.109207e+02 1.000000e+00
-3.033672e+00 -1.996871e+03 0.000000e+00 1.000000e+00
-2.314218e+00 -2.268248e+03 -3.600401e+00 1.000000e+00
-9.020977e-01 -2.144428e+03 -1.920865e+01 1.000000e+00
-2.235968e+00 -2.406749e+03 -8.669861e+01 1.000000e+00
-1.418039e+00 -2.246974e+03 -1.599294e+02 1.000000e+00
-4.201214e+00 -2.458862e+03 -3.141558e+02 1.000000e+00
-5.095133e+00 -2.225966e+03 -4.366435e+02 1.000000e+00
-5.898803e+00 -2.348647e+03 -6.665623e+02 1.000000e+00
-6.463752e+00 -2.008136e+03 -8.043577e+02 1.000000e+00
-2.944763e+00 -1.983007e+03 0.000000e+00 1.000000e+00
-3.312617e+00 -2.310952e+03 -3.740858e+00 1.000000e+00
-3.836519e+00 -2.131264e+03 -1.886630e+01 1.000000e+00
-3.015899e+00 -2.448109e+03 -8.905511e+01 1.000000e+00
-6.500393e+00 -2.234936e+03 -1.599667e+02 1.000000e+00
-8.120847e+00 -2.499458e+03 -3.190675e+02 1.000000e+00
-9.852065e+00 -2.211628e+03 -4.357159e+02 1.000000e+00
-1.273776e+01 -2.388145e+03 -6.740127e+02 1.000000e+00
-1.427912e+01 -1.991052e+03 -8.035563e+02 1.000000e+00
-5.397201e+00 -2.009144e+03 0.000000e+00 1.000000e+00
-4.213640e+00 -2.311996e+03 -3.523363e+00 1.000000e+00
-4.693608e+00 -2.156528e+03 -2.026983e+01 1.000000e+00
-7.307652e+00 -2.449510e+03 -9.056011e+01 1.000000e+00
-8.983475e+00 -2.259646e+03 -1.634268e+02 1.000000e+00
-1.234830e+01 -2.499762e+03 -3.210119e+02 1.000000e+00
-1.598923e+01 -2.233571e+03 -4.417467e+02 1.000000e+00
-1.903261e+01 -2.385897e+03 -6.767960e+02 1.000000e+00
-2.064659e+01 -2.007938e+03 -8.122875e+02 1.000000e+00
-4.213303e+00 -2.019706e+03 0.000000e+00 1.000000e+00
-5.544374e+00 -2.326542e+03 -3.810173e+00 1.000000e+00
-7.148274e+00 -2.166438e+03 -2.184769e+01 1.000000e+00
-7.682493e+00 -2.465127e+03 -9.321767e+01 1.000000e+00
-1.183728e+01 -2.267758e+03 -1.664660e+02 1.000000e+00
-1.645587e+01 -2.513248e+03 -3.259064e+02 1.000000e+00
-1.993611e+01 -2.240078e+03 -4.464719e+02 1.000000e+00
-2.389867e+01 -2.394744e+03 -6.838594e+02 1.000000e+00
-2.546682e+01 -2.011964e+03 -8.186884e+02 1.000000e+00
-6.462078e+00 -2.029757e+03 0.000000e+00 1.000000e+00
-5.969477e+00 -2.339245e+03 -4.452805e+00 1.000000e+00
-7.525405e+00 -2.177405e+03 -2.382170e+01 1.000000e+00
-1.081294e+01 -2.476284e+03 -9.613914e+01 1.000000e+00
-1.391688e+01 -2.278421e+03 -1.705509e+02 1.000000e+00
-1.864271e+01 -2.522076e+03 -3.310306e+02 1.000000e+00
-2.338155e+01 -2.247873e+03 -4.522365e+02 1.000000e+00
-2.800830e+01 -2.398459e+03 -6.925596e+02 1.000000e+00
-3.106824e+01 -2.016799e+03 -8.263979e+02 1.000000e+00
-5.165546e+00 -2.040536e+03 0.000000e+00 1.000000e+00
-6.927675e+00 -2.349361e+03 -5.373987e+00 1.000000e+00
-8.896227e+00 -2.189666e+03 -2.602054e+01 1.000000e+00
-1.078514e+01 -2.484708e+03 -9.961346e+01 1.000000e+00
-1.587548e+01 -2.290103e+03 -1.750354e+02 1.000000e+00
-2.087385e+01 -2.528306e+03 -3.363226e+02 1.000000e+00
-2.630547e+01 -2.254882e+03 -4.598539e+02 1.000000e+00
-3.038454e+01 -2.401990e+03 -7.003066e+02 1.000000e+00
-3.215161e+01 -2.019123e+03 -8.361795e+02 1.000000e+00
-6.319669e+00 -2.051383e+03 0.000000e+00 1.000000e+00
-6.990450e+00 -2.359053e+03 -6.909891e+00 1.000000e+00
-8.898395e+00 -2.200525e+03 -2.797157e+01 1.000000e+00
-1.262685e+01 -2.494450e+03 -1.036521e+02 1.000000e+00
-1.653360e+01 -2.298307e+03 -1.796883e+02 1.000000e+00
-2.191927e+01 -2.536827e+03 -3.423498e+02 1.000000e+00
-2.719860e+01 -2.258927e+03 -4.674949e+02 1.000000e+00
-3.178486e+01 -2.407303e+03 -7.086093e+02 1.000000e+00
-3.546713e+01 -2.020416e+03 -8.460314e+02 1.000000e+00
-6.369032e+00 -2.062624e+03 0.000000e+00 1.000000e+00
-7.136637e+00 -2.367822e+03 -8.046263e+00 1.000000e+00
-9.035414e+00 -2.210938e+03 -3.063854e+01 1.000000e+00
-1.274348e+01 -2.503142e+03 -1.076610e+02 1.000000e+00
-1.727967e+01 -2.306517e+03 -1.842074e+02 1.000000e+00
-2.226002e+01 -2.543926e+03 -3.493124e+02 1.000000e+00
-2.746925e+01 -2.263432e+03 -4.744153e+02 1.000000e+00
-3.221027e+01 -2.409692e+03 -7.182172e+02 1.000000e+00
-3.551039e+01 -2.021817e+03 -8.549787e+02 1.000000e+00
0.000000e+00 -2.139411e+03 0.000000e+00 1.000000e+00
0.000000e+00 -2.086720e+03 -2.555017e+01 1.000000e+00
0.000000e+00 -2.280390e+03 -7.601356e+01 1.000000e+00
0.000000e+00 -2.208195e+03 -1.434356e+02 1.000000e+00
0.000000e+00 -2.365555e+03 -2.699862e+02 1.000000e+00
0.000000e+00 -2.233598e+03 -3.955089e+02 1.000000e+00
0.000000e+00 -2.323816e+03 -5.982808e+02 1.000000e+00
0.000000e+00 -2.097638e+03 -7.629584e+02 1.000000e+00
0.000000e+00 -2.089225e+03 -1.017770e+03 1.000000e+00
-3.708294e+00 -2.196580e+03 0.000000e+00 1.000000e+00
-1.907892e+00 -2.061166e+03 -2.466356e+01 1.000000e+00
-1.559649e+00 -2.338560e+03 -7.726541e+01 1.000000e+00
-1.157975e+00 -2.182507e+03 -1.422487e+02 1.000000e+00
-2.444928e+00 -2.424033e+03 -2.728797e+02 1.000000e+00
-3.436421e+00 -2.208442e+03 -3.934144e+02 1.000000e+00
-5.636412e+00 -2.380544e+03 -6.040148e+02 1.000000e+00
-5.301988e+00 -2.071007e+03 -7.573508e+02 1.000000e+00
-7.006358e+00 -2.142628e+03 -1.028227e+03 1.000000e+00
-3.533988e+00 -2.239594e+03 0.000000e+00 1.000000e+00
-4.409648e+00 -2.046929e+03 -2.436087e+01 1.000000e+00
-3.997192e+00 -2.381663e+03 -7.803735e+01 1.000000e+00
-4.210063e+00 -2.168391e+03 -1.426898e+02 1.000000e+00
-6.744586e+00 -2.466242e+03 -2.764608e+02 1.000000e+00
-9.885827e+00 -2.194783e+03 -3.938832e+02 1.000000e+00
-1.045093e+01 -2.420522e+03 -6.092730e+02 1.000000e+00
-1.471964e+01 -2.054001e+03 -7.580106e+02 1.000000e+00
-1.551507e+01 -2.180924e+03 -1.036738e+03 1.000000e+00
-6.466269e+00 -2.239326e+03 0.000000e+00 1.000000e+00
-5.023475e+00 -2.073222e+03 -2.442538e+01 1.000000e+00
-5.729255e+00 -2.382628e+03 -7.902838e+01 1.000000e+00
-8.045268e+00 -2.193688e+03 -1.453872e+02 1.000000e+00
-1.023230e+01 -2.466313e+03 -2.785905e+02 1.000000e+00
-1.342428e+01 -2.219516e+03 -3.986823e+02 1.000000e+00
-1.754065e+01 -2.418639e+03 -6.122840e+02 1.000000e+00
-1.965061e+01 -2.074332e+03 -7.657227e+02 1.000000e+00
-2.144576e+01 -2.177229e+03 -1.040462e+03 1.000000e+00
-5.540356e+00 -2.252998e+03 0.000000e+00 1.000000e+00
-6.853378e+00 -2.083049e+03 -2.470095e+01 1.000000e+00
-8.503692e+00 -2.397994e+03 -8.109820e+01 1.000000e+00
-9.667435e+00 -2.202235e+03 -1.479292e+02 1.000000e+00
-1.346240e+01 -2.481310e+03 -2.824974e+02 1.000000e+00
-1.827246e+01 -2.226155e+03 -4.031807e+02 1.000000e+00
-2.197906e+01 -2.429414e+03 -6.188839e+02 1.000000e+00
-2.634533e+01 -2.078493e+03 -7.715350e+02 1.000000e+00
-2.802798e+01 -2.183061e+03 -1.049864e+03 1.000000e+00
-7.731184e+00 -2.265441e+03 0.000000e+00 1.000000e+00
-7.716912e+00 -2.093852e+03 -2.567075e+01 1.000000e+00
-9.130617e+00 -2.410196e+03 -8.305155e+01 1.000000e+00
-1.212035e+01 -2.212854e+03 -1.512911e+02 1.000000e+00
-1.598704e+01 -2.491815e+03 -2.871844e+02 1.000000e+00
-2.084318e+01 -2.235530e+03 -4.085030e+02 1.000000e+00
-2.551182e+01 -2.435720e+03 -6.256113e+02 1.000000e+00
-2.943211e+01 -2.084819e+03 -7.802990e+02 1.000000e+00
-3.235239e+01 -2.184753e+03 -1.058949e+03 1.000000e+00
-6.519319e+00 -2.275281e+03 0.000000e+00 1.000000e+00
-8.498315e+00 -2.105509e+03 -2.692941e+01 1.000000e+00
-1.067360e+01 -2.419517e+03 -8.521941e+01 1.000000e+00
-1.347594e+01 -2.224898e+03 -1.555280e+02 1.000000e+00
-1.793128e+01 -2.498871e+03 -2.917081e+02 1.000000e+00
-2.294556e+01 -2.245020e+03 -4.148212e+02 1.000000e+00
-2.870423e+01 -2.440299e+03 -6.333363e+02 1.000000e+00
-3.294255e+01 -2.088773e+03 -7.891923e+02 1.000000e+00
-3.499781e+01 -2.186598e+03 -1.069015e+03 1.000000e+00
-8.146469e+00 -2.284979e+03 0.000000e+00 1.000000e+00
-8.654232e+00 -2.115807e+03 -2.832194e+01 1.000000e+00
-1.108985e+01 -2.429341e+03 -8.802325e+01 1.000000e+00
-1.458387e+01 -2.234599e+03 -1.592864e+02 1.000000e+00
-1.887663e+01 -2.507650e+03 -2.974309e+02 1.000000e+00
-2.467719e+01 -2.251144e+03 -4.211243e+02 1.000000e+00
-2.944377e+01 -2.446113e+03 -6.415497e+02 1.000000e+00
-3.409622e+01 -2.090674e+03 -7.986498e+02 1.000000e+00
-3.730015e+01 -2.188745e+03 -1.078969e+03 1.000000e+00
-7.779517e+00 -2.293689e+03 0.000000e+00 1.000000e+00
-9.005527e+00 -2.126658e+03 -2.938054e+01 1.000000e+00
-1.107956e+01 -2.438606e+03 -9.140548e+01 1.000000e+00
-1.505276e+01 -2.243382e+03 -1.628937e+02 1.000000e+00
-1.978430e+01 -2.515813e+03 -3.035935e+02 1.000000e+00
-2.472437e+01 -2.257972e+03 -4.275571e+02 1.000000e+00
-2.989261e+01 -2.450898e+03 -6.499233e+02 1.000000e+00
-3.447108e+01 -2.094478e+03 -8.081946e+02 1.000000e+00
-3.750990e+01 -2.188905e+03 -1.089056e+03 1.000000e+00
0.000000e+00 -2.003525e+03 0.000000e+00 1.000000e+00
0.000000e+00 -2.208875e+03 -5.116348e+01 1.000000e+00
0.000000e+00 -2.136145e+03 -1.130636e+02 1.000000e+00
0.000000e+00 -2.318799e+03 -2.173391e+02 1.000000e+00
0.000000e+00 -2.199224e+03 -3.338324e+02 1.000000e+00
0.000000e+00 -2.325543e+03 -5.145538e+02 1.000000e+00
0.000000e+00 -2.130219e+03 -6.795275e+02 1.000000e+00
0.000000e+00 -2.168891e+03 -9.258490e+02 1.000000e+00
0.000000e+00 -1.869581e+03 -1.106411e+03 1.000000e+00
-3.119539e+00 -1.975904e+03 0.000000e+00 1.000000e+00
-2.917883e+00 -2.268657e+03 -5.130989e+01 1.000000e+00
-8.577993e-01 -2.109066e+03 -1.121084e+02 1.000000e+00
-1.442198e+00 -2.378549e+03 -2.195667e+02 1.000000e+00
-2.000334e+00 -2.172656e+03 -3.321049e+02 1.000000e+00
-4.275268e+00 -2.385352e+03 -5.190657e+02 1.000000e+00
-5.149245e+00 -2.102817e+03 -6.764095e+02 1.000000e+00
-6.211106e+00 -2.226757e+03 -9.321540e+02 1.000000e+00
-6.535963e+00 -1.841085e+03 -1.101931e+03 1.000000e+00
-5.190084e+00 -1.961606e+03 0.000000e+00 1.000000e+00
-4.449885e+00 -2.312625e+03 -5.127201e+01 1.000000e+00
-4.678362e+00 -2.093663e+03 -1.120772e+02 1.000000e+00
-4.648882e+00 -2.421816e+03 -2.217031e+02 1.000000e+00
-7.570647e+00 -2.158040e+03 -3.334146e+02 1.000000e+00
-1.022595e+01 -2.427239e+03 -5.232982e+02 1.000000e+00
-1.180532e+01 -2.086347e+03 -6.770833e+02 1.000000e+00
-1.461668e+01 -2.265679e+03 -9.391884e+02 1.000000e+00
-1.740333e+01 -1.821634e+03 -1.103830e+03 1.000000e+00
-6.605795e+00 -1.988857e+03 0.000000e+00 1.000000e+00
-6.329731e+00 -2.312397e+03 -5.108411e+01 1.000000e+00
-6.557910e+00 -2.120089e+03 -1.138534e+02 1.000000e+00
-8.883800e+00 -2.421852e+03 -2.234692e+02 1.000000e+00
-1.103247e+01 -2.183639e+03 -3.373071e+02 1.000000e+00
-1.478933e+01 -2.425365e+03 -5.263499e+02 1.000000e+00
-1.907786e+01 -2.109662e+03 -6.835422e+02 1.000000e+00
-2.175290e+01 -2.261792e+03 -9.432198e+02 1.000000e+00
-2.190379e+01 -1.839096e+03 -1.113127e+03 1.000000e+00
-7.014632e+00 -1.998582e+03 0.000000e+00 1.000000e+00
-7.674955e+00 -2.327132e+03 -5.159443e+01 1.000000e+00
-9.444100e+00 -2.129363e+03 -1.158759e+02 1.000000e+00
-1.129347e+01 -2.437359e+03 -2.266177e+02 1.000000e+00
-1.487576e+01 -2.191104e+03 -3.409124e+02 1.000000e+00
-1.962628e+01 -2.439045e+03 -5.320518e+02 1.000000e+00
-2.328964e+01 -2.114688e+03 -6.895298e+02 1.000000e+00
-2.724608e+01 -2.270679e+03 -9.511586e+02 1.000000e+00
-3.002209e+01 -1.841540e+03 -1.120774e+03 1.000000e+00
-8.777620e+00 -2.009198e+03 0.000000e+00 1.000000e+00
-9.475939e+00 -2.339255e+03 -5.256002e+01 1.000000e+00
-1.065640e+01 -2.140110e+03 -1.182032e+02 1.000000e+00
-1.341020e+01 -2.448295e+03 -2.300158e+02 1.000000e+00
-1.762805e+01 -2.201132e+03 -3.462487e+02 1.000000e+00
-2.284099e+01 -2.447521e+03 -5.376556e+02 1.000000e+00
-2.774457e+01 -2.121281e+03 -6.967520e+02 1.000000e+00
-3.171336e+01 -2.273545e+03 -9.605420e+02 1.000000e+00
-3.392365e+01 -1.846016e+03 -1.130432e+03 1.000000e+00
-8.060390e+00 -2.020492e+03 0.000000e+00 1.000000e+00
-9.348771e+00 -2.348515e+03 -5.374041e+01 1.000000e+00
-1.219314e+01 -2.152503e+03 -1.210460e+02 1.000000e+00
-1.574374e+01 -2.456286e+03 -2.339833e+02 1.000000e+00
-1.969847e+01 -2.212229e+03 -3.517904e+02 1.000000e+00
-2.480491e+01 -2.453420e+03 -5.439563e+02 1.000000e+00
-3.034423e+01 -2.127595e+03 -7.053932e+02 1.000000e+00
-3.460695e+01 -2.277356e+03 -9.698132e+02 1.000000e+00
-3.675975e+01 -1.847361e+03 -1.140767e+03 1.000000e+00
-9.140481e+00 -2.030498e+03 0.000000e+00 1.000000e+00
-1.073697e+01 -2.358477e+03 -5.535395e+01 1.000000e+00
-1.269766e+01 -2.162378e+03 -1.238827e+02 1.000000e+00
-1.635795e+01 -2.465408e+03 -2.385031e+02 1.000000e+00
-2.110633e+01 -2.220478e+03 -3.573608e+02 1.000000e+00
-2.662326e+01 -2.460436e+03 -5.512192e+02 1.000000e+00
-3.182039e+01 -2.131297e+03 -7.139370e+02 1.000000e+00
-3.598896e+01 -2.280767e+03 -9.797714e+02 1.000000e+00
-3.933781e+01 -1.847930e+03 -1.151706e+03 1.000000e+00
-9.043792e+00 -2.040450e+03 0.000000e+00 1.000000e+00
-1.051038e+01 -2.368107e+03 -5.699756e+01 1.000000e+00
-1.297180e+01 -2.172070e+03 -1.266177e+02 1.000000e+00
-1.714117e+01 -2.473763e+03 -2.434382e+02 1.000000e+00
-2.194649e+01 -2.228526e+03 -3.630625e+02 1.000000e+00
-2.699666e+01 -2.466264e+03 -5.589493e+02 1.000000e+00
-3.200664e+01 -2.136188e+03 -7.222782e+02 1.000000e+00
-3.658702e+01 -2.282472e+03 -9.900828e+02 1.000000e+00
-3.930538e+01 -1.850246e+03 -1.162289e+03 1.000000e+00
0.000000e+00 -2.134801e+03 0.000000e+00 1.000000e+00
0.000000e+00 -2.058356e+03 -6.821430e+01 1.000000e+00
0.000000e+00 -2.260874e+03 -1.588881e+02 1.000000e+00
0.000000e+00 -2.153515e+03 -2.623942e+02 1.000000e+00
0.000000e+00 -2.308901e+03 -4.206304e+02 1.000000e+00
0.000000e+00 -2.136638e+03 -5.774990e+02 1.000000e+00
0.000000e+00 -2.220972e+03 -8.058824e+02 1.000000e+00
0.000000e+00 -1.953961e+03 -9.964116e+02 1.000000e+00
0.000000e+00 -1.945331e+03 -1.273788e+03 1.000000e+00
-3.976983e+00 -2.195238e+03 0.000000e+00 1.000000e+00
-2.631430e+00 -2.029616e+03 -6.759152e+01 1.000000e+00
-1.430020e+00 -2.322159e+03 -1.595153e+02 1.000000e+00
-8.014546e-01 -2.124674e+03 -2.619099e+02 1.000000e+00
-2.725019e+00 -2.370360e+03 -4.232990e+02 1.000000e+00
-3.980767e+00 -2.107853e+03 -5.759892e+02 1.000000e+00
-6.022516e+00 -2.280519e+03 -8.108480e+02 1.000000e+00
-6.284876e+00 -1.923869e+03 -9.927396e+02 1.000000e+00
-7.677745e+00 -2.001868e+03 -1.282220e+03 1.000000e+00
-5.730659e+00 -2.239298e+03 0.000000e+00 1.000000e+00
-5.415536e+00 -2.014368e+03 -6.707153e+01 1.000000e+00
-4.429212e+00 -2.366530e+03 -1.602966e+02 1.000000e+00
-5.426600e+00 -2.108350e+03 -2.628338e+02 1.000000e+00
-7.405913e+00 -2.413905e+03 -4.268209e+02 1.000000e+00
-1.129054e+01 -2.092529e+03 -5.776356e+02 1.000000e+00
-1.209290e+01 -2.321180e+03 -8.152340e+02 1.000000e+00
-1.541689e+01 -1.905596e+03 -9.958793e+02 1.000000e+00
-1.695447e+01 -2.039417e+03 -1.289472e+03 1.000000e+00
-7.118775e+00 -2.237374e+03 0.000000e+00 1.000000e+00
-6.896624e+00 -2.041666e+03 -6.719148e+01 1.000000e+00
-7.659159e+00 -2.365992e+03 -1.616123e+02 1.000000e+00
-9.767107e+00 -2.134626e+03 -2.657415e+02 1.000000e+00
-1.219600e+01 -2.412626e+03 -4.294095e+02 1.000000e+00
-1.527178e+01 -2.117720e+03 -5.828736e+02 1.000000e+00
-2.108557e+01 -2.317263e+03 -8.197785e+02 1.000000e+00
-2.308980e+01 -1.926309e+03 -1.003307e+03 1.000000e+00
-2.376434e+01 -2.033589e+03 -1.295137e+03 1.000000e+00
-8.245197e+00 -2.251432e+03 0.000000e+00 1.000000e+00
-8.632516e+00 -2.050748e+03 -6.760535e+01 1.000000e+00
-1.015184e+01 -2.381615e+03 -1.642134e+02 1.000000e+00
-1.239780e+01 -2.142458e+03 -2.684583e+02 1.000000e+00
-1.568064e+01 -2.427506e+03 -4.340695e+02 1.000000e+00
-2.126831e+01 -2.123834e+03 -5.879635e+02 1.000000e+00
-2.419229e+01 -2.327827e+03 -8.273288e+02 1.000000e+00
-2.856951e+01 -1.929389e+03 -1.010416e+03 1.000000e+00
-3.083280e+01 -2.040335e+03 -1.305030e+03 1.000000e+00
-9.564874e+00 -2.263116e+03 0.000000e+00 1.000000e+00
-1.085816e+01 -2.061758e+03 -6.883266e+01 1.000000e+00
-1.194059e+01 -2.393127e+03 -1.664185e+02 1.000000e+00
-1.479197e+01 -2.152692e+03 -2.723867e+02 1.000000e+00
-1.931636e+01 -2.437490e+03 -4.394120e+02 1.000000e+00
-2.401564e+01 -2.132653e+03 -5.943819e+02 1.000000e+00
-2.983972e+01 -2.333289e+03 -8.344458e+02 1.000000e+00
-3.316439e+01 -1.934480e+03 -1.020721e+03 1.000000e+00
-3.548705e+01 -2.040703e+03 -1.314780e+03 1.000000e+00
-8.972024e+00 -2.271554e+03 0.000000e+00 1.000000e+00
-1.045067e+01 -2.073832e+03 -7.043860e+01 1.000000e+00
-1.343019e+01 -2.401590e+03 -1.690079e+02 1.000000e+00
-1.746474e+01 -2.164605e+03 -2.772022e+02 1.000000e+00
-2.123670e+01 -2.444450e+03 -4.446722e+02 1.000000e+00
-2.639702e+01 -2.140723e+03 -6.015452e+02 1.000000e+00
-3.203550e+01 -2.337881e+03 -8.435523e+02 1.000000e+00
-3.648644e+01 -1.937354e+03 -1.030015e+03 1.000000e+00
-3.814357e+01 -2.042610e+03 -1.326090e+03 1.000000e+00
-1.069358e+01 -2.281613e+03 0.000000e+00 1.000000e+00
-1.202142e+01 -2.083542e+03 -7.200590e+01 1.000000e+00
-1.432513e+01 -2.411387e+03 -1.724290e+02 1.000000e+00
-1.799476e+01 -2.173666e+03 -2.814954e+02 1.000000e+00
-2.294025e+01 -2.452288e+03 -4.510827e+02 1.000000e+00
-2.864691e+01 -2.147118e+03 -6.089670e+02 1.000000e+00
-3.344457e+01 -2.342400e+03 -8.525643e+02 1.000000e+00
-3.757394e+01 -1.939574e+03 -1.040697e+03 1.000000e+00
-4.073164e+01 -2.043755e+03 -1.336823e+03 1.000000e+00
-1.004599e+01 -2.291225e+03 0.000000e+00 1.000000e+00
-1.177639e+01 -2.093143e+03 -7.361272e+01 1.000000e+00
-1.456023e+01 -2.420615e+03 -1.756676e+02 1.000000e+00
-1.895979e+01 -2.182299e+03 -2.862042e+02 1.000000e+00
-2.381004e+01 -2.459440e+03 -4.578044e+02 1.000000e+00
-2.876076e+01 -2.153754e+03 -6.164968e+02 1.000000e+00
-3.379503e+01 -2.345386e+03 -8.618463e+02 1.000000e+00
-3.820050e+01 -1.942754e+03 -1.050965e+03 1.000000e+00
-4.079090e+01 -2.042807e+03 -1.348324e+03 1.000000e+00
0.000000e+00 -1.975008e+03 0.000000e+00 1.000000e+00
0.000000e+00 -2.195472e+03 -8.887662e+01 1.000000e+00
0.000000e+00 -2.093089e+03 -1.876257e+02 1.000000e+00
0.000000e+00 -2.280129e+03 -3.224041e+02 1.000000e+00
0.000000e+00 -2.122146e+03 -4.676208e+02 1.000000e+00
0.000000e+00 -2.247169e+03 -6.732670e+02 1.000000e+00
0.000000e+00 -2.009853e+03 -8.618276e+02 1.000000e+00
0.000000e+00 -2.046704e+03 -1.127609e+03 1.000000e+00
0.000000e+00 -1.711568e+03 -1.329191e+03 1.000000e+00
-3.619797e+00 -1.944281e+03 0.000000e+00 1.000000e+00
-3.433202e+00 -2.258070e+03 -8.903670e+01 1.000000e+00
-8.398295e-01 -2.062696e+03 -1.865182e+02 1.000000e+00
-1.178518e+00 -2.342517e+03 -3.246617e+02 1.000000e+00
-2.355505e+00 -2.092087e+03 -4.665950e+02 1.000000e+00
-4.456942e+00 -2.309004e+03 -6.768533e+02 1.000000e+00
-5.846789e+00 -1.978883e+03 -8.601769e+02 1.000000e+00
-6.836699e+00 -2.105751e+03 -1.132718e+03 1.000000e+00
-7.335899e+00 -1.678350e+03 -1.326799e+03 1.000000e+00
-6.805013e+00 -1.928269e+03 0.000000e+00 1.000000e+00
-5.651148e+00 -2.303355e+03 -8.889232e+01 1.000000e+00
-5.342772e+00 -2.046540e+03 -1.865277e+02 1.000000e+00
-5.230539e+00 -2.386413e+03 -3.266422e+02 1.000000e+00
-8.175156e+00 -2.076262e+03 -4.691350e+02 1.000000e+00
-1.169853e+01 -2.351771e+03 -6.802766e+02 1.000000e+00
-1.351934e+01 -1.961417e+03 -8.624542e+02 1.000000e+00
-1.636535e+01 -2.145861e+03 -1.139385e+03 1.000000e+00
-1.808463e+01 -1.658022e+03 -1.330118e+03 1.000000e+00
-7.297453e+00 -1.956421e+03 0.000000e+00 1.000000e+00
-7.511045e+00 -2.301555e+03 -8.882142e+01 1.000000e+00
-7.926983e+00 -2.073876e+03 -1.885149e+02 1.000000e+00
-1.099269e+01 -2.384948e+03 -3.287500e+02 1.000000e+00
-1.245742e+01 -2.102343e+03 -4.731488e+02 1.000000e+00
-1.597091e+01 -2.348725e+03 -6.840743e+02 1.000000e+00
-2.181736e+01 -1.984668e+03 -8.695236e+02 1.000000e+00
-2.387489e+01 -2.140051e+03 -1.144392e+03 1.000000e+00
-2.399694e+01 -1.675922e+03 -1.339728e+03 1.000000e+00
-9.178065e+00 -1.965074e+03 0.000000e+00 1.000000e+00
-9.561332e+00 -2.316563e+03 -8.949876e+01 1.000000e+00
-1.120544e+01 -2.082214e+03 -1.909851e+02 1.000000e+00
-1.298272e+01 -2.400340e+03 -3.320369e+02 1.000000e+00
-1.692943e+01 -2.109074e+03 -4.774266e+02 1.000000e+00
-2.238058e+01 -2.362030e+03 -6.902755e+02 1.000000e+00
-2.569530e+01 -1.988393e+03 -8.762844e+02 1.000000e+00
-3.031494e+01 -2.148199e+03 -1.153419e+03 1.000000e+00
-3.222154e+01 -1.676491e+03 -1.348113e+03 1.000000e+00
-1.050080e+01 -1.975576e+03 0.000000e+00 1.000000e+00
-1.187562e+01 -2.328280e+03 -9.083504e+01 1.000000e+00
-1.279144e+01 -2.093140e+03 -1.933397e+02 1.000000e+00
-1.607597e+01 -2.410472e+03 -3.359816e+02 1.000000e+00
-2.037764e+01 -2.119001e+03 -4.834129e+02 1.000000e+00
-2.512206e+01 -2.369704e+03 -6.965334e+02 1.000000e+00
-3.130456e+01 -1.994846e+03 -8.844725e+02 1.000000e+00
-3.432971e+01 -2.151167e+03 -1.163236e+03 1.000000e+00
-3.586805e+01 -1.680114e+03 -1.358953e+03 1.000000e+00
-9.749071e+00 -1.987276e+03 0.000000e+00 1.000000e+00
-1.121397e+01 -2.336438e+03 -9.247656e+01 1.000000e+00
-1.478162e+01 -2.105338e+03 -1.963366e+02 1.000000e+00
-1.890200e+01 -2.418180e+03 -3.408481e+02 1.000000e+00
-2.256389e+01 -2.128959e+03 -4.888277e+02 1.000000e+00
-2.791208e+01 -2.375560e+03 -7.044081e+02 1.000000e+00
-3.344149e+01 -1.999535e+03 -8.935983e+02 1.000000e+00
-3.820403e+01 -2.154104e+03 -1.173228e+03 1.000000e+00
-3.972044e+01 -1.680380e+03 -1.370096e+03 1.000000e+00
-1.153603e+01 -1.995979e+03 0.000000e+00 1.000000e+00
-1.353637e+01 -2.346656e+03 -9.435191e+01 1.000000e+00
-1.549102e+01 -2.114846e+03 -1.996773e+02 1.000000e+00
-1.925779e+01 -2.426729e+03 -3.456750e+02 1.000000e+00
-2.478364e+01 -2.137113e+03 -4.952123e+02 1.000000e+00
-3.009889e+01 -2.381556e+03 -7.125709e+02 1.000000e+00
-3.522343e+01 -2.003224e+03 -9.027271e+02 1.000000e+00
-3.875915e+01 -2.156501e+03 -1.184242e+03 1.000000e+00
-4.166621e+01 -1.681465e+03 -1.381361e+03 1.000000e+00
-1.094617e+01 -2.004832e+03 0.000000e+00 1.000000e+00
-1.279801e+01 -2.356730e+03 -9.632535e+01 1.000000e+00
-1.591753e+01 -2.123723e+03 -2.025560e+02 1.000000e+00
-2.051011e+01 -2.434559e+03 -3.512691e+02 1.000000e+00
-2.541178e+01 -2.145052e+03 -5.016770e+02 1.000000e+00
-3.036817e+01 -2.386105e+03 -7.209263e+02 1.000000e+00
-3.527150e+01 -2.008129e+03 -9.121115e+02 1.000000e+00
-3.937848e+01 -2.157074e+03 -1.194787e+03 1.000000e+00
-4.183885e+01 -1.683093e+03 -1.393398e+03 1.000000e+00
0.000000e+00 -2.122207e+03 0.000000e+00 1.000000e+00
0.000000e+00 -2.022061e+03 -1.019946e+02 1.000000e+00
0.000000e+00 -2.235122e+03 -2.245312e+02 1.000000e+00
0.000000e+00 -2.092467e+03 -3.564501e+02 1.000000e+00
0.000000e+00 -2.252181e+03 -5.371938e+02 1.000000e+00
0.000000e+00 -2.039393e+03 -7.172466e+02 1.000000e+00
0.000000e+00 -2.122464e+03 -9.629646e+02 1.000000e+00
0.000000e+00 -1.815339e+03 -1.172454e+03 1.000000e+00
0.000000e+00 -1.812067e+03 -1.464133e+03 1.000000e+00
-4.542546e+00 -2.186035e+03 0.000000e+00 1.000000e+00
-3.127277e+00 -1.990214e+03 -1.014393e+02 1.000000e+00
-1.323308e+00 -2.299167e+03 -2.248779e+02 1.000000e+00
-7.236350e-01 -2.060881e+03 -3.563865e+02 1.000000e+00
-2.712307e+00 -2.315500e+03 -5.395737e+02 1.000000e+00
-4.326438e+00 -2.008015e+03 -7.164327e+02 1.000000e+00
-6.717233e+00 -2.184485e+03 -9.672032e+02 1.000000e+00
-7.133572e+00 -1.783139e+03 -1.170359e+03 1.000000e+00
-7.621337e+00 -1.869990e+03 -1.470840e+03 1.000000e+00
-6.966266e+00 -2.231425e+03 0.000000e+00 1.000000e+00
-6.616986e+00 -1.973908e+03 -1.010444e+02 1.000000e+00
-5.266806e+00 -2.344029e+03 -2.253203e+02 1.000000e+00
-6.052351e+00 -2.044365e+03 -3.578281e+02 1.000000e+00
-8.141869e+00 -2.359219e+03 -5.430658e+02 1.000000e+00
-1.231469e+01 -1.991048e+03 -7.188616e+02 1.000000e+00
-1.404006e+01 -2.225820e+03 -9.713042e+02 1.000000e+00
-1.760363e+01 -1.763860e+03 -1.175235e+03 1.000000e+00
-1.837133e+01 -1.907403e+03 -1.476696e+03 1.000000e+00
-8.048902e+00 -2.228461e+03 0.000000e+00 1.000000e+00
-7.609944e+00 -2.002355e+03 -1.012236e+02 1.000000e+00
-8.621821e+00 -2.341656e+03 -2.269095e+02 1.000000e+00
-1.135744e+01 -2.071574e+03 -3.609633e+02 1.000000e+00
-1.308626e+01 -2.356619e+03 -5.457878e+02 1.000000e+00
-1.629583e+01 -2.016182e+03 -7.246926e+02 1.000000e+00
-2.314027e+01 -2.220658e+03 -9.764952e+02 1.000000e+00
-2.460201e+01 -1.784823e+03 -1.183050e+03 1.000000e+00
-2.436924e+01 -1.899683e+03 -1.483474e+03 1.000000e+00
-9.583880e+00 -2.242688e+03 0.000000e+00 1.000000e+00
-1.052657e+01 -2.010737e+03 -1.019464e+02 1.000000e+00
-1.188316e+01 -2.357220e+03 -2.296755e+02 1.000000e+00
-1.387283e+01 -2.078586e+03 -3.640648e+02 1.000000e+00
-1.773523e+01 -2.371441e+03 -5.507324e+02 1.000000e+00
-2.345153e+01 -2.021596e+03 -7.304789e+02 1.000000e+00
-2.662785e+01 -2.231189e+03 -9.843858e+02 1.000000e+00
-3.156172e+01 -1.786323e+03 -1.191098e+03 1.000000e+00
-3.348377e+01 -1.906647e+03 -1.494350e+03 1.000000e+00
-1.147231e+01 -2.253539e+03 0.000000e+00 1.000000e+00
-1.274846e+01 -2.021824e+03 -1.035647e+02 1.000000e+00
-1.365281e+01 -2.368125e+03 -2.318275e+02 1.000000e+00
-1.679910e+01 -2.088873e+03 -3.685147e+02 1.000000e+00
-2.126307e+01 -2.380286e+03 -5.565266e+02 1.000000e+00
-2.597425e+01 -2.029900e+03 -7.375953e+02 1.000000e+00
-3.295641e+01 -2.235730e+03 -9.922145e+02 1.000000e+00
-3.556812e+01 -1.790657e+03 -1.201893e+03 1.000000e+00
-3.616325e+01 -1.906970e+03 -1.504711e+03 1.000000e+00
-1.015259e+01 -2.261434e+03 0.000000e+00 1.000000e+00
-1.186575e+01 -2.033789e+03 -1.052927e+02 1.000000e+00
-1.588963e+01 -2.376256e+03 -2.351465e+02 1.000000e+00
-2.017959e+01 -2.100012e+03 -3.732963e+02 1.000000e+00
-2.396032e+01 -2.387161e+03 -5.625001e+02 1.000000e+00
-2.923731e+01 -2.037290e+03 -7.453699e+02 1.000000e+00
-3.457827e+01 -2.239850e+03 -1.002174e+03 1.000000e+00
-3.947023e+01 -1.793234e+03 -1.211569e+03 1.000000e+00
-4.082943e+01 -1.908072e+03 -1.516474e+03 1.000000e+00
-1.263200e+01 -2.271400e+03 0.000000e+00 1.000000e+00
-1.466071e+01 -2.042861e+03 -1.072938e+02 1.000000e+00
-1.654883e+01 -2.385759e+03 -2.386896e+02 1.000000e+00
-2.027496e+01 -2.108629e+03 -3.781674e+02 1.000000e+00
-2.605126e+01 -2.394459e+03 -5.694107e+02 1.000000e+00
-3.148421e+01 -2.043399e+03 -7.535912e+02 1.000000e+00
-3.660294e+01 -2.242967e+03 -1.011683e+03 1.000000e+00
-3.981881e+01 -1.794865e+03 -1.222885e+03 1.000000e+00
-4.243756e+01 -1.908227e+03 -1.527833e+03 1.000000e+00
-1.175482e+01 -2.281436e+03 0.000000e+00 1.000000e+00
-1.368994e+01 -2.051880e+03 -1.093491e+02 1.000000e+00
-1.710346e+01 -2.394897e+03 -2.417090e+02 1.000000e+00
-2.186227e+01 -2.116846e+03 -3.838803e+02 1.000000e+00
-2.687556e+01 -2.400663e+03 -5.763170e+02 1.000000e+00
-3.188011e+01 -2.049885e+03 -7.621485e+02 1.000000e+00
-3.672005e+01 -2.245053e+03 -1.021467e+03 1.000000e+00
-4.045123e+01 -1.798258e+03 -1.233521e+03 1.000000e+00
-4.271920e+01 -1.906985e+03 -1.540197e+03 1.000000e+00
0.000000e+00 -1.940758e+03 0.000000e+00 1.000000e+00
0.000000e+00 -2.177844e+03 -1.189827e+02 1.000000e+00
0.000000e+00 -2.044661e+03 -2.458981e+02 1.000000e+00
0.000000e+00 -2.239805e+03 -4.050258e+02 1.000000e+00
0.000000e+00 -2.045242e+03 -5.712285e+02 1.000000e+00
0.000000e+00 -2.173605e+03 -7.934487e+02 1.000000e+00
0.000000e+00 -1.895260e+03 -9.997954e+02 1.000000e+00
0.000000e+00 -1.934532e+03 -1.277454e+03 1.000000e+00
0.000000e+00 -1.563056e+03 -1.494711e+03 1.000000e+00
-4.521330e+00 -1.907028e+03 0.000000e+00 1.000000e+00
-3.784943e+00 -2.243092e+03 -1.189318e+02 1.000000e+00
-1.061692e+00 -2.011860e+03 -2.451291e+02 1.000000e+00
-1.199371e+00 -2.304673e+03 -4.068375e+02 1.000000e+00
-2.475297e+00 -2.012596e+03 -5.708973e+02 1.000000e+00
-4.813217e+00 -2.236986e+03 -7.964689e+02 1.000000e+00
-7.107111e+00 -1.861992e+03 -9.992177e+02 1.000000e+00
-8.666087e+00 -1.996389e+03 -1.282010e+03 1.000000e+00
-7.877729e+00 -1.528229e+03 -1.492942e+03 1.000000e+00
-7.775942e+00 -1.889622e+03 0.000000e+00 1.000000e+00
-6.580749e+00 -2.288695e+03 -1.186230e+02 1.000000e+00
-5.804753e+00 -1.995163e+03 -2.453022e+02 1.000000e+00
-5.941169e+00 -2.348959e+03 -4.088945e+02 1.000000e+00
-8.814651e+00 -1.996053e+03 -5.737433e+02 1.000000e+00
-1.193980e+01 -2.279314e+03 -7.997505e+02 1.000000e+00
-1.503559e+01 -1.843863e+03 -1.002902e+03 1.000000e+00
-1.728349e+01 -2.035958e+03 -1.287676e+03 1.000000e+00
-1.862634e+01 -1.506614e+03 -1.498021e+03 1.000000e+00
-8.258572e+00 -1.918316e+03 0.000000e+00 1.000000e+00
-8.268029e+00 -2.285480e+03 -1.186115e+02 1.000000e+00
-8.889078e+00 -2.023523e+03 -2.474680e+02 1.000000e+00
-1.216836e+01 -2.345952e+03 -4.114307e+02 1.000000e+00
-1.332451e+01 -2.022840e+03 -5.775289e+02 1.000000e+00
-1.722528e+01 -2.275167e+03 -8.043836e+02 1.000000e+00
-2.387899e+01 -1.866982e+03 -1.010063e+03 1.000000e+00
-2.657934e+01 -2.028992e+03 -1.293495e+03 1.000000e+00
-2.512377e+01 -1.524649e+03 -1.507823e+03 1.000000e+00
-1.019311e+01 -1.926107e+03 0.000000e+00 1.000000e+00
-1.100051e+01 -2.300713e+03 -1.195455e+02 1.000000e+00
-1.251557e+01 -2.031176e+03 -2.501204e+02 1.000000e+00
-1.419272e+01 -2.361019e+03 -4.149680e+02 1.000000e+00
-1.861762e+01 -2.028772e+03 -5.822183e+02 1.000000e+00
-2.381074e+01 -2.288369e+03 -8.109767e+02 1.000000e+00
-2.768778e+01 -1.869478e+03 -1.017121e+03 1.000000e+00
-3.182261e+01 -2.037968e+03 -1.303409e+03 1.000000e+00
-3.382304e+01 -1.523248e+03 -1.516752e+03 1.000000e+00
-1.230766e+01 -1.936572e+03 0.000000e+00 1.000000e+00
-1.355155e+01 -2.311600e+03 -1.211672e+02 1.000000e+00
-1.443757e+01 -2.042237e+03 -2.525823e+02 1.000000e+00
-1.767212e+01 -2.370353e+03 -4.191826e+02 1.000000e+00
-2.183896e+01 -2.038511e+03 -5.886904e+02 1.000000e+00
-2.715894e+01 -2.295102e+03 -8.177230e+02 1.000000e+00
-3.426721e+01 -1.875504e+03 -1.025995e+03 1.000000e+00
-3.730803e+01 -2.040074e+03 -1.313366e+03 1.000000e+00
-3.705269e+01 -1.525900e+03 -1.528577e+03 1.000000e+00
-1.048480e+01 -1.948071e+03 0.000000e+00 1.000000e+00
-1.243863e+01 -2.319761e+03 -1.230264e+02 1.000000e+00
-1.658569e+01 -2.053695e+03 -2.560199e+02 1.000000e+00
-2.125037e+01 -2.378059e+03 -4.243354e+02 1.000000e+00
-2.507785e+01 -2.047919e+03 -5.943556e+02 1.000000e+00
-3.012347e+01 -2.300431e+03 -8.264406e+02 1.000000e+00
-3.581346e+01 -1.879806e+03 -1.035475e+03 1.000000e+00
-3.997246e+01 -2.042577e+03 -1.323965e+03 1.000000e+00
-4.138954e+01 -1.526604e+03 -1.539803e+03 1.000000e+00
-1.383609e+01 -1.956970e+03 0.000000e+00 1.000000e+00
-1.546048e+01 -2.329480e+03 -1.249968e+02 1.000000e+00
-1.754694e+01 -2.062567e+03 -2.598701e+02 1.000000e+00
-2.122212e+01 -2.386338e+03 -4.292581e+02 1.000000e+00
-2.705906e+01 -2.055411e+03 -6.015679e+02 1.000000e+00
-3.292711e+01 -2.305612e+03 -8.348434e+02 1.000000e+00
-3.774814e+01 -1.883305e+03 -1.045316e+03 1.000000e+00
-4.095955e+01 -2.043706e+03 -1.335194e+03 1.000000e+00
-4.300302e+01 -1.526550e+03 -1.551612e+03 1.000000e+00
-1.244316e+01 -1.965759e+03 0.000000e+00 1.000000e+00
-1.444003e+01 -2.338927e+03 -1.269759e+02 1.000000e+00
-1.809521e+01 -2.071473e+03 -2.632554e+02 1.000000e+00
-2.299372e+01 -2.393878e+03 -4.347973e+02 1.000000e+00
-2.809557e+01 -2.062769e+03 -6.090850e+02 1.000000e+00
-3.320710e+01 -2.309894e+03 -8.434467e+02 1.000000e+00
-3.789381e+01 -1.887457e+03 -1.055385e+03 1.000000e+00
-4.139362e+01 -2.044202e+03 -1.346203e+03 1.000000e+00
-4.356273e+01 -1.528262e+03 -1.563714e+03 1.000000e+00
0.000000e+00 -2.108353e+03 0.000000e+00 1.000000e+00
0.000000e+00 -1.982276e+03 -1.289822e+02 1.000000e+00
0.000000e+00 -2.207735e+03 -2.756299e+02 1.000000e+00
0.000000e+00 -2.031334e+03 -4.301633e+02 1.000000e+00
0.000000e+00 -2.198572e+03 -6.270090e+02 1.000000e+00
0.000000e+00 -1.947707e+03 -8.236824e+02 1.000000e+00
0.000000e+00 -2.035875e+03 -1.080404e+03 1.000000e+00
0.000000e+00 -1.689187e+03 -1.303840e+03 1.000000e+00
0.000000e+00 -1.693581e+03 -1.602308e+03 1.000000e+00
-5.137019e+00 -2.174292e+03 0.000000e+00 1.000000e+00
-3.596461e+00 -1.947519e+03 -1.284594e+02 1.000000e+00
-1.625595e+00 -2.274039e+03 -2.759547e+02 1.000000e+00
-1.039257e+00 -1.997545e+03 -4.302534e+02 1.000000e+00
-2.982367e+00 -2.263729e+03 -6.291754e+02 1.000000e+00
-4.594564e+00 -1.913434e+03 -8.233511e+02 1.000000e+00
-7.718068e+00 -2.098583e+03 -1.084267e+03 1.000000e+00
-9.246307e+00 -1.653784e+03 -1.303118e+03 1.000000e+00
-8.993566e+00 -1.753247e+03 -1.607421e+03 1.000000e+00
-7.539831e+00 -2.219287e+03 0.000000e+00 1.000000e+00
-7.350340e+00 -1.930448e+03 -1.282194e+02 1.000000e+00
-5.680876e+00 -2.319371e+03 -2.761675e+02 1.000000e+00
-6.349378e+00 -1.980692e+03 -4.322254e+02 1.000000e+00
-8.739516e+00 -2.307470e+03 -6.323657e+02 1.000000e+00
-1.248170e+01 -1.896167e+03 -8.263294e+02 1.000000e+00
-1.558694e+01 -2.139452e+03 -1.088585e+03 1.000000e+00
-1.818153e+01 -1.634730e+03 -1.308469e+03 1.000000e+00
-1.789312e+01 -1.789909e+03 -1.612754e+03 1.000000e+00
-9.035203e+00 -2.215059e+03 0.000000e+00 1.000000e+00
-8.151103e+00 -1.959276e+03 -1.283593e+02 1.000000e+00
-9.656167e+00 -2.315919e+03 -2.782672e+02 1.000000e+00
-1.236414e+01 -2.008476e+03 -4.350984e+02 1.000000e+00
-1.391472e+01 -2.303324e+03 -6.356834e+02 1.000000e+00
-1.757012e+01 -1.922278e+03 -8.321522e+02 1.000000e+00
-2.454390e+01 -2.132490e+03 -1.094162e+03 1.000000e+00
-2.712685e+01 -1.655658e+03 -1.316675e+03 1.000000e+00
-2.669189e+01 -1.781124e+03 -1.620123e+03 1.000000e+00
-1.036268e+01 -2.229796e+03 0.000000e+00 1.000000e+00
-1.187566e+01 -1.966889e+03 -1.293053e+02 1.000000e+00
-1.267863e+01 -2.331373e+03 -2.811637e+02 1.000000e+00
-1.468102e+01 -2.014924e+03 -4.384977e+02 1.000000e+00
-1.904992e+01 -2.317738e+03 -6.409197e+02 1.000000e+00
-2.427679e+01 -1.926371e+03 -8.381721e+02 1.000000e+00
-2.897802e+01 -2.143537e+03 -1.102416e+03 1.000000e+00
-3.265961e+01 -1.655204e+03 -1.325109e+03 1.000000e+00
-3.360336e+01 -1.788907e+03 -1.631888e+03 1.000000e+00
-1.299196e+01 -2.239459e+03 0.000000e+00 1.000000e+00
-1.400912e+01 -1.978309e+03 -1.312560e+02 1.000000e+00
-1.532724e+01 -2.341430e+03 -2.832549e+02 1.000000e+00
-1.820364e+01 -2.025251e+03 -4.433681e+02 1.000000e+00
-2.253623e+01 -2.325899e+03 -6.470043e+02 1.000000e+00
-2.806006e+01 -1.934228e+03 -8.456639e+02 1.000000e+00
-3.516668e+01 -2.147752e+03 -1.110919e+03 1.000000e+00
-3.859307e+01 -1.659900e+03 -1.335975e+03 1.000000e+00
-3.791167e+01 -1.787704e+03 -1.642544e+03 1.000000e+00
-1.122830e+01 -2.247769e+03 0.000000e+00 1.000000e+00
-1.273635e+01 -1.989242e+03 -1.329063e+02 1.000000e+00
-1.717225e+01 -2.349598e+03 -2.874171e+02 1.000000e+00
-2.217111e+01 -2.035675e+03 -4.479316e+02 1.000000e+00
-2.578521e+01 -2.332216e+03 -6.535771e+02 1.000000e+00
-3.107942e+01 -1.941436e+03 -8.537940e+02 1.000000e+00
-3.674563e+01 -2.150207e+03 -1.121235e+03 1.000000e+00
-4.075871e+01 -1.662283e+03 -1.346404e+03 1.000000e+00
-4.162114e+01 -1.787931e+03 -1.654057e+03 1.000000e+00
-1.437062e+01 -2.256875e+03 0.000000e+00 1.000000e+00
-1.638015e+01 -1.998434e+03 -1.350240e+02 1.000000e+00
-1.834171e+01 -2.358625e+03 -2.912496e+02 1.000000e+00
-2.198068e+01 -2.043832e+03 -4.532149e+02 1.000000e+00
-2.810680e+01 -2.339062e+03 -6.607890e+02 1.000000e+00
-3.402282e+01 -1.946880e+03 -8.625052e+02 1.000000e+00
-3.906474e+01 -2.153260e+03 -1.131254e+03 1.000000e+00
-4.181505e+01 -1.663847e+03 -1.357672e+03 1.000000e+00
-4.350108e+01 -1.787426e+03 -1.665990e+03 1.000000e+00
-1.315874e+01 -2.265292e+03 0.000000e+00 1.000000e+00
-1.494935e+01 -2.007691e+03 -1.372607e+02 1.000000e+00
-1.889772e+01 -2.367126e+03 -2.944442e+02 1.000000e+00
-2.394109e+01 -2.051623e+03 -4.591656e+02 1.000000e+00
-2.908300e+01 -2.345290e+03 -6.683209e+02 1.000000e+00
-3.429216e+01 -1.952105e+03 -8.715207e+02 1.000000e+00
-3.875987e+01 -2.155233e+03 -1.141478e+03 1.000000e+00
-4.200106e+01 -1.666063e+03 -1.368748e+03 1.000000e+00
-4.405147e+01 -1.785483e+03 -1.678227e+03 1.000000e+00
