0 729 0.00000e+00
  1     729
0.000000e+00 -1.394363e+03 -1.833322e+03 1.000000e+00
0.000000e+00 -8.541984e+02 -2.101234e+03 1.000000e+00
0.000000e+00 -8.413591e+02 -2.352627e+03 1.000000e+00
0.000000e+00 -2.131670e+02 -2.597216e+03 1.000000e+00
0.000000e+00 -5.452343e+01 -2.853806e+03 1.000000e+00
0.000000e+00 7.987551e+02 -3.134899e+03 1.000000e+00
0.000000e+00 1.013676e+03 -3.403720e+03 1.000000e+00
0.000000e+00 1.881154e+03 -3.656789e+03 1.000000e+00
0.000000e+00 2.020270e+03 -3.857992e+03 1.000000e+00
-9.445040e+00 -1.454760e+03 -1.837094e+03 1.000000e+00
-1.025573e+01 -8.093972e+02 -2.102685e+03 1.000000e+00
-6.426453e+00 -8.951958e+02 -2.354167e+03 1.000000e+00
-3.276660e+00 -1.659384e+02 -2.601771e+03 1.000000e+00
-5.223888e+00 -9.802994e+01 -2.855654e+03 1.000000e+00
-6.920937e+00 8.474750e+02 -3.136108e+03 1.000000e+00
-6.582558e+00 9.823895e+02 -3.405397e+03 1.000000e+00
-6.303804e+00 1.930524e+03 -3.659679e+03 1.000000e+00
-6.633080e+00 2.004176e+03 -3.866102e+03 1.000000e+00
-1.830853e+01 -1.488987e+03 -1.842200e+03 1.000000e+00
-1.494981e+01 -7.840846e+02 -2.108364e+03 1.000000e+00
-1.552030e+01 -9.241872e+02 -2.362222e+03 1.000000e+00
-1.199304e+01 -1.384466e+02 -2.607202e+03 1.000000e+00
-8.505446e+00 -1.210684e+02 -2.860450e+03 1.000000e+00
-9.490965e+00 8.789915e+02 -3.138501e+03 1.000000e+00
-9.861905e+00 9.682289e+02 -3.411059e+03 1.000000e+00
-1.313674e+01 1.963855e+03 -3.669859e+03 1.000000e+00
-1.152811e+01 2.001010e+03 -3.876521e+03 1.000000e+00
-2.764144e+01 -1.476577e+03 -1.849805e+03 1.000000e+00
-2.763371e+01 -8.001432e+02 -2.117817e+03 1.000000e+00
-2.033759e+01 -9.091193e+02 -2.370434e+03 1.000000e+00
-1.211211e+01 -1.493395e+02 -2.615235e+03 1.000000e+00
-1.321393e+01 -1.039128e+02 -2.866429e+03 1.000000e+00
-1.698915e+01 8.756214e+02 -3.145149e+03 1.000000e+00
-2.049737e+01 9.874129e+02 -3.419051e+03 1.000000e+00
-1.503301e+01 1.965610e+03 -3.677233e+03 1.000000e+00
-9.868703e+00 2.020266e+03 -3.885229e+03 1.000000e+00
-3.356118e+01 -1.483089e+03 -1.861583e+03 1.000000e+00
-3.076787e+01 -7.945840e+02 -2.127950e+03 1.000000e+00
-2.795677e+01 -9.114843e+02 -2.379112e+03 1.000000e+00
-2.198243e+01 -1.407489e+02 -2.624378e+03 1.000000e+00
-1.846305e+01 -1.018847e+02 -2.876277e+03 1.000000e+00
-2.233207e+01 8.863668e+02 -3.153900e+03 1.000000e+00
-1.988623e+01 9.953458e+02 -3.425068e+03 1.000000e+00
-1.488450e+01 1.976789e+03 -3.682930e+03 1.000000e+00
-8.075735e+00 2.030652e+03 -3.890631e+03 1.000000e+00
-3.816787e+01 -1.479725e+03 -1.872044e+03 1.000000e+00
-3.422446e+01 -7.959435e+02 -2.139552e+03 1.000000e+00
-3.205121e+01 -9.044907e+02 -2.391358e+03 1.000000e+00
-2.976565e+01 -1.393660e+02 -2.632385e+03 1.000000e+00
-2.744379e+01 -9.233183e+01 -2.884306e+03 1.000000e+00
-2.166973e+01 8.926791e+02 -3.161020e+03 1.000000e+00
-2.030188e+01 1.006736e+03 -3.433269e+03 1.000000e+00
-1.408020e+01 1.985539e+03 -3.690519e+03 1.000000e+00
-7.671371e+00 2.042683e+03 -3.893899e+03 1.000000e+00
-4.330566e+01 -1.476981e+03 -1.883936e+03 1.000000e+00
-4.118915e+01 -7.943689e+02 -2.150960e+03 1.000000e+00
-3.579111e+01 -8.999670e+02 -2.401578e+03 1.000000e+00
-3.045373e+01 -1.335854e+02 -2.645017e+03 1.000000e+00
-2.906463e+01 -8.560721e+01 -2.893923e+03 1.000000e+00
-3.003940e+01 9.033974e+02 -3.170635e+03 1.000000e+00
-2.287926e+01 1.013497e+03 -3.441012e+03 1.000000e+00
-1.162447e+01 1.998316e+03 -3.695997e+03 1.000000e+00
-5.079170e+00 2.046805e+03 -3.901463e+03 1.000000e+00
-4.220197e+01 -1.475601e+03 -1.896663e+03 1.000000e+00
-4.107788e+01 -7.911241e+02 -2.162461e+03 1.000000e+00
-4.129941e+01 -8.958890e+02 -2.412882e+03 1.000000e+00
-3.865839e+01 -1.285569e+02 -2.656060e+03 1.000000e+00
-3.247515e+01 -7.757906e+01 -2.906776e+03 1.000000e+00
-2.540861e+01 9.090011e+02 -3.182271e+03 1.000000e+00
-2.083808e+01 1.026866e+03 -3.449146e+03 1.000000e+00
-1.245589e+01 2.004106e+03 -3.702275e+03 1.000000e+00
-2.083529e-01 2.058711e+03 -3.905116e+03 1.000000e+00
-4.385214e+01 -1.474640e+03 -1.907974e+03 1.000000e+00
-4.323685e+01 -7.884678e+02 -2.175181e+03 1.000000e+00
-4.150054e+01 -8.916362e+02 -2.425395e+03 1.000000e+00
-3.784771e+01 -1.244376e+02 -2.666837e+03 1.000000e+00
-3.393086e+01 -6.821839e+01 -2.917675e+03 1.000000e+00
-2.805494e+01 9.145830e+02 -3.192871e+03 1.000000e+00
-1.965604e+01 1.038693e+03 -3.459678e+03 1.000000e+00
-9.852732e+00 2.009315e+03 -3.708720e+03 1.000000e+00
2.360912e-02 2.069762e+03 -3.907984e+03 1.000000e+00
0.000000e+00 -1.097020e+03 -1.853079e+03 1.000000e+00
0.000000e+00 -1.100166e+03 -2.107692e+03 1.000000e+00
0.000000e+00 -5.305125e+02 -2.373866e+03 1.000000e+00
0.000000e+00 -4.682423e+02 -2.593548e+03 1.000000e+00
0.000000e+00 2.807081e+02 -2.885393e+03 1.000000e+00
0.000000e+00 5.301113e+02 -3.110404e+03 1.000000e+00
0.000000e+00 1.389382e+03 -3.444809e+03 1.000000e+00
0.000000e+00 1.574915e+03 -3.612222e+03 1.000000e+00
0.000000e+00 2.442738e+03 -3.912531e+03 1.000000e+00
-9.368316e+00 -1.052963e+03 -1.857354e+03 1.000000e+00
-1.019345e+01 -1.157141e+03 -2.108524e+03 1.000000e+00
-6.406745e+00 -4.849968e+02 -2.376170e+03 1.000000e+00
-3.224450e+00 -5.177046e+02 -2.596813e+03 1.000000e+00
-4.909911e+00 3.297543e+02 -2.889208e+03 1.000000e+00
-6.800433e+00 4.933471e+02 -3.109378e+03 1.000000e+00
-6.635548e+00 1.438603e+03 -3.449550e+03 1.000000e+00
-6.428463e+00 1.550838e+03 -3.611374e+03 1.000000e+00
-6.536108e+00 2.490972e+03 -3.924755e+03 1.000000e+00
-1.821312e+01 -1.028710e+03 -1.862194e+03 1.000000e+00
-1.481461e+01 -1.188937e+03 -2.114464e+03 1.000000e+00
-1.530997e+01 -4.585658e+02 -2.383807e+03 1.000000e+00
-1.216792e+01 -5.433984e+02 -2.602801e+03 1.000000e+00
-8.726116e+00 3.597266e+02 -2.893107e+03 1.000000e+00
-9.523189e+00 4.744168e+02 -3.112916e+03 1.000000e+00
-9.269811e+00 1.471602e+03 -3.453908e+03 1.000000e+00
-1.252219e+01 1.542779e+03 -3.622934e+03 1.000000e+00
-1.109333e+01 2.522002e+03 -3.933390e+03 1.000000e+00
-2.760420e+01 -1.046672e+03 -1.869676e+03 1.000000e+00
-2.758879e+01 -1.175469e+03 -2.123973e+03 1.000000e+00
-2.028599e+01 -4.719762e+02 -2.391768e+03 1.000000e+00
-1.200473e+01 -5.271458e+02 -2.611101e+03 1.000000e+00
-1.271102e+01 3.526409e+02 -2.898509e+03 1.000000e+00
-1.650428e+01 4.925258e+02 -3.120242e+03 1.000000e+00
-2.037464e+01 1.471426e+03 -3.461085e+03 1.000000e+00
-1.519409e+01 1.562442e+03 -3.631455e+03 1.000000e+00
-9.653271e+00 2.526523e+03 -3.940280e+03 1.000000e+00
-3.346793e+01 -1.042239e+03 -1.881730e+03 1.000000e+00
-3.056005e+01 -1.179866e+03 -2.133662e+03 1.000000e+00
-2.766687e+01 -4.645464e+02 -2.400804e+03 1.000000e+00
-2.206090e+01 -5.277744e+02 -2.619605e+03 1.000000e+00
-1.870753e+01 3.629138e+02 -2.909014e+03 1.000000e+00
-2.200334e+01 4.984924e+02 -3.128007e+03 1.000000e+00
-1.909075e+01 1.483394e+03 -3.468246e+03 1.000000e+00
-1.400101e+01 1.571406e+03 -3.635733e+03 1.000000e+00
-7.440708e+00 2.536913e+03 -3.946968e+03 1.000000e+00
-3.810225e+01 -1.044811e+03 -1.891816e+03 1.000000e+00
-3.418318e+01 -1.174783e+03 -2.145578e+03 1.000000e+00
-3.193854e+01 -4.640296e+02 -2.412519e+03 1.000000e+00
-2.947496e+01 -5.191405e+02 -2.628251e+03 1.000000e+00
-2.693753e+01 3.664355e+02 -2.915870e+03 1.000000e+00
-2.118623e+01 5.093177e+02 -3.136296e+03 1.000000e+00
-2.004484e+01 1.491629e+03 -3.474946e+03 1.000000e+00
-1.399113e+01 1.583984e+03 -3.644615e+03 1.000000e+00
-7.261219e+00 2.543506e+03 -3.948791e+03 1.000000e+00
-4.312720e+01 -1.044905e+03 -1.903665e+03 1.000000e+00
-4.095904e+01 -1.171216e+03 -2.156890e+03 1.000000e+00
-3.556691e+01 -4.606095e+02 -2.422764e+03 1.000000e+00
-3.030390e+01 -5.138735e+02 -2.640481e+03 1.000000e+00
-2.882129e+01 3.754360e+02 -2.925619e+03 1.000000e+00
-2.973940e+01 5.164976e+02 -3.145748e+03 1.000000e+00
-2.215709e+01 1.502915e+03 -3.482831e+03 1.000000e+00
-1.099420e+01 1.589906e+03 -3.649661e+03 1.000000e+00
-4.148252e+00 2.557803e+03 -3.956251e+03 1.000000e+00
-4.211957e+01 -1.043239e+03 -1.916292e+03 1.000000e+00
-4.087094e+01 -1.168378e+03 -2.168276e+03 1.000000e+00
-4.092465e+01 -4.557521e+02 -2.434027e+03 1.000000e+00
-3.821827e+01 -5.081934e+02 -2.651375e+03 1.000000e+00
-3.207485e+01 3.814123e+02 -2.938305e+03 1.000000e+00
-2.499929e+01 5.275948e+02 -3.157394e+03 1.000000e+00
-2.027913e+01 1.509161e+03 -3.490373e+03 1.000000e+00
-1.167192e+01 1.603292e+03 -3.656510e+03 1.000000e+00
-3.670297e-02 2.563962e+03 -3.958969e+03 1.000000e+00
-4.368274e+01 -1.041604e+03 -1.927487e+03 1.000000e+00
-4.306490e+01 -1.165844e+03 -2.180944e+03 1.000000e+00
-4.127298e+01 -4.517936e+02 -2.446450e+03 1.000000e+00
-3.750804e+01 -5.021078e+02 -2.662053e+03 1.000000e+00
-3.335946e+01 3.858710e+02 -2.949168e+03 1.000000e+00
-2.734400e+01 5.386104e+02 -3.167784e+03 1.000000e+00
-1.916556e+01 1.515261e+03 -3.500841e+03 1.000000e+00
-9.322234e+00 1.614874e+03 -3.662890e+03 1.000000e+00
3.384584e-01 2.568047e+03 -3.961879e+03 1.000000e+00
0.000000e+00 -1.331377e+03 -1.855707e+03 1.000000e+00
0.000000e+00 -7.971514e+02 -2.139661e+03 1.000000e+00
0.000000e+00 -7.704039e+02 -2.362580e+03 1.000000e+00
0.000000e+00 -1.491685e+02 -2.640787e+03 1.000000e+00
0.000000e+00 3.137045e+01 -2.833862e+03 1.000000e+00
0.000000e+00 8.859959e+02 -3.192195e+03 1.000000e+00
0.000000e+00 1.118189e+03 -3.349104e+03 1.000000e+00
0.000000e+00 1.972129e+03 -3.725452e+03 1.000000e+00
0.000000e+00 2.117805e+03 -3.761574e+03 1.000000e+00
-9.263900e+00 -1.391028e+03 -1.858509e+03 1.000000e+00
-1.005587e+01 -7.522841e+02 -2.142255e+03 1.000000e+00
-6.397597e+00 -8.242375e+02 -2.362714e+03 1.000000e+00
-3.505614e+00 -1.026702e+02 -2.647164e+03 1.000000e+00
-4.496436e+00 -1.070470e+01 -2.832311e+03 1.000000e+00
-6.666747e+00 9.362355e+02 -3.198301e+03 1.000000e+00
-6.524506e+00 1.087840e+03 -3.345703e+03 1.000000e+00
-6.450237e+00 2.021353e+03 -3.734345e+03 1.000000e+00
-6.188808e+00 2.101476e+03 -3.761474e+03 1.000000e+00
-1.818395e+01 -1.424946e+03 -1.863780e+03 1.000000e+00
-1.456582e+01 -7.270743e+02 -2.147630e+03 1.000000e+00
-1.492440e+01 -8.533289e+02 -2.371021e+03 1.000000e+00
-1.210768e+01 -7.408111e+01 -2.652011e+03 1.000000e+00
-8.919181e+00 -3.211666e+01 -2.837988e+03 1.000000e+00
-9.769197e+00 9.682040e+02 -3.199727e+03 1.000000e+00
-8.778405e+00 1.073367e+03 -3.352664e+03 1.000000e+00
-1.144075e+01 2.055577e+03 -3.742545e+03 1.000000e+00
-1.048827e+01 2.097796e+03 -3.774033e+03 1.000000e+00
-2.742743e+01 -1.412280e+03 -1.871467e+03 1.000000e+00
-2.746703e+01 -7.426516e+02 -2.156718e+03 1.000000e+00
-2.021459e+01 -8.385825e+02 -2.379459e+03 1.000000e+00
-1.225730e+01 -8.404082e+01 -2.659425e+03 1.000000e+00
-1.236228e+01 -1.487478e+01 -2.844974e+03 1.000000e+00
-1.584506e+01 9.651141e+02 -3.204723e+03 1.000000e+00
-1.995379e+01 1.092609e+03 -3.362703e+03 1.000000e+00
-1.513276e+01 2.059027e+03 -3.747391e+03 1.000000e+00
-9.337469e+00 2.116415e+03 -3.785467e+03 1.000000e+00
-3.346232e+01 -1.419088e+03 -1.882670e+03 1.000000e+00
-3.019249e+01 -7.366433e+02 -2.167051e+03 1.000000e+00
-2.717661e+01 -8.410626e+02 -2.387547e+03 1.000000e+00
-2.182579e+01 -7.509994e+01 -2.669181e+03 1.000000e+00
-1.894216e+01 -1.228678e+01 -2.853380e+03 1.000000e+00
-2.150631e+01 9.771761e+02 -3.214893e+03 1.000000e+00
-1.798239e+01 1.101197e+03 -3.366927e+03 1.000000e+00
-1.283267e+01 2.069815e+03 -3.754736e+03 1.000000e+00
-6.638398e+00 2.125875e+03 -3.788027e+03 1.000000e+00
-3.778252e+01 -1.415781e+03 -1.893368e+03 1.000000e+00
-3.414614e+01 -7.379736e+02 -2.178026e+03 1.000000e+00
-3.182337e+01 -8.334443e+02 -2.400249e+03 1.000000e+00
-2.913778e+01 -7.286739e+01 -2.676244e+03 1.000000e+00
-2.627870e+01 -2.131839e+00 -2.862601e+03 1.000000e+00
-2.071406e+01 9.827698e+02 -3.220234e+03 1.000000e+00
-1.917517e+01 1.113440e+03 -3.376417e+03 1.000000e+00
-1.388064e+01 2.078296e+03 -3.760242e+03 1.000000e+00
-6.436067e+00 2.138552e+03 -3.793733e+03 1.000000e+00
-4.289109e+01 -1.412411e+03 -1.904953e+03 1.000000e+00
-4.054555e+01 -7.362281e+02 -2.189528e+03 1.000000e+00
-3.532108e+01 -8.291353e+02 -2.410259e+03 1.000000e+00
-2.999543e+01 -6.752779e+01 -2.688387e+03 1.000000e+00
-2.839548e+01 5.152119e+00 -2.871777e+03 1.000000e+00
-2.886860e+01 9.943676e+02 -3.230385e+03 1.000000e+00
-2.133731e+01 1.119438e+03 -3.383430e+03 1.000000e+00
-1.020033e+01 2.091108e+03 -3.766019e+03 1.000000e+00
-2.710608e+00 2.144573e+03 -3.799161e+03 1.000000e+00
-4.191332e+01 -1.410969e+03 -1.917466e+03 1.000000e+00
-4.066243e+01 -7.329168e+02 -2.200835e+03 1.000000e+00
-4.030079e+01 -8.245464e+02 -2.421396e+03 1.000000e+00
-3.745619e+01 -6.167155e+01 -2.699219e+03 1.000000e+00
-3.154071e+01 1.300323e+01 -2.884433e+03 1.000000e+00
-2.446828e+01 1.001442e+03 -3.241433e+03 1.000000e+00
-1.929583e+01 1.131550e+03 -3.391439e+03 1.000000e+00
-1.052069e+01 2.097727e+03 -3.771272e+03 1.000000e+00
-5.940603e-02 2.156854e+03 -3.803632e+03 1.000000e+00
-4.341975e+01 -1.409923e+03 -1.928583e+03 1.000000e+00
-4.267334e+01 -7.301122e+02 -2.213454e+03 1.000000e+00
-4.086874e+01 -8.194044e+02 -2.433657e+03 1.000000e+00
-3.714622e+01 -5.740751e+01 -2.710031e+03 1.000000e+00
-3.268282e+01 2.054334e+01 -2.894879e+03 1.000000e+00
-2.638270e+01 1.006470e+03 -3.251661e+03 1.000000e+00
-1.842926e+01 1.144183e+03 -3.401544e+03 1.000000e+00
-8.506675e+00 2.103767e+03 -3.777595e+03 1.000000e+00
5.936548e-01 2.166897e+03 -3.807053e+03 1.000000e+00
0.000000e+00 -1.038934e+03 -1.893651e+03 1.000000e+00
0.000000e+00 -1.021104e+03 -2.127149e+03 1.000000e+00
0.000000e+00 -4.639415e+02 -2.410471e+03 1.000000e+00
0.000000e+00 -3.805222e+02 -2.595434e+03 1.000000e+00
0.000000e+00 3.631271e+02 -2.929158e+03 1.000000e+00
0.000000e+00 6.446290e+02 -3.075060e+03 1.000000e+00
0.000000e+00 1.492317e+03 -3.488634e+03 1.000000e+00
0.000000e+00 1.693218e+03 -3.538993e+03 1.000000e+00
0.000000e+00 2.533524e+03 -3.955483e+03 1.000000e+00
-9.230323e+00 -9.953387e+02 -1.898184e+03 1.000000e+00
-9.764409e+00 -1.076554e+03 -2.127432e+03 1.000000e+00
-6.651939e+00 -4.194810e+02 -2.413992e+03 1.000000e+00
-3.912146e+00 -4.296730e+02 -2.596397e+03 1.000000e+00
-4.218699e+00 4.133135e+02 -2.935498e+03 1.000000e+00
-6.148240e+00 6.096810e+02 -3.071024e+03 1.000000e+00
-6.640656e+00 1.541848e+03 -3.498110e+03 1.000000e+00
-5.843782e+00 1.670686e+03 -3.532546e+03 1.000000e+00
-5.939373e+00 2.582218e+03 -3.973102e+03 1.000000e+00
-1.809176e+01 -9.711581e+02 -1.902673e+03 1.000000e+00
-1.458075e+01 -1.108284e+03 -2.133708e+03 1.000000e+00
-1.428581e+01 -3.931288e+02 -2.421122e+03 1.000000e+00
-1.204454e+01 -4.549199e+02 -2.602744e+03 1.000000e+00
-9.064083e+00 4.450787e+02 -2.938732e+03 1.000000e+00
-1.006709e+01 5.919891e+02 -3.075721e+03 1.000000e+00
-8.499572e+00 1.574483e+03 -3.501219e+03 1.000000e+00
-1.056706e+01 1.662217e+03 -3.545037e+03 1.000000e+00
-9.239110e+00 2.613198e+03 -3.979967e+03 1.000000e+00
-2.732993e+01 -9.883054e+02 -1.910198e+03 1.000000e+00
-2.716304e+01 -1.095391e+03 -2.143085e+03 1.000000e+00
-2.027552e+01 -4.054109e+02 -2.428821e+03 1.000000e+00
-1.280648e+01 -4.388709e+02 -2.611516e+03 1.000000e+00
-1.220260e+01 4.390387e+02 -2.943325e+03 1.000000e+00
-1.512371e+01 6.097999e+02 -3.083960e+03 1.000000e+00
-1.906736e+01 1.576182e+03 -3.506809e+03 1.000000e+00
-1.460369e+01 1.681410e+03 -3.555347e+03 1.000000e+00
-8.361186e+00 2.619155e+03 -3.983762e+03 1.000000e+00
-3.337699e+01 -9.831765e+02 -1.922235e+03 1.000000e+00
-3.001722e+01 -1.100063e+03 -2.152134e+03 1.000000e+00
-2.655420e+01 -3.976785e+02 -2.438235e+03 1.000000e+00
-2.154995e+01 -4.392755e+02 -2.619418e+03 1.000000e+00
-1.901900e+01 4.503914e+02 -2.954334e+03 1.000000e+00
-2.101112e+01 6.159214e+02 -3.090594e+03 1.000000e+00
-1.673362e+01 1.588836e+03 -3.514836e+03 1.000000e+00
-1.181649e+01 1.690672e+03 -3.557641e+03 1.000000e+00
-5.722620e+00 2.629234e+03 -3.991587e+03 1.000000e+00
-3.758641e+01 -9.855563e+02 -1.931818e+03 1.000000e+00
-3.410478e+01 -1.095166e+03 -2.164239e+03 1.000000e+00
-3.173950e+01 -3.966014e+02 -2.449114e+03 1.000000e+00
-2.875365e+01 -4.295532e+02 -2.628907e+03 1.000000e+00
-2.580836e+01 4.538009e+02 -2.960080e+03 1.000000e+00
-1.992112e+01 6.278569e+02 -3.099835e+03 1.000000e+00
-1.816034e+01 1.595588e+03 -3.519631e+03 1.000000e+00
-1.289604e+01 1.704492e+03 -3.567531e+03 1.000000e+00
-5.346436e+00 2.635112e+03 -3.992508e+03 1.000000e+00
-4.255382e+01 -9.855042e+02 -1.943624e+03 1.000000e+00
-4.015556e+01 -1.090987e+03 -2.175223e+03 1.000000e+00
-3.494822e+01 -3.930262e+02 -2.459750e+03 1.000000e+00
-2.979314e+01 -4.244023e+02 -2.639802e+03 1.000000e+00
-2.755561e+01 4.628649e+02 -2.970283e+03 1.000000e+00
-2.780830e+01 6.359762e+02 -3.108324e+03 1.000000e+00
-1.996222e+01 1.607730e+03 -3.528470e+03 1.000000e+00
-9.522349e+00 1.710270e+03 -3.571134e+03 1.000000e+00
-1.181713e+00 2.650083e+03 -3.999071e+03 1.000000e+00
-4.179665e+01 -9.835609e+02 -1.955854e+03 1.000000e+00
-4.042540e+01 -1.087954e+03 -2.186552e+03 1.000000e+00
-3.971378e+01 -3.880077e+02 -2.470641e+03 1.000000e+00
-3.635892e+01 -4.182935e+02 -2.650725e+03 1.000000e+00
-3.091720e+01 4.694554e+02 -2.982612e+03 1.000000e+00
-2.399033e+01 6.463569e+02 -3.119474e+03 1.000000e+00
-1.798254e+01 1.615249e+03 -3.534799e+03 1.000000e+00
-9.199353e+00 1.722095e+03 -3.578214e+03 1.000000e+00
2.984280e-01 2.656248e+03 -4.000490e+03 1.000000e+00
-4.311212e+01 -9.819183e+02 -1.966801e+03 1.000000e+00
-4.216168e+01 -1.084946e+03 -2.199211e+03 1.000000e+00
-4.033144e+01 -3.836825e+02 -2.482656e+03 1.000000e+00
-3.675810e+01 -4.116426e+02 -2.661532e+03 1.000000e+00
-3.185371e+01 4.731544e+02 -2.992988e+03 1.000000e+00
-2.537232e+01 6.562910e+02 -3.129164e+03 1.000000e+00
-1.737321e+01 1.622010e+03 -3.544552e+03 1.000000e+00
-7.493625e+00 1.734676e+03 -3.584175e+03 1.000000e+00
1.332722e+00 2.661472e+03 -4.004571e+03 1.000000e+00
0.000000e+00 -1.246445e+03 -1.885036e+03 1.000000e+00
0.000000e+00 -7.274418e+02 -2.176140e+03 1.000000e+00
0.000000e+00 -6.767861e+02 -2.375635e+03 1.000000e+00
0.000000e+00 -7.102496e+01 -2.674490e+03 1.000000e+00
0.000000e+00 1.446611e+02 -2.818065e+03 1.000000e+00
0.000000e+00 9.931431e+02 -3.220190e+03 1.000000e+00
0.000000e+00 1.253605e+03 -3.293226e+03 1.000000e+00
0.000000e+00 2.081269e+03 -3.740253e+03 1.000000e+00
0.000000e+00 2.239550e+03 -3.656488e+03 1.000000e+00
-9.128891e+00 -1.304956e+03 -1.886441e+03 1.000000e+00
-9.430429e+00 -6.827195e+02 -2.180085e+03 1.000000e+00
-6.837126e+00 -7.292033e+02 -2.374869e+03 1.000000e+00
-4.482961e+00 -2.484353e+01 -2.681731e+03 1.000000e+00
-3.766726e+00 1.044353e+02 -2.813204e+03 1.000000e+00
-5.538341e+00 1.044536e+03 -3.230679e+03 1.000000e+00
-6.494527e+00 1.224375e+03 -3.286008e+03 1.000000e+00
-5.478649e+00 2.130726e+03 -3.753801e+03 1.000000e+00
-4.691187e+00 2.226223e+03 -3.648951e+03 1.000000e+00
-1.804513e+01 -1.338466e+03 -1.891699e+03 1.000000e+00
-1.455992e+01 -6.576981e+02 -2.185459e+03 1.000000e+00
-1.391489e+01 -7.582281e+02 -2.383109e+03 1.000000e+00
-1.142659e+01 4.850514e+00 -2.686133e+03 1.000000e+00
-9.492104e+00 8.430490e+01 -2.819233e+03 1.000000e+00
-1.011140e+01 1.078011e+03 -3.231916e+03 1.000000e+00
-8.410832e+00 1.209938e+03 -3.293576e+03 1.000000e+00
-9.476490e+00 2.164172e+03 -3.760589e+03 1.000000e+00
-8.251499e+00 2.222130e+03 -3.661391e+03 1.000000e+00
-2.696651e+01 -1.325791e+03 -1.899830e+03 1.000000e+00
-2.670474e+01 -6.724943e+02 -2.194069e+03 1.000000e+00
-2.023571e+01 -7.442980e+02 -2.391785e+03 1.000000e+00
-1.338815e+01 -3.383266e+00 -2.693007e+03 1.000000e+00
-1.213723e+01 1.011286e+02 -2.827334e+03 1.000000e+00
-1.441849e+01 1.076306e+03 -3.235178e+03 1.000000e+00
-1.759944e+01 1.228926e+03 -3.304797e+03 1.000000e+00
-1.334117e+01 2.169277e+03 -3.763112e+03 1.000000e+00
-5.983131e+00 2.240324e+03 -3.673680e+03 1.000000e+00
-3.344827e+01 -1.332895e+03 -1.910173e+03 1.000000e+00
-2.968744e+01 -6.654407e+02 -2.204555e+03 1.000000e+00
-2.595624e+01 -7.468909e+02 -2.399432e+03 1.000000e+00
-2.109214e+01 5.956355e+00 -2.703307e+03 1.000000e+00
-1.873912e+01 1.042220e+02 -2.834363e+03 1.000000e+00
-2.026448e+01 1.089416e+03 -3.246288e+03 1.000000e+00
-1.546989e+01 1.237521e+03 -3.307005e+03 1.000000e+00
-1.075671e+01 2.180582e+03 -3.771526e+03 1.000000e+00
-5.191508e+00 2.250400e+03 -3.673267e+03 1.000000e+00
-3.716093e+01 -1.329939e+03 -1.920943e+03 1.000000e+00
-3.407544e+01 -6.666266e+02 -2.214901e+03 1.000000e+00
-3.145884e+01 -7.388809e+02 -2.411969e+03 1.000000e+00
-2.825215e+01 8.872012e+00 -2.710029e+03 1.000000e+00
-2.492810e+01 1.155547e+02 -2.844576e+03 1.000000e+00
-1.923610e+01 1.094424e+03 -3.249984e+03 1.000000e+00
-1.643234e+01 1.251382e+03 -3.317250e+03 1.000000e+00
-1.134183e+01 2.187391e+03 -3.774764e+03 1.000000e+00
-3.181150e+00 2.264374e+03 -3.680896e+03 1.000000e+00
-4.225341e+01 -1.326222e+03 -1.932053e+03 1.000000e+00
-3.943335e+01 -6.646473e+02 -2.226342e+03 1.000000e+00
-3.458690e+01 -7.342069e+02 -2.421967e+03 1.000000e+00
-2.929766e+01 1.479481e+01 -2.721376e+03 1.000000e+00
-2.655834e+01 1.228314e+02 -2.853228e+03 1.000000e+00
-2.605575e+01 1.106178e+03 -3.259925e+03 1.000000e+00
-1.848976e+01 1.257930e+03 -3.323948e+03 1.000000e+00
-8.476146e+00 2.200926e+03 -3.780601e+03 1.000000e+00
1.014313e-01 2.271042e+03 -3.683083e+03 1.000000e+00
-4.151617e+01 -1.324673e+03 -1.944320e+03 1.000000e+00
-4.024134e+01 -6.610932e+02 -2.237254e+03 1.000000e+00
-3.868570e+01 -7.291558e+02 -2.432954e+03 1.000000e+00
-3.526439e+01 2.022402e+01 -2.732137e+03 1.000000e+00
-2.998974e+01 1.305086e+02 -2.865440e+03 1.000000e+00
-2.315903e+01 1.114907e+03 -3.270035e+03 1.000000e+00
-1.635654e+01 1.268158e+03 -3.330970e+03 1.000000e+00
-7.567498e+00 2.208578e+03 -3.785467e+03 1.000000e+00
1.191115e+00 2.280853e+03 -3.687376e+03 1.000000e+00
-4.269862e+01 -1.323434e+03 -1.955561e+03 1.000000e+00
-4.145535e+01 -6.583282e+02 -2.249502e+03 1.000000e+00
-3.950037e+01 -7.231642e+02 -2.444807e+03 1.000000e+00
-3.602227e+01 2.445197e+01 -2.743119e+03 1.000000e+00
-3.072013e+01 1.383739e+02 -2.875311e+03 1.000000e+00
-2.417909e+01 1.120476e+03 -3.279677e+03 1.000000e+00
-1.593308e+01 1.280442e+03 -3.339740e+03 1.000000e+00
-6.041222e+00 2.215787e+03 -3.790943e+03 1.000000e+00
2.919385e+00 2.292371e+03 -3.692353e+03 1.000000e+00
0.000000e+00 -9.664468e+02 -1.934318e+03 1.000000e+00
0.000000e+00 -9.211235e+02 -2.149356e+03 1.000000e+00
0.000000e+00 -3.836725e+02 -2.439089e+03 1.000000e+00
0.000000e+00 -2.709848e+02 -2.597292e+03 1.000000e+00
0.000000e+00 4.655710e+02 -2.950765e+03 1.000000e+00
0.000000e+00 7.865446e+02 -3.034298e+03 1.000000e+00
0.000000e+00 1.615995e+03 -3.485543e+03 1.000000e+00
0.000000e+00 1.835132e+03 -3.450560e+03 1.000000e+00
0.000000e+00 2.637067e+03 -3.916333e+03 1.000000e+00
-9.133056e+00 -9.232735e+02 -1.939000e+03 1.000000e+00
-8.905211e+00 -9.749854e+02 -2.148883e+03 1.000000e+00
-7.049719e+00 -3.387189e+02 -2.444432e+03 1.000000e+00
-4.657327e+00 -3.179244e+02 -2.595315e+03 1.000000e+00
-3.568702e+00 5.157863e+02 -2.959488e+03 1.000000e+00
-4.582336e+00 7.532266e+02 -3.027378e+03 1.000000e+00
-6.561587e+00 1.665253e+03 -3.500234e+03 1.000000e+00
-4.796957e+00 1.814580e+03 -3.437405e+03 1.000000e+00
-3.433825e+00 2.685930e+03 -3.939570e+03 1.000000e+00
-1.778740e+01 -8.989462e+02 -1.943517e+03 1.000000e+00
-1.490034e+01 -1.006574e+03 -2.155236e+03 1.000000e+00
-1.351424e+01 -3.117198e+02 -2.451301e+03 1.000000e+00
-1.111312e+01 -3.429158e+02 -2.601434e+03 1.000000e+00
-9.595331e+00 5.492474e+02 -2.962182e+03 1.000000e+00
-1.012447e+01 7.367786e+02 -3.033123e+03 1.000000e+00
-8.117300e+00 1.697161e+03 -3.503469e+03 1.000000e+00
-8.436232e+00 1.807134e+03 -3.447609e+03 1.000000e+00
-6.774083e+00 2.716671e+03 -3.947071e+03 1.000000e+00
-2.676020e+01 -9.155799e+02 -1.950891e+03 1.000000e+00
-2.580037e+01 -9.938041e+02 -2.164802e+03 1.000000e+00
-2.017365e+01 -3.228001e+02 -2.458425e+03 1.000000e+00
-1.371750e+01 -3.276875e+02 -2.610679e+03 1.000000e+00
-1.228996e+01 5.454463e+02 -2.966043e+03 1.000000e+00
-1.343025e+01 7.546177e+02 -3.041828e+03 1.000000e+00
-1.565922e+01 1.700205e+03 -3.506890e+03 1.000000e+00
-1.133200e+01 1.826099e+03 -3.458547e+03 1.000000e+00
-2.988428e+00 2.724439e+03 -3.947009e+03 1.000000e+00
-3.335790e+01 -9.099014e+02 -1.962575e+03 1.000000e+00
-2.969809e+01 -9.985485e+02 -2.173161e+03 1.000000e+00
-2.524622e+01 -3.141042e+02 -2.468357e+03 1.000000e+00
-2.074509e+01 -3.276116e+02 -2.617898e+03 1.000000e+00
-1.835946e+01 5.568908e+02 -2.977323e+03 1.000000e+00
-1.919135e+01 7.614387e+02 -3.046396e+03 1.000000e+00
-1.415528e+01 1.713384e+03 -3.516081e+03 1.000000e+00
-9.684015e+00 1.835435e+03 -3.458265e+03 1.000000e+00
-4.514174e+00 2.734749e+03 -3.955146e+03 1.000000e+00
-3.682127e+01 -9.116890e+02 -1.971900e+03 1.000000e+00
-3.380269e+01 -9.939053e+02 -2.185064e+03 1.000000e+00
-3.116821e+01 -3.126978e+02 -2.478110e+03 1.000000e+00
-2.746624e+01 -3.173225e+02 -2.628346e+03 1.000000e+00
-2.382524e+01 5.609396e+02 -2.981997e+03 1.000000e+00
-1.807182e+01 7.753280e+02 -3.056553e+03 1.000000e+00
-1.485351e+01 1.718516e+03 -3.518751e+03 1.000000e+00
-8.628636e+00 1.851345e+03 -3.468111e+03 1.000000e+00
-3.848224e-01 2.739477e+03 -3.955060e+03 1.000000e+00
-4.163187e+01 -9.109758e+02 -1.983229e+03 1.000000e+00
-3.888908e+01 -9.892783e+02 -2.195931e+03 1.000000e+00
-3.400850e+01 -3.088776e+02 -2.488770e+03 1.000000e+00
-2.887711e+01 -3.115475e+02 -2.638139e+03 1.000000e+00
-2.533587e+01 5.707985e+02 -2.992007e+03 1.000000e+00
-2.420651e+01 7.829731e+02 -3.064514e+03 1.000000e+00
-1.659859e+01 1.730644e+03 -3.527256e+03 1.000000e+00
-7.401072e+00 1.857906e+03 -3.470404e+03 1.000000e+00
1.762690e+00 2.754539e+03 -3.959247e+03 1.000000e+00
-4.144995e+01 -9.089587e+02 -1.994982e+03 1.000000e+00
-3.974531e+01 -9.855320e+02 -2.206828e+03 1.000000e+00
-3.771162e+01 -3.042477e+02 -2.499614e+03 1.000000e+00
-3.389350e+01 -3.054310e+02 -2.648740e+03 1.000000e+00
-2.891807e+01 5.777339e+02 -3.003768e+03 1.000000e+00
-2.192327e+01 7.923582e+02 -3.074278e+03 1.000000e+00
-1.421281e+01 1.739834e+03 -3.532996e+03 1.000000e+00
-5.676951e+00 1.866928e+03 -3.477050e+03 1.000000e+00
2.929843e+00 2.761884e+03 -3.959149e+03 1.000000e+00
-4.222272e+01 -9.079501e+02 -2.005963e+03 1.000000e+00
-4.072656e+01 -9.816215e+02 -2.218806e+03 1.000000e+00
-3.838610e+01 -2.999761e+02 -2.511295e+03 1.000000e+00
-3.495125e+01 -2.981963e+02 -2.659440e+03 1.000000e+00
-2.922186e+01 5.824037e+02 -3.014107e+03 1.000000e+00
-2.274793e+01 8.031111e+02 -3.082632e+03 1.000000e+00
-1.413972e+01 1.747483e+03 -3.541356e+03 1.000000e+00
-4.177689e+00 1.878697e+03 -3.482051e+03 1.000000e+00
5.082128e+00 2.769332e+03 -3.963535e+03 1.000000e+00
0.000000e+00 -1.142568e+03 -1.916537e+03 1.000000e+00
0.000000e+00 -6.423934e+02 -2.207497e+03 1.000000e+00
0.000000e+00 -5.639489e+02 -2.385686e+03 1.000000e+00
0.000000e+00 2.380071e+01 -2.691906e+03 1.000000e+00
0.000000e+00 2.814210e+02 -2.794116e+03 1.000000e+00
0.000000e+00 1.123664e+03 -3.210069e+03 1.000000e+00
0.000000e+00 1.408640e+03 -3.216856e+03 1.000000e+00
0.000000e+00 2.205596e+03 -3.685178e+03 1.000000e+00
0.000000e+00 2.373966e+03 -3.509969e+03 1.000000e+00
-8.717999e+00 -1.198821e+03 -1.916314e+03 1.000000e+00
-8.371276e+00 -5.975062e+02 -2.212784e+03 1.000000e+00
-6.901448e+00 -6.142123e+02 -2.384174e+03 1.000000e+00
-4.761098e+00 7.074942e+01 -2.700076e+03 1.000000e+00
-3.064479e+00 2.425891e+02 -2.785901e+03 1.000000e+00
-4.412335e+00 1.173201e+03 -3.225534e+03 1.000000e+00
-6.017209e+00 1.381501e+03 -3.204649e+03 1.000000e+00
-4.623990e+00 2.254262e+03 -3.703928e+03 1.000000e+00
-1.666171e+00 2.362216e+03 -3.493467e+03 1.000000e+00
-1.790446e+01 -1.231901e+03 -1.921513e+03 1.000000e+00
-1.505311e+01 -5.717606e+02 -2.218220e+03 1.000000e+00
-1.360110e+01 -6.430662e+02 -2.392082e+03 1.000000e+00
-1.063424e+01 1.012773e+02 -2.704161e+03 1.000000e+00
-9.772895e+00 2.233414e+02 -2.791005e+03 1.000000e+00
-9.547616e+00 1.206325e+03 -3.229121e+03 1.000000e+00
-7.532223e+00 1.369680e+03 -3.210417e+03 1.000000e+00
-6.745552e+00 2.286531e+03 -3.710290e+03 1.000000e+00
-5.116757e+00 2.360133e+03 -3.502321e+03 1.000000e+00
-2.602429e+01 -1.219616e+03 -1.930230e+03 1.000000e+00
-2.486529e+01 -5.857532e+02 -2.225919e+03 1.000000e+00
-1.967814e+01 -6.292251e+02 -2.401300e+03 1.000000e+00
-1.391161e+01 9.421494e+01 -2.709995e+03 1.000000e+00
-1.212944e+01 2.404010e+02 -2.799864e+03 1.000000e+00
-1.245313e+01 1.207029e+03 -3.230678e+03 1.000000e+00
-1.346691e+01 1.388669e+03 -3.221720e+03 1.000000e+00
-8.739124e+00 2.292910e+03 -3.709535e+03 1.000000e+00
-1.852099e-01 2.376610e+03 -3.515012e+03 1.000000e+00
-3.331546e+01 -1.226042e+03 -1.939511e+03 1.000000e+00
-2.952335e+01 -5.781747e+02 -2.236604e+03 1.000000e+00
-2.503896e+01 -6.319247e+02 -2.408260e+03 1.000000e+00
-2.004661e+01 1.049410e+02 -2.721176e+03 1.000000e+00
-1.804466e+01 2.436257e+02 -2.804719e+03 1.000000e+00
-1.775154e+01 1.220365e+03 -3.241967e+03 1.000000e+00
-1.260852e+01 1.396992e+03 -3.221555e+03 1.000000e+00
-7.993969e+00 2.305410e+03 -3.718986e+03 1.000000e+00
-2.991499e+00 2.386296e+03 -3.510961e+03 1.000000e+00
-3.625004e+01 -1.223495e+03 -1.950271e+03 1.000000e+00
-3.342005e+01 -5.783267e+02 -2.246347e+03 1.000000e+00
-3.038207e+01 -6.243692e+02 -2.420070e+03 1.000000e+00
-2.661263e+01 1.083933e+02 -2.727869e+03 1.000000e+00
-2.218584e+01 2.560635e+02 -2.815339e+03 1.000000e+00
-1.671855e+01 1.225445e+03 -3.244787e+03 1.000000e+00
-1.265657e+01 1.413087e+03 -3.231369e+03 1.000000e+00
-6.187163e+00 2.309621e+03 -3.719936e+03 1.000000e+00
3.440188e+00 2.403806e+03 -3.518115e+03 1.000000e+00
-4.113451e+01 -1.220299e+03 -1.960799e+03 1.000000e+00
-3.804253e+01 -5.755037e+02 -2.257535e+03 1.000000e+00
-3.345937e+01 -6.189045e+02 -2.430332e+03 1.000000e+00
-2.819826e+01 1.146094e+02 -2.737643e+03 1.000000e+00
-2.401048e+01 2.640501e+02 -2.824060e+03 1.000000e+00
-2.200221e+01 1.236621e+03 -3.254156e+03 1.000000e+00
-1.455874e+01 1.420262e+03 -3.237001e+03 1.000000e+00
-5.269929e+00 2.322520e+03 -3.724050e+03 1.000000e+00
3.123595e+00 2.409673e+03 -3.517378e+03 1.000000e+00
-4.087865e+01 -1.217877e+03 -1.972292e+03 1.000000e+00
-3.939091e+01 -5.721201e+02 -2.268407e+03 1.000000e+00
-3.626469e+01 -6.137330e+02 -2.440730e+03 1.000000e+00
-3.236610e+01 1.202171e+02 -2.748332e+03 1.000000e+00
-2.763498e+01 2.714095e+02 -2.835023e+03 1.000000e+00
-2.002056e+01 1.246049e+03 -3.262927e+03 1.000000e+00
-1.177772e+01 1.428812e+03 -3.243247e+03 1.000000e+00
-3.140888e+00 2.332423e+03 -3.727962e+03 1.000000e+00
5.504061e+00 2.417523e+03 -3.519840e+03 1.000000e+00
-4.169287e+01 -1.215321e+03 -1.983383e+03 1.000000e+00
-3.980002e+01 -5.696753e+02 -2.280182e+03 1.000000e+00
-3.710162e+01 -6.073422e+02 -2.451556e+03 1.000000e+00
-3.340831e+01 1.246368e+02 -2.759748e+03 1.000000e+00
-2.738065e+01 2.796585e+02 -2.844199e+03 1.000000e+00
-2.086196e+01 1.253524e+03 -3.271350e+03 1.000000e+00
-1.201837e+01 1.440119e+03 -3.250389e+03 1.000000e+00
-1.995757e+00 2.339557e+03 -3.732368e+03 1.000000e+00
7.435735e+00 2.428605e+03 -3.523509e+03 1.000000e+00
0.000000e+00 -8.769507e+02 -1.971201e+03 1.000000e+00
0.000000e+00 -8.025630e+02 -2.168436e+03 1.000000e+00
0.000000e+00 -2.865389e+02 -2.455340e+03 1.000000e+00
0.000000e+00 -1.427264e+02 -2.587868e+03 1.000000e+00
0.000000e+00 5.896432e+02 -2.941516e+03 1.000000e+00
0.000000e+00 9.485371e+02 -2.972039e+03 1.000000e+00
0.000000e+00 1.754223e+03 -3.423897e+03 1.000000e+00
0.000000e+00 1.986969e+03 -3.315863e+03 1.000000e+00
0.000000e+00 2.741522e+03 -3.776506e+03 1.000000e+00
-8.646097e+00 -8.345722e+02 -1.976064e+03 1.000000e+00
-7.509446e+00 -8.546851e+02 -2.166896e+03 1.000000e+00
-6.740539e+00 -2.409486e+02 -2.462872e+03 1.000000e+00
-4.656814e+00 -1.877228e+02 -2.582763e+03 1.000000e+00
-3.266139e+00 6.373747e+02 -2.953866e+03 1.000000e+00
-4.305215e+00 9.165271e+02 -2.961084e+03 1.000000e+00
-6.115149e+00 1.801908e+03 -3.444027e+03 1.000000e+00
-3.912819e+00 1.968683e+03 -3.295228e+03 1.000000e+00
-6.917793e-01 2.788927e+03 -3.805014e+03 1.000000e+00
-1.743715e+01 -8.097752e+02 -1.980510e+03 1.000000e+00
-1.551010e+01 -8.856848e+02 -2.173080e+03 1.000000e+00
-1.345739e+01 -2.127267e+02 -2.469569e+03 1.000000e+00
-1.019579e+01 -2.113305e+02 -2.587961e+03 1.000000e+00
-9.203680e+00 6.698899e+02 -2.957363e+03 1.000000e+00
-8.488292e+00 9.025770e+02 -2.966222e+03 1.000000e+00
-5.755849e+00 1.834394e+03 -3.448741e+03 1.000000e+00
-4.618524e+00 1.963359e+03 -3.300161e+03 1.000000e+00
-2.116879e+00 2.819998e+03 -3.813032e+03 1.000000e+00
-2.539612e+01 -8.253421e+02 -1.987553e+03 1.000000e+00
-2.369747e+01 -8.731927e+02 -2.182728e+03 1.000000e+00
-1.940558e+01 -2.233735e+02 -2.475913e+03 1.000000e+00
-1.392653e+01 -1.954958e+02 -2.597473e+03 1.000000e+00
-1.222814e+01 6.679616e+02 -2.959787e+03 1.000000e+00
-1.167045e+01 9.206917e+02 -2.975643e+03 1.000000e+00
-1.129359e+01 1.839740e+03 -3.448519e+03 1.000000e+00
-6.485274e+00 1.980281e+03 -3.312068e+03 1.000000e+00
1.809105e+00 2.827782e+03 -3.807994e+03 1.000000e+00
-3.290582e+01 -8.196192e+02 -1.998749e+03 1.000000e+00
-2.939962e+01 -8.773420e+02 -2.190343e+03 1.000000e+00
-2.440995e+01 -2.142761e+02 -2.486504e+03 1.000000e+00
-1.954772e+01 -1.952090e+02 -2.603347e+03 1.000000e+00
-1.685177e+01 6.808677e+02 -2.971815e+03 1.000000e+00
-1.567866e+01 9.273784e+02 -2.976734e+03 1.000000e+00
-1.041998e+01 1.852933e+03 -3.458265e+03 1.000000e+00
-4.919739e+00 1.989940e+03 -3.308862e+03 1.000000e+00
1.595896e-01 2.838842e+03 -3.817073e+03 1.000000e+00
-3.563649e+01 -8.208980e+02 -2.007989e+03 1.000000e+00
-3.292030e+01 -8.726610e+02 -2.201592e+03 1.000000e+00
-2.952909e+01 -2.118736e+02 -2.495377e+03 1.000000e+00
-2.550199e+01 -1.849355e+02 -2.613960e+03 1.000000e+00
-2.099141e+01 6.847988e+02 -2.976384e+03 1.000000e+00
-1.491805e+01 9.432886e+02 -2.986132e+03 1.000000e+00
-1.068119e+01 1.856942e+03 -3.459740e+03 1.000000e+00
-3.501486e+00 2.007924e+03 -3.316588e+03 1.000000e+00
6.537340e+00 2.842170e+03 -3.814140e+03 1.000000e+00
-4.018081e+01 -8.194733e+02 -2.018746e+03 1.000000e+00
-3.731846e+01 -8.685775e+02 -2.212359e+03 1.000000e+00
-3.257199e+01 -2.072683e+02 -2.505661e+03 1.000000e+00
-2.718855e+01 -1.779814e+02 -2.623053e+03 1.000000e+00
-2.223959e+01 6.932078e+02 -2.985295e+03 1.000000e+00
-1.932734e+01 9.513451e+02 -2.993836e+03 1.000000e+00
-1.166523e+01 1.868842e+03 -3.466194e+03 1.000000e+00
-2.503359e+00 2.014391e+03 -3.317444e+03 1.000000e+00
5.930536e+00 2.855237e+03 -3.814301e+03 1.000000e+00
-4.061913e+01 -8.176894e+02 -2.029807e+03 1.000000e+00
-3.849052e+01 -8.639941e+02 -2.223050e+03 1.000000e+00
-3.483542e+01 -2.024252e+02 -2.515912e+03 1.000000e+00
-3.074035e+01 -1.718139e+02 -2.633259e+03 1.000000e+00
-2.590022e+01 7.016229e+02 -2.995535e+03 1.000000e+00
-1.799432e+01 9.597966e+02 -3.002135e+03 1.000000e+00
-8.864845e+00 1.879737e+03 -3.470661e+03 1.000000e+00
-3.610736e-01 2.022351e+03 -3.322241e+03 1.000000e+00
8.772803e+00 2.865461e+03 -3.812215e+03 1.000000e+00
-4.097244e+01 -8.173307e+02 -2.040969e+03 1.000000e+00
-3.881043e+01 -8.588985e+02 -2.234000e+03 1.000000e+00
-3.569366e+01 -1.985700e+02 -2.526985e+03 1.000000e+00
-3.155717e+01 -1.654915e+02 -2.643484e+03 1.000000e+00
-2.533098e+01 7.074423e+02 -3.005564e+03 1.000000e+00
-1.856465e+01 9.696623e+02 -3.008806e+03 1.000000e+00
-9.456068e+00 1.887702e+03 -3.477487e+03 1.000000e+00
3.467486e-01 2.031813e+03 -3.325640e+03 1.000000e+00
9.768636e+00 2.871637e+03 -3.813342e+03 1.000000e+00
0.000000e+00 -1.020947e+03 -1.943658e+03 1.000000e+00
0.000000e+00 -5.383093e+02 -2.229075e+03 1.000000e+00
0.000000e+00 -4.344586e+02 -2.385166e+03 1.000000e+00
0.000000e+00 1.369700e+02 -2.683885e+03 1.000000e+00
0.000000e+00 4.356853e+02 -2.748973e+03 1.000000e+00
0.000000e+00 1.268475e+03 -3.152110e+03 1.000000e+00
0.000000e+00 1.571070e+03 -3.096328e+03 1.000000e+00
0.000000e+00 2.328664e+03 -3.542797e+03 1.000000e+00
0.000000e+00 2.497435e+03 -3.284704e+03 1.000000e+00
-7.936398e+00 -1.074502e+03 -1.942408e+03 1.000000e+00
-7.409189e+00 -4.951817e+02 -2.235196e+03 1.000000e+00
-6.167615e+00 -4.822233e+02 -2.382454e+03 1.000000e+00
-4.872591e+00 1.834078e+02 -2.694481e+03 1.000000e+00
-3.770226e+00 3.972608e+02 -2.736313e+03 1.000000e+00
-4.622249e+00 1.316610e+03 -3.173049e+03 1.000000e+00
-5.491818e+00 1.547880e+03 -3.077720e+03 1.000000e+00
-3.379842e+00 2.377277e+03 -3.567509e+03 1.000000e+00
6.841640e-01 2.487255e+03 -3.258320e+03 1.000000e+00
-1.739760e+01 -1.107026e+03 -1.947156e+03 1.000000e+00
-1.507133e+01 -4.687442e+02 -2.240859e+03 1.000000e+00
-1.337943e+01 -5.091567e+02 -2.389120e+03 1.000000e+00
-9.251739e+00 2.143715e+02 -2.699681e+03 1.000000e+00
-8.111908e+00 3.790361e+02 -2.739310e+03 1.000000e+00
-6.683562e+00 1.349277e+03 -3.178955e+03 1.000000e+00
-3.770704e+00 1.539722e+03 -3.080280e+03 1.000000e+00
-1.581109e+00 2.409327e+03 -3.573839e+03 1.000000e+00
1.042652e+00 2.486553e+03 -3.260650e+03 1.000000e+00
-2.430241e+01 -1.095593e+03 -1.956285e+03 1.000000e+00
-2.322509e+01 -4.818251e+02 -2.247451e+03 1.000000e+00
-1.895463e+01 -4.949557e+02 -2.398872e+03 1.000000e+00
-1.440068e+01 2.081898e+02 -2.703670e+03 1.000000e+00
-1.202338e+01 3.972405e+02 -2.749409e+03 1.000000e+00
-1.082968e+01 1.352261e+03 -3.177643e+03 1.000000e+00
-9.259185e+00 1.557076e+03 -3.091830e+03 1.000000e+00
-4.163882e+00 2.416529e+03 -3.569065e+03 1.000000e+00
3.761337e+00 2.501347e+03 -3.273198e+03 1.000000e+00
-3.222032e+01 -1.100831e+03 -1.964487e+03 1.000000e+00
-2.849584e+01 -4.744341e+02 -2.258232e+03 1.000000e+00
-2.384050e+01 -4.971822e+02 -2.405154e+03 1.000000e+00
-1.820374e+01 2.197777e+02 -2.715254e+03 1.000000e+00
-1.535478e+01 4.007820e+02 -2.751872e+03 1.000000e+00
-1.281844e+01 1.367257e+03 -3.188832e+03 1.000000e+00
-7.299871e+00 1.564762e+03 -3.088374e+03 1.000000e+00
-1.112610e+00 2.429192e+03 -3.579069e+03 1.000000e+00
4.669276e+00 2.511307e+03 -3.264928e+03 1.000000e+00
-3.498891e+01 -1.098463e+03 -1.974988e+03 1.000000e+00
-3.258392e+01 -4.734253e+02 -2.267320e+03 1.000000e+00
-2.846076e+01 -4.895597e+02 -2.415911e+03 1.000000e+00
-2.471042e+01 2.238396e+02 -2.722417e+03 1.000000e+00
-1.954272e+01 4.134787e+02 -2.761495e+03 1.000000e+00
-1.342237e+01 1.371717e+03 -3.190928e+03 1.000000e+00
-8.130990e+00 1.582569e+03 -3.096049e+03 1.000000e+00
-7.506221e-01 2.431943e+03 -3.577456e+03 1.000000e+00
9.426502e+00 2.528620e+03 -3.268916e+03 1.000000e+00
-3.905932e+01 -1.095903e+03 -1.985466e+03 1.000000e+00
-3.607917e+01 -4.702417e+02 -2.277855e+03 1.000000e+00
-3.161827e+01 -4.839368e+02 -2.426065e+03 1.000000e+00
-2.553431e+01 2.303721e+02 -2.730810e+03 1.000000e+00
-1.993279e+01 4.218769e+02 -2.769937e+03 1.000000e+00
-1.607165e+01 1.381430e+03 -3.198198e+03 1.000000e+00
-8.201024e+00 1.590851e+03 -3.100334e+03 1.000000e+00
1.395611e+00 2.444983e+03 -3.578261e+03 1.000000e+00
9.646320e+00 2.532594e+03 -3.266815e+03 1.000000e+00
-3.996864e+01 -1.092792e+03 -1.996103e+03 1.000000e+00
-3.760977e+01 -4.662928e+02 -2.288507e+03 1.000000e+00
-3.305770e+01 -4.784177e+02 -2.435915e+03 1.000000e+00
-2.903883e+01 2.369288e+02 -2.740514e+03 1.000000e+00
-2.398838e+01 4.294448e+02 -2.779573e+03 1.000000e+00
-1.524605e+01 1.392033e+03 -3.204761e+03 1.000000e+00
-5.944418e+00 1.598690e+03 -3.105383e+03 1.000000e+00
2.753618e+00 2.455793e+03 -3.579255e+03 1.000000e+00
1.243626e+01 2.539631e+03 -3.266369e+03 1.000000e+00
-4.009749e+01 -1.089461e+03 -2.007022e+03 1.000000e+00
-3.765637e+01 -4.640742e+02 -2.299321e+03 1.000000e+00
-3.422096e+01 -4.720822e+02 -2.445948e+03 1.000000e+00
-2.945690e+01 2.409969e+02 -2.751439e+03 1.000000e+00
-2.315051e+01 4.369124e+02 -2.787366e+03 1.000000e+00
-1.582033e+01 1.400230e+03 -3.212000e+03 1.000000e+00
-6.552126e+00 1.608325e+03 -3.109958e+03 1.000000e+00
3.214156e+00 2.462380e+03 -3.582110e+03 1.000000e+00
1.245864e+01 2.548295e+03 -3.264659e+03 1.000000e+00
