0 3757 0.00000e+00
  1    3757
0 0 0 1.000000e+00
0 0 0 5.483011e-01
0 0 0 5.019194e-01
0 0 0 4.996773e-01
0 0 0 4.999921e-01
0 0 0 5.000104e-01
0 0 0 5.000121e-01
0 0 0 5.000205e-01
0 0 0 5.000240e-01
0 0 0 5.000129e-01
0 0 0 5.000097e-01
0 0 0 5.000568e-01
0 0 0 5.000956e-01
0 0 0 1.000000e+00
0 0 0 5.686876e-01
0 0 0 5.036263e-01
0 0 0 4.998581e-01
0 0 0 4.999973e-01
0 0 0 5.000106e-01
0 0 0 5.000131e-01
0 0 0 5.000237e-01
0 0 0 5.000240e-01
0 0 0 4.999825e-01
0 0 0 4.999020e-01
0 0 0 4.998737e-01
0 0 0 5.000120e-01
0 0 0 1.000000e+00
0 0 0 5.752696e-01
0 0 0 5.057883e-01
0 0 0 5.001892e-01
0 0 0 5.000126e-01
0 0 0 5.000109e-01
0 0 0 5.000147e-01
0 0 0 5.000301e-01
0 0 0 5.000283e-01
0 0 0 4.999462e-01
0 0 0 4.997741e-01
0 0 0 4.997101e-01
0 0 0 5.000098e-01
0 0 0 1.000000e+00
0 0 0 5.762906e-01
0 0 0 5.066871e-01
0 0 0 5.004067e-01
0 0 0 5.000247e-01
0 0 0 5.000113e-01
0 0 0 5.000151e-01
0 0 0 5.000346e-01
0 0 0 5.000375e-01
0 0 0 4.999380e-01
0 0 0 4.997036e-01
0 0 0 4.996023e-01
0 0 0 5.000124e-01
0 0 0 1.000000e+00
0 0 0 5.797448e-01
0 0 0 5.077435e-01
0 0 0 5.005673e-01
0 0 0 5.000227e-01
0 0 0 5.000113e-01
0 0 0 5.000143e-01
0 0 0 5.000351e-01
0 0 0 5.000455e-01
0 0 0 4.999453e-01
0 0 0 4.996659e-01
0 0 0 4.995138e-01
0 0 0 5.000146e-01
0 0 0 1.000000e+00
0 0 0 5.862973e-01
0 0 0 5.093392e-01
0 0 0 5.005914e-01
0 0 0 5.000007e-01
0 0 0 5.000115e-01
0 0 0 5.000129e-01
0 0 0 5.000327e-01
0 0 0 5.000488e-01
0 0 0 4.999556e-01
0 0 0 4.996486e-01
0 0 0 4.994423e-01
0 0 0 5.000174e-01
0 0 0 1.000000e+00
0 0 0 5.946762e-01
0 0 0 5.100412e-01
0 0 0 5.003564e-01
0 0 0 4.999557e-01
0 0 0 5.000124e-01
0 0 0 5.000119e-01
0 0 0 5.000295e-01
0 0 0 5.000485e-01
0 0 0 4.999634e-01
0 0 0 4.996436e-01
0 0 0 4.993883e-01
0 0 0 5.000207e-01
0 0 0 1.000000e+00
0 0 0 5.976883e-01
0 0 0 5.090119e-01
0 0 0 4.999285e-01
0 0 0 4.999108e-01
0 0 0 5.000134e-01
0 0 0 5.000116e-01
0 0 0 5.000271e-01
0 0 0 5.000474e-01
0 0 0 4.999685e-01
0 0 0 4.996440e-01
0 0 0 4.993563e-01
0 0 0 5.000227e-01
0 0 0 1.000000e+00
0 0 0 6.004999e-01
0 0 0 5.084279e-01
0 0 0 4.997208e-01
0 0 0 4.998931e-01
0 0 0 5.000137e-01
0 0 0 5.000115e-01
0 0 0 5.000262e-01
0 0 0 5.000470e-01
0 0 0 4.999706e-01
0 0 0 4.996444e-01
0 0 0 4.993462e-01
0 0 0 5.000226e-01
0 0 0 1.000000e+00
0 0 0 5.976870e-01
0 0 0 5.090113e-01
0 0 0 4.999284e-01
0 0 0 4.999108e-01
0 0 0 5.000134e-01
0 0 0 5.000116e-01
0 0 0 5.000271e-01
0 0 0 5.000474e-01
0 0 0 4.999685e-01
0 0 0 4.996440e-01
0 0 0 4.993563e-01
0 0 0 5.000228e-01
0 0 0 1.000000e+00
0 0 0 5.946769e-01
0 0 0 5.100404e-01
0 0 0 5.003561e-01
0 0 0 4.999557e-01
0 0 0 5.000124e-01
0 0 0 5.000119e-01
0 0 0 5.000295e-01
0 0 0 5.000485e-01
0 0 0 4.999634e-01
0 0 0 4.996436e-01
0 0 0 4.993883e-01
0 0 0 5.000208e-01
0 0 0 1.000000e+00
0 0 0 5.862973e-01
0 0 0 5.093393e-01
0 0 0 5.005913e-01
0 0 0 5.000007e-01
0 0 0 5.000115e-01
0 0 0 5.000129e-01
0 0 0 5.000327e-01
0 0 0 5.000488e-01
0 0 0 4.999556e-01
0 0 0 4.996486e-01
0 0 0 4.994423e-01
0 0 0 5.000175e-01
0 0 0 1.000000e+00
0 0 0 5.797432e-01
0 0 0 5.077437e-01
0 0 0 5.005672e-01
0 0 0 5.000227e-01
0 0 0 5.000113e-01
0 0 0 5.000143e-01
0 0 0 5.000351e-01
0 0 0 5.000455e-01
0 0 0 4.999453e-01
0 0 0 4.996659e-01
0 0 0 4.995138e-01
0 0 0 5.000146e-01
0 0 0 1.000000e+00
0 0 0 5.762874e-01
0 0 0 5.066872e-01
0 0 0 5.004067e-01
0 0 0 5.000247e-01
0 0 0 5.000113e-01
0 0 0 5.000151e-01
0 0 0 5.000346e-01
0 0 0 5.000375e-01
0 0 0 4.999380e-01
0 0 0 4.997036e-01
0 0 0 4.996023e-01
0 0 0 5.000124e-01
0 0 0 1.000000e+00
0 0 0 5.752659e-01
0 0 0 5.057884e-01
0 0 0 5.001892e-01
0 0 0 5.000126e-01
0 0 0 5.000109e-01
0 0 0 5.000147e-01
0 0 0 5.000301e-01
0 0 0 5.000283e-01
0 0 0 4.999461e-01
0 0 0 4.997741e-01
0 0 0 4.997101e-01
0 0 0 5.000098e-01
0 0 0 1.000000e+00
0 0 0 5.686851e-01
0 0 0 5.036266e-01
0 0 0 4.998581e-01
0 0 0 4.999973e-01
0 0 0 5.000106e-01
0 0 0 5.000131e-01
0 0 0 5.000237e-01
0 0 0 5.000240e-01
0 0 0 4.999825e-01
0 0 0 4.999020e-01
0 0 0 4.998737e-01
0 0 0 5.000120e-01
0 0 0 1.000000e+00
0 0 0 5.482991e-01
0 0 0 5.019196e-01
0 0 0 4.996773e-01
0 0 0 4.999922e-01
0 0 0 5.000104e-01
0 0 0 5.000121e-01
0 0 0 5.000205e-01
0 0 0 5.000240e-01
0 0 0 5.000129e-01
0 0 0 5.000097e-01
0 0 0 5.000568e-01
0 0 0 5.000956e-01
0 0 0 1.000000e+00
0 0 0 5.663621e-01
0 0 0 5.030432e-01
0 0 0 4.998101e-01
0 0 0 4.999955e-01
0 0 0 5.000105e-01
0 0 0 5.000131e-01
0 0 0 5.000237e-01
0 0 0 5.000242e-01
0 0 0 4.999836e-01
0 0 0 4.999050e-01
0 0 0 4.998766e-01
0 0 0 5.000064e-01
0 0 0 1.000000e+00
0 0 0 5.765219e-01
0 0 0 5.048986e-01
0 0 0 5.000575e-01
0 0 0 5.000073e-01
0 0 0 5.000108e-01
0 0 0 5.000141e-01
0 0 0 5.000277e-01
0 0 0 5.000236e-01
0 0 0 4.999292e-01
0 0 0 4.996594e-01
0 0 0 4.992068e-01
0 0 0 4.987091e-01
0 0 0 1.000000e+00
0 0 0 5.759792e-01
0 0 0 5.065251e-01
0 0 0 5.004190e-01
0 0 0 5.000312e-01
0 0 0 5.000116e-01
0 0 0 5.000157e-01
0 0 0 5.000353e-01
0 0 0 5.000293e-01
0 0 0 4.998628e-01
0 0 0 4.993346e-01
0 0 0 4.984133e-01
0 0 0 4.974656e-01
0 0 0 1.000000e+00
0 0 0 5.747521e-01
0 0 0 5.067287e-01
0 0 0 5.005738e-01
0 0 0 5.000429e-01
0 0 0 5.000120e-01
0 0 0 5.000158e-01
0 0 0 5.000399e-01
0 0 0 5.000436e-01
0 0 0 4.998532e-01
0 0 0 4.991547e-01
0 0 0 4.978484e-01
0 0 0 4.964497e-01
0 0 0 1.000000e+00
0 0 0 5.750755e-01
0 0 0 5.069870e-01
0 0 0 5.006222e-01
0 0 0 5.000392e-01
0 0 0 5.000116e-01
0 0 0 5.000142e-01
0 0 0 5.000389e-01
0 0 0 5.000564e-01
0 0 0 4.998801e-01
0 0 0 4.990934e-01
0 0 0 4.974774e-01
0 0 0 4.956662e-01
0 0 0 1.000000e+00
0 0 0 5.762118e-01
0 0 0 5.073245e-01
0 0 0 5.005522e-01
0 0 0 5.000148e-01
0 0 0 5.000110e-01
0 0 0 5.000123e-01
0 0 0 5.000344e-01
0 0 0 5.000613e-01
0 0 0 4.999142e-01
0 0 0 4.991107e-01
0 0 0 4.972870e-01
0 0 0 4.951262e-01
0 0 0 1.000000e+00
0 0 0 5.769878e-01
0 0 0 5.072385e-01
0 0 0 5.002988e-01
0 0 0 4.999667e-01
0 0 0 5.000114e-01
0 0 0 5.000112e-01
0 0 0 5.000293e-01
0 0 0 5.000601e-01
0 0 0 4.999405e-01
0 0 0 4.991656e-01
0 0 0 4.972354e-01
0 0 0 4.948056e-01
0 0 0 1.000000e+00
0 0 0 5.780594e-01
0 0 0 5.069008e-01
0 0 0 4.999637e-01
0 0 0 4.999122e-01
0 0 0 5.000120e-01
0 0 0 5.000110e-01
0 0 0 5.000259e-01
0 0 0 5.000576e-01
0 0 0 4.999566e-01
0 0 0 4.992141e-01
0 0 0 4.972448e-01
0 0 0 4.946492e-01
0 0 0 1.000000e+00
0 0 0 5.816277e-01
0 0 0 5.068797e-01
0 0 0 4.998243e-01
0 0 0 4.998880e-01
0 0 0 5.000120e-01
0 0 0 5.000110e-01
0 0 0 5.000246e-01
0 0 0 5.000566e-01
0 0 0 4.999622e-01
0 0 0 4.992316e-01
0 0 0 4.972542e-01
0 0 0 4.946071e-01
0 0 0 1.000000e+00
0 0 0 5.780597e-01
0 0 0 5.069006e-01
0 0 0 4.999635e-01
0 0 0 4.999122e-01
0 0 0 5.000120e-01
0 0 0 5.000110e-01
0 0 0 5.000259e-01
0 0 0 5.000576e-01
0 0 0 4.999566e-01
0 0 0 4.992142e-01
0 0 0 4.972449e-01
0 0 0 4.946492e-01
0 0 0 1.000000e+00
0 0 0 5.769856e-01
0 0 0 5.072380e-01
0 0 0 5.002986e-01
0 0 0 4.999666e-01
0 0 0 5.000114e-01
0 0 0 5.000112e-01
0 0 0 5.000293e-01
0 0 0 5.000600e-01
0 0 0 4.999405e-01
0 0 0 4.991656e-01
0 0 0 4.972355e-01
0 0 0 4.948057e-01
0 0 0 1.000000e+00
0 0 0 5.762086e-01
0 0 0 5.073242e-01
0 0 0 5.005520e-01
0 0 0 5.000148e-01
0 0 0 5.000110e-01
0 0 0 5.000123e-01
0 0 0 5.000344e-01
0 0 0 5.000613e-01
0 0 0 4.999142e-01
0 0 0 4.991108e-01
0 0 0 4.972871e-01
0 0 0 4.951263e-01
0 0 0 1.000000e+00
0 0 0 5.750719e-01
0 0 0 5.069866e-01
0 0 0 5.006221e-01
0 0 0 5.000392e-01
0 0 0 5.000116e-01
0 0 0 5.000142e-01
0 0 0 5.000389e-01
0 0 0 5.000564e-01
0 0 0 4.998801e-01
0 0 0 4.990934e-01
0 0 0 4.974774e-01
0 0 0 4.956662e-01
0 0 0 1.000000e+00
0 0 0 5.747477e-01
0 0 0 5.067282e-01
0 0 0 5.005738e-01
0 0 0 5.000428e-01
0 0 0 5.000120e-01
0 0 0 5.000158e-01
0 0 0 5.000399e-01
0 0 0 5.000436e-01
0 0 0 4.998532e-01
0 0 0 4.991547e-01
0 0 0 4.978484e-01
0 0 0 4.964497e-01
0 0 0 1.000000e+00
0 0 0 5.759740e-01
0 0 0 5.065245e-01
0 0 0 5.004189e-01
0 0 0 5.000312e-01
0 0 0 5.000116e-01
0 0 0 5.000157e-01
0 0 0 5.000353e-01
0 0 0 5.000293e-01
0 0 0 4.998628e-01
0 0 0 4.993346e-01
0 0 0 4.984133e-01
0 0 0 4.974656e-01
0 0 0 1.000000e+00
0 0 0 5.765154e-01
0 0 0 5.048978e-01
0 0 0 5.000575e-01
0 0 0 5.000073e-01
0 0 0 5.000108e-01
0 0 0 5.000141e-01
0 0 0 5.000277e-01
0 0 0 5.000236e-01
0 0 0 4.999292e-01
0 0 0 4.996594e-01
0 0 0 4.992068e-01
0 0 0 4.987091e-01
0 0 0 1.000000e+00
0 0 0 5.663529e-01
0 0 0 5.030421e-01
0 0 0 4.998100e-01
0 0 0 4.999955e-01
0 0 0 5.000105e-01
0 0 0 5.000131e-01
0 0 0 5.000237e-01
0 0 0 5.000242e-01
0 0 0 4.999836e-01
0 0 0 4.999050e-01
0 0 0 4.998766e-01
0 0 0 5.000064e-01
0 0 0 1.000000e+00
0 0 0 5.724680e-01
0 0 0 5.047367e-01
0 0 0 5.000544e-01
0 0 0 5.000049e-01
0 0 0 5.000107e-01
0 0 0 5.000147e-01
0 0 0 5.000302e-01
0 0 0 5.000284e-01
0 0 0 4.999470e-01
0 0 0 4.997765e-01
0 0 0 4.997108e-01
0 0 0 4.999999e-01
0 0 0 1.000000e+00
0 0 0 5.749487e-01
0 0 0 5.060225e-01
0 0 0 5.003437e-01
0 0 0 5.000255e-01
0 0 0 5.000114e-01
0 0 0 5.000157e-01
0 0 0 5.000353e-01
0 0 0 5.000293e-01
0 0 0 4.998620e-01
0 0 0 4.993324e-01
0 0 0 4.984094e-01
0 0 0 4.974644e-01
0 0 0 1.000000e+00
0 0 0 5.704995e-01
0 0 0 5.059928e-01
0 0 0 5.005576e-01
0 0 0 5.000496e-01
0 0 0 5.000123e-01
0 0 0 5.000168e-01
0 0 0 5.000442e-01
0 0 0 5.000434e-01
0 0 0 4.997761e-01
0 0 0 4.987809e-01
0 0 0 4.969272e-01
0 0 0 4.951309e-01
0 0 0 1.000000e+00
0 0 0 5.674173e-01
0 0 0 5.050817e-01
0 0 0 5.004775e-01
0 0 0 5.000489e-01
0 0 0 5.000117e-01
0 0 0 5.000155e-01
0 0 0 5.000466e-01
0 0 0 5.000697e-01
0 0 0 4.998054e-01
0 0 0 4.985713e-01
0 0 0 4.960273e-01
0 0 0 4.933895e-01
0 0 0 1.000000e+00
0 0 0 5.662227e-01
0 0 0 5.045496e-01
0 0 0 5.003432e-01
0 0 0 5.000386e-01
0 0 0 5.000117e-01
0 0 0 5.000127e-01
0 0 0 5.000403e-01
0 0 0 5.000857e-01
0 0 0 4.998924e-01
0 0 0 4.986376e-01
0 0 0 4.956538e-01
0 0 0 4.922879e-01
0 0 0 1.000000e+00
0 0 0 5.672931e-01
0 0 0 5.043556e-01
0 0 0 5.001804e-01
0 0 0 5.000075e-01
0 0 0 5.000133e-01
0 0 0 5.000132e-01
0 0 0 5.000321e-01
0 0 0 5.000824e-01
0 0 0 4.999702e-01
0 0 0 4.988644e-01
0 0 0 4.957474e-01
0 0 0 4.918519e-01
0 0 0 1.000000e+00
0 0 0 5.713047e-01
0 0 0 5.044919e-01
0 0 0 4.999940e-01
0 0 0 4.999366e-01
0 0 0 5.000130e-01
0 0 0 5.000232e-01
0 0 0 5.000330e-01
0 0 0 5.000725e-01
0 0 0 5.000162e-01
0 0 0 4.991249e-01
0 0 0 4.961185e-01
0 0 0 4.919050e-01
0 0 0 1.000000e+00
0 0 0 5.787283e-01
0 0 0 5.049417e-01
0 0 0 4.998465e-01
0 0 0 4.998429e-01
0 0 0 5.000064e-01
0 0 0 5.000405e-01
0 0 0 5.000455e-01
0 0 0 5.000696e-01
0 0 0 5.000380e-01
0 0 0 4.993086e-01
0 0 0 4.964756e-01
0 0 0 4.921073e-01
0 0 0 1.000000e+00
0 0 0 5.842504e-01
0 0 0 5.053142e-01
0 0 0 4.998101e-01
0 0 0 4.997985e-01
0 0 0 5.000012e-01
0 0 0 5.000495e-01
0 0 0 5.000536e-01
0 0 0 5.000708e-01
0 0 0 5.000445e-01
0 0 0 4.993713e-01
0 0 0 4.966156e-01
0 0 0 4.922059e-01
0 0 0 1.000000e+00
0 0 0 5.787299e-01
0 0 0 5.049418e-01
0 0 0 4.998465e-01
0 0 0 4.998429e-01
0 0 0 5.000064e-01
0 0 0 5.000405e-01
0 0 0 5.000455e-01
0 0 0 5.000696e-01
0 0 0 5.000380e-01
0 0 0 4.993086e-01
0 0 0 4.964757e-01
0 0 0 4.921074e-01
0 0 0 1.000000e+00
0 0 0 5.713038e-01
0 0 0 5.044919e-01
0 0 0 4.999939e-01
0 0 0 4.999366e-01
0 0 0 5.000130e-01
0 0 0 5.000232e-01
0 0 0 5.000330e-01
0 0 0 5.000725e-01
0 0 0 5.000162e-01
0 0 0 4.991249e-01
0 0 0 4.961186e-01
0 0 0 4.919051e-01
0 0 0 1.000000e+00
0 0 0 5.672899e-01
0 0 0 5.043553e-01
0 0 0 5.001803e-01
0 0 0 5.000075e-01
0 0 0 5.000133e-01
0 0 0 5.000132e-01
0 0 0 5.000321e-01
0 0 0 5.000824e-01
0 0 0 4.999702e-01
0 0 0 4.988645e-01
0 0 0 4.957475e-01
0 0 0 4.918519e-01
0 0 0 1.000000e+00
0 0 0 5.662183e-01
0 0 0 5.045491e-01
0 0 0 5.003431e-01
0 0 0 5.000386e-01
0 0 0 5.000117e-01
0 0 0 5.000127e-01
0 0 0 5.000403e-01
0 0 0 5.000857e-01
0 0 0 4.998924e-01
0 0 0 4.986377e-01
0 0 0 4.956538e-01
0 0 0 4.922879e-01
0 0 0 1.000000e+00
0 0 0 5.674123e-01
0 0 0 5.050810e-01
0 0 0 5.004774e-01
0 0 0 5.000489e-01
0 0 0 5.000117e-01
0 0 0 5.000155e-01
0 0 0 5.000466e-01
0 0 0 5.000697e-01
0 0 0 4.998054e-01
0 0 0 4.985713e-01
0 0 0 4.960273e-01
0 0 0 4.933895e-01
0 0 0 1.000000e+00
0 0 0 5.704937e-01
0 0 0 5.059919e-01
0 0 0 5.005574e-01
0 0 0 5.000496e-01
0 0 0 5.000123e-01
0 0 0 5.000168e-01
0 0 0 5.000442e-01
0 0 0 5.000434e-01
0 0 0 4.997761e-01
0 0 0 4.987809e-01
0 0 0 4.969272e-01
0 0 0 4.951309e-01
0 0 0 1.000000e+00
0 0 0 5.749428e-01
0 0 0 5.060208e-01
0 0 0 5.003435e-01
0 0 0 5.000255e-01
0 0 0 5.000114e-01
0 0 0 5.000157e-01
0 0 0 5.000353e-01
0 0 0 5.000293e-01
0 0 0 4.998620e-01
0 0 0 4.993324e-01
0 0 0 4.984094e-01
0 0 0 4.974644e-01
0 0 0 1.000000e+00
0 0 0 5.724604e-01
0 0 0 5.047344e-01
0 0 0 5.000542e-01
0 0 0 5.000049e-01
0 0 0 5.000107e-01
0 0 0 5.000147e-01
0 0 0 5.000302e-01
0 0 0 5.000284e-01
0 0 0 4.999470e-01
0 0 0 4.997764e-01
0 0 0 4.997108e-01
0 0 0 4.999999e-01
0 0 0 1.000000e+00
0 0 0 5.736235e-01
0 0 0 5.055816e-01
0 0 0 5.002321e-01
0 0 0 5.000120e-01
0 0 0 5.000110e-01
0 0 0 5.000152e-01
0 0 0 5.000347e-01
0 0 0 5.000372e-01
0 0 0 4.999372e-01
0 0 0 4.997034e-01
0 0 0 4.996001e-01
0 0 0 5.000028e-01
0 0 0 1.000000e+00
0 0 0 5.735158e-01
0 0 0 5.061854e-01
0 0 0 5.004649e-01
0 0 0 5.000331e-01
0 0 0 5.000116e-01
0 0 0 5.000158e-01
0 0 0 5.000400e-01
0 0 0 5.000432e-01
0 0 0 4.998506e-01
0 0 0 4.991495e-01
0 0 0 4.978418e-01
0 0 0 4.964474e-01
0 0 0 1.000000e+00
0 0 0 5.670739e-01
0 0 0 5.049365e-01
0 0 0 5.004501e-01
0 0 0 5.000459e-01
0 0 0 5.000115e-01
0 0 0 5.000155e-01
0 0 0 5.000467e-01
0 0 0 5.000693e-01
0 0 0 4.998035e-01
0 0 0 4.985682e-01
0 0 0 4.960251e-01
0 0 0 4.933885e-01
0 0 0 1.000000e+00
0 0 0 5.641990e-01
0 0 0 5.038843e-01
0 0 0 5.002514e-01
0 0 0 5.000410e-01
0 0 0 5.000120e-01
0 0 0 5.000131e-01
0 0 0 5.000428e-01
0 0 0 5.000972e-01
0 0 0 4.999046e-01
0 0 0 4.985682e-01
0 0 0 4.953281e-01
0 0 0 4.915507e-01
0 0 0 1.000000e+00
0 0 0 5.649960e-01
0 0 0 5.036414e-01
0 0 0 5.001541e-01
0 0 0 5.000335e-01
0 0 0 5.000157e-01
0 0 0 5.000181e-01
0 0 0 5.000382e-01
0 0 0 5.000959e-01
0 0 0 5.000245e-01
0 0 0 4.989819e-01
0 0 0 4.957032e-01
0 0 0 4.911713e-01
0 0 0 1.000000e+00
0 0 0 5.704854e-01
0 0 0 5.042581e-01
0 0 0 5.001363e-01
0 0 0 4.999598e-01
0 0 0 4.999888e-01
0 0 0 5.000423e-01
0 0 0 5.000707e-01
0 0 0 5.000999e-01
0 0 0 5.000863e-01
0 0 0 4.994905e-01
0 0 0 4.968031e-01
0 0 0 4.920411e-01
0 0 0 1.000000e+00
0 0 0 5.815685e-01
0 0 0 5.061837e-01
0 0 0 5.000783e-01
0 0 0 4.996434e-01
0 0 0 4.998223e-01
0 0 0 4.999837e-01
0 0 0 5.000974e-01
0 0 0 5.001489e-01
0 0 0 5.001290e-01
0 0 0 4.998123e-01
0 0 0 4.978262e-01
0 0 0 4.931724e-01
0 0 0 1.000000e+00
0 0 0 5.964398e-01
0 0 0 5.093923e-01
0 0 0 5.000992e-01
0 0 0 4.991441e-01
0 0 0 4.994722e-01
0 0 0 4.997076e-01
0 0 0 5.000033e-01
0 0 0 5.001836e-01
0 0 0 5.001725e-01
0 0 0 4.999488e-01
0 0 0 4.983785e-01
0 0 0 4.938844e-01
0 0 0 1.000000e+00
0 0 0 6.050449e-01
0 0 0 5.114367e-01
0 0 0 5.002234e-01
0 0 0 4.989127e-01
0 0 0 4.992555e-01
0 0 0 4.994969e-01
0 0 0 4.999162e-01
0 0 0 5.001843e-01
0 0 0 5.001886e-01
0 0 0 4.999809e-01
0 0 0 4.985372e-01
0 0 0 4.941112e-01
0 0 0 1.000000e+00
0 0 0 5.964417e-01
0 0 0 5.093928e-01
0 0 0 5.000992e-01
0 0 0 4.991441e-01
0 0 0 4.994722e-01
0 0 0 4.997075e-01
0 0 0 5.000033e-01
0 0 0 5.001836e-01
0 0 0 5.001725e-01
0 0 0 4.999488e-01
0 0 0 4.983785e-01
0 0 0 4.938844e-01
0 0 0 1.000000e+00
0 0 0 5.815686e-01
0 0 0 5.061840e-01
0 0 0 5.000783e-01
0 0 0 4.996434e-01
0 0 0 4.998223e-01
0 0 0 4.999837e-01
0 0 0 5.000974e-01
0 0 0 5.001489e-01
0 0 0 5.001290e-01
0 0 0 4.998123e-01
0 0 0 4.978263e-01
0 0 0 4.931724e-01
0 0 0 1.000000e+00
0 0 0 5.704831e-01
0 0 0 5.042580e-01
0 0 0 5.001362e-01
0 0 0 4.999598e-01
0 0 0 4.999887e-01
0 0 0 5.000423e-01
0 0 0 5.000707e-01
0 0 0 5.000998e-01
0 0 0 5.000863e-01
0 0 0 4.994905e-01
0 0 0 4.968031e-01
0 0 0 4.920411e-01
0 0 0 1.000000e+00
0 0 0 5.649921e-01
0 0 0 5.036410e-01
0 0 0 5.001541e-01
0 0 0 5.000335e-01
0 0 0 5.000157e-01
0 0 0 5.000181e-01
0 0 0 5.000382e-01
0 0 0 5.000959e-01
0 0 0 5.000245e-01
0 0 0 4.989819e-01
0 0 0 4.957032e-01
0 0 0 4.911713e-01
0 0 0 1.000000e+00
0 0 0 5.641944e-01
0 0 0 5.038837e-01
0 0 0 5.002512e-01
0 0 0 5.000409e-01
0 0 0 5.000120e-01
0 0 0 5.000131e-01
0 0 0 5.000428e-01
0 0 0 5.000972e-01
0 0 0 4.999046e-01
0 0 0 4.985682e-01
0 0 0 4.953281e-01
0 0 0 4.915506e-01
0 0 0 1.000000e+00
0 0 0 5.670686e-01
0 0 0 5.049357e-01
0 0 0 5.004500e-01
0 0 0 5.000458e-01
0 0 0 5.000115e-01
0 0 0 5.000155e-01
0 0 0 5.000467e-01
0 0 0 5.000693e-01
0 0 0 4.998035e-01
0 0 0 4.985682e-01
0 0 0 4.960250e-01
0 0 0 4.933884e-01
0 0 0 1.000000e+00
0 0 0 5.735100e-01
0 0 0 5.061841e-01
0 0 0 5.004647e-01
0 0 0 5.000330e-01
0 0 0 5.000116e-01
0 0 0 5.000158e-01
0 0 0 5.000400e-01
0 0 0 5.000432e-01
0 0 0 4.998506e-01
0 0 0 4.991494e-01
0 0 0 4.978417e-01
0 0 0 4.964474e-01
0 0 0 1.000000e+00
0 0 0 5.736164e-01
0 0 0 5.055795e-01
0 0 0 5.002318e-01
0 0 0 5.000120e-01
0 0 0 5.000110e-01
0 0 0 5.000152e-01
0 0 0 5.000347e-01
0 0 0 5.000372e-01
0 0 0 4.999372e-01
0 0 0 4.997034e-01
0 0 0 4.996001e-01
0 0 0 5.000028e-01
0 0 0 1.000000e+00
0 0 0 5.771746e-01
0 0 0 5.066505e-01
0 0 0 5.003764e-01
0 0 0 5.000081e-01
0 0 0 5.000111e-01
0 0 0 5.000143e-01
0 0 0 5.000353e-01
0 0 0 5.000450e-01
0 0 0 4.999432e-01
0 0 0 4.996632e-01
0 0 0 4.995094e-01
0 0 0 5.000070e-01
0 0 0 1.000000e+00
0 0 0 5.741042e-01
0 0 0 5.064740e-01
0 0 0 5.005040e-01
0 0 0 5.000286e-01
0 0 0 5.000112e-01
0 0 0 5.000143e-01
0 0 0 5.000392e-01
0 0 0 5.000558e-01
0 0 0 4.998763e-01
0 0 0 4.990857e-01
0 0 0 4.974683e-01
0 0 0 4.956636e-01
0 0 0 1.000000e+00
0 0 0 5.660022e-01
0 0 0 5.043739e-01
0 0 0 5.003059e-01
0 0 0 5.000353e-01
0 0 0 5.000115e-01
0 0 0 5.000128e-01
0 0 0 5.000404e-01
0 0 0 5.000852e-01
0 0 0 4.998895e-01
0 0 0 4.986329e-01
0 0 0 4.956509e-01
0 0 0 4.922897e-01
0 0 0 1.000000e+00
0 0 0 5.650299e-01
0 0 0 5.035892e-01
0 0 0 5.001425e-01
0 0 0 5.000325e-01
0 0 0 5.000156e-01
0 0 0 5.000181e-01
0 0 0 5.000382e-01
0 0 0 5.000957e-01
0 0 0 5.000235e-01
0 0 0 4.989812e-01
0 0 0 4.957049e-01
0 0 0 4.911775e-01
0 0 0 1.000000e+00
0 0 0 5.709474e-01
0 0 0 5.044449e-01
0 0 0 5.002565e-01
0 0 0 4.999510e-01
0 0 0 4.999599e-01
0 0 0 5.000306e-01
0 0 0 5.000805e-01
0 0 0 5.001183e-01
0 0 0 5.001098e-01
0 0 0 4.996478e-01
0 0 0 4.972452e-01
0 0 0 4.924514e-01
0 0 0 1.000000e+00
0 0 0 5.856626e-01
0 0 0 5.082404e-01
0 0 0 5.005779e-01
0 0 0 4.993097e-01
0 0 0 4.993453e-01
0 0 0 4.995237e-01
0 0 0 4.998237e-01
0 0 0 5.001382e-01
0 0 0 5.001989e-01
0 0 0 5.000199e-01
0 0 0 4.987129e-01
0 0 0 4.944246e-01
0 0 0 1.000000e+00
0 0 0 6.099056e-01
0 0 0 5.176532e-01
0 0 0 5.022160e-01
0 0 0 4.981266e-01
0 0 0 4.976260e-01
0 0 0 4.976865e-01
0 0 0 4.985447e-01
0 0 0 4.997654e-01
0 0 0 5.002839e-01
0 0 0 5.001484e-01
0 0 0 4.992789e-01
0 0 0 4.956559e-01
0 0 0 1.000000e+00
0 0 0 6.378183e-01
0 0 0 5.315631e-01
0 0 0 5.070231e-01
0 0 0 4.989456e-01
0 0 0 4.964343e-01
0 0 0 4.954836e-01
0 0 0 4.967526e-01
0 0 0 4.990132e-01
0 0 0 5.002406e-01
0 0 0 5.002412e-01
0 0 0 4.994732e-01
0 0 0 4.963273e-01
0 0 0 1.000000e+00
0 0 0 6.522997e-01
0 0 0 5.393990e-01
0 0 0 5.103161e-01
0 0 0 5.002330e-01
0 0 0 4.963482e-01
0 0 0 4.946022e-01
0 0 0 4.959238e-01
0 0 0 4.986246e-01
0 0 0 5.001866e-01
0 0 0 5.002725e-01
0 0 0 4.995424e-01
0 0 0 4.965851e-01
0 0 0 1.000000e+00
0 0 0 6.378198e-01
0 0 0 5.315639e-01
0 0 0 5.070235e-01
0 0 0 4.989458e-01
0 0 0 4.964344e-01
0 0 0 4.954836e-01
0 0 0 4.967527e-01
0 0 0 4.990132e-01
0 0 0 5.002406e-01
0 0 0 5.002412e-01
0 0 0 4.994733e-01
0 0 0 4.963273e-01
0 0 0 1.000000e+00
0 0 0 6.099057e-01
0 0 0 5.176537e-01
0 0 0 5.022163e-01
0 0 0 4.981267e-01
0 0 0 4.976261e-01
0 0 0 4.976864e-01
0 0 0 4.985447e-01
0 0 0 4.997654e-01
0 0 0 5.002839e-01
0 0 0 5.001484e-01
0 0 0 4.992789e-01
0 0 0 4.956558e-01
0 0 0 1.000000e+00
0 0 0 5.856607e-01
0 0 0 5.082404e-01
0 0 0 5.005780e-01
0 0 0 4.993097e-01
0 0 0 4.993453e-01
0 0 0 4.995237e-01
0 0 0 4.998237e-01
0 0 0 5.001382e-01
0 0 0 5.001989e-01
0 0 0 5.000199e-01
0 0 0 4.987129e-01
0 0 0 4.944245e-01
0 0 0 1.000000e+00
0 0 0 5.709443e-01
0 0 0 5.044446e-01
0 0 0 5.002565e-01
0 0 0 4.999510e-01
0 0 0 4.999599e-01
0 0 0 5.000306e-01
0 0 0 5.000805e-01
0 0 0 5.001183e-01
0 0 0 5.001098e-01
0 0 0 4.996478e-01
0 0 0 4.972452e-01
0 0 0 4.924512e-01
0 0 0 1.000000e+00
0 0 0 5.650263e-01
0 0 0 5.035887e-01
0 0 0 5.001424e-01
0 0 0 5.000325e-01
0 0 0 5.000156e-01
0 0 0 5.000181e-01
0 0 0 5.000382e-01
0 0 0 5.000957e-01
0 0 0 5.000235e-01
0 0 0 4.989811e-01
0 0 0 4.957048e-01
0 0 0 4.911774e-01
0 0 0 1.000000e+00
0 0 0 5.659981e-01
0 0 0 5.043732e-01
0 0 0 5.003057e-01
0 0 0 5.000353e-01
0 0 0 5.000115e-01
0 0 0 5.000128e-01
0 0 0 5.000405e-01
0 0 0 5.000852e-01
0 0 0 4.998895e-01
0 0 0 4.986328e-01
0 0 0 4.956508e-01
0 0 0 4.922896e-01
0 0 0 1.000000e+00
0 0 0 5.740994e-01
0 0 0 5.064727e-01
0 0 0 5.005038e-01
0 0 0 5.000286e-01
0 0 0 5.000112e-01
0 0 0 5.000143e-01
0 0 0 5.000392e-01
0 0 0 5.000558e-01
0 0 0 4.998763e-01
0 0 0 4.990857e-01
0 0 0 4.974683e-01
0 0 0 4.956635e-01
0 0 0 1.000000e+00
0 0 0 5.771685e-01
0 0 0 5.066484e-01
0 0 0 5.003760e-01
0 0 0 5.000081e-01
0 0 0 5.000111e-01
0 0 0 5.000143e-01
0 0 0 5.000353e-01
0 0 0 5.000450e-01
0 0 0 4.999431e-01
0 0 0 4.996631e-01
0 0 0 4.995094e-01
0 0 0 5.000070e-01
0 0 0 1.000000e+00
0 0 0 5.838425e-01
0 0 0 5.082806e-01
0 0 0 5.004023e-01
0 0 0 4.999895e-01
0 0 0 5.000115e-01
0 0 0 5.000130e-01
0 0 0 5.000329e-01
0 0 0 5.000484e-01
0 0 0 4.999529e-01
0 0 0 4.996443e-01
0 0 0 4.994369e-01
0 0 0 5.000122e-01
0 0 0 1.000000e+00
0 0 0 5.757732e-01
0 0 0 5.068675e-01
0 0 0 5.004397e-01
0 0 0 5.000066e-01
0 0 0 5.000109e-01
0 0 0 5.000124e-01
0 0 0 5.000346e-01
0 0 0 5.000609e-01
0 0 0 4.999104e-01
0 0 0 4.991017e-01
0 0 0 4.972754e-01
0 0 0 4.951242e-01
0 0 0 1.000000e+00
0 0 0 5.674416e-01
0 0 0 5.042096e-01
0 0 0 5.001427e-01
0 0 0 5.000042e-01
0 0 0 5.000132e-01
0 0 0 5.000132e-01
0 0 0 5.000322e-01
0 0 0 5.000821e-01
0 0 0 4.999676e-01
0 0 0 4.988602e-01
0 0 0 4.957468e-01
0 0 0 4.918616e-01
0 0 0 1.000000e+00
0 0 0 5.707093e-01
0 0 0 5.042102e-01
0 0 0 5.001225e-01
0 0 0 4.999573e-01
0 0 0 4.999886e-01
0 0 0 5.000421e-01
0 0 0 5.000708e-01
0 0 0 5.000998e-01
0 0 0 5.000855e-01
0 0 0 4.994913e-01
0 0 0 4.968103e-01
0 0 0 4.920600e-01
0 0 0 1.000000e+00
0 0 0 5.857600e-01
0 0 0 5.082295e-01
0 0 0 5.005787e-01
0 0 0 4.993068e-01
0 0 0 4.993456e-01
0 0 0 4.995250e-01
0 0 0 4.998226e-01
0 0 0 5.001379e-01
0 0 0 5.001991e-01
0 0 0 5.000206e-01
0 0 0 4.987157e-01
0 0 0 4.944357e-01
0 0 0 1.000000e+00
0 0 0 6.162869e-01
0 0 0 5.226411e-01
0 0 0 5.040380e-01
0 0 0 4.982558e-01
0 0 0 4.969975e-01
0 0 0 4.966316e-01
0 0 0 4.974529e-01
0 0 0 4.992596e-01
0 0 0 5.002703e-01
0 0 0 5.002101e-01
0 0 0 4.993953e-01
0 0 0 4.961564e-01
0 0 0 1.000000e+00
0 0 0 6.608793e-01
0 0 0 5.522815e-01
0 0 0 5.221691e-01
0 0 0 5.097783e-01
0 0 0 4.999258e-01
0 0 0 4.939206e-01
0 0 0 4.928003e-01
0 0 0 4.962919e-01
0 0 0 4.996523e-01
0 0 0 5.004123e-01
0 0 0 4.995267e-01
0 0 0 4.969589e-01
0 0 0 1.000000e+00
0 0 0 7.074729e-01
0 0 0 5.926842e-01
0 0 0 5.566719e-01
0 0 0 5.373993e-01
0 0 0 5.147801e-01
0 0 0 4.975329e-01
0 0 0 4.899552e-01
0 0 0 4.928710e-01
0 0 0 4.984008e-01
0 0 0 5.004858e-01
0 0 0 4.997892e-01
0 0 0 4.975927e-01
0 0 0 1.000000e+00
0 0 0 7.304052e-01
0 0 0 6.136772e-01
0 0 0 5.752859e-01
0 0 0 5.527428e-01
0 0 0 5.249482e-01
0 0 0 5.015598e-01
0 0 0 4.897401e-01
0 0 0 4.915635e-01
0 0 0 4.977783e-01
0 0 0 5.004725e-01
0 0 0 4.999494e-01
0 0 0 4.979461e-01
0 0 0 1.000000e+00
0 0 0 7.074725e-01
0 0 0 5.926838e-01
0 0 0 5.566713e-01
0 0 0 5.373988e-01
0 0 0 5.147798e-01
0 0 0 4.975328e-01
0 0 0 4.899553e-01
0 0 0 4.928711e-01
0 0 0 4.984009e-01
0 0 0 5.004858e-01
0 0 0 4.997892e-01
0 0 0 4.975927e-01
0 0 0 1.000000e+00
0 0 0 6.608774e-01
0 0 0 5.522805e-01
0 0 0 5.221685e-01
0 0 0 5.097779e-01
0 0 0 4.999258e-01
0 0 0 4.939206e-01
0 0 0 4.928005e-01
0 0 0 4.962921e-01
0 0 0 4.996523e-01
0 0 0 5.004123e-01
0 0 0 4.995267e-01
0 0 0 4.969589e-01
0 0 0 1.000000e+00
0 0 0 6.162839e-01
0 0 0 5.226402e-01
0 0 0 5.040379e-01
0 0 0 4.982560e-01
0 0 0 4.969977e-01
0 0 0 4.966318e-01
0 0 0 4.974531e-01
0 0 0 4.992597e-01
0 0 0 5.002704e-01
0 0 0 5.002101e-01
0 0 0 4.993953e-01
0 0 0 4.961564e-01
0 0 0 1.000000e+00
0 0 0 5.857572e-01
0 0 0 5.082289e-01
0 0 0 5.005786e-01
0 0 0 4.993069e-01
0 0 0 4.993457e-01
0 0 0 4.995250e-01
0 0 0 4.998227e-01
0 0 0 5.001379e-01
0 0 0 5.001991e-01
0 0 0 5.000205e-01
0 0 0 4.987156e-01
0 0 0 4.944355e-01
0 0 0 1.000000e+00
0 0 0 5.707068e-01
0 0 0 5.042098e-01
0 0 0 5.001224e-01
0 0 0 4.999572e-01
0 0 0 4.999886e-01
0 0 0 5.000421e-01
0 0 0 5.000708e-01
0 0 0 5.000998e-01
0 0 0 5.000855e-01
0 0 0 4.994912e-01
0 0 0 4.968101e-01
0 0 0 4.920597e-01
0 0 0 1.000000e+00
0 0 0 5.674390e-01
0 0 0 5.042090e-01
0 0 0 5.001425e-01
0 0 0 5.000041e-01
0 0 0 5.000132e-01
0 0 0 5.000132e-01
0 0 0 5.000322e-01
0 0 0 5.000821e-01
0 0 0 4.999676e-01
0 0 0 4.988601e-01
0 0 0 4.957467e-01
0 0 0 4.918615e-01
0 0 0 1.000000e+00
0 0 0 5.757696e-01
0 0 0 5.068662e-01
0 0 0 5.004394e-01
0 0 0 5.000065e-01
0 0 0 5.000109e-01
0 0 0 5.000124e-01
0 0 0 5.000346e-01
0 0 0 5.000609e-01
0 0 0 4.999104e-01
0 0 0 4.991016e-01
0 0 0 4.972753e-01
0 0 0 4.951241e-01
0 0 0 1.000000e+00
0 0 0 5.838369e-01
0 0 0 5.082783e-01
0 0 0 5.004019e-01
0 0 0 4.999894e-01
0 0 0 5.000115e-01
0 0 0 5.000130e-01
0 0 0 5.000329e-01
0 0 0 5.000484e-01
0 0 0 4.999529e-01
0 0 0 4.996443e-01
0 0 0 4.994369e-01
0 0 0 5.000122e-01
0 0 0 1.000000e+00
0 0 0 5.927360e-01
0 0 0 5.092147e-01
0 0 0 5.002234e-01
0 0 0 4.999510e-01
0 0 0 5.000127e-01
0 0 0 5.000120e-01
0 0 0 5.000297e-01
0 0 0 5.000484e-01
0 0 0 4.999611e-01
0 0 0 4.996387e-01
0 0 0 4.993827e-01
0 0 0 5.000174e-01
0 0 0 1.000000e+00
0 0 0 5.774798e-01
0 0 0 5.069097e-01
0 0 0 5.002147e-01
0 0 0 4.999620e-01
0 0 0 5.000115e-01
0 0 0 5.000113e-01
0 0 0 5.000296e-01
0 0 0 5.000600e-01
0 0 0 4.999377e-01
0 0 0 4.991559e-01
0 0 0 4.972207e-01
0 0 0 4.948045e-01
0 0 0 1.000000e+00
0 0 0 5.720788e-01
0 0 0 5.043809e-01
0 0 0 4.999619e-01
0 0 0 4.999347e-01
0 0 0 5.000128e-01
0 0 0 5.000230e-01
0 0 0 5.000331e-01
0 0 0 5.000724e-01
0 0 0 5.000147e-01
0 0 0 4.991227e-01
0 0 0 4.961213e-01
0 0 0 4.919266e-01
0 0 0 1.000000e+00
0 0 0 5.821074e-01
0 0 0 5.061622e-01
0 0 0 5.000692e-01
0 0 0 4.996385e-01
0 0 0 4.998238e-01
0 0 0 4.999848e-01
0 0 0 5.000970e-01
0 0 0 5.001494e-01
0 0 0 5.001291e-01
0 0 0 4.998140e-01
0 0 0 4.978365e-01
0 0 0 4.932047e-01
0 0 0 1.000000e+00
0 0 0 6.101122e-01
0 0 0 5.176470e-01
0 0 0 5.022249e-01
0 0 0 4.981192e-01
0 0 0 4.976219e-01
0 0 0 4.976936e-01
0 0 0 4.985412e-01
0 0 0 4.997632e-01
0 0 0 5.002849e-01
0 0 0 5.001498e-01
0 0 0 4.992830e-01
0 0 0 4.956763e-01
0 0 0 1.000000e+00
0 0 0 6.608773e-01
0 0 0 5.522202e-01
0 0 0 5.221104e-01
0 0 0 5.097442e-01
0 0 0 4.999040e-01
0 0 0 4.939179e-01
0 0 0 4.927939e-01
0 0 0 4.962850e-01
0 0 0 4.996504e-01
0 0 0 5.004136e-01
0 0 0 4.995293e-01
0 0 0 4.969657e-01
0 0 0 1.000000e+00
0 0 0 7.284085e-01
0 0 0 6.194690e-01
0 0 0 5.907840e-01
0 0 0 5.711592e-01
0 0 0 5.385715e-01
0 0 0 5.089889e-01
0 0 0 4.905572e-01
0 0 0 4.895050e-01
0 0 0 4.965847e-01
0 0 0 5.004036e-01
0 0 0 4.999369e-01
0 0 0 4.977537e-01
0 0 0 1.000000e+00
0 0 0 7.996659e-01
0 0 0 7.077936e-01
0 0 0 6.838301e-01
0 0 0 6.610307e-01
0 0 0 6.137209e-01
0 0 0 5.543341e-01
0 0 0 5.040313e-01
0 0 0 4.861372e-01
0 0 0 4.925950e-01
0 0 0 4.997718e-01
0 0 0 5.004316e-01
0 0 0 4.985917e-01
0 0 0 1.000000e+00
0 0 0 8.365057e-01
0 0 0 7.524279e-01
0 0 0 7.279507e-01
0 0 0 7.048468e-01
0 0 0 6.551126e-01
0 0 0 5.830642e-01
0 0 0 5.156235e-01
0 0 0 4.866293e-01
0 0 0 4.910068e-01
0 0 0 4.993676e-01
0 0 0 5.006201e-01
0 0 0 4.990102e-01
0 0 0 1.000000e+00
0 0 0 7.996615e-01
0 0 0 7.077881e-01
0 0 0 6.838244e-01
0 0 0 6.610250e-01
0 0 0 6.137160e-01
0 0 0 5.543308e-01
0 0 0 5.040301e-01
0 0 0 4.861372e-01
0 0 0 4.925952e-01
0 0 0 4.997718e-01
0 0 0 5.004316e-01
0 0 0 4.985916e-01
0 0 0 1.000000e+00
0 0 0 7.284027e-01
0 0 0 6.194625e-01
0 0 0 5.907773e-01
0 0 0 5.711530e-01
0 0 0 5.385672e-01
0 0 0 5.089866e-01
0 0 0 4.905568e-01
0 0 0 4.895055e-01
0 0 0 4.965850e-01
0 0 0 5.004037e-01
0 0 0 4.999369e-01
0 0 0 4.977537e-01
0 0 0 1.000000e+00
0 0 0 6.608716e-01
0 0 0 5.522161e-01
0 0 0 5.221072e-01
0 0 0 5.097418e-01
0 0 0 4.999030e-01
0 0 0 4.939178e-01
0 0 0 4.927944e-01
0 0 0 4.962855e-01
0 0 0 4.996505e-01
0 0 0 5.004136e-01
0 0 0 4.995294e-01
0 0 0 4.969657e-01
0 0 0 1.000000e+00
0 0 0 6.101084e-01
0 0 0 5.176450e-01
0 0 0 5.022245e-01
0 0 0 4.981193e-01
0 0 0 4.976222e-01
0 0 0 4.976939e-01
0 0 0 4.985415e-01
0 0 0 4.997633e-01
0 0 0 5.002849e-01
0 0 0 5.001498e-01
0 0 0 4.992830e-01
0 0 0 4.956762e-01
0 0 0 1.000000e+00
0 0 0 5.821057e-01
0 0 0 5.061615e-01
0 0 0 5.000691e-01
0 0 0 4.996386e-01
0 0 0 4.998239e-01
0 0 0 4.999848e-01
0 0 0 5.000970e-01
0 0 0 5.001494e-01
0 0 0 5.001291e-01
0 0 0 4.998139e-01
0 0 0 4.978363e-01
0 0 0 4.932044e-01
0 0 0 1.000000e+00
0 0 0 5.720782e-01
0 0 0 5.043804e-01
0 0 0 4.999618e-01
0 0 0 4.999347e-01
0 0 0 5.000128e-01
0 0 0 5.000230e-01
0 0 0 5.000331e-01
0 0 0 5.000724e-01
0 0 0 5.000147e-01
0 0 0 4.991226e-01
0 0 0 4.961211e-01
0 0 0 4.919263e-01
0 0 0 1.000000e+00
0 0 0 5.774786e-01
0 0 0 5.069086e-01
0 0 0 5.002144e-01
0 0 0 4.999620e-01
0 0 0 5.000115e-01
0 0 0 5.000113e-01
0 0 0 5.000296e-01
0 0 0 5.000600e-01
0 0 0 4.999377e-01
0 0 0 4.991558e-01
0 0 0 4.972206e-01
0 0 0 4.948044e-01
0 0 0 1.000000e+00
0 0 0 5.927311e-01
0 0 0 5.092123e-01
0 0 0 5.002230e-01
0 0 0 4.999510e-01
0 0 0 5.000127e-01
0 0 0 5.000120e-01
0 0 0 5.000297e-01
0 0 0 5.000484e-01
0 0 0 4.999611e-01
0 0 0 4.996387e-01
0 0 0 4.993827e-01
0 0 0 5.000174e-01
0 0 0 1.000000e+00
0 0 0 5.971234e-01
0 0 0 5.087396e-01
0 0 0 4.998845e-01
0 0 0 4.999108e-01
0 0 0 5.000135e-01
0 0 0 5.000116e-01
0 0 0 5.000273e-01
0 0 0 5.000475e-01
0 0 0 4.999669e-01
0 0 0 4.996390e-01
0 0 0 4.993510e-01
0 0 0 5.000204e-01
0 0 0 1.000000e+00
0 0 0 5.792217e-01
0 0 0 5.067564e-01
0 0 0 4.999259e-01
0 0 0 4.999109e-01
0 0 0 5.000121e-01
0 0 0 5.000110e-01
0 0 0 5.000260e-01
0 0 0 5.000578e-01
0 0 0 4.999548e-01
0 0 0 4.992044e-01
0 0 0 4.972269e-01
0 0 0 4.946491e-01
0 0 0 1.000000e+00
0 0 0 5.799809e-01
0 0 0 5.048959e-01
0 0 0 4.998255e-01
0 0 0 4.998435e-01
0 0 0 5.000059e-01
0 0 0 5.000403e-01
0 0 0 5.000458e-01
0 0 0 5.000698e-01
0 0 0 5.000374e-01
0 0 0 4.993082e-01
0 0 0 4.964806e-01
0 0 0 4.921410e-01
0 0 0 1.000000e+00
0 0 0 5.973417e-01
0 0 0 5.094482e-01
0 0 0 5.000953e-01
0 0 0 4.991349e-01
0 0 0 4.994758e-01
0 0 0 4.997139e-01
0 0 0 5.000023e-01
0 0 0 5.001846e-01
0 0 0 5.001736e-01
0 0 0 4.999505e-01
0 0 0 4.983901e-01
0 0 0 4.939270e-01
0 0 0 1.000000e+00
0 0 0 6.382836e-01
0 0 0 5.316229e-01
0 0 0 5.070199e-01
0 0 0 4.989156e-01
0 0 0 4.963956e-01
0 0 0 4.954851e-01
0 0 0 4.967415e-01
0 0 0 4.990054e-01
0 0 0 5.002410e-01
0 0 0 5.002434e-01
0 0 0 4.994766e-01
0 0 0 4.963486e-01
0 0 0 1.000000e+00
0 0 0 7.075650e-01
0 0 0 5.926164e-01
0 0 0 5.565059e-01
0 0 0 5.372878e-01
0 0 0 5.147299e-01
0 0 0 4.975174e-01
0 0 0 4.899420e-01
0 0 0 4.928516e-01
0 0 0 4.983917e-01
0 0 0 5.004870e-01
0 0 0 4.997918e-01
0 0 0 4.975979e-01
0 0 0 1.000000e+00
0 0 0 7.995916e-01
0 0 0 7.076255e-01
0 0 0 6.836177e-01
0 0 0 6.609203e-01
0 0 0 6.136843e-01
0 0 0 5.543449e-01
0 0 0 5.040458e-01
0 0 0 4.861311e-01
0 0 0 4.925843e-01
0 0 0 4.997695e-01
0 0 0 5.004323e-01
0 0 0 4.985902e-01
0 0 0 1.000000e+00
0 0 0 9.013250e-01
0 0 0 8.532551e-01
0 0 0 8.384875e-01
0 0 0 8.194968e-01
0 0 0 7.673073e-01
0 0 0 6.711993e-01
0 0 0 5.586945e-01
0 0 0 4.926431e-01
0 0 0 4.868784e-01
0 0 0 4.979323e-01
0 0 0 5.008711e-01
0 0 0 4.994768e-01
0 0 0 1.000000e+00
0 0 0 9.594964e-01
0 0 0 9.297676e-01
0 0 0 9.141351e-01
0 0 0 8.959876e-01
0 0 0 8.451870e-01
0 0 0 7.382381e-01
0 0 0 5.961491e-01
0 0 0 5.011801e-01
0 0 0 4.852912e-01
0 0 0 4.969737e-01
0 0 0 5.009661e-01
0 0 0 4.998550e-01
0 0 0 1.000000e+00
0 0 0 9.013149e-01
0 0 0 8.532412e-01
0 0 0 8.384734e-01
0 0 0 8.194830e-01
0 0 0 7.672941e-01
0 0 0 6.711887e-01
0 0 0 5.586890e-01
0 0 0 4.926419e-01
0 0 0 4.868787e-01
0 0 0 4.979325e-01
0 0 0 5.008710e-01
0 0 0 4.994768e-01
0 0 0 1.000000e+00
0 0 0 7.995807e-01
0 0 0 7.076104e-01
0 0 0 6.836014e-01
0 0 0 6.609044e-01
0 0 0 6.136706e-01
0 0 0 5.543359e-01
0 0 0 5.040423e-01
0 0 0 4.861312e-01
0 0 0 4.925849e-01
0 0 0 4.997696e-01
0 0 0 5.004322e-01
0 0 0 4.985902e-01
0 0 0 1.000000e+00
0 0 0 7.075559e-01
0 0 0 5.926068e-01
0 0 0 5.564960e-01
0 0 0 5.372793e-01
0 0 0 5.147248e-01
0 0 0 4.975154e-01
0 0 0 4.899422e-01
0 0 0 4.928524e-01
0 0 0 4.983921e-01
0 0 0 5.004870e-01
0 0 0 4.997917e-01
0 0 0 4.975978e-01
0 0 0 1.000000e+00
0 0 0 6.382776e-01
0 0 0 5.316184e-01
0 0 0 5.070177e-01
0 0 0 4.989147e-01
0 0 0 4.963956e-01
0 0 0 4.954857e-01
0 0 0 4.967421e-01
0 0 0 4.990057e-01
0 0 0 5.002410e-01
0 0 0 5.002434e-01
0 0 0 4.994766e-01
0 0 0 4.963485e-01
0 0 0 1.000000e+00
0 0 0 5.973392e-01
0 0 0 5.094468e-01
0 0 0 5.000951e-01
0 0 0 4.991351e-01
0 0 0 4.994760e-01
0 0 0 4.997141e-01
0 0 0 5.000024e-01
0 0 0 5.001846e-01
0 0 0 5.001736e-01
0 0 0 4.999504e-01
0 0 0 4.983899e-01
0 0 0 4.939267e-01
0 0 0 1.000000e+00
0 0 0 5.799809e-01
0 0 0 5.048953e-01
0 0 0 4.998254e-01
0 0 0 4.998435e-01
0 0 0 5.000059e-01
0 0 0 5.000403e-01
0 0 0 5.000458e-01
0 0 0 5.000698e-01
0 0 0 5.000374e-01
0 0 0 4.993081e-01
0 0 0 4.964803e-01
0 0 0 4.921407e-01
0 0 0 1.000000e+00
0 0 0 5.792227e-01
0 0 0 5.067558e-01
0 0 0 4.999258e-01
0 0 0 4.999109e-01
0 0 0 5.000121e-01
0 0 0 5.000110e-01
0 0 0 5.000260e-01
0 0 0 5.000578e-01
0 0 0 4.999547e-01
0 0 0 4.992043e-01
0 0 0 4.972268e-01
0 0 0 4.946490e-01
0 0 0 1.000000e+00
0 0 0 5.971209e-01
0 0 0 5.087383e-01
0 0 0 4.998844e-01
0 0 0 4.999108e-01
0 0 0 5.000135e-01
0 0 0 5.000116e-01
0 0 0 5.000273e-01
0 0 0 5.000475e-01
0 0 0 4.999668e-01
0 0 0 4.996390e-01
0 0 0 4.993510e-01
0 0 0 5.000204e-01
0 0 0 1.000000e+00
0 0 0 6.004643e-01
0 0 0 5.084706e-01
0 0 0 4.997198e-01
0 0 0 4.998943e-01
0 0 0 5.000137e-01
0 0 0 5.000115e-01
0 0 0 5.000265e-01
0 0 0 5.000472e-01
0 0 0 4.999692e-01
0 0 0 4.996396e-01
0 0 0 4.993408e-01
0 0 0 5.000206e-01
0 0 0 1.000000e+00
0 0 0 5.825944e-01
0 0 0 5.068289e-01
0 0 0 4.998109e-01
0 0 0 4.998880e-01
0 0 0 5.000121e-01
0 0 0 5.000110e-01
0 0 0 5.000248e-01
0 0 0 5.000569e-01
0 0 0 4.999608e-01
0 0 0 4.992221e-01
0 0 0 4.972349e-01
0 0 0 4.946076e-01
0 0 0 1.000000e+00
0 0 0 5.855725e-01
0 0 0 5.053191e-01
0 0 0 4.997952e-01
0 0 0 4.998002e-01
0 0 0 5.000005e-01
0 0 0 5.000493e-01
0 0 0 5.000541e-01
0 0 0 5.000711e-01
0 0 0 5.000442e-01
0 0 0 4.993716e-01
0 0 0 4.966215e-01
0 0 0 4.922453e-01
0 0 0 1.000000e+00
0 0 0 6.061351e-01
0 0 0 5.115549e-01
0 0 0 5.002244e-01
0 0 0 4.989022e-01
0 0 0 4.992598e-01
0 0 0 4.995062e-01
0 0 0 4.999147e-01
0 0 0 5.001853e-01
0 0 0 5.001902e-01
0 0 0 4.999823e-01
0 0 0 4.985491e-01
0 0 0 4.941571e-01
0 0 0 1.000000e+00
0 0 0 6.530194e-01
0 0 0 5.395586e-01
0 0 0 5.103123e-01
0 0 0 5.001891e-01
0 0 0 4.962903e-01
0 0 0 4.945990e-01
0 0 0 4.959079e-01
0 0 0 4.986134e-01
0 0 0 5.001863e-01
0 0 0 5.002749e-01
0 0 0 4.995444e-01
0 0 0 4.966037e-01
0 0 0 1.000000e+00
0 0 0 7.307531e-01
0 0 0 6.137446e-01
0 0 0 5.751186e-01
0 0 0 5.526191e-01
0 0 0 5.248846e-01
0 0 0 5.015436e-01
0 0 0 4.897265e-01
0 0 0 4.915386e-01
0 0 0 4.977649e-01
0 0 0 5.004728e-01
0 0 0 4.999505e-01
0 0 0 4.979473e-01
0 0 0 1.000000e+00
0 0 0 8.365639e-01
0 0 0 7.523222e-01
0 0 0 7.277128e-01
0 0 0 7.047099e-01
0 0 0 6.550704e-01
0 0 0 5.830974e-01
0 0 0 5.156609e-01
0 0 0 4.866271e-01
0 0 0 4.909906e-01
0 0 0 4.993631e-01
0 0 0 5.006204e-01
0 0 0 4.990068e-01
0 0 0 1.000000e+00
0 0 0 9.594162e-01
0 0 0 9.296534e-01
0 0 0 9.140188e-01
0 0 0 8.959151e-01
0 0 0 8.451707e-01
0 0 0 7.382656e-01
0 0 0 5.961846e-01
0 0 0 5.011920e-01
0 0 0 4.852870e-01
0 0 0 4.969709e-01
0 0 0 5.009660e-01
0 0 0 4.998535e-01
0 0 0 1.000000e+00
0 0 0 1.000000e+00
0 0 0 1.000000e+00
0 0 0 1.000000e+00
0 0 0 9.906508e-01
0 0 0 9.401227e-01
0 0 0 8.251830e-01
0 0 0 6.495894e-01
0 0 0 5.155754e-01
0 0 0 4.842107e-01
0 0 0 4.957863e-01
0 0 0 5.009963e-01
0 0 0 5.001910e-01
0 0 0 1.000000e+00
0 0 0 9.594037e-01
0 0 0 9.296355e-01
0 0 0 9.140002e-01
0 0 0 8.958972e-01
0 0 0 8.451532e-01
0 0 0 7.382505e-01
0 0 0 5.961761e-01
0 0 0 5.011899e-01
0 0 0 4.852872e-01
0 0 0 4.969711e-01
0 0 0 5.009660e-01
0 0 0 4.998534e-01
0 0 0 1.000000e+00
0 0 0 8.365505e-01
0 0 0 7.523028e-01
0 0 0 7.276920e-01
0 0 0 7.046891e-01
0 0 0 6.550515e-01
0 0 0 5.830839e-01
0 0 0 5.156552e-01
0 0 0 4.866267e-01
0 0 0 4.909913e-01
0 0 0 4.993632e-01
0 0 0 5.006203e-01
0 0 0 4.990067e-01
0 0 0 1.000000e+00
0 0 0 7.307423e-01
0 0 0 6.137321e-01
0 0 0 5.751052e-01
0 0 0 5.526074e-01
0 0 0 5.248768e-01
0 0 0 5.015400e-01
0 0 0 4.897263e-01
0 0 0 4.915394e-01
0 0 0 4.977653e-01
0 0 0 5.004728e-01
0 0 0 4.999505e-01
0 0 0 4.979472e-01
0 0 0 1.000000e+00
0 0 0 6.530118e-01
0 0 0 5.395526e-01
0 0 0 5.103090e-01
0 0 0 5.001874e-01
0 0 0 4.962900e-01
0 0 0 4.945996e-01
0 0 0 4.959086e-01
0 0 0 4.986138e-01
0 0 0 5.001863e-01
0 0 0 5.002749e-01
0 0 0 4.995444e-01
0 0 0 4.966035e-01
0 0 0 1.000000e+00
0 0 0 6.061313e-01
0 0 0 5.115529e-01
0 0 0 5.002240e-01
0 0 0 4.989024e-01
0 0 0 4.992601e-01
0 0 0 4.995065e-01
0 0 0 4.999148e-01
0 0 0 5.001853e-01
0 0 0 5.001902e-01
0 0 0 4.999823e-01
0 0 0 4.985489e-01
0 0 0 4.941568e-01
0 0 0 1.000000e+00
0 0 0 5.855715e-01
0 0 0 5.053184e-01
0 0 0 4.997952e-01
0 0 0 4.998002e-01
0 0 0 5.000005e-01
0 0 0 5.000493e-01
0 0 0 5.000541e-01
0 0 0 5.000711e-01
0 0 0 5.000442e-01
0 0 0 4.993714e-01
0 0 0 4.966212e-01
0 0 0 4.922449e-01
0 0 0 1.000000e+00
0 0 0 5.825943e-01
0 0 0 5.068284e-01
0 0 0 4.998109e-01
0 0 0 4.998881e-01
0 0 0 5.000121e-01
0 0 0 5.000110e-01
0 0 0 5.000248e-01
0 0 0 5.000569e-01
0 0 0 4.999608e-01
0 0 0 4.992220e-01
0 0 0 4.972347e-01
0 0 0 4.946074e-01
0 0 0 1.000000e+00
0 0 0 6.004614e-01
0 0 0 5.084700e-01
0 0 0 4.997198e-01
0 0 0 4.998943e-01
0 0 0 5.000137e-01
0 0 0 5.000115e-01
0 0 0 5.000265e-01
0 0 0 5.000472e-01
0 0 0 4.999692e-01
0 0 0 4.996396e-01
0 0 0 4.993408e-01
0 0 0 5.000206e-01
0 0 0 1.000000e+00
0 0 0 5.971234e-01
0 0 0 5.087396e-01
0 0 0 4.998845e-01
0 0 0 4.999108e-01
0 0 0 5.000135e-01
0 0 0 5.000116e-01
0 0 0 5.000273e-01
0 0 0 5.000475e-01
0 0 0 4.999669e-01
0 0 0 4.996390e-01
0 0 0 4.993510e-01
0 0 0 5.000204e-01
0 0 0 1.000000e+00
0 0 0 5.792217e-01
0 0 0 5.067564e-01
0 0 0 4.999259e-01
0 0 0 4.999109e-01
0 0 0 5.000121e-01
0 0 0 5.000110e-01
0 0 0 5.000260e-01
0 0 0 5.000578e-01
0 0 0 4.999548e-01
0 0 0 4.992044e-01
0 0 0 4.972269e-01
0 0 0 4.946491e-01
0 0 0 1.000000e+00
0 0 0 5.799809e-01
0 0 0 5.048959e-01
0 0 0 4.998255e-01
0 0 0 4.998435e-01
0 0 0 5.000059e-01
0 0 0 5.000403e-01
0 0 0 5.000458e-01
0 0 0 5.000698e-01
0 0 0 5.000374e-01
0 0 0 4.993082e-01
0 0 0 4.964806e-01
0 0 0 4.921410e-01
0 0 0 1.000000e+00
0 0 0 5.973417e-01
0 0 0 5.094482e-01
0 0 0 5.000953e-01
0 0 0 4.991349e-01
0 0 0 4.994758e-01
0 0 0 4.997139e-01
0 0 0 5.000023e-01
0 0 0 5.001846e-01
0 0 0 5.001736e-01
0 0 0 4.999505e-01
0 0 0 4.983901e-01
0 0 0 4.939270e-01
0 0 0 1.000000e+00
0 0 0 6.382836e-01
0 0 0 5.316229e-01
0 0 0 5.070199e-01
0 0 0 4.989156e-01
0 0 0 4.963956e-01
0 0 0 4.954851e-01
0 0 0 4.967415e-01
0 0 0 4.990054e-01
0 0 0 5.002410e-01
0 0 0 5.002434e-01
0 0 0 4.994766e-01
0 0 0 4.963486e-01
0 0 0 1.000000e+00
0 0 0 7.075650e-01
0 0 0 5.926164e-01
0 0 0 5.565059e-01
0 0 0 5.372878e-01
0 0 0 5.147299e-01
0 0 0 4.975174e-01
0 0 0 4.899420e-01
0 0 0 4.928516e-01
0 0 0 4.983917e-01
0 0 0 5.004870e-01
0 0 0 4.997918e-01
0 0 0 4.975979e-01
0 0 0 1.000000e+00
0 0 0 7.995916e-01
0 0 0 7.076255e-01
0 0 0 6.836177e-01
0 0 0 6.609203e-01
0 0 0 6.136843e-01
0 0 0 5.543449e-01
0 0 0 5.040458e-01
0 0 0 4.861311e-01
0 0 0 4.925843e-01
0 0 0 4.997695e-01
0 0 0 5.004323e-01
0 0 0 4.985902e-01
0 0 0 1.000000e+00
0 0 0 9.013250e-01
0 0 0 8.532551e-01
0 0 0 8.384875e-01
0 0 0 8.194968e-01
0 0 0 7.673073e-01
0 0 0 6.711993e-01
0 0 0 5.586945e-01
0 0 0 4.926431e-01
0 0 0 4.868784e-01
0 0 0 4.979323e-01
0 0 0 5.008711e-01
0 0 0 4.994768e-01
0 0 0 1.000000e+00
0 0 0 9.594964e-01
0 0 0 9.297676e-01
0 0 0 9.141351e-01
0 0 0 8.959876e-01
0 0 0 8.451870e-01
0 0 0 7.382381e-01
0 0 0 5.961491e-01
0 0 0 5.011801e-01
0 0 0 4.852912e-01
0 0 0 4.969737e-01
0 0 0 5.009661e-01
0 0 0 4.998550e-01
0 0 0 1.000000e+00
0 0 0 9.013149e-01
0 0 0 8.532412e-01
0 0 0 8.384734e-01
0 0 0 8.194830e-01
0 0 0 7.672941e-01
0 0 0 6.711887e-01
0 0 0 5.586890e-01
0 0 0 4.926419e-01
0 0 0 4.868787e-01
0 0 0 4.979325e-01
0 0 0 5.008710e-01
0 0 0 4.994768e-01
0 0 0 1.000000e+00
0 0 0 7.995807e-01
0 0 0 7.076104e-01
0 0 0 6.836014e-01
0 0 0 6.609044e-01
0 0 0 6.136706e-01
0 0 0 5.543359e-01
0 0 0 5.040423e-01
0 0 0 4.861312e-01
0 0 0 4.925849e-01
0 0 0 4.997696e-01
0 0 0 5.004322e-01
0 0 0 4.985902e-01
0 0 0 1.000000e+00
0 0 0 7.075559e-01
0 0 0 5.926068e-01
0 0 0 5.564960e-01
0 0 0 5.372793e-01
0 0 0 5.147248e-01
0 0 0 4.975154e-01
0 0 0 4.899422e-01
0 0 0 4.928524e-01
0 0 0 4.983921e-01
0 0 0 5.004870e-01
0 0 0 4.997917e-01
0 0 0 4.975978e-01
0 0 0 1.000000e+00
0 0 0 6.382776e-01
0 0 0 5.316184e-01
0 0 0 5.070177e-01
0 0 0 4.989147e-01
0 0 0 4.963956e-01
0 0 0 4.954857e-01
0 0 0 4.967421e-01
0 0 0 4.990057e-01
0 0 0 5.002410e-01
0 0 0 5.002434e-01
0 0 0 4.994766e-01
0 0 0 4.963485e-01
0 0 0 1.000000e+00
0 0 0 5.973392e-01
0 0 0 5.094468e-01
0 0 0 5.000951e-01
0 0 0 4.991351e-01
0 0 0 4.994760e-01
0 0 0 4.997141e-01
0 0 0 5.000024e-01
0 0 0 5.001846e-01
0 0 0 5.001736e-01
0 0 0 4.999504e-01
0 0 0 4.983899e-01
0 0 0 4.939267e-01
0 0 0 1.000000e+00
0 0 0 5.799809e-01
0 0 0 5.048953e-01
0 0 0 4.998254e-01
0 0 0 4.998435e-01
0 0 0 5.000059e-01
0 0 0 5.000403e-01
0 0 0 5.000458e-01
0 0 0 5.000698e-01
0 0 0 5.000374e-01
0 0 0 4.993081e-01
0 0 0 4.964803e-01
0 0 0 4.921407e-01
0 0 0 1.000000e+00
0 0 0 5.792227e-01
0 0 0 5.067558e-01
0 0 0 4.999258e-01
0 0 0 4.999109e-01
0 0 0 5.000121e-01
0 0 0 5.000110e-01
0 0 0 5.000260e-01
0 0 0 5.000578e-01
0 0 0 4.999547e-01
0 0 0 4.992043e-01
0 0 0 4.972268e-01
0 0 0 4.946490e-01
0 0 0 1.000000e+00
0 0 0 5.971209e-01
0 0 0 5.087383e-01
0 0 0 4.998844e-01
0 0 0 4.999108e-01
0 0 0 5.000135e-01
0 0 0 5.000116e-01
0 0 0 5.000273e-01
0 0 0 5.000475e-01
0 0 0 4.999668e-01
0 0 0 4.996390e-01
0 0 0 4.993510e-01
0 0 0 5.000204e-01
0 0 0 1.000000e+00
0 0 0 5.927360e-01
0 0 0 5.092147e-01
0 0 0 5.002234e-01
0 0 0 4.999510e-01
0 0 0 5.000127e-01
0 0 0 5.000120e-01
0 0 0 5.000297e-01
0 0 0 5.000484e-01
0 0 0 4.999611e-01
0 0 0 4.996387e-01
0 0 0 4.993827e-01
0 0 0 5.000174e-01
0 0 0 1.000000e+00
0 0 0 5.774798e-01
0 0 0 5.069097e-01
0 0 0 5.002147e-01
0 0 0 4.999620e-01
0 0 0 5.000115e-01
0 0 0 5.000113e-01
0 0 0 5.000296e-01
0 0 0 5.000600e-01
0 0 0 4.999377e-01
0 0 0 4.991559e-01
0 0 0 4.972207e-01
0 0 0 4.948045e-01
0 0 0 1.000000e+00
0 0 0 5.720788e-01
0 0 0 5.043809e-01
0 0 0 4.999619e-01
0 0 0 4.999347e-01
0 0 0 5.000128e-01
0 0 0 5.000230e-01
0 0 0 5.000331e-01
0 0 0 5.000724e-01
0 0 0 5.000147e-01
0 0 0 4.991227e-01
0 0 0 4.961213e-01
0 0 0 4.919266e-01
0 0 0 1.000000e+00
0 0 0 5.821074e-01
0 0 0 5.061622e-01
0 0 0 5.000692e-01
0 0 0 4.996385e-01
0 0 0 4.998238e-01
0 0 0 4.999848e-01
0 0 0 5.000970e-01
0 0 0 5.001494e-01
0 0 0 5.001291e-01
0 0 0 4.998140e-01
0 0 0 4.978365e-01
0 0 0 4.932047e-01
0 0 0 1.000000e+00
0 0 0 6.101122e-01
0 0 0 5.176470e-01
0 0 0 5.022249e-01
0 0 0 4.981192e-01
0 0 0 4.976219e-01
0 0 0 4.976936e-01
0 0 0 4.985412e-01
0 0 0 4.997632e-01
0 0 0 5.002849e-01
0 0 0 5.001498e-01
0 0 0 4.992830e-01
0 0 0 4.956763e-01
0 0 0 1.000000e+00
0 0 0 6.608773e-01
0 0 0 5.522202e-01
0 0 0 5.221104e-01
0 0 0 5.097442e-01
0 0 0 4.999040e-01
0 0 0 4.939179e-01
0 0 0 4.927939e-01
0 0 0 4.962850e-01
0 0 0 4.996504e-01
0 0 0 5.004136e-01
0 0 0 4.995293e-01
0 0 0 4.969657e-01
0 0 0 1.000000e+00
0 0 0 7.284085e-01
0 0 0 6.194690e-01
0 0 0 5.907840e-01
0 0 0 5.711592e-01
0 0 0 5.385715e-01
0 0 0 5.089889e-01
0 0 0 4.905572e-01
0 0 0 4.895050e-01
0 0 0 4.965847e-01
0 0 0 5.004036e-01
0 0 0 4.999369e-01
0 0 0 4.977537e-01
0 0 0 1.000000e+00
0 0 0 7.996659e-01
0 0 0 7.077936e-01
0 0 0 6.838301e-01
0 0 0 6.610306e-01
0 0 0 6.137209e-01
0 0 0 5.543341e-01
0 0 0 5.040313e-01
0 0 0 4.861372e-01
0 0 0 4.925950e-01
0 0 0 4.997718e-01
0 0 0 5.004316e-01
0 0 0 4.985917e-01
0 0 0 1.000000e+00
0 0 0 8.365057e-01
0 0 0 7.524279e-01
0 0 0 7.279506e-01
0 0 0 7.048468e-01
0 0 0 6.551125e-01
0 0 0 5.830642e-01
0 0 0 5.156235e-01
0 0 0 4.866293e-01
0 0 0 4.910068e-01
0 0 0 4.993676e-01
0 0 0 5.006201e-01
0 0 0 4.990102e-01
0 0 0 1.000000e+00
0 0 0 7.996615e-01
0 0 0 7.077880e-01
0 0 0 6.838244e-01
0 0 0 6.610250e-01
0 0 0 6.137160e-01
0 0 0 5.543308e-01
0 0 0 5.040301e-01
0 0 0 4.861372e-01
0 0 0 4.925952e-01
0 0 0 4.997718e-01
0 0 0 5.004316e-01
0 0 0 4.985916e-01
0 0 0 1.000000e+00
0 0 0 7.284027e-01
0 0 0 6.194625e-01
0 0 0 5.907773e-01
0 0 0 5.711530e-01
0 0 0 5.385672e-01
0 0 0 5.089866e-01
0 0 0 4.905568e-01
0 0 0 4.895055e-01
0 0 0 4.965850e-01
0 0 0 5.004037e-01
0 0 0 4.999369e-01
0 0 0 4.977537e-01
0 0 0 1.000000e+00
0 0 0 6.608716e-01
0 0 0 5.522161e-01
0 0 0 5.221072e-01
0 0 0 5.097418e-01
0 0 0 4.999030e-01
0 0 0 4.939178e-01
0 0 0 4.927944e-01
0 0 0 4.962855e-01
0 0 0 4.996505e-01
0 0 0 5.004136e-01
0 0 0 4.995294e-01
0 0 0 4.969657e-01
0 0 0 1.000000e+00
0 0 0 6.101084e-01
0 0 0 5.176450e-01
0 0 0 5.022245e-01
0 0 0 4.981193e-01
0 0 0 4.976222e-01
0 0 0 4.976939e-01
0 0 0 4.985415e-01
0 0 0 4.997633e-01
0 0 0 5.002849e-01
0 0 0 5.001498e-01
0 0 0 4.992830e-01
0 0 0 4.956762e-01
0 0 0 1.000000e+00
0 0 0 5.821057e-01
0 0 0 5.061615e-01
0 0 0 5.000691e-01
0 0 0 4.996386e-01
0 0 0 4.998239e-01
0 0 0 4.999848e-01
0 0 0 5.000970e-01
0 0 0 5.001494e-01
0 0 0 5.001291e-01
0 0 0 4.998139e-01
0 0 0 4.978363e-01
0 0 0 4.932044e-01
0 0 0 1.000000e+00
0 0 0 5.720782e-01
0 0 0 5.043804e-01
0 0 0 4.999618e-01
0 0 0 4.999347e-01
0 0 0 5.000128e-01
0 0 0 5.000230e-01
0 0 0 5.000331e-01
0 0 0 5.000724e-01
0 0 0 5.000147e-01
0 0 0 4.991226e-01
0 0 0 4.961211e-01
0 0 0 4.919263e-01
0 0 0 1.000000e+00
0 0 0 5.774786e-01
0 0 0 5.069086e-01
0 0 0 5.002144e-01
0 0 0 4.999620e-01
0 0 0 5.000115e-01
0 0 0 5.000113e-01
0 0 0 5.000296e-01
0 0 0 5.000600e-01
0 0 0 4.999377e-01
0 0 0 4.991558e-01
0 0 0 4.972206e-01
0 0 0 4.948044e-01
0 0 0 1.000000e+00
0 0 0 5.927311e-01
0 0 0 5.092123e-01
0 0 0 5.002230e-01
0 0 0 4.999510e-01
0 0 0 5.000127e-01
0 0 0 5.000120e-01
0 0 0 5.000297e-01
0 0 0 5.000484e-01
0 0 0 4.999611e-01
0 0 0 4.996387e-01
0 0 0 4.993827e-01
0 0 0 5.000174e-01
0 0 0 1.000000e+00
0 0 0 5.838425e-01
0 0 0 5.082806e-01
0 0 0 5.004023e-01
0 0 0 4.999895e-01
0 0 0 5.000115e-01
0 0 0 5.000130e-01
0 0 0 5.000329e-01
0 0 0 5.000484e-01
0 0 0 4.999529e-01
0 0 0 4.996443e-01
0 0 0 4.994369e-01
0 0 0 5.000122e-01
0 0 0 1.000000e+00
0 0 0 5.757732e-01
0 0 0 5.068675e-01
0 0 0 5.004397e-01
0 0 0 5.000066e-01
0 0 0 5.000109e-01
0 0 0 5.000124e-01
0 0 0 5.000346e-01
0 0 0 5.000609e-01
0 0 0 4.999104e-01
0 0 0 4.991017e-01
0 0 0 4.972754e-01
0 0 0 4.951242e-01
0 0 0 1.000000e+00
0 0 0 5.674416e-01
0 0 0 5.042096e-01
0 0 0 5.001427e-01
0 0 0 5.000042e-01
0 0 0 5.000132e-01
0 0 0 5.000132e-01
0 0 0 5.000322e-01
0 0 0 5.000821e-01
0 0 0 4.999676e-01
0 0 0 4.988602e-01
0 0 0 4.957468e-01
0 0 0 4.918616e-01
0 0 0 1.000000e+00
0 0 0 5.707093e-01
0 0 0 5.042102e-01
0 0 0 5.001225e-01
0 0 0 4.999573e-01
0 0 0 4.999886e-01
0 0 0 5.000421e-01
0 0 0 5.000708e-01
0 0 0 5.000998e-01
0 0 0 5.000855e-01
0 0 0 4.994913e-01
0 0 0 4.968103e-01
0 0 0 4.920600e-01
0 0 0 1.000000e+00
0 0 0 5.857600e-01
0 0 0 5.082295e-01
0 0 0 5.005787e-01
0 0 0 4.993068e-01
0 0 0 4.993456e-01
0 0 0 4.995250e-01
0 0 0 4.998226e-01
0 0 0 5.001379e-01
0 0 0 5.001991e-01
0 0 0 5.000206e-01
0 0 0 4.987157e-01
0 0 0 4.944357e-01
0 0 0 1.000000e+00
0 0 0 6.162869e-01
0 0 0 5.226411e-01
0 0 0 5.040380e-01
0 0 0 4.982558e-01
0 0 0 4.969975e-01
0 0 0 4.966316e-01
0 0 0 4.974529e-01
0 0 0 4.992596e-01
0 0 0 5.002703e-01
0 0 0 5.002101e-01
0 0 0 4.993953e-01
0 0 0 4.961564e-01
0 0 0 1.000000e+00
0 0 0 6.608793e-01
0 0 0 5.522815e-01
0 0 0 5.221691e-01
0 0 0 5.097783e-01
0 0 0 4.999258e-01
0 0 0 4.939206e-01
0 0 0 4.928003e-01
0 0 0 4.962919e-01
0 0 0 4.996523e-01
0 0 0 5.004123e-01
0 0 0 4.995267e-01
0 0 0 4.969589e-01
0 0 0 1.000000e+00
0 0 0 7.074729e-01
0 0 0 5.926842e-01
0 0 0 5.566719e-01
0 0 0 5.373993e-01
0 0 0 5.147801e-01
0 0 0 4.975329e-01
0 0 0 4.899552e-01
0 0 0 4.928710e-01
0 0 0 4.984008e-01
0 0 0 5.004858e-01
0 0 0 4.997892e-01
0 0 0 4.975927e-01
0 0 0 1.000000e+00
0 0 0 7.304051e-01
0 0 0 6.136772e-01
0 0 0 5.752859e-01
0 0 0 5.527428e-01
0 0 0 5.249482e-01
0 0 0 5.015598e-01
0 0 0 4.897401e-01
0 0 0 4.915635e-01
0 0 0 4.977783e-01
0 0 0 5.004725e-01
0 0 0 4.999494e-01
0 0 0 4.979461e-01
0 0 0 1.000000e+00
0 0 0 7.074725e-01
0 0 0 5.926837e-01
0 0 0 5.566713e-01
0 0 0 5.373988e-01
0 0 0 5.147798e-01
0 0 0 4.975328e-01
0 0 0 4.899553e-01
0 0 0 4.928711e-01
0 0 0 4.984009e-01
0 0 0 5.004858e-01
0 0 0 4.997892e-01
0 0 0 4.975927e-01
0 0 0 1.000000e+00
0 0 0 6.608774e-01
0 0 0 5.522805e-01
0 0 0 5.221685e-01
0 0 0 5.097779e-01
0 0 0 4.999258e-01
0 0 0 4.939206e-01
0 0 0 4.928005e-01
0 0 0 4.962921e-01
0 0 0 4.996523e-01
0 0 0 5.004123e-01
0 0 0 4.995267e-01
0 0 0 4.969589e-01
0 0 0 1.000000e+00
0 0 0 6.162839e-01
0 0 0 5.226402e-01
0 0 0 5.040379e-01
0 0 0 4.982560e-01
0 0 0 4.969977e-01
0 0 0 4.966318e-01
0 0 0 4.974531e-01
0 0 0 4.992597e-01
0 0 0 5.002704e-01
0 0 0 5.002101e-01
0 0 0 4.993953e-01
0 0 0 4.961564e-01
0 0 0 1.000000e+00
0 0 0 5.857572e-01
0 0 0 5.082289e-01
0 0 0 5.005786e-01
0 0 0 4.993069e-01
0 0 0 4.993457e-01
0 0 0 4.995250e-01
0 0 0 4.998227e-01
0 0 0 5.001379e-01
0 0 0 5.001991e-01
0 0 0 5.000205e-01
0 0 0 4.987156e-01
0 0 0 4.944355e-01
0 0 0 1.000000e+00
0 0 0 5.707068e-01
0 0 0 5.042098e-01
0 0 0 5.001224e-01
0 0 0 4.999572e-01
0 0 0 4.999886e-01
0 0 0 5.000421e-01
0 0 0 5.000708e-01
0 0 0 5.000998e-01
0 0 0 5.000855e-01
0 0 0 4.994912e-01
0 0 0 4.968101e-01
0 0 0 4.920597e-01
0 0 0 1.000000e+00
0 0 0 5.674390e-01
0 0 0 5.042090e-01
0 0 0 5.001425e-01
0 0 0 5.000041e-01
0 0 0 5.000132e-01
0 0 0 5.000132e-01
0 0 0 5.000322e-01
0 0 0 5.000821e-01
0 0 0 4.999676e-01
0 0 0 4.988601e-01
0 0 0 4.957467e-01
0 0 0 4.918615e-01
0 0 0 1.000000e+00
0 0 0 5.757696e-01
0 0 0 5.068662e-01
0 0 0 5.004394e-01
0 0 0 5.000065e-01
0 0 0 5.000109e-01
0 0 0 5.000124e-01
0 0 0 5.000346e-01
0 0 0 5.000609e-01
0 0 0 4.999104e-01
0 0 0 4.991016e-01
0 0 0 4.972753e-01
0 0 0 4.951241e-01
0 0 0 1.000000e+00
0 0 0 5.838369e-01
0 0 0 5.082783e-01
0 0 0 5.004019e-01
0 0 0 4.999894e-01
0 0 0 5.000115e-01
0 0 0 5.000130e-01
0 0 0 5.000329e-01
0 0 0 5.000484e-01
0 0 0 4.999529e-01
0 0 0 4.996443e-01
0 0 0 4.994369e-01
0 0 0 5.000122e-01
0 0 0 1.000000e+00
0 0 0 5.771746e-01
0 0 0 5.066505e-01
0 0 0 5.003764e-01
0 0 0 5.000081e-01
0 0 0 5.000111e-01
0 0 0 5.000143e-01
0 0 0 5.000353e-01
0 0 0 5.000450e-01
0 0 0 4.999432e-01
0 0 0 4.996632e-01
0 0 0 4.995094e-01
0 0 0 5.000070e-01
0 0 0 1.000000e+00
0 0 0 5.741042e-01
0 0 0 5.064740e-01
0 0 0 5.005040e-01
0 0 0 5.000286e-01
0 0 0 5.000112e-01
0 0 0 5.000143e-01
0 0 0 5.000392e-01
0 0 0 5.000558e-01
0 0 0 4.998763e-01
0 0 0 4.990857e-01
0 0 0 4.974683e-01
0 0 0 4.956636e-01
0 0 0 1.000000e+00
0 0 0 5.660022e-01
0 0 0 5.043739e-01
0 0 0 5.003059e-01
0 0 0 5.000353e-01
0 0 0 5.000115e-01
0 0 0 5.000128e-01
0 0 0 5.000404e-01
0 0 0 5.000852e-01
0 0 0 4.998895e-01
0 0 0 4.986329e-01
0 0 0 4.956509e-01
0 0 0 4.922897e-01
0 0 0 1.000000e+00
0 0 0 5.650299e-01
0 0 0 5.035892e-01
0 0 0 5.001425e-01
0 0 0 5.000325e-01
0 0 0 5.000156e-01
0 0 0 5.000181e-01
0 0 0 5.000382e-01
0 0 0 5.000957e-01
0 0 0 5.000235e-01
0 0 0 4.989812e-01
0 0 0 4.957049e-01
0 0 0 4.911775e-01
0 0 0 1.000000e+00
0 0 0 5.709474e-01
0 0 0 5.044449e-01
0 0 0 5.002565e-01
0 0 0 4.999510e-01
0 0 0 4.999599e-01
0 0 0 5.000306e-01
0 0 0 5.000805e-01
0 0 0 5.001183e-01
0 0 0 5.001098e-01
0 0 0 4.996478e-01
0 0 0 4.972452e-01
0 0 0 4.924514e-01
0 0 0 1.000000e+00
0 0 0 5.856626e-01
0 0 0 5.082404e-01
0 0 0 5.005779e-01
0 0 0 4.993097e-01
0 0 0 4.993453e-01
0 0 0 4.995237e-01
0 0 0 4.998237e-01
0 0 0 5.001382e-01
0 0 0 5.001989e-01
0 0 0 5.000199e-01
0 0 0 4.987129e-01
0 0 0 4.944246e-01
0 0 0 1.000000e+00
0 0 0 6.099057e-01
0 0 0 5.176532e-01
0 0 0 5.022161e-01
0 0 0 4.981266e-01
0 0 0 4.976260e-01
0 0 0 4.976865e-01
0 0 0 4.985447e-01
0 0 0 4.997654e-01
0 0 0 5.002839e-01
0 0 0 5.001484e-01
0 0 0 4.992789e-01
0 0 0 4.956559e-01
0 0 0 1.000000e+00
0 0 0 6.378183e-01
0 0 0 5.315631e-01
0 0 0 5.070231e-01
0 0 0 4.989456e-01
0 0 0 4.964343e-01
0 0 0 4.954836e-01
0 0 0 4.967526e-01
0 0 0 4.990132e-01
0 0 0 5.002406e-01
0 0 0 5.002412e-01
0 0 0 4.994732e-01
0 0 0 4.963273e-01
0 0 0 1.000000e+00
0 0 0 6.522997e-01
0 0 0 5.393989e-01
0 0 0 5.103161e-01
0 0 0 5.002330e-01
0 0 0 4.963482e-01
0 0 0 4.946022e-01
0 0 0 4.959238e-01
0 0 0 4.986246e-01
0 0 0 5.001866e-01
0 0 0 5.002725e-01
0 0 0 4.995424e-01
0 0 0 4.965851e-01
0 0 0 1.000000e+00
0 0 0 6.378198e-01
0 0 0 5.315639e-01
0 0 0 5.070235e-01
0 0 0 4.989458e-01
0 0 0 4.964344e-01
0 0 0 4.954836e-01
0 0 0 4.967527e-01
0 0 0 4.990132e-01
0 0 0 5.002406e-01
0 0 0 5.002412e-01
0 0 0 4.994733e-01
0 0 0 4.963273e-01
0 0 0 1.000000e+00
0 0 0 6.099057e-01
0 0 0 5.176537e-01
0 0 0 5.022163e-01
0 0 0 4.981267e-01
0 0 0 4.976261e-01
0 0 0 4.976864e-01
0 0 0 4.985447e-01
0 0 0 4.997654e-01
0 0 0 5.002839e-01
0 0 0 5.001484e-01
0 0 0 4.992789e-01
0 0 0 4.956558e-01
0 0 0 1.000000e+00
0 0 0 5.856607e-01
0 0 0 5.082404e-01
0 0 0 5.005780e-01
0 0 0 4.993097e-01
0 0 0 4.993453e-01
0 0 0 4.995237e-01
0 0 0 4.998237e-01
0 0 0 5.001382e-01
0 0 0 5.001989e-01
0 0 0 5.000199e-01
0 0 0 4.987129e-01
0 0 0 4.944245e-01
0 0 0 1.000000e+00
0 0 0 5.709443e-01
0 0 0 5.044446e-01
0 0 0 5.002565e-01
0 0 0 4.999510e-01
0 0 0 4.999599e-01
0 0 0 5.000306e-01
0 0 0 5.000805e-01
0 0 0 5.001183e-01
0 0 0 5.001098e-01
0 0 0 4.996478e-01
0 0 0 4.972452e-01
0 0 0 4.924512e-01
0 0 0 1.000000e+00
0 0 0 5.650263e-01
0 0 0 5.035887e-01
0 0 0 5.001424e-01
0 0 0 5.000325e-01
0 0 0 5.000156e-01
0 0 0 5.000181e-01
0 0 0 5.000382e-01
0 0 0 5.000957e-01
0 0 0 5.000235e-01
0 0 0 4.989811e-01
0 0 0 4.957048e-01
0 0 0 4.911774e-01
0 0 0 1.000000e+00
0 0 0 5.659981e-01
0 0 0 5.043732e-01
0 0 0 5.003057e-01
0 0 0 5.000353e-01
0 0 0 5.000115e-01
0 0 0 5.000128e-01
0 0 0 5.000405e-01
0 0 0 5.000852e-01
0 0 0 4.998895e-01
0 0 0 4.986328e-01
0 0 0 4.956508e-01
0 0 0 4.922896e-01
0 0 0 1.000000e+00
0 0 0 5.740994e-01
0 0 0 5.064727e-01
0 0 0 5.005038e-01
0 0 0 5.000286e-01
0 0 0 5.000112e-01
0 0 0 5.000143e-01
0 0 0 5.000392e-01
0 0 0 5.000558e-01
0 0 0 4.998763e-01
0 0 0 4.990857e-01
0 0 0 4.974683e-01
0 0 0 4.956635e-01
0 0 0 1.000000e+00
0 0 0 5.771685e-01
0 0 0 5.066484e-01
0 0 0 5.003760e-01
0 0 0 5.000081e-01
0 0 0 5.000111e-01
0 0 0 5.000143e-01
0 0 0 5.000353e-01
0 0 0 5.000450e-01
0 0 0 4.999431e-01
0 0 0 4.996631e-01
0 0 0 4.995094e-01
0 0 0 5.000070e-01
0 0 0 1.000000e+00
0 0 0 5.736235e-01
0 0 0 5.055816e-01
0 0 0 5.002321e-01
0 0 0 5.000120e-01
0 0 0 5.000110e-01
0 0 0 5.000152e-01
0 0 0 5.000347e-01
0 0 0 5.000372e-01
0 0 0 4.999372e-01
0 0 0 4.997034e-01
0 0 0 4.996001e-01
0 0 0 5.000028e-01
0 0 0 1.000000e+00
0 0 0 5.735158e-01
0 0 0 5.061854e-01
0 0 0 5.004649e-01
0 0 0 5.000331e-01
0 0 0 5.000116e-01
0 0 0 5.000158e-01
0 0 0 5.000400e-01
0 0 0 5.000432e-01
0 0 0 4.998506e-01
0 0 0 4.991495e-01
0 0 0 4.978418e-01
0 0 0 4.964474e-01
0 0 0 1.000000e+00
0 0 0 5.670739e-01
0 0 0 5.049365e-01
0 0 0 5.004501e-01
0 0 0 5.000459e-01
0 0 0 5.000115e-01
0 0 0 5.000155e-01
0 0 0 5.000467e-01
0 0 0 5.000693e-01
0 0 0 4.998035e-01
0 0 0 4.985682e-01
0 0 0 4.960251e-01
0 0 0 4.933885e-01
0 0 0 1.000000e+00
0 0 0 5.641990e-01
0 0 0 5.038843e-01
0 0 0 5.002514e-01
0 0 0 5.000410e-01
0 0 0 5.000120e-01
0 0 0 5.000131e-01
0 0 0 5.000428e-01
0 0 0 5.000972e-01
0 0 0 4.999046e-01
0 0 0 4.985682e-01
0 0 0 4.953281e-01
0 0 0 4.915507e-01
0 0 0 1.000000e+00
0 0 0 5.649960e-01
0 0 0 5.036414e-01
0 0 0 5.001541e-01
0 0 0 5.000335e-01
0 0 0 5.000157e-01
0 0 0 5.000181e-01
0 0 0 5.000382e-01
0 0 0 5.000959e-01
0 0 0 5.000245e-01
0 0 0 4.989819e-01
0 0 0 4.957032e-01
0 0 0 4.911713e-01
0 0 0 1.000000e+00
0 0 0 5.704854e-01
0 0 0 5.042581e-01
0 0 0 5.001363e-01
0 0 0 4.999598e-01
0 0 0 4.999888e-01
0 0 0 5.000423e-01
0 0 0 5.000707e-01
0 0 0 5.000999e-01
0 0 0 5.000863e-01
0 0 0 4.994905e-01
0 0 0 4.968031e-01
0 0 0 4.920411e-01
0 0 0 1.000000e+00
0 0 0 5.815685e-01
0 0 0 5.061837e-01
0 0 0 5.000783e-01
0 0 0 4.996434e-01
0 0 0 4.998223e-01
0 0 0 4.999837e-01
0 0 0 5.000974e-01
0 0 0 5.001489e-01
0 0 0 5.001290e-01
0 0 0 4.998123e-01
0 0 0 4.978262e-01
0 0 0 4.931724e-01
0 0 0 1.000000e+00
0 0 0 5.964398e-01
0 0 0 5.093923e-01
0 0 0 5.000992e-01
0 0 0 4.991441e-01
0 0 0 4.994722e-01
0 0 0 4.997076e-01
0 0 0 5.000033e-01
0 0 0 5.001836e-01
0 0 0 5.001725e-01
0 0 0 4.999488e-01
0 0 0 4.983785e-01
0 0 0 4.938844e-01
0 0 0 1.000000e+00
0 0 0 6.050449e-01
0 0 0 5.114367e-01
0 0 0 5.002234e-01
0 0 0 4.989127e-01
0 0 0 4.992555e-01
0 0 0 4.994969e-01
0 0 0 4.999162e-01
0 0 0 5.001843e-01
0 0 0 5.001886e-01
0 0 0 4.999809e-01
0 0 0 4.985372e-01
0 0 0 4.941112e-01
0 0 0 1.000000e+00
0 0 0 5.964417e-01
0 0 0 5.093927e-01
0 0 0 5.000992e-01
0 0 0 4.991441e-01
0 0 0 4.994722e-01
0 0 0 4.997075e-01
0 0 0 5.000033e-01
0 0 0 5.001836e-01
0 0 0 5.001725e-01
0 0 0 4.999488e-01
0 0 0 4.983785e-01
0 0 0 4.938844e-01
0 0 0 1.000000e+00
0 0 0 5.815686e-01
0 0 0 5.061840e-01
0 0 0 5.000783e-01
0 0 0 4.996434e-01
0 0 0 4.998223e-01
0 0 0 4.999837e-01
0 0 0 5.000974e-01
0 0 0 5.001489e-01
0 0 0 5.001290e-01
0 0 0 4.998123e-01
0 0 0 4.978263e-01
0 0 0 4.931724e-01
0 0 0 1.000000e+00
0 0 0 5.704831e-01
0 0 0 5.042580e-01
0 0 0 5.001362e-01
0 0 0 4.999598e-01
0 0 0 4.999887e-01
0 0 0 5.000423e-01
0 0 0 5.000707e-01
0 0 0 5.000998e-01
0 0 0 5.000863e-01
0 0 0 4.994905e-01
0 0 0 4.968031e-01
0 0 0 4.920411e-01
0 0 0 1.000000e+00
0 0 0 5.649921e-01
0 0 0 5.036410e-01
0 0 0 5.001541e-01
0 0 0 5.000335e-01
0 0 0 5.000157e-01
0 0 0 5.000181e-01
0 0 0 5.000382e-01
0 0 0 5.000959e-01
0 0 0 5.000245e-01
0 0 0 4.989819e-01
0 0 0 4.957032e-01
0 0 0 4.911713e-01
0 0 0 1.000000e+00
0 0 0 5.641944e-01
0 0 0 5.038837e-01
0 0 0 5.002512e-01
0 0 0 5.000409e-01
0 0 0 5.000120e-01
0 0 0 5.000131e-01
0 0 0 5.000428e-01
0 0 0 5.000972e-01
0 0 0 4.999046e-01
0 0 0 4.985682e-01
0 0 0 4.953281e-01
0 0 0 4.915506e-01
0 0 0 1.000000e+00
0 0 0 5.670686e-01
0 0 0 5.049357e-01
0 0 0 5.004500e-01
0 0 0 5.000458e-01
0 0 0 5.000115e-01
0 0 0 5.000155e-01
0 0 0 5.000467e-01
0 0 0 5.000693e-01
0 0 0 4.998035e-01
0 0 0 4.985682e-01
0 0 0 4.960250e-01
0 0 0 4.933884e-01
0 0 0 1.000000e+00
0 0 0 5.735100e-01
0 0 0 5.061841e-01
0 0 0 5.004647e-01
0 0 0 5.000330e-01
0 0 0 5.000116e-01
0 0 0 5.000158e-01
0 0 0 5.000400e-01
0 0 0 5.000432e-01
0 0 0 4.998506e-01
0 0 0 4.991494e-01
0 0 0 4.978417e-01
0 0 0 4.964474e-01
0 0 0 1.000000e+00
0 0 0 5.736164e-01
0 0 0 5.055795e-01
0 0 0 5.002318e-01
0 0 0 5.000120e-01
0 0 0 5.000110e-01
0 0 0 5.000152e-01
0 0 0 5.000347e-01
0 0 0 5.000372e-01
0 0 0 4.999372e-01
0 0 0 4.997034e-01
0 0 0 4.996001e-01
0 0 0 5.000028e-01
0 0 0 1.000000e+00
0 0 0 5.724680e-01
0 0 0 5.047367e-01
0 0 0 5.000544e-01
0 0 0 5.000049e-01
0 0 0 5.000107e-01
0 0 0 5.000147e-01
0 0 0 5.000302e-01
0 0 0 5.000284e-01
0 0 0 4.999470e-01
0 0 0 4.997765e-01
0 0 0 4.997108e-01
0 0 0 4.999999e-01
0 0 0 1.000000e+00
0 0 0 5.749487e-01
0 0 0 5.060225e-01
0 0 0 5.003437e-01
0 0 0 5.000255e-01
0 0 0 5.000114e-01
0 0 0 5.000157e-01
0 0 0 5.000353e-01
0 0 0 5.000293e-01
0 0 0 4.998620e-01
0 0 0 4.993324e-01
0 0 0 4.984094e-01
0 0 0 4.974644e-01
0 0 0 1.000000e+00
0 0 0 5.704995e-01
0 0 0 5.059928e-01
0 0 0 5.005576e-01
0 0 0 5.000496e-01
0 0 0 5.000123e-01
0 0 0 5.000168e-01
0 0 0 5.000442e-01
0 0 0 5.000434e-01
0 0 0 4.997761e-01
0 0 0 4.987809e-01
0 0 0 4.969272e-01
0 0 0 4.951309e-01
0 0 0 1.000000e+00
0 0 0 5.674173e-01
0 0 0 5.050817e-01
0 0 0 5.004775e-01
0 0 0 5.000489e-01
0 0 0 5.000117e-01
0 0 0 5.000155e-01
0 0 0 5.000466e-01
0 0 0 5.000697e-01
0 0 0 4.998054e-01
0 0 0 4.985713e-01
0 0 0 4.960273e-01
0 0 0 4.933895e-01
0 0 0 1.000000e+00
0 0 0 5.662227e-01
0 0 0 5.045496e-01
0 0 0 5.003432e-01
0 0 0 5.000386e-01
0 0 0 5.000117e-01
0 0 0 5.000127e-01
0 0 0 5.000403e-01
0 0 0 5.000857e-01
0 0 0 4.998924e-01
0 0 0 4.986376e-01
0 0 0 4.956538e-01
0 0 0 4.922879e-01
0 0 0 1.000000e+00
0 0 0 5.672931e-01
0 0 0 5.043556e-01
0 0 0 5.001804e-01
0 0 0 5.000075e-01
0 0 0 5.000133e-01
0 0 0 5.000132e-01
0 0 0 5.000321e-01
0 0 0 5.000824e-01
0 0 0 4.999702e-01
0 0 0 4.988644e-01
0 0 0 4.957474e-01
0 0 0 4.918519e-01
0 0 0 1.000000e+00
0 0 0 5.713047e-01
0 0 0 5.044919e-01
0 0 0 4.999940e-01
0 0 0 4.999366e-01
0 0 0 5.000130e-01
0 0 0 5.000232e-01
0 0 0 5.000330e-01
0 0 0 5.000725e-01
0 0 0 5.000162e-01
0 0 0 4.991249e-01
0 0 0 4.961185e-01
0 0 0 4.919050e-01
0 0 0 1.000000e+00
0 0 0 5.787283e-01
0 0 0 5.049417e-01
0 0 0 4.998465e-01
0 0 0 4.998429e-01
0 0 0 5.000064e-01
0 0 0 5.000405e-01
0 0 0 5.000455e-01
0 0 0 5.000696e-01
0 0 0 5.000380e-01
0 0 0 4.993086e-01
0 0 0 4.964756e-01
0 0 0 4.921073e-01
0 0 0 1.000000e+00
0 0 0 5.842504e-01
0 0 0 5.053142e-01
0 0 0 4.998101e-01
0 0 0 4.997985e-01
0 0 0 5.000012e-01
0 0 0 5.000495e-01
0 0 0 5.000536e-01
0 0 0 5.000708e-01
0 0 0 5.000445e-01
0 0 0 4.993713e-01
0 0 0 4.966156e-01
0 0 0 4.922059e-01
0 0 0 1.000000e+00
0 0 0 5.787299e-01
0 0 0 5.049418e-01
0 0 0 4.998465e-01
0 0 0 4.998429e-01
0 0 0 5.000064e-01
0 0 0 5.000405e-01
0 0 0 5.000455e-01
0 0 0 5.000696e-01
0 0 0 5.000380e-01
0 0 0 4.993086e-01
0 0 0 4.964757e-01
0 0 0 4.921074e-01
0 0 0 1.000000e+00
0 0 0 5.713038e-01
0 0 0 5.044919e-01
0 0 0 4.999939e-01
0 0 0 4.999366e-01
0 0 0 5.000130e-01
0 0 0 5.000232e-01
0 0 0 5.000330e-01
0 0 0 5.000725e-01
0 0 0 5.000162e-01
0 0 0 4.991249e-01
0 0 0 4.961186e-01
0 0 0 4.919051e-01
0 0 0 1.000000e+00
0 0 0 5.672899e-01
0 0 0 5.043553e-01
0 0 0 5.001803e-01
0 0 0 5.000075e-01
0 0 0 5.000133e-01
0 0 0 5.000132e-01
0 0 0 5.000321e-01
0 0 0 5.000824e-01
0 0 0 4.999702e-01
0 0 0 4.988645e-01
0 0 0 4.957475e-01
0 0 0 4.918519e-01
0 0 0 1.000000e+00
0 0 0 5.662183e-01
0 0 0 5.045491e-01
0 0 0 5.003431e-01
0 0 0 5.000386e-01
0 0 0 5.000117e-01
0 0 0 5.000127e-01
0 0 0 5.000403e-01
0 0 0 5.000857e-01
0 0 0 4.998924e-01
0 0 0 4.986377e-01
0 0 0 4.956538e-01
0 0 0 4.922879e-01
0 0 0 1.000000e+00
0 0 0 5.674123e-01
0 0 0 5.050810e-01
0 0 0 5.004774e-01
0 0 0 5.000489e-01
0 0 0 5.000117e-01
0 0 0 5.000155e-01
0 0 0 5.000466e-01
0 0 0 5.000697e-01
0 0 0 4.998054e-01
0 0 0 4.985713e-01
0 0 0 4.960273e-01
0 0 0 4.933895e-01
0 0 0 1.000000e+00
0 0 0 5.704937e-01
0 0 0 5.059919e-01
0 0 0 5.005574e-01
0 0 0 5.000496e-01
0 0 0 5.000123e-01
0 0 0 5.000168e-01
0 0 0 5.000442e-01
0 0 0 5.000434e-01
0 0 0 4.997761e-01
0 0 0 4.987809e-01
0 0 0 4.969272e-01
0 0 0 4.951309e-01
0 0 0 1.000000e+00
0 0 0 5.749428e-01
0 0 0 5.060208e-01
0 0 0 5.003435e-01
0 0 0 5.000255e-01
0 0 0 5.000114e-01
0 0 0 5.000157e-01
0 0 0 5.000353e-01
0 0 0 5.000293e-01
0 0 0 4.998620e-01
0 0 0 4.993324e-01
0 0 0 4.984094e-01
0 0 0 4.974644e-01
0 0 0 1.000000e+00
0 0 0 5.724604e-01
0 0 0 5.047344e-01
0 0 0 5.000542e-01
0 0 0 5.000049e-01
0 0 0 5.000107e-01
0 0 0 5.000147e-01
0 0 0 5.000302e-01
0 0 0 5.000284e-01
0 0 0 4.999470e-01
0 0 0 4.997764e-01
0 0 0 4.997108e-01
0 0 0 4.999999e-01
0 0 0 1.000000e+00
0 0 0 5.663621e-01
0 0 0 5.030432e-01
0 0 0 4.998101e-01
0 0 0 4.999955e-01
0 0 0 5.000105e-01
0 0 0 5.000131e-01
0 0 0 5.000237e-01
0 0 0 5.000242e-01
0 0 0 4.999836e-01
0 0 0 4.999050e-01
0 0 0 4.998766e-01
0 0 0 5.000064e-01
0 0 0 1.000000e+00
0 0 0 5.765219e-01
0 0 0 5.048986e-01
0 0 0 5.000575e-01
0 0 0 5.000073e-01
0 0 0 5.000108e-01
0 0 0 5.000141e-01
0 0 0 5.000277e-01
0 0 0 5.000236e-01
0 0 0 4.999292e-01
0 0 0 4.996594e-01
0 0 0 4.992068e-01
0 0 0 4.987091e-01
0 0 0 1.000000e+00
0 0 0 5.759792e-01
0 0 0 5.065251e-01
0 0 0 5.004190e-01
0 0 0 5.000312e-01
0 0 0 5.000116e-01
0 0 0 5.000157e-01
0 0 0 5.000353e-01
0 0 0 5.000293e-01
0 0 0 4.998628e-01
0 0 0 4.993346e-01
0 0 0 4.984133e-01
0 0 0 4.974656e-01
0 0 0 1.000000e+00
0 0 0 5.747521e-01
0 0 0 5.067287e-01
0 0 0 5.005738e-01
0 0 0 5.000429e-01
0 0 0 5.000120e-01
0 0 0 5.000158e-01
0 0 0 5.000399e-01
0 0 0 5.000436e-01
0 0 0 4.998532e-01
0 0 0 4.991547e-01
0 0 0 4.978484e-01
0 0 0 4.964497e-01
0 0 0 1.000000e+00
0 0 0 5.750755e-01
0 0 0 5.069870e-01
0 0 0 5.006222e-01
0 0 0 5.000392e-01
0 0 0 5.000116e-01
0 0 0 5.000142e-01
0 0 0 5.000389e-01
0 0 0 5.000564e-01
0 0 0 4.998801e-01
0 0 0 4.990934e-01
0 0 0 4.974774e-01
0 0 0 4.956662e-01
0 0 0 1.000000e+00
0 0 0 5.762118e-01
0 0 0 5.073245e-01
0 0 0 5.005522e-01
0 0 0 5.000148e-01
0 0 0 5.000110e-01
0 0 0 5.000123e-01
0 0 0 5.000344e-01
0 0 0 5.000613e-01
0 0 0 4.999142e-01
0 0 0 4.991107e-01
0 0 0 4.972870e-01
0 0 0 4.951262e-01
0 0 0 1.000000e+00
0 0 0 5.769878e-01
0 0 0 5.072385e-01
0 0 0 5.002988e-01
0 0 0 4.999667e-01
0 0 0 5.000114e-01
0 0 0 5.000112e-01
0 0 0 5.000293e-01
0 0 0 5.000601e-01
0 0 0 4.999405e-01
0 0 0 4.991656e-01
0 0 0 4.972354e-01
0 0 0 4.948056e-01
0 0 0 1.000000e+00
0 0 0 5.780594e-01
0 0 0 5.069008e-01
0 0 0 4.999637e-01
0 0 0 4.999122e-01
0 0 0 5.000120e-01
0 0 0 5.000110e-01
0 0 0 5.000259e-01
0 0 0 5.000576e-01
0 0 0 4.999566e-01
0 0 0 4.992141e-01
0 0 0 4.972448e-01
0 0 0 4.946492e-01
0 0 0 1.000000e+00
0 0 0 5.816277e-01
0 0 0 5.068797e-01
0 0 0 4.998243e-01
0 0 0 4.998880e-01
0 0 0 5.000120e-01
0 0 0 5.000110e-01
0 0 0 5.000246e-01
0 0 0 5.000566e-01
0 0 0 4.999622e-01
0 0 0 4.992316e-01
0 0 0 4.972542e-01
0 0 0 4.946071e-01
0 0 0 1.000000e+00
0 0 0 5.780597e-01
0 0 0 5.069006e-01
0 0 0 4.999635e-01
0 0 0 4.999122e-01
0 0 0 5.000120e-01
0 0 0 5.000110e-01
0 0 0 5.000259e-01
0 0 0 5.000576e-01
0 0 0 4.999566e-01
0 0 0 4.992142e-01
0 0 0 4.972449e-01
0 0 0 4.946492e-01
0 0 0 1.000000e+00
0 0 0 5.769856e-01
0 0 0 5.072380e-01
0 0 0 5.002986e-01
0 0 0 4.999666e-01
0 0 0 5.000114e-01
0 0 0 5.000112e-01
0 0 0 5.000293e-01
0 0 0 5.000600e-01
0 0 0 4.999405e-01
0 0 0 4.991656e-01
0 0 0 4.972355e-01
0 0 0 4.948057e-01
0 0 0 1.000000e+00
0 0 0 5.762086e-01
0 0 0 5.073242e-01
0 0 0 5.005520e-01
0 0 0 5.000148e-01
0 0 0 5.000110e-01
0 0 0 5.000123e-01
0 0 0 5.000344e-01
0 0 0 5.000613e-01
0 0 0 4.999142e-01
0 0 0 4.991108e-01
0 0 0 4.972871e-01
0 0 0 4.951263e-01
0 0 0 1.000000e+00
0 0 0 5.750718e-01
0 0 0 5.069866e-01
0 0 0 5.006221e-01
0 0 0 5.000392e-01
0 0 0 5.000116e-01
0 0 0 5.000142e-01
0 0 0 5.000389e-01
0 0 0 5.000564e-01
0 0 0 4.998801e-01
0 0 0 4.990934e-01
0 0 0 4.974774e-01
0 0 0 4.956662e-01
0 0 0 1.000000e+00
0 0 0 5.747477e-01
0 0 0 5.067282e-01
0 0 0 5.005738e-01
0 0 0 5.000428e-01
0 0 0 5.000120e-01
0 0 0 5.000158e-01
0 0 0 5.000399e-01
0 0 0 5.000436e-01
0 0 0 4.998532e-01
0 0 0 4.991547e-01
0 0 0 4.978484e-01
0 0 0 4.964497e-01
0 0 0 1.000000e+00
0 0 0 5.759740e-01
0 0 0 5.065245e-01
0 0 0 5.004189e-01
0 0 0 5.000312e-01
0 0 0 5.000116e-01
0 0 0 5.000157e-01
0 0 0 5.000353e-01
0 0 0 5.000293e-01
0 0 0 4.998628e-01
0 0 0 4.993346e-01
0 0 0 4.984133e-01
0 0 0 4.974656e-01
0 0 0 1.000000e+00
0 0 0 5.765154e-01
0 0 0 5.048978e-01
0 0 0 5.000575e-01
0 0 0 5.000073e-01
0 0 0 5.000108e-01
0 0 0 5.000141e-01
0 0 0 5.000277e-01
0 0 0 5.000236e-01
0 0 0 4.999292e-01
0 0 0 4.996594e-01
0 0 0 4.992068e-01
0 0 0 4.987091e-01
0 0 0 1.000000e+00
0 0 0 5.663530e-01
0 0 0 5.030421e-01
0 0 0 4.998100e-01
0 0 0 4.999955e-01
0 0 0 5.000105e-01
0 0 0 5.000131e-01
0 0 0 5.000237e-01
0 0 0 5.000242e-01
0 0 0 4.999836e-01
0 0 0 4.999050e-01
0 0 0 4.998766e-01
0 0 0 5.000064e-01
0 0 0 1.000000e+00
0 0 0 5.483011e-01
0 0 0 5.019194e-01
0 0 0 4.996773e-01
0 0 0 4.999921e-01
0 0 0 5.000104e-01
0 0 0 5.000121e-01
0 0 0 5.000205e-01
0 0 0 5.000240e-01
0 0 0 5.000129e-01
0 0 0 5.000097e-01
0 0 0 5.000568e-01
0 0 0 5.000956e-01
0 0 0 1.000000e+00
0 0 0 5.686876e-01
0 0 0 5.036263e-01
0 0 0 4.998581e-01
0 0 0 4.999973e-01
0 0 0 5.000106e-01
0 0 0 5.000131e-01
0 0 0 5.000237e-01
0 0 0 5.000240e-01
0 0 0 4.999825e-01
0 0 0 4.999020e-01
0 0 0 4.998737e-01
0 0 0 5.000120e-01
0 0 0 1.000000e+00
0 0 0 5.752696e-01
0 0 0 5.057883e-01
0 0 0 5.001892e-01
0 0 0 5.000126e-01
0 0 0 5.000109e-01
0 0 0 5.000147e-01
0 0 0 5.000301e-01
0 0 0 5.000283e-01
0 0 0 4.999462e-01
0 0 0 4.997741e-01
0 0 0 4.997101e-01
0 0 0 5.000098e-01
0 0 0 1.000000e+00
0 0 0 5.762906e-01
0 0 0 5.066871e-01
0 0 0 5.004067e-01
0 0 0 5.000247e-01
0 0 0 5.000113e-01
0 0 0 5.000151e-01
0 0 0 5.000346e-01
0 0 0 5.000375e-01
0 0 0 4.999380e-01
0 0 0 4.997036e-01
0 0 0 4.996023e-01
0 0 0 5.000124e-01
0 0 0 1.000000e+00
0 0 0 5.797448e-01
0 0 0 5.077435e-01
0 0 0 5.005673e-01
0 0 0 5.000227e-01
0 0 0 5.000113e-01
0 0 0 5.000143e-01
0 0 0 5.000351e-01
0 0 0 5.000455e-01
0 0 0 4.999453e-01
0 0 0 4.996659e-01
0 0 0 4.995138e-01
0 0 0 5.000146e-01
0 0 0 1.000000e+00
0 0 0 5.862973e-01
0 0 0 5.093392e-01
0 0 0 5.005914e-01
0 0 0 5.000007e-01
0 0 0 5.000115e-01
0 0 0 5.000129e-01
0 0 0 5.000327e-01
0 0 0 5.000488e-01
0 0 0 4.999556e-01
0 0 0 4.996486e-01
0 0 0 4.994423e-01
0 0 0 5.000174e-01
0 0 0 1.000000e+00
0 0 0 5.946762e-01
0 0 0 5.100412e-01
0 0 0 5.003564e-01
0 0 0 4.999557e-01
0 0 0 5.000124e-01
0 0 0 5.000119e-01
0 0 0 5.000295e-01
0 0 0 5.000485e-01
0 0 0 4.999634e-01
0 0 0 4.996436e-01
0 0 0 4.993883e-01
0 0 0 5.000207e-01
0 0 0 1.000000e+00
0 0 0 5.976882e-01
0 0 0 5.090119e-01
0 0 0 4.999285e-01
0 0 0 4.999108e-01
0 0 0 5.000134e-01
0 0 0 5.000116e-01
0 0 0 5.000271e-01
0 0 0 5.000474e-01
0 0 0 4.999685e-01
0 0 0 4.996440e-01
0 0 0 4.993563e-01
0 0 0 5.000227e-01
0 0 0 1.000000e+00
0 0 0 6.004999e-01
0 0 0 5.084279e-01
0 0 0 4.997208e-01
0 0 0 4.998931e-01
0 0 0 5.000137e-01
0 0 0 5.000115e-01
0 0 0 5.000262e-01
0 0 0 5.000470e-01
0 0 0 4.999706e-01
0 0 0 4.996444e-01
0 0 0 4.993462e-01
0 0 0 5.000226e-01
0 0 0 1.000000e+00
0 0 0 5.976870e-01
0 0 0 5.090113e-01
0 0 0 4.999284e-01
0 0 0 4.999108e-01
0 0 0 5.000134e-01
0 0 0 5.000116e-01
0 0 0 5.000271e-01
0 0 0 5.000474e-01
0 0 0 4.999685e-01
0 0 0 4.996440e-01
0 0 0 4.993563e-01
0 0 0 5.000228e-01
0 0 0 1.000000e+00
0 0 0 5.946769e-01
0 0 0 5.100404e-01
0 0 0 5.003561e-01
0 0 0 4.999557e-01
0 0 0 5.000124e-01
0 0 0 5.000119e-01
0 0 0 5.000295e-01
0 0 0 5.000485e-01
0 0 0 4.999634e-01
0 0 0 4.996436e-01
0 0 0 4.993883e-01
0 0 0 5.000208e-01
0 0 0 1.000000e+00
0 0 0 5.862973e-01
0 0 0 5.093393e-01
0 0 0 5.005913e-01
0 0 0 5.000007e-01
0 0 0 5.000115e-01
0 0 0 5.000129e-01
0 0 0 5.000327e-01
0 0 0 5.000488e-01
0 0 0 4.999556e-01
0 0 0 4.996486e-01
0 0 0 4.994423e-01
0 0 0 5.000175e-01
0 0 0 1.000000e+00
0 0 0 5.797432e-01
0 0 0 5.077437e-01
0 0 0 5.005672e-01
0 0 0 5.000227e-01
0 0 0 5.000113e-01
0 0 0 5.000143e-01
0 0 0 5.000351e-01
0 0 0 5.000455e-01
0 0 0 4.999453e-01
0 0 0 4.996659e-01
0 0 0 4.995138e-01
0 0 0 5.000146e-01
0 0 0 1.000000e+00
0 0 0 5.762875e-01
0 0 0 5.066872e-01
0 0 0 5.004067e-01
0 0 0 5.000247e-01
0 0 0 5.000113e-01
0 0 0 5.000151e-01
0 0 0 5.000346e-01
0 0 0 5.000375e-01
0 0 0 4.999380e-01
0 0 0 4.997036e-01
0 0 0 4.996023e-01
0 0 0 5.000124e-01
0 0 0 1.000000e+00
0 0 0 5.752659e-01
0 0 0 5.057884e-01
0 0 0 5.001892e-01
0 0 0 5.000126e-01
0 0 0 5.000109e-01
0 0 0 5.000147e-01
0 0 0 5.000301e-01
0 0 0 5.000283e-01
0 0 0 4.999461e-01
0 0 0 4.997741e-01
0 0 0 4.997101e-01
0 0 0 5.000098e-01
0 0 0 1.000000e+00
0 0 0 5.686851e-01
0 0 0 5.036266e-01
0 0 0 4.998581e-01
0 0 0 4.999973e-01
0 0 0 5.000106e-01
0 0 0 5.000131e-01
0 0 0 5.000237e-01
0 0 0 5.000240e-01
0 0 0 4.999825e-01
0 0 0 4.999020e-01
0 0 0 4.998737e-01
0 0 0 5.000120e-01
0 0 0 1.000000e+00
0 0 0 5.482991e-01
0 0 0 5.019196e-01
0 0 0 4.996773e-01
0 0 0 4.999922e-01
0 0 0 5.000104e-01
0 0 0 5.000121e-01
0 0 0 5.000205e-01
0 0 0 5.000240e-01
0 0 0 5.000129e-01
0 0 0 5.000097e-01
0 0 0 5.000568e-01
0 0 0 5.000956e-01
