0 3757 0.00000e+00
  1    3757
0 0 0 5.000956e-01
0 0 0 5.000420e-01
0 0 0 5.000164e-01
0 0 0 5.000054e-01
0 0 0 5.000129e-01
0 0 0 5.001123e-01
0 0 0 5.003795e-01
0 0 0 4.976827e-01
0 0 0 4.695926e-01
0 0 0 4.149287e-01
0 0 0 3.166404e-01
0 0 0 1.724545e-01
0 0 0 0.000000e+00
0 0 0 5.000120e-01
0 0 0 5.001014e-01
0 0 0 5.000235e-01
0 0 0 5.000046e-01
0 0 0 5.000123e-01
0 0 0 5.001165e-01
0 0 0 5.003840e-01
0 0 0 4.976911e-01
0 0 0 4.696239e-01
0 0 0 4.149826e-01
0 0 0 3.167041e-01
0 0 0 1.725016e-01
0 0 0 0.000000e+00
0 0 0 5.000098e-01
0 0 0 5.001846e-01
0 0 0 5.000401e-01
0 0 0 5.000027e-01
0 0 0 5.000106e-01
0 0 0 5.001308e-01
0 0 0 5.004287e-01
0 0 0 4.977213e-01
0 0 0 4.697000e-01
0 0 0 4.151004e-01
0 0 0 3.168287e-01
0 0 0 1.725818e-01
0 0 0 0.000000e+00
0 0 0 5.000124e-01
0 0 0 5.002573e-01
0 0 0 5.000586e-01
0 0 0 5.000016e-01
0 0 0 5.000089e-01
0 0 0 5.001410e-01
0 0 0 5.004679e-01
0 0 0 4.977573e-01
0 0 0 4.698202e-01
0 0 0 4.152769e-01
0 0 0 3.170200e-01
0 0 0 1.727083e-01
0 0 0 0.000000e+00
0 0 0 5.000146e-01
0 0 0 5.003257e-01
0 0 0 5.000772e-01
0 0 0 5.000014e-01
0 0 0 5.000073e-01
0 0 0 5.001392e-01
0 0 0 5.004688e-01
0 0 0 4.977814e-01
0 0 0 4.699268e-01
0 0 0 4.154814e-01
0 0 0 3.172417e-01
0 0 0 1.728546e-01
0 0 0 0.000000e+00
0 0 0 5.000174e-01
0 0 0 5.003920e-01
0 0 0 5.000942e-01
0 0 0 5.000014e-01
0 0 0 5.000059e-01
0 0 0 5.001301e-01
0 0 0 5.004402e-01
0 0 0 4.977893e-01
0 0 0 4.700391e-01
0 0 0 4.156839e-01
0 0 0 3.174605e-01
0 0 0 1.729991e-01
0 0 0 0.000000e+00
0 0 0 5.000207e-01
0 0 0 5.004553e-01
0 0 0 5.001063e-01
0 0 0 5.000004e-01
0 0 0 5.000047e-01
0 0 0 5.001176e-01
0 0 0 5.004007e-01
0 0 0 4.978281e-01
0 0 0 4.701688e-01
0 0 0 4.158556e-01
0 0 0 3.176441e-01
0 0 0 1.731204e-01
0 0 0 0.000000e+00
0 0 0 5.000227e-01
0 0 0 5.005011e-01
0 0 0 5.001115e-01
0 0 0 4.999981e-01
0 0 0 5.000035e-01
0 0 0 5.001101e-01
0 0 0 5.003920e-01
0 0 0 4.978792e-01
0 0 0 4.702465e-01
0 0 0 4.159700e-01
0 0 0 3.177663e-01
0 0 0 1.732011e-01
0 0 0 0.000000e+00
0 0 0 5.000226e-01
0 0 0 5.005169e-01
0 0 0 5.001133e-01
0 0 0 4.999972e-01
0 0 0 5.000030e-01
0 0 0 5.001081e-01
0 0 0 5.003922e-01
0 0 0 4.978898e-01
0 0 0 4.702723e-01
0 0 0 4.160100e-01
0 0 0 3.178090e-01
0 0 0 1.732293e-01
0 0 0 0.000000e+00
0 0 0 5.000228e-01
0 0 0 5.005011e-01
0 0 0 5.001115e-01
0 0 0 4.999981e-01
0 0 0 5.000035e-01
0 0 0 5.001101e-01
0 0 0 5.003920e-01
0 0 0 4.978792e-01
0 0 0 4.702465e-01
0 0 0 4.159700e-01
0 0 0 3.177663e-01
0 0 0 1.732011e-01
0 0 0 0.000000e+00
0 0 0 5.000208e-01
0 0 0 5.004553e-01
0 0 0 5.001063e-01
0 0 0 5.000004e-01
0 0 0 5.000047e-01
0 0 0 5.001176e-01
0 0 0 5.004007e-01
0 0 0 4.978281e-01
0 0 0 4.701689e-01
0 0 0 4.158557e-01
0 0 0 3.176442e-01
0 0 0 1.731205e-01
0 0 0 0.000000e+00
0 0 0 5.000175e-01
0 0 0 5.003921e-01
0 0 0 5.000942e-01
0 0 0 5.000014e-01
0 0 0 5.000059e-01
0 0 0 5.001301e-01
0 0 0 5.004402e-01
0 0 0 4.977893e-01
0 0 0 4.700392e-01
0 0 0 4.156840e-01
0 0 0 3.174606e-01
0 0 0 1.729991e-01
0 0 0 0.000000e+00
0 0 0 5.000146e-01
0 0 0 5.003258e-01
0 0 0 5.000772e-01
0 0 0 5.000014e-01
0 0 0 5.000073e-01
0 0 0 5.001392e-01
0 0 0 5.004687e-01
0 0 0 4.977814e-01
0 0 0 4.699269e-01
0 0 0 4.154815e-01
0 0 0 3.172419e-01
0 0 0 1.728547e-01
0 0 0 0.000000e+00
0 0 0 5.000124e-01
0 0 0 5.002573e-01
0 0 0 5.000586e-01
0 0 0 5.000016e-01
0 0 0 5.000089e-01
0 0 0 5.001410e-01
0 0 0 5.004679e-01
0 0 0 4.977573e-01
0 0 0 4.698203e-01
0 0 0 4.152770e-01
0 0 0 3.170202e-01
0 0 0 1.727084e-01
0 0 0 0.000000e+00
0 0 0 5.000098e-01
0 0 0 5.001846e-01
0 0 0 5.000401e-01
0 0 0 5.000027e-01
0 0 0 5.000106e-01
0 0 0 5.001308e-01
0 0 0 5.004287e-01
0 0 0 4.977213e-01
0 0 0 4.697001e-01
0 0 0 4.151005e-01
0 0 0 3.168289e-01
0 0 0 1.725819e-01
0 0 0 0.000000e+00
0 0 0 5.000120e-01
0 0 0 5.001014e-01
0 0 0 5.000235e-01
0 0 0 5.000046e-01
0 0 0 5.000123e-01
0 0 0 5.001165e-01
0 0 0 5.003840e-01
0 0 0 4.976911e-01
0 0 0 4.696239e-01
0 0 0 4.149827e-01
0 0 0 3.167043e-01
0 0 0 1.725017e-01
0 0 0 0.000000e+00
0 0 0 5.000956e-01
0 0 0 5.000420e-01
0 0 0 5.000164e-01
0 0 0 5.000054e-01
0 0 0 5.000129e-01
0 0 0 5.001123e-01
0 0 0 5.003795e-01
0 0 0 4.976827e-01
0 0 0 4.695926e-01
0 0 0 4.149288e-01
0 0 0 3.166406e-01
0 0 0 1.724546e-01
0 0 0 0.000000e+00
0 0 0 5.000064e-01
0 0 0 5.000949e-01
0 0 0 5.000231e-01
0 0 0 5.000047e-01
0 0 0 5.000124e-01
0 0 0 5.001147e-01
0 0 0 5.003811e-01
0 0 0 4.976902e-01
0 0 0 4.696184e-01
0 0 0 4.149694e-01
0 0 0 3.166842e-01
0 0 0 1.724833e-01
0 0 0 0.000000e+00
0 0 0 5.006122e-01
0 0 0 5.001840e-01
0 0 0 5.000382e-01
0 0 0 5.000037e-01
0 0 0 5.000114e-01
0 0 0 5.001200e-01
0 0 0 5.003905e-01
0 0 0 4.977023e-01
0 0 0 4.696541e-01
0 0 0 4.150285e-01
0 0 0 3.167528e-01
0 0 0 1.725333e-01
0 0 0 0.000000e+00
0 0 0 5.011985e-01
0 0 0 5.003950e-01
0 0 0 5.000741e-01
0 0 0 5.000019e-01
0 0 0 5.000090e-01
0 0 0 5.001349e-01
0 0 0 5.004415e-01
0 0 0 4.977464e-01
0 0 0 4.697472e-01
0 0 0 4.151618e-01
0 0 0 3.168912e-01
0 0 0 1.726221e-01
0 0 0 0.000000e+00
0 0 0 5.018690e-01
0 0 0 5.006294e-01
0 0 0 5.001221e-01
0 0 0 5.000018e-01
0 0 0 5.000063e-01
0 0 0 5.001442e-01
0 0 0 5.004849e-01
0 0 0 4.978028e-01
0 0 0 4.698910e-01
0 0 0 4.153620e-01
0 0 0 3.171031e-01
0 0 0 1.727610e-01
0 0 0 0.000000e+00
0 0 0 5.025637e-01
0 0 0 5.008905e-01
0 0 0 5.001761e-01
0 0 0 5.000022e-01
0 0 0 5.000035e-01
0 0 0 5.001422e-01
0 0 0 5.004954e-01
0 0 0 4.978585e-01
0 0 0 4.700321e-01
0 0 0 4.155944e-01
0 0 0 3.173485e-01
0 0 0 1.729216e-01
0 0 0 0.000000e+00
0 0 0 5.032368e-01
0 0 0 5.011520e-01
0 0 0 5.002267e-01
0 0 0 4.999999e-01
0 0 0 4.999999e-01
0 0 0 5.001347e-01
0 0 0 5.004898e-01
0 0 0 4.979220e-01
0 0 0 4.701919e-01
0 0 0 4.158253e-01
0 0 0 3.175906e-01
0 0 0 1.730801e-01
0 0 0 0.000000e+00
0 0 0 5.038176e-01
0 0 0 5.013834e-01
0 0 0 5.002640e-01
0 0 0 4.999925e-01
0 0 0 4.999952e-01
0 0 0 5.001259e-01
0 0 0 5.004883e-01
0 0 0 4.980309e-01
0 0 0 4.703710e-01
0 0 0 4.160225e-01
0 0 0 3.177943e-01
0 0 0 1.732134e-01
0 0 0 0.000000e+00
0 0 0 5.042163e-01
0 0 0 5.015445e-01
0 0 0 5.002830e-01
0 0 0 4.999825e-01
0 0 0 4.999903e-01
0 0 0 5.001213e-01
0 0 0 5.005079e-01
0 0 0 4.981380e-01
0 0 0 4.704909e-01
0 0 0 4.161543e-01
0 0 0 3.179299e-01
0 0 0 1.733021e-01
0 0 0 0.000000e+00
0 0 0 5.043616e-01
0 0 0 5.016046e-01
0 0 0 5.002899e-01
0 0 0 4.999782e-01
0 0 0 4.999883e-01
0 0 0 5.001200e-01
0 0 0 5.005163e-01
0 0 0 4.981704e-01
0 0 0 4.705320e-01
0 0 0 4.162004e-01
0 0 0 3.179775e-01
0 0 0 1.733332e-01
0 0 0 0.000000e+00
0 0 0 5.042163e-01
0 0 0 5.015445e-01
0 0 0 5.002830e-01
0 0 0 4.999825e-01
0 0 0 4.999903e-01
0 0 0 5.001213e-01
0 0 0 5.005079e-01
0 0 0 4.981380e-01
0 0 0 4.704909e-01
0 0 0 4.161543e-01
0 0 0 3.179300e-01
0 0 0 1.733021e-01
0 0 0 0.000000e+00
0 0 0 5.038177e-01
0 0 0 5.013834e-01
0 0 0 5.002640e-01
0 0 0 4.999925e-01
0 0 0 4.999952e-01
0 0 0 5.001259e-01
0 0 0 5.004883e-01
0 0 0 4.980309e-01
0 0 0 4.703710e-01
0 0 0 4.160226e-01
0 0 0 3.177944e-01
0 0 0 1.732135e-01
0 0 0 0.000000e+00
0 0 0 5.032369e-01
0 0 0 5.011520e-01
0 0 0 5.002268e-01
0 0 0 4.999999e-01
0 0 0 4.999999e-01
0 0 0 5.001347e-01
0 0 0 5.004898e-01
0 0 0 4.979220e-01
0 0 0 4.701919e-01
0 0 0 4.158255e-01
0 0 0 3.175907e-01
0 0 0 1.730802e-01
0 0 0 0.000000e+00
0 0 0 5.025637e-01
0 0 0 5.008905e-01
0 0 0 5.001761e-01
0 0 0 5.000022e-01
0 0 0 5.000035e-01
0 0 0 5.001422e-01
0 0 0 5.004954e-01
0 0 0 4.978585e-01
0 0 0 4.700322e-01
0 0 0 4.155945e-01
0 0 0 3.173487e-01
0 0 0 1.729217e-01
0 0 0 0.000000e+00
0 0 0 5.018691e-01
0 0 0 5.006294e-01
0 0 0 5.001221e-01
0 0 0 5.000018e-01
0 0 0 5.000063e-01
0 0 0 5.001442e-01
0 0 0 5.004849e-01
0 0 0 4.978028e-01
0 0 0 4.698911e-01
0 0 0 4.153622e-01
0 0 0 3.171033e-01
0 0 0 1.727611e-01
0 0 0 0.000000e+00
0 0 0 5.011985e-01
0 0 0 5.003950e-01
0 0 0 5.000741e-01
0 0 0 5.000019e-01
0 0 0 5.000090e-01
0 0 0 5.001349e-01
0 0 0 5.004415e-01
0 0 0 4.977464e-01
0 0 0 4.697473e-01
0 0 0 4.151619e-01
0 0 0 3.168914e-01
0 0 0 1.726222e-01
0 0 0 0.000000e+00
0 0 0 5.006122e-01
0 0 0 5.001840e-01
0 0 0 5.000382e-01
0 0 0 5.000037e-01
0 0 0 5.000114e-01
0 0 0 5.001200e-01
0 0 0 5.003905e-01
0 0 0 4.977023e-01
0 0 0 4.696542e-01
0 0 0 4.150286e-01
0 0 0 3.167529e-01
0 0 0 1.725334e-01
0 0 0 0.000000e+00
0 0 0 5.000064e-01
0 0 0 5.000949e-01
0 0 0 5.000231e-01
0 0 0 5.000047e-01
0 0 0 5.000124e-01
0 0 0 5.001147e-01
0 0 0 5.003811e-01
0 0 0 4.976902e-01
0 0 0 4.696184e-01
0 0 0 4.149695e-01
0 0 0 3.166844e-01
0 0 0 1.724834e-01
0 0 0 0.000000e+00
0 0 0 4.999999e-01
0 0 0 5.001759e-01
0 0 0 5.000388e-01
0 0 0 5.000030e-01
0 0 0 5.000108e-01
0 0 0 5.001259e-01
0 0 0 5.004143e-01
0 0 0 4.977181e-01
0 0 0 4.696909e-01
0 0 0 4.150842e-01
0 0 0 3.168079e-01
0 0 0 1.725646e-01
0 0 0 0.000000e+00
0 0 0 5.011973e-01
0 0 0 5.003952e-01
0 0 0 5.000732e-01
0 0 0 5.000020e-01
0 0 0 5.000091e-01
0 0 0 5.001322e-01
0 0 0 5.004337e-01
0 0 0 4.977434e-01
0 0 0 4.697422e-01
0 0 0 4.151589e-01
0 0 0 3.168905e-01
0 0 0 1.726232e-01
0 0 0 0.000000e+00
0 0 0 5.024532e-01
0 0 0 5.009101e-01
0 0 0 5.001663e-01
0 0 0 5.000019e-01
0 0 0 5.000049e-01
0 0 0 5.001442e-01
0 0 0 5.004939e-01
0 0 0 4.978476e-01
0 0 0 4.699024e-01
0 0 0 4.153378e-01
0 0 0 3.170688e-01
0 0 0 1.727362e-01
0 0 0 0.000000e+00
0 0 0 5.040198e-01
0 0 0 5.015518e-01
0 0 0 5.003061e-01
0 0 0 5.000035e-01
0 0 0 4.999988e-01
0 0 0 5.001450e-01
0 0 0 5.005322e-01
0 0 0 4.979800e-01
0 0 0 4.701311e-01
0 0 0 4.156059e-01
0 0 0 3.173386e-01
0 0 0 1.729102e-01
0 0 0 0.000000e+00
0 0 0 5.058178e-01
0 0 0 5.023584e-01
0 0 0 5.004782e-01
0 0 0 4.999951e-01
0 0 0 4.999864e-01
0 0 0 5.001333e-01
0 0 0 5.005351e-01
0 0 0 4.981042e-01
0 0 0 4.703686e-01
0 0 0 4.159178e-01
0 0 0 3.176508e-01
0 0 0 1.731110e-01
0 0 0 0.000000e+00
0 0 0 5.077613e-01
0 0 0 5.033117e-01
0 0 0 5.006816e-01
0 0 0 4.999667e-01
0 0 0 4.999610e-01
0 0 0 5.001152e-01
0 0 0 5.005233e-01
0 0 0 4.982249e-01
0 0 0 4.706264e-01
0 0 0 4.162348e-01
0 0 0 3.179596e-01
0 0 0 1.733094e-01
0 0 0 0.000000e+00
0 0 0 5.095827e-01
0 0 0 5.043196e-01
0 0 0 5.009236e-01
0 0 0 4.999335e-01
0 0 0 4.999252e-01
0 0 0 5.000954e-01
0 0 0 5.005081e-01
0 0 0 4.983413e-01
0 0 0 4.708785e-01
0 0 0 4.165176e-01
0 0 0 3.182207e-01
0 0 0 1.734766e-01
0 0 0 0.000000e+00
0 0 0 5.108739e-01
0 0 0 5.051213e-01
0 0 0 5.011493e-01
0 0 0 4.999184e-01
0 0 0 4.998949e-01
0 0 0 5.000800e-01
0 0 0 5.004961e-01
0 0 0 4.984043e-01
0 0 0 4.710319e-01
0 0 0 4.167135e-01
0 0 0 3.183953e-01
0 0 0 1.735880e-01
0 0 0 0.000000e+00
0 0 0 5.113401e-01
0 0 0 5.054308e-01
0 0 0 5.012465e-01
0 0 0 4.999180e-01
0 0 0 4.998840e-01
0 0 0 5.000740e-01
0 0 0 5.004867e-01
0 0 0 4.984091e-01
0 0 0 4.710742e-01
0 0 0 4.167835e-01
0 0 0 3.184566e-01
0 0 0 1.736271e-01
0 0 0 0.000000e+00
0 0 0 5.108739e-01
0 0 0 5.051213e-01
0 0 0 5.011493e-01
0 0 0 4.999184e-01
0 0 0 4.998949e-01
0 0 0 5.000800e-01
0 0 0 5.004961e-01
0 0 0 4.984043e-01
0 0 0 4.710319e-01
0 0 0 4.167135e-01
0 0 0 3.183953e-01
0 0 0 1.735880e-01
0 0 0 0.000000e+00
0 0 0 5.095827e-01
0 0 0 5.043196e-01
0 0 0 5.009236e-01
0 0 0 4.999335e-01
0 0 0 4.999252e-01
0 0 0 5.000954e-01
0 0 0 5.005081e-01
0 0 0 4.983413e-01
0 0 0 4.708785e-01
0 0 0 4.165177e-01
0 0 0 3.182208e-01
0 0 0 1.734766e-01
0 0 0 0.000000e+00
0 0 0 5.077614e-01
0 0 0 5.033118e-01
0 0 0 5.006816e-01
0 0 0 4.999667e-01
0 0 0 4.999610e-01
0 0 0 5.001152e-01
0 0 0 5.005233e-01
0 0 0 4.982248e-01
0 0 0 4.706264e-01
0 0 0 4.162349e-01
0 0 0 3.179597e-01
0 0 0 1.733095e-01
0 0 0 0.000000e+00
0 0 0 5.058178e-01
0 0 0 5.023584e-01
0 0 0 5.004782e-01
0 0 0 4.999951e-01
0 0 0 4.999864e-01
0 0 0 5.001333e-01
0 0 0 5.005351e-01
0 0 0 4.981041e-01
0 0 0 4.703687e-01
0 0 0 4.159179e-01
0 0 0 3.176510e-01
0 0 0 1.731111e-01
0 0 0 0.000000e+00
0 0 0 5.040198e-01
0 0 0 5.015518e-01
0 0 0 5.003061e-01
0 0 0 5.000035e-01
0 0 0 4.999988e-01
0 0 0 5.001450e-01
0 0 0 5.005322e-01
0 0 0 4.979799e-01
0 0 0 4.701312e-01
0 0 0 4.156060e-01
0 0 0 3.173387e-01
0 0 0 1.729103e-01
0 0 0 0.000000e+00
0 0 0 5.024532e-01
0 0 0 5.009101e-01
0 0 0 5.001663e-01
0 0 0 5.000019e-01
0 0 0 5.000049e-01
0 0 0 5.001442e-01
0 0 0 5.004939e-01
0 0 0 4.978476e-01
0 0 0 4.699024e-01
0 0 0 4.153379e-01
0 0 0 3.170689e-01
0 0 0 1.727363e-01
0 0 0 0.000000e+00
0 0 0 5.011973e-01
0 0 0 5.003952e-01
0 0 0 5.000732e-01
0 0 0 5.000020e-01
0 0 0 5.000091e-01
0 0 0 5.001322e-01
0 0 0 5.004336e-01
0 0 0 4.977434e-01
0 0 0 4.697422e-01
0 0 0 4.151591e-01
0 0 0 3.168906e-01
0 0 0 1.726233e-01
0 0 0 0.000000e+00
0 0 0 4.999999e-01
0 0 0 5.001759e-01
0 0 0 5.000388e-01
0 0 0 5.000030e-01
0 0 0 5.000108e-01
0 0 0 5.001258e-01
0 0 0 5.004142e-01
0 0 0 4.977181e-01
0 0 0 4.696909e-01
0 0 0 4.150843e-01
0 0 0 3.168081e-01
0 0 0 1.725647e-01
0 0 0 0.000000e+00
0 0 0 5.000028e-01
0 0 0 5.002508e-01
0 0 0 5.000567e-01
0 0 0 5.000017e-01
0 0 0 5.000090e-01
0 0 0 5.001345e-01
0 0 0 5.004465e-01
0 0 0 4.977468e-01
0 0 0 4.698039e-01
0 0 0 4.152536e-01
0 0 0 3.169904e-01
0 0 0 1.726847e-01
0 0 0 0.000000e+00
0 0 0 5.018667e-01
0 0 0 5.006299e-01
0 0 0 5.001207e-01
0 0 0 5.000015e-01
0 0 0 5.000064e-01
0 0 0 5.001405e-01
0 0 0 5.004737e-01
0 0 0 4.977981e-01
0 0 0 4.698845e-01
0 0 0 4.153525e-01
0 0 0 3.170941e-01
0 0 0 1.727562e-01
0 0 0 0.000000e+00
0 0 0 5.040188e-01
0 0 0 5.015515e-01
0 0 0 5.003054e-01
0 0 0 5.000030e-01
0 0 0 4.999987e-01
0 0 0 5.001442e-01
0 0 0 5.005305e-01
0 0 0 4.979811e-01
0 0 0 4.701334e-01
0 0 0 4.156002e-01
0 0 0 3.173316e-01
0 0 0 1.729051e-01
0 0 0 0.000000e+00
0 0 0 5.069836e-01
0 0 0 5.029003e-01
0 0 0 5.006146e-01
0 0 0 4.999930e-01
0 0 0 4.999776e-01
0 0 0 5.001285e-01
0 0 0 5.005400e-01
0 0 0 4.981618e-01
0 0 0 4.704297e-01
0 0 0 4.159677e-01
0 0 0 3.176866e-01
0 0 0 1.731305e-01
0 0 0 0.000000e+00
0 0 0 5.108137e-01
0 0 0 5.049762e-01
0 0 0 5.011410e-01
0 0 0 4.999525e-01
0 0 0 4.999169e-01
0 0 0 5.000941e-01
0 0 0 5.005063e-01
0 0 0 4.982942e-01
0 0 0 4.707504e-01
0 0 0 4.164022e-01
0 0 0 3.180982e-01
0 0 0 1.733910e-01
0 0 0 0.000000e+00
0 0 0 5.151381e-01
0 0 0 5.078803e-01
0 0 0 5.020971e-01
0 0 0 4.999441e-01
0 0 0 4.998017e-01
0 0 0 5.000414e-01
0 0 0 5.004541e-01
0 0 0 4.983962e-01
0 0 0 4.711140e-01
0 0 0 4.168595e-01
0 0 0 3.185071e-01
0 0 0 1.736490e-01
0 0 0 0.000000e+00
0 0 0 5.188364e-01
0 0 0 5.109568e-01
0 0 0 5.034440e-01
0 0 0 5.000844e-01
0 0 0 4.996762e-01
0 0 0 4.999783e-01
0 0 0 5.004017e-01
0 0 0 4.984632e-01
0 0 0 4.714395e-01
0 0 0 4.172658e-01
0 0 0 3.188546e-01
0 0 0 1.738669e-01
0 0 0 0.000000e+00
0 0 0 5.211291e-01
0 0 0 5.131578e-01
0 0 0 5.046273e-01
0 0 0 5.003181e-01
0 0 0 4.996059e-01
0 0 0 4.999295e-01
0 0 0 5.003619e-01
0 0 0 4.984829e-01
0 0 0 4.716384e-01
0 0 0 4.175401e-01
0 0 0 3.190878e-01
0 0 0 1.740125e-01
0 0 0 0.000000e+00
0 0 0 5.218897e-01
0 0 0 5.139297e-01
0 0 0 5.050825e-01
0 0 0 5.004290e-01
0 0 0 4.995883e-01
0 0 0 4.999123e-01
0 0 0 5.003426e-01
0 0 0 4.984689e-01
0 0 0 4.716928e-01
0 0 0 4.176362e-01
0 0 0 3.191699e-01
0 0 0 1.740637e-01
0 0 0 0.000000e+00
0 0 0 5.211291e-01
0 0 0 5.131578e-01
0 0 0 5.046273e-01
0 0 0 5.003181e-01
0 0 0 4.996059e-01
0 0 0 4.999295e-01
0 0 0 5.003619e-01
0 0 0 4.984829e-01
0 0 0 4.716384e-01
0 0 0 4.175401e-01
0 0 0 3.190879e-01
0 0 0 1.740126e-01
0 0 0 0.000000e+00
0 0 0 5.188364e-01
0 0 0 5.109568e-01
0 0 0 5.034440e-01
0 0 0 5.000844e-01
0 0 0 4.996762e-01
0 0 0 4.999783e-01
0 0 0 5.004017e-01
0 0 0 4.984632e-01
0 0 0 4.714395e-01
0 0 0 4.172658e-01
0 0 0 3.188546e-01
0 0 0 1.738670e-01
0 0 0 0.000000e+00
0 0 0 5.151381e-01
0 0 0 5.078803e-01
0 0 0 5.020971e-01
0 0 0 4.999441e-01
0 0 0 4.998017e-01
0 0 0 5.000414e-01
0 0 0 5.004541e-01
0 0 0 4.983962e-01
0 0 0 4.711140e-01
0 0 0 4.168596e-01
0 0 0 3.185072e-01
0 0 0 1.736490e-01
0 0 0 0.000000e+00
0 0 0 5.108136e-01
0 0 0 5.049762e-01
0 0 0 5.011410e-01
0 0 0 4.999525e-01
0 0 0 4.999169e-01
0 0 0 5.000941e-01
0 0 0 5.005062e-01
0 0 0 4.982942e-01
0 0 0 4.707504e-01
0 0 0 4.164023e-01
0 0 0 3.180982e-01
0 0 0 1.733910e-01
0 0 0 0.000000e+00
0 0 0 5.069835e-01
0 0 0 5.029003e-01
0 0 0 5.006146e-01
0 0 0 4.999930e-01
0 0 0 4.999776e-01
0 0 0 5.001285e-01
0 0 0 5.005400e-01
0 0 0 4.981618e-01
0 0 0 4.704297e-01
0 0 0 4.159678e-01
0 0 0 3.176867e-01
0 0 0 1.731306e-01
0 0 0 0.000000e+00
0 0 0 5.040188e-01
0 0 0 5.015515e-01
0 0 0 5.003054e-01
0 0 0 5.000030e-01
0 0 0 4.999987e-01
0 0 0 5.001442e-01
0 0 0 5.005305e-01
0 0 0 4.979811e-01
0 0 0 4.701335e-01
0 0 0 4.156003e-01
0 0 0 3.173317e-01
0 0 0 1.729052e-01
0 0 0 0.000000e+00
0 0 0 5.018667e-01
0 0 0 5.006298e-01
0 0 0 5.001207e-01
0 0 0 5.000015e-01
0 0 0 5.000064e-01
0 0 0 5.001405e-01
0 0 0 5.004736e-01
0 0 0 4.977981e-01
0 0 0 4.698845e-01
0 0 0 4.153526e-01
0 0 0 3.170942e-01
0 0 0 1.727563e-01
0 0 0 0.000000e+00
0 0 0 5.000028e-01
0 0 0 5.002508e-01
0 0 0 5.000567e-01
0 0 0 5.000017e-01
0 0 0 5.000090e-01
0 0 0 5.001344e-01
0 0 0 5.004464e-01
0 0 0 4.977468e-01
0 0 0 4.698039e-01
0 0 0 4.152537e-01
0 0 0 3.169905e-01
0 0 0 1.726848e-01
0 0 0 0.000000e+00
0 0 0 5.000070e-01
0 0 0 5.003225e-01
0 0 0 5.000749e-01
0 0 0 5.000012e-01
0 0 0 5.000073e-01
0 0 0 5.001331e-01
0 0 0 5.004484e-01
0 0 0 4.977703e-01
0 0 0 4.699176e-01
0 0 0 4.154505e-01
0 0 0 3.172026e-01
0 0 0 1.728245e-01
0 0 0 0.000000e+00
0 0 0 5.025610e-01
0 0 0 5.008914e-01
0 0 0 5.001741e-01
0 0 0 5.000014e-01
0 0 0 5.000033e-01
0 0 0 5.001390e-01
0 0 0 5.004874e-01
0 0 0 4.978602e-01
0 0 0 4.700334e-01
0 0 0 4.155779e-01
0 0 0 3.173308e-01
0 0 0 1.729109e-01
0 0 0 0.000000e+00
0 0 0 5.058196e-01
0 0 0 5.023601e-01
0 0 0 5.004765e-01
0 0 0 4.999935e-01
0 0 0 4.999859e-01
0 0 0 5.001327e-01
0 0 0 5.005356e-01
0 0 0 4.981115e-01
0 0 0 4.703729e-01
0 0 0 4.159066e-01
0 0 0 3.176369e-01
0 0 0 1.731013e-01
0 0 0 0.000000e+00
0 0 0 5.108199e-01
0 0 0 5.049814e-01
0 0 0 5.011409e-01
0 0 0 4.999514e-01
0 0 0 4.999162e-01
0 0 0 5.000939e-01
0 0 0 5.005071e-01
0 0 0 4.982994e-01
0 0 0 4.707550e-01
0 0 0 4.163993e-01
0 0 0 3.180918e-01
0 0 0 1.733866e-01
0 0 0 0.000000e+00
0 0 0 5.174514e-01
0 0 0 5.096208e-01
0 0 0 5.027855e-01
0 0 0 4.999936e-01
0 0 0 4.997332e-01
0 0 0 5.000107e-01
0 0 0 5.004313e-01
0 0 0 4.984149e-01
0 0 0 4.711965e-01
0 0 0 4.169754e-01
0 0 0 3.186207e-01
0 0 0 1.737175e-01
0 0 0 0.000000e+00
0 0 0 5.238215e-01
0 0 0 5.156557e-01
0 0 0 5.059309e-01
0 0 0 5.005245e-01
0 0 0 4.994795e-01
0 0 0 4.998644e-01
0 0 0 5.003374e-01
0 0 0 4.984857e-01
0 0 0 4.716591e-01
0 0 0 4.175591e-01
0 0 0 3.191480e-01
0 0 0 1.740465e-01
0 0 0 0.000000e+00
0 0 0 5.283199e-01
0 0 0 5.210007e-01
0 0 0 5.097738e-01
0 0 0 5.017203e-01
0 0 0 4.993457e-01
0 0 0 4.996881e-01
0 0 0 5.002460e-01
0 0 0 4.985100e-01
0 0 0 4.720389e-01
0 0 0 4.180775e-01
0 0 0 3.195975e-01
0 0 0 1.743254e-01
0 0 0 0.000000e+00
0 0 0 5.310033e-01
0 0 0 5.243435e-01
0 0 0 5.126278e-01
0 0 0 5.029272e-01
0 0 0 4.993992e-01
0 0 0 4.995715e-01
0 0 0 5.001781e-01
0 0 0 4.984898e-01
0 0 0 4.722732e-01
0 0 0 4.184384e-01
0 0 0 3.198993e-01
0 0 0 1.745121e-01
0 0 0 0.000000e+00
0 0 0 5.319405e-01
0 0 0 5.254739e-01
0 0 0 5.136205e-01
0 0 0 5.033878e-01
0 0 0 4.994460e-01
0 0 0 4.995366e-01
0 0 0 5.001500e-01
0 0 0 4.984401e-01
0 0 0 4.723236e-01
0 0 0 4.185653e-01
0 0 0 3.200053e-01
0 0 0 1.745777e-01
0 0 0 0.000000e+00
0 0 0 5.310033e-01
0 0 0 5.243434e-01
0 0 0 5.126277e-01
0 0 0 5.029271e-01
0 0 0 4.993993e-01
0 0 0 4.995715e-01
0 0 0 5.001781e-01
0 0 0 4.984898e-01
0 0 0 4.722732e-01
0 0 0 4.184384e-01
0 0 0 3.198993e-01
0 0 0 1.745121e-01
0 0 0 0.000000e+00
0 0 0 5.283199e-01
0 0 0 5.210005e-01
0 0 0 5.097736e-01
0 0 0 5.017202e-01
0 0 0 4.993458e-01
0 0 0 4.996881e-01
0 0 0 5.002460e-01
0 0 0 4.985100e-01
0 0 0 4.720389e-01
0 0 0 4.180776e-01
0 0 0 3.195975e-01
0 0 0 1.743254e-01
0 0 0 0.000000e+00
0 0 0 5.238214e-01
0 0 0 5.156555e-01
0 0 0 5.059308e-01
0 0 0 5.005245e-01
0 0 0 4.994795e-01
0 0 0 4.998644e-01
0 0 0 5.003374e-01
0 0 0 4.984857e-01
0 0 0 4.716591e-01
0 0 0 4.175591e-01
0 0 0 3.191481e-01
0 0 0 1.740465e-01
0 0 0 0.000000e+00
0 0 0 5.174512e-01
0 0 0 5.096207e-01
0 0 0 5.027855e-01
0 0 0 4.999936e-01
0 0 0 4.997332e-01
0 0 0 5.000107e-01
0 0 0 5.004313e-01
0 0 0 4.984149e-01
0 0 0 4.711965e-01
0 0 0 4.169754e-01
0 0 0 3.186207e-01
0 0 0 1.737176e-01
0 0 0 0.000000e+00
0 0 0 5.108197e-01
0 0 0 5.049813e-01
0 0 0 5.011409e-01
0 0 0 4.999514e-01
0 0 0 4.999162e-01
0 0 0 5.000939e-01
0 0 0 5.005071e-01
0 0 0 4.982994e-01
0 0 0 4.707550e-01
0 0 0 4.163993e-01
0 0 0 3.180918e-01
0 0 0 1.733867e-01
0 0 0 0.000000e+00
0 0 0 5.058195e-01
0 0 0 5.023601e-01
0 0 0 5.004765e-01
0 0 0 4.999935e-01
0 0 0 4.999859e-01
0 0 0 5.001327e-01
0 0 0 5.005356e-01
0 0 0 4.981115e-01
0 0 0 4.703729e-01
0 0 0 4.159066e-01
0 0 0 3.176369e-01
0 0 0 1.731014e-01
0 0 0 0.000000e+00
0 0 0 5.025610e-01
0 0 0 5.008914e-01
0 0 0 5.001741e-01
0 0 0 5.000014e-01
0 0 0 5.000033e-01
0 0 0 5.001390e-01
0 0 0 5.004874e-01
0 0 0 4.978602e-01
0 0 0 4.700335e-01
0 0 0 4.155779e-01
0 0 0 3.173309e-01
0 0 0 1.729109e-01
0 0 0 0.000000e+00
0 0 0 5.000070e-01
0 0 0 5.003225e-01
0 0 0 5.000749e-01
0 0 0 5.000012e-01
0 0 0 5.000073e-01
0 0 0 5.001331e-01
0 0 0 5.004483e-01
0 0 0 4.977703e-01
0 0 0 4.699176e-01
0 0 0 4.154505e-01
0 0 0 3.172026e-01
0 0 0 1.728245e-01
0 0 0 0.000000e+00
0 0 0 5.000122e-01
0 0 0 5.003914e-01
0 0 0 5.000920e-01
0 0 0 5.000009e-01
0 0 0 5.000059e-01
0 0 0 5.001257e-01
0 0 0 5.004259e-01
0 0 0 4.977884e-01
0 0 0 4.700316e-01
0 0 0 4.156461e-01
0 0 0 3.174126e-01
0 0 0 1.729629e-01
0 0 0 0.000000e+00
0 0 0 5.032348e-01
0 0 0 5.011541e-01
0 0 0 5.002243e-01
0 0 0 4.999985e-01
0 0 0 4.999996e-01
0 0 0 5.001327e-01
0 0 0 5.004874e-01
0 0 0 4.979334e-01
0 0 0 4.701937e-01
0 0 0 4.158027e-01
0 0 0 3.175650e-01
0 0 0 1.730639e-01
0 0 0 0.000000e+00
0 0 0 5.077711e-01
0 0 0 5.033197e-01
0 0 0 5.006802e-01
0 0 0 4.999638e-01
0 0 0 4.999599e-01
0 0 0 5.001148e-01
0 0 0 5.005254e-01
0 0 0 4.982348e-01
0 0 0 4.706287e-01
0 0 0 4.162201e-01
0 0 0 3.179396e-01
0 0 0 1.732955e-01
0 0 0 0.000000e+00
0 0 0 5.151570e-01
0 0 0 5.079015e-01
0 0 0 5.021027e-01
0 0 0 4.999419e-01
0 0 0 4.997997e-01
0 0 0 5.000409e-01
0 0 0 5.004549e-01
0 0 0 4.984013e-01
0 0 0 4.711178e-01
0 0 0 4.168542e-01
0 0 0 3.184954e-01
0 0 0 1.736408e-01
0 0 0 0.000000e+00
0 0 0 5.238326e-01
0 0 0 5.156759e-01
0 0 0 5.059425e-01
0 0 0 5.005255e-01
0 0 0 4.994778e-01
0 0 0 4.998637e-01
0 0 0 5.003373e-01
0 0 0 4.984845e-01
0 0 0 4.716558e-01
0 0 0 4.175555e-01
0 0 0 3.191430e-01
0 0 0 1.740429e-01
0 0 0 0.000000e+00
0 0 0 5.307235e-01
0 0 0 5.240769e-01
0 0 0 5.123331e-01
0 0 0 5.026795e-01
0 0 0 4.992811e-01
0 0 0 4.995464e-01
0 0 0 5.001916e-01
0 0 0 4.985266e-01
0 0 0 4.722070e-01
0 0 0 4.182494e-01
0 0 0 3.197905e-01
0 0 0 1.744442e-01
0 0 0 0.000000e+00
0 0 0 5.353678e-01
0 0 0 5.302462e-01
0 0 0 5.187301e-01
0 0 0 5.061228e-01
0 0 0 4.996560e-01
0 0 0 4.992126e-01
0 0 0 5.000345e-01
0 0 0 4.985298e-01
0 0 0 4.726831e-01
0 0 0 4.188758e-01
0 0 0 3.203444e-01
0 0 0 1.747858e-01
0 0 0 0.000000e+00
0 0 0 5.383673e-01
0 0 0 5.338741e-01
0 0 0 5.227908e-01
0 0 0 5.088808e-01
0 0 0 5.003273e-01
0 0 0 4.990622e-01
0 0 0 4.999268e-01
0 0 0 4.984898e-01
0 0 0 4.729782e-01
0 0 0 4.193201e-01
0 0 0 3.207167e-01
0 0 0 1.750150e-01
0 0 0 0.000000e+00
0 0 0 5.395196e-01
0 0 0 5.351993e-01
0 0 0 5.241672e-01
0 0 0 5.098097e-01
0 0 0 5.005948e-01
0 0 0 4.990344e-01
0 0 0 4.998910e-01
0 0 0 4.984002e-01
0 0 0 4.730226e-01
0 0 0 4.194787e-01
0 0 0 3.208472e-01
0 0 0 1.750956e-01
0 0 0 0.000000e+00
0 0 0 5.383674e-01
0 0 0 5.338741e-01
0 0 0 5.227907e-01
0 0 0 5.088807e-01
0 0 0 5.003273e-01
0 0 0 4.990622e-01
0 0 0 4.999268e-01
0 0 0 4.984898e-01
0 0 0 4.729782e-01
0 0 0 4.193201e-01
0 0 0 3.207167e-01
0 0 0 1.750150e-01
0 0 0 0.000000e+00
0 0 0 5.353678e-01
0 0 0 5.302461e-01
0 0 0 5.187299e-01
0 0 0 5.061226e-01
0 0 0 4.996560e-01
0 0 0 4.992127e-01
0 0 0 5.000346e-01
0 0 0 4.985298e-01
0 0 0 4.726832e-01
0 0 0 4.188757e-01
0 0 0 3.203444e-01
0 0 0 1.747858e-01
0 0 0 0.000000e+00
0 0 0 5.307235e-01
0 0 0 5.240767e-01
0 0 0 5.123327e-01
0 0 0 5.026794e-01
0 0 0 4.992812e-01
0 0 0 4.995464e-01
0 0 0 5.001916e-01
0 0 0 4.985266e-01
0 0 0 4.722070e-01
0 0 0 4.182494e-01
0 0 0 3.197905e-01
0 0 0 1.744442e-01
0 0 0 0.000000e+00
0 0 0 5.238324e-01
0 0 0 5.156755e-01
0 0 0 5.059422e-01
0 0 0 5.005255e-01
0 0 0 4.994778e-01
0 0 0 4.998637e-01
0 0 0 5.003373e-01
0 0 0 4.984845e-01
0 0 0 4.716558e-01
0 0 0 4.175555e-01
0 0 0 3.191430e-01
0 0 0 1.740429e-01
0 0 0 0.000000e+00
0 0 0 5.151567e-01
0 0 0 5.079013e-01
0 0 0 5.021026e-01
0 0 0 4.999419e-01
0 0 0 4.997997e-01
0 0 0 5.000409e-01
0 0 0 5.004549e-01
0 0 0 4.984013e-01
0 0 0 4.711178e-01
0 0 0 4.168542e-01
0 0 0 3.184954e-01
0 0 0 1.736408e-01
0 0 0 0.000000e+00
0 0 0 5.077709e-01
0 0 0 5.033196e-01
0 0 0 5.006802e-01
0 0 0 4.999639e-01
0 0 0 4.999599e-01
0 0 0 5.001148e-01
0 0 0 5.005254e-01
0 0 0 4.982348e-01
0 0 0 4.706287e-01
0 0 0 4.162201e-01
0 0 0 3.179396e-01
0 0 0 1.732955e-01
0 0 0 0.000000e+00
0 0 0 5.032347e-01
0 0 0 5.011540e-01
0 0 0 5.002243e-01
0 0 0 4.999985e-01
0 0 0 4.999996e-01
0 0 0 5.001327e-01
0 0 0 5.004874e-01
0 0 0 4.979334e-01
0 0 0 4.701937e-01
0 0 0 4.158026e-01
0 0 0 3.175650e-01
0 0 0 1.730639e-01
0 0 0 0.000000e+00
0 0 0 5.000122e-01
0 0 0 5.003914e-01
0 0 0 5.000920e-01
0 0 0 5.000009e-01
0 0 0 5.000059e-01
0 0 0 5.001256e-01
0 0 0 5.004258e-01
0 0 0 4.977884e-01
0 0 0 4.700317e-01
0 0 0 4.156461e-01
0 0 0 3.174126e-01
0 0 0 1.729628e-01
0 0 0 0.000000e+00
0 0 0 5.000174e-01
0 0 0 5.004554e-01
0 0 0 5.001046e-01
0 0 0 4.999998e-01
0 0 0 5.000046e-01
0 0 0 5.001153e-01
0 0 0 5.003956e-01
0 0 0 4.978305e-01
0 0 0 4.701518e-01
0 0 0 4.158123e-01
0 0 0 3.175896e-01
0 0 0 1.730795e-01
0 0 0 0.000000e+00
0 0 0 5.038165e-01
0 0 0 5.013869e-01
0 0 0 5.002615e-01
0 0 0 4.999906e-01
0 0 0 4.999947e-01
0 0 0 5.001252e-01
0 0 0 5.004911e-01
0 0 0 4.980448e-01
0 0 0 4.703656e-01
0 0 0 4.159949e-01
0 0 0 3.177627e-01
0 0 0 1.731930e-01
0 0 0 0.000000e+00
0 0 0 5.096042e-01
0 0 0 5.043386e-01
0 0 0 5.009249e-01
0 0 0 4.999294e-01
0 0 0 4.999232e-01
0 0 0 5.000949e-01
0 0 0 5.005099e-01
0 0 0 4.983493e-01
0 0 0 4.708765e-01
0 0 0 4.165006e-01
0 0 0 3.181964e-01
0 0 0 1.734596e-01
0 0 0 0.000000e+00
0 0 0 5.188687e-01
0 0 0 5.110030e-01
0 0 0 5.034641e-01
0 0 0 5.000835e-01
0 0 0 4.996722e-01
0 0 0 4.999770e-01
0 0 0 5.004017e-01
0 0 0 4.984648e-01
0 0 0 4.714368e-01
0 0 0 4.172558e-01
0 0 0 3.188392e-01
0 0 0 1.738561e-01
0 0 0 0.000000e+00
0 0 0 5.283404e-01
0 0 0 5.210466e-01
0 0 0 5.098101e-01
0 0 0 5.017294e-01
0 0 0 4.993423e-01
0 0 0 4.996858e-01
0 0 0 5.002455e-01
0 0 0 4.985080e-01
0 0 0 4.720335e-01
0 0 0 4.180719e-01
0 0 0 3.195890e-01
0 0 0 1.743193e-01
0 0 0 0.000000e+00
0 0 0 5.353746e-01
0 0 0 5.302668e-01
0 0 0 5.187559e-01
0 0 0 5.061357e-01
0 0 0 4.996560e-01
0 0 0 4.992107e-01
0 0 0 5.000340e-01
0 0 0 4.985272e-01
0 0 0 4.726790e-01
0 0 0 4.188741e-01
0 0 0 3.203409e-01
0 0 0 1.747833e-01
0 0 0 0.000000e+00
0 0 0 5.404314e-01
0 0 0 5.364411e-01
0 0 0 5.262761e-01
0 0 0 5.117873e-01
0 0 0 5.011715e-01
0 0 0 4.988425e-01
0 0 0 4.997911e-01
0 0 0 4.985414e-01
0 0 0 4.732817e-01
0 0 0 4.195594e-01
0 0 0 3.209881e-01
0 0 0 1.751797e-01
0 0 0 0.000000e+00
0 0 0 5.438980e-01
0 0 0 5.403600e-01
0 0 0 5.308103e-01
0 0 0 5.156229e-01
0 0 0 5.027520e-01
0 0 0 4.988291e-01
0 0 0 4.996540e-01
0 0 0 4.985600e-01
0 0 0 4.736995e-01
0 0 0 4.200415e-01
0 0 0 3.214255e-01
0 0 0 1.754467e-01
0 0 0 0.000000e+00
0 0 0 5.452042e-01
0 0 0 5.419135e-01
0 0 0 5.324760e-01
0 0 0 5.168486e-01
0 0 0 5.032548e-01
0 0 0 4.988688e-01
0 0 0 4.996332e-01
0 0 0 4.984894e-01
0 0 0 4.737504e-01
0 0 0 4.202054e-01
0 0 0 3.215793e-01
0 0 0 1.755408e-01
0 0 0 0.000000e+00
0 0 0 5.438980e-01
0 0 0 5.403599e-01
0 0 0 5.308102e-01
0 0 0 5.156228e-01
0 0 0 5.027520e-01
0 0 0 4.988291e-01
0 0 0 4.996540e-01
0 0 0 4.985600e-01
0 0 0 4.736995e-01
0 0 0 4.200415e-01
0 0 0 3.214255e-01
0 0 0 1.754467e-01
0 0 0 0.000000e+00
0 0 0 5.404314e-01
0 0 0 5.364411e-01
0 0 0 5.262759e-01
0 0 0 5.117870e-01
0 0 0 5.011714e-01
0 0 0 4.988425e-01
0 0 0 4.997911e-01
0 0 0 4.985415e-01
0 0 0 4.732817e-01
0 0 0 4.195593e-01
0 0 0 3.209881e-01
0 0 0 1.751797e-01
0 0 0 0.000000e+00
0 0 0 5.353746e-01
0 0 0 5.302666e-01
0 0 0 5.187555e-01
0 0 0 5.061354e-01
0 0 0 4.996560e-01
0 0 0 4.992108e-01
0 0 0 5.000340e-01
0 0 0 4.985272e-01
0 0 0 4.726790e-01
0 0 0 4.188741e-01
0 0 0 3.203409e-01
0 0 0 1.747833e-01
0 0 0 0.000000e+00
0 0 0 5.283402e-01
0 0 0 5.210462e-01
0 0 0 5.098097e-01
0 0 0 5.017292e-01
0 0 0 4.993423e-01
0 0 0 4.996858e-01
0 0 0 5.002456e-01
0 0 0 4.985080e-01
0 0 0 4.720335e-01
0 0 0 4.180719e-01
0 0 0 3.195890e-01
0 0 0 1.743192e-01
0 0 0 0.000000e+00
0 0 0 5.188684e-01
0 0 0 5.110026e-01
0 0 0 5.034639e-01
0 0 0 5.000835e-01
0 0 0 4.996722e-01
0 0 0 4.999770e-01
0 0 0 5.004017e-01
0 0 0 4.984648e-01
0 0 0 4.714367e-01
0 0 0 4.172558e-01
0 0 0 3.188392e-01
0 0 0 1.738561e-01
0 0 0 0.000000e+00
0 0 0 5.096040e-01
0 0 0 5.043385e-01
0 0 0 5.009248e-01
0 0 0 4.999294e-01
0 0 0 4.999232e-01
0 0 0 5.000949e-01
0 0 0 5.005099e-01
0 0 0 4.983493e-01
0 0 0 4.708764e-01
0 0 0 4.165005e-01
0 0 0 3.181963e-01
0 0 0 1.734596e-01
0 0 0 0.000000e+00
0 0 0 5.038164e-01
0 0 0 5.013868e-01
0 0 0 5.002614e-01
0 0 0 4.999906e-01
0 0 0 4.999947e-01
0 0 0 5.001252e-01
0 0 0 5.004911e-01
0 0 0 4.980448e-01
0 0 0 4.703656e-01
0 0 0 4.159949e-01
0 0 0 3.177627e-01
0 0 0 1.731929e-01
0 0 0 0.000000e+00
0 0 0 5.000174e-01
0 0 0 5.004554e-01
0 0 0 5.001046e-01
0 0 0 4.999998e-01
0 0 0 5.000046e-01
0 0 0 5.001153e-01
0 0 0 5.003956e-01
0 0 0 4.978305e-01
0 0 0 4.701518e-01
0 0 0 4.158122e-01
0 0 0 3.175895e-01
0 0 0 1.730794e-01
0 0 0 0.000000e+00
0 0 0 5.000204e-01
0 0 0 5.005001e-01
0 0 0 5.001105e-01
0 0 0 4.999978e-01
0 0 0 5.000034e-01
0 0 0 5.001101e-01
0 0 0 5.003926e-01
0 0 0 4.978777e-01
0 0 0 4.702248e-01
0 0 0 4.159234e-01
0 0 0 3.177076e-01
0 0 0 1.731572e-01
0 0 0 0.000000e+00
0 0 0 5.042162e-01
0 0 0 5.015486e-01
0 0 0 5.002809e-01
0 0 0 4.999803e-01
0 0 0 4.999897e-01
0 0 0 5.001216e-01
0 0 0 5.005127e-01
0 0 0 4.981483e-01
0 0 0 4.704817e-01
0 0 0 4.161239e-01
0 0 0 3.178948e-01
0 0 0 1.732791e-01
0 0 0 0.000000e+00
0 0 0 5.109075e-01
0 0 0 5.051530e-01
0 0 0 5.011558e-01
0 0 0 4.999140e-01
0 0 0 4.998920e-01
0 0 0 5.000793e-01
0 0 0 5.004969e-01
0 0 0 4.984086e-01
0 0 0 4.710264e-01
0 0 0 4.166956e-01
0 0 0 3.183685e-01
0 0 0 1.735692e-01
0 0 0 0.000000e+00
0 0 0 5.211718e-01
0 0 0 5.132291e-01
0 0 0 5.046657e-01
0 0 0 5.003209e-01
0 0 0 4.995999e-01
0 0 0 4.999271e-01
0 0 0 5.003611e-01
0 0 0 4.984809e-01
0 0 0 4.716306e-01
0 0 0 4.175273e-01
0 0 0 3.190704e-01
0 0 0 1.740002e-01
0 0 0 0.000000e+00
0 0 0 5.310246e-01
0 0 0 5.244087e-01
0 0 0 5.126910e-01
0 0 0 5.029491e-01
0 0 0 4.993951e-01
0 0 0 4.995671e-01
0 0 0 5.001768e-01
0 0 0 4.984861e-01
0 0 0 4.722662e-01
0 0 0 4.184317e-01
0 0 0 3.198889e-01
0 0 0 1.745045e-01
0 0 0 0.000000e+00
0 0 0 5.383725e-01
0 0 0 5.339026e-01
0 0 0 5.228399e-01
0 0 0 5.089136e-01
0 0 0 5.003305e-01
0 0 0 4.990577e-01
0 0 0 4.999251e-01
0 0 0 4.984838e-01
0 0 0 4.729684e-01
0 0 0 4.193166e-01
0 0 0 3.207111e-01
0 0 0 1.750111e-01
0 0 0 0.000000e+00
0 0 0 5.438966e-01
0 0 0 5.403635e-01
0 0 0 5.308278e-01
0 0 0 5.156438e-01
0 0 0 5.027582e-01
0 0 0 4.988267e-01
0 0 0 4.996523e-01
0 0 0 4.985546e-01
0 0 0 4.736925e-01
0 0 0 4.200392e-01
0 0 0 3.214234e-01
0 0 0 1.754453e-01
0 0 0 0.000000e+00
0 0 0 5.475738e-01
0 0 0 5.446473e-01
0 0 0 5.358901e-01
0 0 0 5.199532e-01
0 0 0 5.047780e-01
0 0 0 4.990280e-01
0 0 0 4.996044e-01
0 0 0 4.988915e-01
0 0 0 4.742361e-01
0 0 0 4.206024e-01
0 0 0 3.219083e-01
0 0 0 1.757386e-01
0 0 0 0.000000e+00
0 0 0 5.488943e-01
0 0 0 5.463482e-01
0 0 0 5.379180e-01
0 0 0 5.213937e-01
0 0 0 5.053020e-01
0 0 0 4.991269e-01
0 0 0 4.996889e-01
0 0 0 4.991855e-01
0 0 0 4.743271e-01
0 0 0 4.207989e-01
0 0 0 3.220795e-01
0 0 0 1.758422e-01
0 0 0 0.000000e+00
0 0 0 5.475738e-01
0 0 0 5.446472e-01
0 0 0 5.358900e-01
0 0 0 5.199531e-01
0 0 0 5.047779e-01
0 0 0 4.990279e-01
0 0 0 4.996044e-01
0 0 0 4.988915e-01
0 0 0 4.742360e-01
0 0 0 4.206024e-01
0 0 0 3.219083e-01
0 0 0 1.757386e-01
0 0 0 0.000000e+00
0 0 0 5.438965e-01
0 0 0 5.403634e-01
0 0 0 5.308276e-01
0 0 0 5.156435e-01
0 0 0 5.027580e-01
0 0 0 4.988267e-01
0 0 0 4.996524e-01
0 0 0 4.985546e-01
0 0 0 4.736924e-01
0 0 0 4.200392e-01
0 0 0 3.214234e-01
0 0 0 1.754452e-01
0 0 0 0.000000e+00
0 0 0 5.383725e-01
0 0 0 5.339024e-01
0 0 0 5.228394e-01
0 0 0 5.089132e-01
0 0 0 5.003303e-01
0 0 0 4.990578e-01
0 0 0 4.999251e-01
0 0 0 4.984838e-01
0 0 0 4.729683e-01
0 0 0 4.193165e-01
0 0 0 3.207110e-01
0 0 0 1.750110e-01
0 0 0 0.000000e+00
0 0 0 5.310245e-01
0 0 0 5.244083e-01
0 0 0 5.126905e-01
0 0 0 5.029489e-01
0 0 0 4.993951e-01
0 0 0 4.995671e-01
0 0 0 5.001768e-01
0 0 0 4.984861e-01
0 0 0 4.722661e-01
0 0 0 4.184316e-01
0 0 0 3.198888e-01
0 0 0 1.745045e-01
0 0 0 0.000000e+00
0 0 0 5.211715e-01
0 0 0 5.132286e-01
0 0 0 5.046654e-01
0 0 0 5.003209e-01
0 0 0 4.996000e-01
0 0 0 4.999271e-01
0 0 0 5.003611e-01
0 0 0 4.984809e-01
0 0 0 4.716306e-01
0 0 0 4.175272e-01
0 0 0 3.190703e-01
0 0 0 1.740001e-01
0 0 0 0.000000e+00
0 0 0 5.109072e-01
0 0 0 5.051528e-01
0 0 0 5.011557e-01
0 0 0 4.999140e-01
0 0 0 4.998920e-01
0 0 0 5.000793e-01
0 0 0 5.004969e-01
0 0 0 4.984086e-01
0 0 0 4.710263e-01
0 0 0 4.166955e-01
0 0 0 3.183684e-01
0 0 0 1.735691e-01
0 0 0 0.000000e+00
0 0 0 5.042161e-01
0 0 0 5.015485e-01
0 0 0 5.002809e-01
0 0 0 4.999803e-01
0 0 0 4.999897e-01
0 0 0 5.001216e-01
0 0 0 5.005127e-01
0 0 0 4.981483e-01
0 0 0 4.704816e-01
0 0 0 4.161239e-01
0 0 0 3.178947e-01
0 0 0 1.732790e-01
0 0 0 0.000000e+00
0 0 0 5.000204e-01
0 0 0 5.005000e-01
0 0 0 5.001105e-01
0 0 0 4.999978e-01
0 0 0 5.000034e-01
0 0 0 5.001101e-01
0 0 0 5.003926e-01
0 0 0 4.978777e-01
0 0 0 4.702247e-01
0 0 0 4.159233e-01
0 0 0 3.177075e-01
0 0 0 1.731571e-01
0 0 0 0.000000e+00
0 0 0 5.000206e-01
0 0 0 5.005150e-01
0 0 0 5.001128e-01
0 0 0 4.999971e-01
0 0 0 5.000030e-01
0 0 0 5.001089e-01
0 0 0 5.003938e-01
0 0 0 4.978864e-01
0 0 0 4.702501e-01
0 0 0 4.159623e-01
0 0 0 3.177490e-01
0 0 0 1.731845e-01
0 0 0 0.000000e+00
0 0 0 5.043621e-01
0 0 0 5.016088e-01
0 0 0 5.002883e-01
0 0 0 4.999762e-01
0 0 0 4.999877e-01
0 0 0 5.001206e-01
0 0 0 5.005210e-01
0 0 0 4.981787e-01
0 0 0 4.705224e-01
0 0 0 4.161692e-01
0 0 0 3.179411e-01
0 0 0 1.733093e-01
0 0 0 0.000000e+00
0 0 0 5.113794e-01
0 0 0 5.054688e-01
0 0 0 5.012560e-01
0 0 0 4.999137e-01
0 0 0 4.998807e-01
0 0 0 5.000732e-01
0 0 0 5.004866e-01
0 0 0 4.984119e-01
0 0 0 4.710688e-01
0 0 0 4.167654e-01
0 0 0 3.184291e-01
0 0 0 1.736077e-01
0 0 0 0.000000e+00
0 0 0 5.219356e-01
0 0 0 5.140116e-01
0 0 0 5.051297e-01
0 0 0 5.004340e-01
0 0 0 4.995816e-01
0 0 0 4.999094e-01
0 0 0 5.003411e-01
0 0 0 4.984646e-01
0 0 0 4.716827e-01
0 0 0 4.176222e-01
0 0 0 3.191518e-01
0 0 0 1.740508e-01
0 0 0 0.000000e+00
0 0 0 5.319590e-01
0 0 0 5.255453e-01
0 0 0 5.136965e-01
0 0 0 5.034169e-01
0 0 0 4.994418e-01
0 0 0 4.995311e-01
0 0 0 5.001483e-01
0 0 0 4.984341e-01
0 0 0 4.723130e-01
0 0 0 4.185572e-01
0 0 0 3.199941e-01
0 0 0 1.745697e-01
0 0 0 0.000000e+00
0 0 0 5.395208e-01
0 0 0 5.352270e-01
0 0 0 5.242251e-01
0 0 0 5.098532e-01
0 0 0 5.006006e-01
0 0 0 4.990287e-01
0 0 0 4.998887e-01
0 0 0 4.983941e-01
0 0 0 4.730115e-01
0 0 0 4.194743e-01
0 0 0 3.208409e-01
0 0 0 1.750912e-01
0 0 0 0.000000e+00
0 0 0 5.452007e-01
0 0 0 5.419146e-01
0 0 0 5.324973e-01
0 0 0 5.168799e-01
0 0 0 5.032659e-01
0 0 0 4.988656e-01
0 0 0 4.996302e-01
0 0 0 4.984819e-01
0 0 0 4.737428e-01
0 0 0 4.202026e-01
0 0 0 3.215765e-01
0 0 0 1.755389e-01
0 0 0 0.000000e+00
0 0 0 5.488928e-01
0 0 0 5.463450e-01
0 0 0 5.379196e-01
0 0 0 5.214028e-01
0 0 0 5.053075e-01
0 0 0 4.991265e-01
0 0 0 4.996873e-01
0 0 0 4.991791e-01
0 0 0 4.743246e-01
0 0 0 4.207987e-01
0 0 0 3.220788e-01
0 0 0 1.758417e-01
0 0 0 0.000000e+00
0 0 0 5.501910e-01
0 0 0 5.480632e-01
0 0 0 5.401514e-01
0 0 0 5.229829e-01
0 0 0 5.057774e-01
0 0 0 4.992200e-01
0 0 0 4.998593e-01
0 0 0 4.999093e-01
0 0 0 4.744831e-01
0 0 0 4.210062e-01
0 0 0 3.222565e-01
0 0 0 1.759487e-01
0 0 0 0.000000e+00
0 0 0 5.488927e-01
0 0 0 5.463448e-01
0 0 0 5.379194e-01
0 0 0 5.214027e-01
0 0 0 5.053074e-01
0 0 0 4.991265e-01
0 0 0 4.996873e-01
0 0 0 4.991791e-01
0 0 0 4.743245e-01
0 0 0 4.207986e-01
0 0 0 3.220788e-01
0 0 0 1.758417e-01
0 0 0 0.000000e+00
0 0 0 5.452006e-01
0 0 0 5.419144e-01
0 0 0 5.324971e-01
0 0 0 5.168796e-01
0 0 0 5.032657e-01
0 0 0 4.988656e-01
0 0 0 4.996302e-01
0 0 0 4.984819e-01
0 0 0 4.737427e-01
0 0 0 4.202026e-01
0 0 0 3.215765e-01
0 0 0 1.755389e-01
0 0 0 0.000000e+00
0 0 0 5.395207e-01
0 0 0 5.352267e-01
0 0 0 5.242247e-01
0 0 0 5.098528e-01
0 0 0 5.006004e-01
0 0 0 4.990287e-01
0 0 0 4.998887e-01
0 0 0 4.983941e-01
0 0 0 4.730115e-01
0 0 0 4.194742e-01
0 0 0 3.208408e-01
0 0 0 1.750912e-01
0 0 0 0.000000e+00
0 0 0 5.319588e-01
0 0 0 5.255449e-01
0 0 0 5.136960e-01
0 0 0 5.034166e-01
0 0 0 4.994418e-01
0 0 0 4.995311e-01
0 0 0 5.001483e-01
0 0 0 4.984341e-01
0 0 0 4.723129e-01
0 0 0 4.185571e-01
0 0 0 3.199941e-01
0 0 0 1.745696e-01
0 0 0 0.000000e+00
0 0 0 5.219353e-01
0 0 0 5.140111e-01
0 0 0 5.051294e-01
0 0 0 5.004340e-01
0 0 0 4.995816e-01
0 0 0 4.999094e-01
0 0 0 5.003411e-01
0 0 0 4.984645e-01
0 0 0 4.716827e-01
0 0 0 4.176221e-01
0 0 0 3.191517e-01
0 0 0 1.740507e-01
0 0 0 0.000000e+00
0 0 0 5.113791e-01
0 0 0 5.054685e-01
0 0 0 5.012559e-01
0 0 0 4.999137e-01
0 0 0 4.998807e-01
0 0 0 5.000732e-01
0 0 0 5.004866e-01
0 0 0 4.984118e-01
0 0 0 4.710687e-01
0 0 0 4.167653e-01
0 0 0 3.184290e-01
0 0 0 1.736076e-01
0 0 0 0.000000e+00
0 0 0 5.043620e-01
0 0 0 5.016087e-01
0 0 0 5.002882e-01
0 0 0 4.999762e-01
0 0 0 4.999877e-01
0 0 0 5.001206e-01
0 0 0 5.005210e-01
0 0 0 4.981787e-01
0 0 0 4.705224e-01
0 0 0 4.161691e-01
0 0 0 3.179410e-01
0 0 0 1.733092e-01
0 0 0 0.000000e+00
0 0 0 5.000206e-01
0 0 0 5.005149e-01
0 0 0 5.001128e-01
0 0 0 4.999971e-01
0 0 0 5.000030e-01
0 0 0 5.001089e-01
0 0 0 5.003938e-01
0 0 0 4.978864e-01
0 0 0 4.702500e-01
0 0 0 4.159622e-01
0 0 0 3.177489e-01
0 0 0 1.731844e-01
0 0 0 0.000000e+00
0 0 0 5.000204e-01
0 0 0 5.005001e-01
0 0 0 5.001105e-01
0 0 0 4.999978e-01
0 0 0 5.000034e-01
0 0 0 5.001101e-01
0 0 0 5.003926e-01
0 0 0 4.978777e-01
0 0 0 4.702248e-01
0 0 0 4.159234e-01
0 0 0 3.177076e-01
0 0 0 1.731572e-01
0 0 0 0.000000e+00
0 0 0 5.042162e-01
0 0 0 5.015486e-01
0 0 0 5.002809e-01
0 0 0 4.999803e-01
0 0 0 4.999897e-01
0 0 0 5.001216e-01
0 0 0 5.005127e-01
0 0 0 4.981483e-01
0 0 0 4.704817e-01
0 0 0 4.161239e-01
0 0 0 3.178948e-01
0 0 0 1.732791e-01
0 0 0 0.000000e+00
0 0 0 5.109075e-01
0 0 0 5.051530e-01
0 0 0 5.011558e-01
0 0 0 4.999140e-01
0 0 0 4.998920e-01
0 0 0 5.000793e-01
0 0 0 5.004969e-01
0 0 0 4.984086e-01
0 0 0 4.710264e-01
0 0 0 4.166956e-01
0 0 0 3.183685e-01
0 0 0 1.735692e-01
0 0 0 0.000000e+00
0 0 0 5.211718e-01
0 0 0 5.132291e-01
0 0 0 5.046657e-01
0 0 0 5.003209e-01
0 0 0 4.995999e-01
0 0 0 4.999271e-01
0 0 0 5.003611e-01
0 0 0 4.984809e-01
0 0 0 4.716306e-01
0 0 0 4.175273e-01
0 0 0 3.190704e-01
0 0 0 1.740002e-01
0 0 0 0.000000e+00
0 0 0 5.310246e-01
0 0 0 5.244087e-01
0 0 0 5.126910e-01
0 0 0 5.029491e-01
0 0 0 4.993951e-01
0 0 0 4.995671e-01
0 0 0 5.001768e-01
0 0 0 4.984861e-01
0 0 0 4.722662e-01
0 0 0 4.184317e-01
0 0 0 3.198889e-01
0 0 0 1.745045e-01
0 0 0 0.000000e+00
0 0 0 5.383725e-01
0 0 0 5.339026e-01
0 0 0 5.228399e-01
0 0 0 5.089136e-01
0 0 0 5.003305e-01
0 0 0 4.990577e-01
0 0 0 4.999251e-01
0 0 0 4.984838e-01
0 0 0 4.729684e-01
0 0 0 4.193166e-01
0 0 0 3.207111e-01
0 0 0 1.750111e-01
0 0 0 0.000000e+00
0 0 0 5.438966e-01
0 0 0 5.403635e-01
0 0 0 5.308278e-01
0 0 0 5.156438e-01
0 0 0 5.027582e-01
0 0 0 4.988267e-01
0 0 0 4.996523e-01
0 0 0 4.985546e-01
0 0 0 4.736925e-01
0 0 0 4.200392e-01
0 0 0 3.214234e-01
0 0 0 1.754453e-01
0 0 0 0.000000e+00
0 0 0 5.475738e-01
0 0 0 5.446473e-01
0 0 0 5.358901e-01
0 0 0 5.199532e-01
0 0 0 5.047780e-01
0 0 0 4.990280e-01
0 0 0 4.996044e-01
0 0 0 4.988915e-01
0 0 0 4.742361e-01
0 0 0 4.206024e-01
0 0 0 3.219083e-01
0 0 0 1.757386e-01
0 0 0 0.000000e+00
0 0 0 5.488943e-01
0 0 0 5.463482e-01
0 0 0 5.379180e-01
0 0 0 5.213937e-01
0 0 0 5.053020e-01
0 0 0 4.991269e-01
0 0 0 4.996889e-01
0 0 0 4.991855e-01
0 0 0 4.743271e-01
0 0 0 4.207989e-01
0 0 0 3.220795e-01
0 0 0 1.758422e-01
0 0 0 0.000000e+00
0 0 0 5.475738e-01
0 0 0 5.446472e-01
0 0 0 5.358900e-01
0 0 0 5.199531e-01
0 0 0 5.047779e-01
0 0 0 4.990279e-01
0 0 0 4.996044e-01
0 0 0 4.988915e-01
0 0 0 4.742360e-01
0 0 0 4.206024e-01
0 0 0 3.219083e-01
0 0 0 1.757386e-01
0 0 0 0.000000e+00
0 0 0 5.438965e-01
0 0 0 5.403634e-01
0 0 0 5.308276e-01
0 0 0 5.156435e-01
0 0 0 5.027580e-01
0 0 0 4.988267e-01
0 0 0 4.996524e-01
0 0 0 4.985546e-01
0 0 0 4.736924e-01
0 0 0 4.200392e-01
0 0 0 3.214234e-01
0 0 0 1.754452e-01
0 0 0 0.000000e+00
0 0 0 5.383725e-01
0 0 0 5.339024e-01
0 0 0 5.228394e-01
0 0 0 5.089132e-01
0 0 0 5.003303e-01
0 0 0 4.990578e-01
0 0 0 4.999251e-01
0 0 0 4.984838e-01
0 0 0 4.729683e-01
0 0 0 4.193165e-01
0 0 0 3.207110e-01
0 0 0 1.750110e-01
0 0 0 0.000000e+00
0 0 0 5.310245e-01
0 0 0 5.244083e-01
0 0 0 5.126905e-01
0 0 0 5.029489e-01
0 0 0 4.993951e-01
0 0 0 4.995671e-01
0 0 0 5.001768e-01
0 0 0 4.984861e-01
0 0 0 4.722661e-01
0 0 0 4.184316e-01
0 0 0 3.198888e-01
0 0 0 1.745045e-01
0 0 0 0.000000e+00
0 0 0 5.211715e-01
0 0 0 5.132286e-01
0 0 0 5.046654e-01
0 0 0 5.003209e-01
0 0 0 4.996000e-01
0 0 0 4.999271e-01
0 0 0 5.003611e-01
0 0 0 4.984809e-01
0 0 0 4.716306e-01
0 0 0 4.175272e-01
0 0 0 3.190703e-01
0 0 0 1.740001e-01
0 0 0 0.000000e+00
0 0 0 5.109072e-01
0 0 0 5.051528e-01
0 0 0 5.011557e-01
0 0 0 4.999140e-01
0 0 0 4.998920e-01
0 0 0 5.000793e-01
0 0 0 5.004969e-01
0 0 0 4.984086e-01
0 0 0 4.710263e-01
0 0 0 4.166955e-01
0 0 0 3.183684e-01
0 0 0 1.735691e-01
0 0 0 0.000000e+00
0 0 0 5.042161e-01
0 0 0 5.015485e-01
0 0 0 5.002809e-01
0 0 0 4.999803e-01
0 0 0 4.999897e-01
0 0 0 5.001216e-01
0 0 0 5.005127e-01
0 0 0 4.981483e-01
0 0 0 4.704816e-01
0 0 0 4.161239e-01
0 0 0 3.178947e-01
0 0 0 1.732790e-01
0 0 0 0.000000e+00
0 0 0 5.000204e-01
0 0 0 5.005000e-01
0 0 0 5.001105e-01
0 0 0 4.999978e-01
0 0 0 5.000034e-01
0 0 0 5.001101e-01
0 0 0 5.003926e-01
0 0 0 4.978777e-01
0 0 0 4.702247e-01
0 0 0 4.159233e-01
0 0 0 3.177075e-01
0 0 0 1.731571e-01
0 0 0 0.000000e+00
0 0 0 5.000174e-01
0 0 0 5.004554e-01
0 0 0 5.001046e-01
0 0 0 4.999998e-01
0 0 0 5.000046e-01
0 0 0 5.001153e-01
0 0 0 5.003956e-01
0 0 0 4.978305e-01
0 0 0 4.701518e-01
0 0 0 4.158123e-01
0 0 0 3.175896e-01
0 0 0 1.730795e-01
0 0 0 0.000000e+00
0 0 0 5.038165e-01
0 0 0 5.013869e-01
0 0 0 5.002615e-01
0 0 0 4.999906e-01
0 0 0 4.999947e-01
0 0 0 5.001252e-01
0 0 0 5.004911e-01
0 0 0 4.980448e-01
0 0 0 4.703656e-01
0 0 0 4.159949e-01
0 0 0 3.177627e-01
0 0 0 1.731930e-01
0 0 0 0.000000e+00
0 0 0 5.096042e-01
0 0 0 5.043386e-01
0 0 0 5.009249e-01
0 0 0 4.999294e-01
0 0 0 4.999232e-01
0 0 0 5.000949e-01
0 0 0 5.005099e-01
0 0 0 4.983493e-01
0 0 0 4.708765e-01
0 0 0 4.165006e-01
0 0 0 3.181964e-01
0 0 0 1.734596e-01
0 0 0 0.000000e+00
0 0 0 5.188687e-01
0 0 0 5.110030e-01
0 0 0 5.034641e-01
0 0 0 5.000835e-01
0 0 0 4.996722e-01
0 0 0 4.999770e-01
0 0 0 5.004017e-01
0 0 0 4.984648e-01
0 0 0 4.714368e-01
0 0 0 4.172558e-01
0 0 0 3.188392e-01
0 0 0 1.738561e-01
0 0 0 0.000000e+00
0 0 0 5.283404e-01
0 0 0 5.210466e-01
0 0 0 5.098101e-01
0 0 0 5.017294e-01
0 0 0 4.993423e-01
0 0 0 4.996858e-01
0 0 0 5.002455e-01
0 0 0 4.985080e-01
0 0 0 4.720335e-01
0 0 0 4.180719e-01
0 0 0 3.195890e-01
0 0 0 1.743193e-01
0 0 0 0.000000e+00
0 0 0 5.353746e-01
0 0 0 5.302668e-01
0 0 0 5.187559e-01
0 0 0 5.061357e-01
0 0 0 4.996560e-01
0 0 0 4.992107e-01
0 0 0 5.000340e-01
0 0 0 4.985272e-01
0 0 0 4.726790e-01
0 0 0 4.188741e-01
0 0 0 3.203409e-01
0 0 0 1.747833e-01
0 0 0 0.000000e+00
0 0 0 5.404314e-01
0 0 0 5.364411e-01
0 0 0 5.262761e-01
0 0 0 5.117873e-01
0 0 0 5.011715e-01
0 0 0 4.988425e-01
0 0 0 4.997911e-01
0 0 0 4.985414e-01
0 0 0 4.732817e-01
0 0 0 4.195594e-01
0 0 0 3.209881e-01
0 0 0 1.751797e-01
0 0 0 0.000000e+00
0 0 0 5.438980e-01
0 0 0 5.403600e-01
0 0 0 5.308103e-01
0 0 0 5.156229e-01
0 0 0 5.027520e-01
0 0 0 4.988291e-01
0 0 0 4.996540e-01
0 0 0 4.985600e-01
0 0 0 4.736995e-01
0 0 0 4.200415e-01
0 0 0 3.214255e-01
0 0 0 1.754467e-01
0 0 0 0.000000e+00
0 0 0 5.452042e-01
0 0 0 5.419135e-01
0 0 0 5.324760e-01
0 0 0 5.168486e-01
0 0 0 5.032548e-01
0 0 0 4.988688e-01
0 0 0 4.996332e-01
0 0 0 4.984894e-01
0 0 0 4.737504e-01
0 0 0 4.202054e-01
0 0 0 3.215793e-01
0 0 0 1.755408e-01
0 0 0 0.000000e+00
0 0 0 5.438980e-01
0 0 0 5.403599e-01
0 0 0 5.308102e-01
0 0 0 5.156228e-01
0 0 0 5.027520e-01
0 0 0 4.988291e-01
0 0 0 4.996540e-01
0 0 0 4.985600e-01
0 0 0 4.736995e-01
0 0 0 4.200415e-01
0 0 0 3.214255e-01
0 0 0 1.754467e-01
0 0 0 0.000000e+00
0 0 0 5.404314e-01
0 0 0 5.364411e-01
0 0 0 5.262759e-01
0 0 0 5.117870e-01
0 0 0 5.011714e-01
0 0 0 4.988425e-01
0 0 0 4.997911e-01
0 0 0 4.985415e-01
0 0 0 4.732817e-01
0 0 0 4.195593e-01
0 0 0 3.209881e-01
0 0 0 1.751797e-01
0 0 0 0.000000e+00
0 0 0 5.353746e-01
0 0 0 5.302666e-01
0 0 0 5.187555e-01
0 0 0 5.061354e-01
0 0 0 4.996560e-01
0 0 0 4.992108e-01
0 0 0 5.000340e-01
0 0 0 4.985272e-01
0 0 0 4.726790e-01
0 0 0 4.188741e-01
0 0 0 3.203409e-01
0 0 0 1.747833e-01
0 0 0 0.000000e+00
0 0 0 5.283402e-01
0 0 0 5.210462e-01
0 0 0 5.098097e-01
0 0 0 5.017292e-01
0 0 0 4.993423e-01
0 0 0 4.996858e-01
0 0 0 5.002456e-01
0 0 0 4.985080e-01
0 0 0 4.720335e-01
0 0 0 4.180719e-01
0 0 0 3.195890e-01
0 0 0 1.743192e-01
0 0 0 0.000000e+00
0 0 0 5.188684e-01
0 0 0 5.110026e-01
0 0 0 5.034639e-01
0 0 0 5.000835e-01
0 0 0 4.996722e-01
0 0 0 4.999770e-01
0 0 0 5.004017e-01
0 0 0 4.984648e-01
0 0 0 4.714367e-01
0 0 0 4.172558e-01
0 0 0 3.188392e-01
0 0 0 1.738561e-01
0 0 0 0.000000e+00
0 0 0 5.096040e-01
0 0 0 5.043385e-01
0 0 0 5.009248e-01
0 0 0 4.999294e-01
0 0 0 4.999232e-01
0 0 0 5.000949e-01
0 0 0 5.005099e-01
0 0 0 4.983493e-01
0 0 0 4.708764e-01
0 0 0 4.165005e-01
0 0 0 3.181963e-01
0 0 0 1.734596e-01
0 0 0 0.000000e+00
0 0 0 5.038164e-01
0 0 0 5.013868e-01
0 0 0 5.002614e-01
0 0 0 4.999906e-01
0 0 0 4.999947e-01
0 0 0 5.001252e-01
0 0 0 5.004911e-01
0 0 0 4.980448e-01
0 0 0 4.703656e-01
0 0 0 4.159949e-01
0 0 0 3.177627e-01
0 0 0 1.731929e-01
0 0 0 0.000000e+00
0 0 0 5.000174e-01
0 0 0 5.004554e-01
0 0 0 5.001046e-01
0 0 0 4.999998e-01
0 0 0 5.000046e-01
0 0 0 5.001153e-01
0 0 0 5.003956e-01
0 0 0 4.978305e-01
0 0 0 4.701518e-01
0 0 0 4.158122e-01
0 0 0 3.175895e-01
0 0 0 1.730794e-01
0 0 0 0.000000e+00
0 0 0 5.000122e-01
0 0 0 5.003914e-01
0 0 0 5.000920e-01
0 0 0 5.000009e-01
0 0 0 5.000059e-01
0 0 0 5.001257e-01
0 0 0 5.004259e-01
0 0 0 4.977884e-01
0 0 0 4.700316e-01
0 0 0 4.156461e-01
0 0 0 3.174126e-01
0 0 0 1.729629e-01
0 0 0 0.000000e+00
0 0 0 5.032348e-01
0 0 0 5.011541e-01
0 0 0 5.002243e-01
0 0 0 4.999985e-01
0 0 0 4.999996e-01
0 0 0 5.001327e-01
0 0 0 5.004874e-01
0 0 0 4.979334e-01
0 0 0 4.701937e-01
0 0 0 4.158027e-01
0 0 0 3.175650e-01
0 0 0 1.730639e-01
0 0 0 0.000000e+00
0 0 0 5.077711e-01
0 0 0 5.033197e-01
0 0 0 5.006802e-01
0 0 0 4.999638e-01
0 0 0 4.999599e-01
0 0 0 5.001148e-01
0 0 0 5.005254e-01
0 0 0 4.982348e-01
0 0 0 4.706287e-01
0 0 0 4.162201e-01
0 0 0 3.179396e-01
0 0 0 1.732955e-01
0 0 0 0.000000e+00
0 0 0 5.151570e-01
0 0 0 5.079015e-01
0 0 0 5.021027e-01
0 0 0 4.999419e-01
0 0 0 4.997997e-01
0 0 0 5.000409e-01
0 0 0 5.004549e-01
0 0 0 4.984013e-01
0 0 0 4.711178e-01
0 0 0 4.168542e-01
0 0 0 3.184954e-01
0 0 0 1.736408e-01
0 0 0 0.000000e+00
0 0 0 5.238326e-01
0 0 0 5.156759e-01
0 0 0 5.059425e-01
0 0 0 5.005255e-01
0 0 0 4.994778e-01
0 0 0 4.998637e-01
0 0 0 5.003373e-01
0 0 0 4.984845e-01
0 0 0 4.716558e-01
0 0 0 4.175555e-01
0 0 0 3.191430e-01
0 0 0 1.740429e-01
0 0 0 0.000000e+00
0 0 0 5.307235e-01
0 0 0 5.240769e-01
0 0 0 5.123331e-01
0 0 0 5.026795e-01
0 0 0 4.992811e-01
0 0 0 4.995464e-01
0 0 0 5.001916e-01
0 0 0 4.985266e-01
0 0 0 4.722070e-01
0 0 0 4.182494e-01
0 0 0 3.197905e-01
0 0 0 1.744442e-01
0 0 0 0.000000e+00
0 0 0 5.353678e-01
0 0 0 5.302462e-01
0 0 0 5.187301e-01
0 0 0 5.061228e-01
0 0 0 4.996560e-01
0 0 0 4.992126e-01
0 0 0 5.000345e-01
0 0 0 4.985298e-01
0 0 0 4.726831e-01
0 0 0 4.188758e-01
0 0 0 3.203444e-01
0 0 0 1.747858e-01
0 0 0 0.000000e+00
0 0 0 5.383673e-01
0 0 0 5.338741e-01
0 0 0 5.227908e-01
0 0 0 5.088808e-01
0 0 0 5.003273e-01
0 0 0 4.990622e-01
0 0 0 4.999268e-01
0 0 0 4.984898e-01
0 0 0 4.729782e-01
0 0 0 4.193201e-01
0 0 0 3.207167e-01
0 0 0 1.750150e-01
0 0 0 0.000000e+00
0 0 0 5.395196e-01
0 0 0 5.351993e-01
0 0 0 5.241672e-01
0 0 0 5.098097e-01
0 0 0 5.005948e-01
0 0 0 4.990344e-01
0 0 0 4.998910e-01
0 0 0 4.984002e-01
0 0 0 4.730226e-01
0 0 0 4.194787e-01
0 0 0 3.208472e-01
0 0 0 1.750956e-01
0 0 0 0.000000e+00
0 0 0 5.383674e-01
0 0 0 5.338741e-01
0 0 0 5.227907e-01
0 0 0 5.088807e-01
0 0 0 5.003273e-01
0 0 0 4.990622e-01
0 0 0 4.999268e-01
0 0 0 4.984898e-01
0 0 0 4.729782e-01
0 0 0 4.193201e-01
0 0 0 3.207167e-01
0 0 0 1.750150e-01
0 0 0 0.000000e+00
0 0 0 5.353678e-01
0 0 0 5.302461e-01
0 0 0 5.187299e-01
0 0 0 5.061226e-01
0 0 0 4.996560e-01
0 0 0 4.992127e-01
0 0 0 5.000346e-01
0 0 0 4.985298e-01
0 0 0 4.726832e-01
0 0 0 4.188757e-01
0 0 0 3.203444e-01
0 0 0 1.747858e-01
0 0 0 0.000000e+00
0 0 0 5.307235e-01
0 0 0 5.240767e-01
0 0 0 5.123327e-01
0 0 0 5.026794e-01
0 0 0 4.992812e-01
0 0 0 4.995464e-01
0 0 0 5.001916e-01
0 0 0 4.985266e-01
0 0 0 4.722070e-01
0 0 0 4.182494e-01
0 0 0 3.197905e-01
0 0 0 1.744442e-01
0 0 0 0.000000e+00
0 0 0 5.238324e-01
0 0 0 5.156755e-01
0 0 0 5.059422e-01
0 0 0 5.005255e-01
0 0 0 4.994778e-01
0 0 0 4.998637e-01
0 0 0 5.003373e-01
0 0 0 4.984845e-01
0 0 0 4.716558e-01
0 0 0 4.175555e-01
0 0 0 3.191430e-01
0 0 0 1.740429e-01
0 0 0 0.000000e+00
0 0 0 5.151567e-01
0 0 0 5.079013e-01
0 0 0 5.021026e-01
0 0 0 4.999419e-01
0 0 0 4.997997e-01
0 0 0 5.000409e-01
0 0 0 5.004549e-01
0 0 0 4.984013e-01
0 0 0 4.711178e-01
0 0 0 4.168542e-01
0 0 0 3.184954e-01
0 0 0 1.736408e-01
0 0 0 0.000000e+00
0 0 0 5.077709e-01
0 0 0 5.033196e-01
0 0 0 5.006802e-01
0 0 0 4.999639e-01
0 0 0 4.999599e-01
0 0 0 5.001148e-01
0 0 0 5.005254e-01
0 0 0 4.982348e-01
0 0 0 4.706287e-01
0 0 0 4.162201e-01
0 0 0 3.179396e-01
0 0 0 1.732955e-01
0 0 0 0.000000e+00
0 0 0 5.032347e-01
0 0 0 5.011540e-01
0 0 0 5.002243e-01
0 0 0 4.999985e-01
0 0 0 4.999996e-01
0 0 0 5.001327e-01
0 0 0 5.004874e-01
0 0 0 4.979334e-01
0 0 0 4.701937e-01
0 0 0 4.158026e-01
0 0 0 3.175650e-01
0 0 0 1.730639e-01
0 0 0 0.000000e+00
0 0 0 5.000122e-01
0 0 0 5.003914e-01
0 0 0 5.000920e-01
0 0 0 5.000009e-01
0 0 0 5.000059e-01
0 0 0 5.001256e-01
0 0 0 5.004258e-01
0 0 0 4.977884e-01
0 0 0 4.700317e-01
0 0 0 4.156461e-01
0 0 0 3.174126e-01
0 0 0 1.729628e-01
0 0 0 0.000000e+00
0 0 0 5.000070e-01
0 0 0 5.003225e-01
0 0 0 5.000749e-01
0 0 0 5.000012e-01
0 0 0 5.000073e-01
0 0 0 5.001331e-01
0 0 0 5.004484e-01
0 0 0 4.977703e-01
0 0 0 4.699176e-01
0 0 0 4.154505e-01
0 0 0 3.172026e-01
0 0 0 1.728245e-01
0 0 0 0.000000e+00
0 0 0 5.025610e-01
0 0 0 5.008914e-01
0 0 0 5.001741e-01
0 0 0 5.000014e-01
0 0 0 5.000033e-01
0 0 0 5.001390e-01
0 0 0 5.004874e-01
0 0 0 4.978602e-01
0 0 0 4.700334e-01
0 0 0 4.155779e-01
0 0 0 3.173308e-01
0 0 0 1.729109e-01
0 0 0 0.000000e+00
0 0 0 5.058196e-01
0 0 0 5.023601e-01
0 0 0 5.004765e-01
0 0 0 4.999935e-01
0 0 0 4.999859e-01
0 0 0 5.001327e-01
0 0 0 5.005356e-01
0 0 0 4.981115e-01
0 0 0 4.703729e-01
0 0 0 4.159066e-01
0 0 0 3.176369e-01
0 0 0 1.731013e-01
0 0 0 0.000000e+00
0 0 0 5.108199e-01
0 0 0 5.049814e-01
0 0 0 5.011409e-01
0 0 0 4.999514e-01
0 0 0 4.999162e-01
0 0 0 5.000939e-01
0 0 0 5.005071e-01
0 0 0 4.982994e-01
0 0 0 4.707550e-01
0 0 0 4.163993e-01
0 0 0 3.180918e-01
0 0 0 1.733866e-01
0 0 0 0.000000e+00
0 0 0 5.174514e-01
0 0 0 5.096208e-01
0 0 0 5.027855e-01
0 0 0 4.999936e-01
0 0 0 4.997332e-01
0 0 0 5.000107e-01
0 0 0 5.004313e-01
0 0 0 4.984149e-01
0 0 0 4.711965e-01
0 0 0 4.169754e-01
0 0 0 3.186207e-01
0 0 0 1.737175e-01
0 0 0 0.000000e+00
0 0 0 5.238215e-01
0 0 0 5.156557e-01
0 0 0 5.059309e-01
0 0 0 5.005245e-01
0 0 0 4.994795e-01
0 0 0 4.998644e-01
0 0 0 5.003374e-01
0 0 0 4.984857e-01
0 0 0 4.716591e-01
0 0 0 4.175591e-01
0 0 0 3.191480e-01
0 0 0 1.740465e-01
0 0 0 0.000000e+00
0 0 0 5.283199e-01
0 0 0 5.210007e-01
0 0 0 5.097738e-01
0 0 0 5.017203e-01
0 0 0 4.993457e-01
0 0 0 4.996881e-01
0 0 0 5.002460e-01
0 0 0 4.985100e-01
0 0 0 4.720389e-01
0 0 0 4.180775e-01
0 0 0 3.195975e-01
0 0 0 1.743254e-01
0 0 0 0.000000e+00
0 0 0 5.310033e-01
0 0 0 5.243435e-01
0 0 0 5.126277e-01
0 0 0 5.029272e-01
0 0 0 4.993992e-01
0 0 0 4.995715e-01
0 0 0 5.001781e-01
0 0 0 4.984898e-01
0 0 0 4.722732e-01
0 0 0 4.184384e-01
0 0 0 3.198993e-01
0 0 0 1.745121e-01
0 0 0 0.000000e+00
0 0 0 5.319405e-01
0 0 0 5.254739e-01
0 0 0 5.136205e-01
0 0 0 5.033878e-01
0 0 0 4.994460e-01
0 0 0 4.995366e-01
0 0 0 5.001500e-01
0 0 0 4.984401e-01
0 0 0 4.723236e-01
0 0 0 4.185653e-01
0 0 0 3.200053e-01
0 0 0 1.745777e-01
0 0 0 0.000000e+00
0 0 0 5.310033e-01
0 0 0 5.243434e-01
0 0 0 5.126277e-01
0 0 0 5.029271e-01
0 0 0 4.993993e-01
0 0 0 4.995715e-01
0 0 0 5.001781e-01
0 0 0 4.984898e-01
0 0 0 4.722732e-01
0 0 0 4.184384e-01
0 0 0 3.198993e-01
0 0 0 1.745121e-01
0 0 0 0.000000e+00
0 0 0 5.283199e-01
0 0 0 5.210005e-01
0 0 0 5.097736e-01
0 0 0 5.017202e-01
0 0 0 4.993458e-01
0 0 0 4.996881e-01
0 0 0 5.002460e-01
0 0 0 4.985100e-01
0 0 0 4.720389e-01
0 0 0 4.180776e-01
0 0 0 3.195975e-01
0 0 0 1.743254e-01
0 0 0 0.000000e+00
0 0 0 5.238214e-01
0 0 0 5.156555e-01
0 0 0 5.059308e-01
0 0 0 5.005245e-01
0 0 0 4.994795e-01
0 0 0 4.998644e-01
0 0 0 5.003374e-01
0 0 0 4.984857e-01
0 0 0 4.716591e-01
0 0 0 4.175591e-01
0 0 0 3.191481e-01
0 0 0 1.740465e-01
0 0 0 0.000000e+00
0 0 0 5.174512e-01
0 0 0 5.096207e-01
0 0 0 5.027855e-01
0 0 0 4.999936e-01
0 0 0 4.997332e-01
0 0 0 5.000107e-01
0 0 0 5.004313e-01
0 0 0 4.984149e-01
0 0 0 4.711965e-01
0 0 0 4.169754e-01
0 0 0 3.186207e-01
0 0 0 1.737176e-01
0 0 0 0.000000e+00
0 0 0 5.108197e-01
0 0 0 5.049813e-01
0 0 0 5.011409e-01
0 0 0 4.999514e-01
0 0 0 4.999162e-01
0 0 0 5.000939e-01
0 0 0 5.005071e-01
0 0 0 4.982994e-01
0 0 0 4.707550e-01
0 0 0 4.163993e-01
0 0 0 3.180918e-01
0 0 0 1.733867e-01
0 0 0 0.000000e+00
0 0 0 5.058195e-01
0 0 0 5.023601e-01
0 0 0 5.004765e-01
0 0 0 4.999935e-01
0 0 0 4.999859e-01
0 0 0 5.001327e-01
0 0 0 5.005356e-01
0 0 0 4.981115e-01
0 0 0 4.703729e-01
0 0 0 4.159066e-01
0 0 0 3.176369e-01
0 0 0 1.731014e-01
0 0 0 0.000000e+00
0 0 0 5.025610e-01
0 0 0 5.008914e-01
0 0 0 5.001741e-01
0 0 0 5.000014e-01
0 0 0 5.000033e-01
0 0 0 5.001390e-01
0 0 0 5.004874e-01
0 0 0 4.978602e-01
0 0 0 4.700335e-01
0 0 0 4.155779e-01
0 0 0 3.173309e-01
0 0 0 1.729109e-01
0 0 0 0.000000e+00
0 0 0 5.000070e-01
0 0 0 5.003225e-01
0 0 0 5.000749e-01
0 0 0 5.000012e-01
0 0 0 5.000073e-01
0 0 0 5.001331e-01
0 0 0 5.004483e-01
0 0 0 4.977703e-01
0 0 0 4.699176e-01
0 0 0 4.154505e-01
0 0 0 3.172026e-01
0 0 0 1.728245e-01
0 0 0 0.000000e+00
0 0 0 5.000028e-01
0 0 0 5.002508e-01
0 0 0 5.000567e-01
0 0 0 5.000017e-01
0 0 0 5.000090e-01
0 0 0 5.001345e-01
0 0 0 5.004465e-01
0 0 0 4.977468e-01
0 0 0 4.698039e-01
0 0 0 4.152536e-01
0 0 0 3.169904e-01
0 0 0 1.726847e-01
0 0 0 0.000000e+00
0 0 0 5.018667e-01
0 0 0 5.006299e-01
0 0 0 5.001207e-01
0 0 0 5.000015e-01
0 0 0 5.000064e-01
0 0 0 5.001405e-01
0 0 0 5.004737e-01
0 0 0 4.977981e-01
0 0 0 4.698845e-01
0 0 0 4.153525e-01
0 0 0 3.170941e-01
0 0 0 1.727562e-01
0 0 0 0.000000e+00
0 0 0 5.040188e-01
0 0 0 5.015515e-01
0 0 0 5.003054e-01
0 0 0 5.000030e-01
0 0 0 4.999987e-01
0 0 0 5.001442e-01
0 0 0 5.005305e-01
0 0 0 4.979811e-01
0 0 0 4.701334e-01
0 0 0 4.156002e-01
0 0 0 3.173316e-01
0 0 0 1.729051e-01
0 0 0 0.000000e+00
0 0 0 5.069836e-01
0 0 0 5.029003e-01
0 0 0 5.006146e-01
0 0 0 4.999930e-01
0 0 0 4.999776e-01
0 0 0 5.001285e-01
0 0 0 5.005400e-01
0 0 0 4.981618e-01
0 0 0 4.704297e-01
0 0 0 4.159677e-01
0 0 0 3.176866e-01
0 0 0 1.731305e-01
0 0 0 0.000000e+00
0 0 0 5.108137e-01
0 0 0 5.049762e-01
0 0 0 5.011410e-01
0 0 0 4.999525e-01
0 0 0 4.999169e-01
0 0 0 5.000941e-01
0 0 0 5.005063e-01
0 0 0 4.982942e-01
0 0 0 4.707504e-01
0 0 0 4.164022e-01
0 0 0 3.180982e-01
0 0 0 1.733910e-01
0 0 0 0.000000e+00
0 0 0 5.151381e-01
0 0 0 5.078803e-01
0 0 0 5.020971e-01
0 0 0 4.999441e-01
0 0 0 4.998017e-01
0 0 0 5.000414e-01
0 0 0 5.004541e-01
0 0 0 4.983962e-01
0 0 0 4.711140e-01
0 0 0 4.168595e-01
0 0 0 3.185071e-01
0 0 0 1.736490e-01
0 0 0 0.000000e+00
0 0 0 5.188364e-01
0 0 0 5.109568e-01
0 0 0 5.034440e-01
0 0 0 5.000844e-01
0 0 0 4.996762e-01
0 0 0 4.999783e-01
0 0 0 5.004017e-01
0 0 0 4.984632e-01
0 0 0 4.714395e-01
0 0 0 4.172658e-01
0 0 0 3.188546e-01
0 0 0 1.738669e-01
0 0 0 0.000000e+00
0 0 0 5.211291e-01
0 0 0 5.131578e-01
0 0 0 5.046273e-01
0 0 0 5.003181e-01
0 0 0 4.996059e-01
0 0 0 4.999295e-01
0 0 0 5.003619e-01
0 0 0 4.984829e-01
0 0 0 4.716384e-01
0 0 0 4.175401e-01
0 0 0 3.190878e-01
0 0 0 1.740125e-01
0 0 0 0.000000e+00
0 0 0 5.218897e-01
0 0 0 5.139297e-01
0 0 0 5.050825e-01
0 0 0 5.004290e-01
0 0 0 4.995883e-01
0 0 0 4.999123e-01
0 0 0 5.003426e-01
0 0 0 4.984689e-01
0 0 0 4.716928e-01
0 0 0 4.176362e-01
0 0 0 3.191699e-01
0 0 0 1.740637e-01
0 0 0 0.000000e+00
0 0 0 5.211291e-01
0 0 0 5.131578e-01
0 0 0 5.046273e-01
0 0 0 5.003181e-01
0 0 0 4.996059e-01
0 0 0 4.999295e-01
0 0 0 5.003619e-01
0 0 0 4.984829e-01
0 0 0 4.716384e-01
0 0 0 4.175401e-01
0 0 0 3.190879e-01
0 0 0 1.740126e-01
0 0 0 0.000000e+00
0 0 0 5.188364e-01
0 0 0 5.109568e-01
0 0 0 5.034440e-01
0 0 0 5.000844e-01
0 0 0 4.996762e-01
0 0 0 4.999783e-01
0 0 0 5.004017e-01
0 0 0 4.984632e-01
0 0 0 4.714395e-01
0 0 0 4.172658e-01
0 0 0 3.188546e-01
0 0 0 1.738670e-01
0 0 0 0.000000e+00
0 0 0 5.151381e-01
0 0 0 5.078803e-01
0 0 0 5.020971e-01
0 0 0 4.999441e-01
0 0 0 4.998017e-01
0 0 0 5.000414e-01
0 0 0 5.004541e-01
0 0 0 4.983962e-01
0 0 0 4.711140e-01
0 0 0 4.168596e-01
0 0 0 3.185072e-01
0 0 0 1.736490e-01
0 0 0 0.000000e+00
0 0 0 5.108136e-01
0 0 0 5.049762e-01
0 0 0 5.011410e-01
0 0 0 4.999525e-01
0 0 0 4.999169e-01
0 0 0 5.000941e-01
0 0 0 5.005062e-01
0 0 0 4.982942e-01
0 0 0 4.707504e-01
0 0 0 4.164023e-01
0 0 0 3.180982e-01
0 0 0 1.733910e-01
0 0 0 0.000000e+00
0 0 0 5.069835e-01
0 0 0 5.029003e-01
0 0 0 5.006146e-01
0 0 0 4.999930e-01
0 0 0 4.999776e-01
0 0 0 5.001285e-01
0 0 0 5.005400e-01
0 0 0 4.981618e-01
0 0 0 4.704297e-01
0 0 0 4.159678e-01
0 0 0 3.176867e-01
0 0 0 1.731306e-01
0 0 0 0.000000e+00
0 0 0 5.040188e-01
0 0 0 5.015515e-01
0 0 0 5.003054e-01
0 0 0 5.000030e-01
0 0 0 4.999987e-01
0 0 0 5.001442e-01
0 0 0 5.005305e-01
0 0 0 4.979811e-01
0 0 0 4.701335e-01
0 0 0 4.156003e-01
0 0 0 3.173317e-01
0 0 0 1.729052e-01
0 0 0 0.000000e+00
0 0 0 5.018667e-01
0 0 0 5.006298e-01
0 0 0 5.001207e-01
0 0 0 5.000015e-01
0 0 0 5.000064e-01
0 0 0 5.001405e-01
0 0 0 5.004736e-01
0 0 0 4.977981e-01
0 0 0 4.698845e-01
0 0 0 4.153526e-01
0 0 0 3.170942e-01
0 0 0 1.727563e-01
0 0 0 0.000000e+00
0 0 0 5.000028e-01
0 0 0 5.002508e-01
0 0 0 5.000567e-01
0 0 0 5.000017e-01
0 0 0 5.000090e-01
0 0 0 5.001344e-01
0 0 0 5.004464e-01
0 0 0 4.977468e-01
0 0 0 4.698039e-01
0 0 0 4.152537e-01
0 0 0 3.169905e-01
0 0 0 1.726848e-01
0 0 0 0.000000e+00
0 0 0 4.999999e-01
0 0 0 5.001759e-01
0 0 0 5.000388e-01
0 0 0 5.000030e-01
0 0 0 5.000108e-01
0 0 0 5.001259e-01
0 0 0 5.004143e-01
0 0 0 4.977181e-01
0 0 0 4.696909e-01
0 0 0 4.150842e-01
0 0 0 3.168079e-01
0 0 0 1.725646e-01
0 0 0 0.000000e+00
0 0 0 5.011973e-01
0 0 0 5.003952e-01
0 0 0 5.000732e-01
0 0 0 5.000020e-01
0 0 0 5.000091e-01
0 0 0 5.001322e-01
0 0 0 5.004337e-01
0 0 0 4.977434e-01
0 0 0 4.697422e-01
0 0 0 4.151589e-01
0 0 0 3.168905e-01
0 0 0 1.726232e-01
0 0 0 0.000000e+00
0 0 0 5.024532e-01
0 0 0 5.009101e-01
0 0 0 5.001663e-01
0 0 0 5.000019e-01
0 0 0 5.000049e-01
0 0 0 5.001442e-01
0 0 0 5.004939e-01
0 0 0 4.978476e-01
0 0 0 4.699024e-01
0 0 0 4.153378e-01
0 0 0 3.170688e-01
0 0 0 1.727362e-01
0 0 0 0.000000e+00
0 0 0 5.040198e-01
0 0 0 5.015518e-01
0 0 0 5.003061e-01
0 0 0 5.000035e-01
0 0 0 4.999988e-01
0 0 0 5.001450e-01
0 0 0 5.005322e-01
0 0 0 4.979800e-01
0 0 0 4.701311e-01
0 0 0 4.156059e-01
0 0 0 3.173386e-01
0 0 0 1.729102e-01
0 0 0 0.000000e+00
0 0 0 5.058178e-01
0 0 0 5.023584e-01
0 0 0 5.004782e-01
0 0 0 4.999951e-01
0 0 0 4.999864e-01
0 0 0 5.001333e-01
0 0 0 5.005351e-01
0 0 0 4.981042e-01
0 0 0 4.703686e-01
0 0 0 4.159178e-01
0 0 0 3.176508e-01
0 0 0 1.731110e-01
0 0 0 0.000000e+00
0 0 0 5.077613e-01
0 0 0 5.033117e-01
0 0 0 5.006816e-01
0 0 0 4.999667e-01
0 0 0 4.999610e-01
0 0 0 5.001152e-01
0 0 0 5.005233e-01
0 0 0 4.982249e-01
0 0 0 4.706264e-01
0 0 0 4.162348e-01
0 0 0 3.179596e-01
0 0 0 1.733094e-01
0 0 0 0.000000e+00
0 0 0 5.095827e-01
0 0 0 5.043196e-01
0 0 0 5.009236e-01
0 0 0 4.999335e-01
0 0 0 4.999252e-01
0 0 0 5.000954e-01
0 0 0 5.005081e-01
0 0 0 4.983413e-01
0 0 0 4.708785e-01
0 0 0 4.165176e-01
0 0 0 3.182207e-01
0 0 0 1.734766e-01
0 0 0 0.000000e+00
0 0 0 5.108739e-01
0 0 0 5.051213e-01
0 0 0 5.011493e-01
0 0 0 4.999184e-01
0 0 0 4.998949e-01
0 0 0 5.000800e-01
0 0 0 5.004961e-01
0 0 0 4.984043e-01
0 0 0 4.710319e-01
0 0 0 4.167135e-01
0 0 0 3.183953e-01
0 0 0 1.735880e-01
0 0 0 0.000000e+00
0 0 0 5.113401e-01
0 0 0 5.054308e-01
0 0 0 5.012465e-01
0 0 0 4.999180e-01
0 0 0 4.998840e-01
0 0 0 5.000740e-01
0 0 0 5.004867e-01
0 0 0 4.984091e-01
0 0 0 4.710742e-01
0 0 0 4.167835e-01
0 0 0 3.184566e-01
0 0 0 1.736271e-01
0 0 0 0.000000e+00
0 0 0 5.108739e-01
0 0 0 5.051213e-01
0 0 0 5.011493e-01
0 0 0 4.999184e-01
0 0 0 4.998949e-01
0 0 0 5.000800e-01
0 0 0 5.004961e-01
0 0 0 4.984043e-01
0 0 0 4.710319e-01
0 0 0 4.167135e-01
0 0 0 3.183953e-01
0 0 0 1.735880e-01
0 0 0 0.000000e+00
0 0 0 5.095827e-01
0 0 0 5.043196e-01
0 0 0 5.009236e-01
0 0 0 4.999335e-01
0 0 0 4.999252e-01
0 0 0 5.000954e-01
0 0 0 5.005081e-01
0 0 0 4.983413e-01
0 0 0 4.708785e-01
0 0 0 4.165177e-01
0 0 0 3.182208e-01
0 0 0 1.734766e-01
0 0 0 0.000000e+00
0 0 0 5.077614e-01
0 0 0 5.033118e-01
0 0 0 5.006816e-01
0 0 0 4.999667e-01
0 0 0 4.999610e-01
0 0 0 5.001152e-01
0 0 0 5.005233e-01
0 0 0 4.982248e-01
0 0 0 4.706264e-01
0 0 0 4.162349e-01
0 0 0 3.179597e-01
0 0 0 1.733095e-01
0 0 0 0.000000e+00
0 0 0 5.058178e-01
0 0 0 5.023584e-01
0 0 0 5.004782e-01
0 0 0 4.999951e-01
0 0 0 4.999864e-01
0 0 0 5.001333e-01
0 0 0 5.005351e-01
0 0 0 4.981041e-01
0 0 0 4.703687e-01
0 0 0 4.159179e-01
0 0 0 3.176510e-01
0 0 0 1.731111e-01
0 0 0 0.000000e+00
0 0 0 5.040198e-01
0 0 0 5.015518e-01
0 0 0 5.003061e-01
0 0 0 5.000035e-01
0 0 0 4.999988e-01
0 0 0 5.001450e-01
0 0 0 5.005322e-01
0 0 0 4.979799e-01
0 0 0 4.701312e-01
0 0 0 4.156060e-01
0 0 0 3.173387e-01
0 0 0 1.729103e-01
0 0 0 0.000000e+00
0 0 0 5.024532e-01
0 0 0 5.009101e-01
0 0 0 5.001663e-01
0 0 0 5.000019e-01
0 0 0 5.000049e-01
0 0 0 5.001442e-01
0 0 0 5.004939e-01
0 0 0 4.978476e-01
0 0 0 4.699024e-01
0 0 0 4.153379e-01
0 0 0 3.170689e-01
0 0 0 1.727363e-01
0 0 0 0.000000e+00
0 0 0 5.011973e-01
0 0 0 5.003952e-01
0 0 0 5.000732e-01
0 0 0 5.000020e-01
0 0 0 5.000091e-01
0 0 0 5.001322e-01
0 0 0 5.004336e-01
0 0 0 4.977434e-01
0 0 0 4.697422e-01
0 0 0 4.151591e-01
0 0 0 3.168906e-01
0 0 0 1.726233e-01
0 0 0 0.000000e+00
0 0 0 4.999999e-01
0 0 0 5.001759e-01
0 0 0 5.000388e-01
0 0 0 5.000030e-01
0 0 0 5.000108e-01
0 0 0 5.001258e-01
0 0 0 5.004142e-01
0 0 0 4.977181e-01
0 0 0 4.696909e-01
0 0 0 4.150843e-01
0 0 0 3.168081e-01
0 0 0 1.725647e-01
0 0 0 0.000000e+00
0 0 0 5.000064e-01
0 0 0 5.000949e-01
0 0 0 5.000231e-01
0 0 0 5.000047e-01
0 0 0 5.000124e-01
0 0 0 5.001147e-01
0 0 0 5.003811e-01
0 0 0 4.976902e-01
0 0 0 4.696184e-01
0 0 0 4.149694e-01
0 0 0 3.166842e-01
0 0 0 1.724833e-01
0 0 0 0.000000e+00
0 0 0 5.006122e-01
0 0 0 5.001840e-01
0 0 0 5.000382e-01
0 0 0 5.000037e-01
0 0 0 5.000114e-01
0 0 0 5.001200e-01
0 0 0 5.003905e-01
0 0 0 4.977023e-01
0 0 0 4.696541e-01
0 0 0 4.150285e-01
0 0 0 3.167528e-01
0 0 0 1.725333e-01
0 0 0 0.000000e+00
0 0 0 5.011985e-01
0 0 0 5.003950e-01
0 0 0 5.000741e-01
0 0 0 5.000019e-01
0 0 0 5.000090e-01
0 0 0 5.001349e-01
0 0 0 5.004415e-01
0 0 0 4.977464e-01
0 0 0 4.697472e-01
0 0 0 4.151618e-01
0 0 0 3.168912e-01
0 0 0 1.726221e-01
0 0 0 0.000000e+00
0 0 0 5.018690e-01
0 0 0 5.006294e-01
0 0 0 5.001221e-01
0 0 0 5.000018e-01
0 0 0 5.000063e-01
0 0 0 5.001442e-01
0 0 0 5.004849e-01
0 0 0 4.978028e-01
0 0 0 4.698910e-01
0 0 0 4.153620e-01
0 0 0 3.171031e-01
0 0 0 1.727610e-01
0 0 0 0.000000e+00
0 0 0 5.025637e-01
0 0 0 5.008905e-01
0 0 0 5.001761e-01
0 0 0 5.000022e-01
0 0 0 5.000035e-01
0 0 0 5.001422e-01
0 0 0 5.004954e-01
0 0 0 4.978585e-01
0 0 0 4.700321e-01
0 0 0 4.155944e-01
0 0 0 3.173485e-01
0 0 0 1.729216e-01
0 0 0 0.000000e+00
0 0 0 5.032368e-01
0 0 0 5.011520e-01
0 0 0 5.002267e-01
0 0 0 4.999999e-01
0 0 0 4.999999e-01
0 0 0 5.001347e-01
0 0 0 5.004898e-01
0 0 0 4.979220e-01
0 0 0 4.701919e-01
0 0 0 4.158253e-01
0 0 0 3.175906e-01
0 0 0 1.730801e-01
0 0 0 0.000000e+00
0 0 0 5.038176e-01
0 0 0 5.013834e-01
0 0 0 5.002640e-01
0 0 0 4.999925e-01
0 0 0 4.999952e-01
0 0 0 5.001259e-01
0 0 0 5.004883e-01
0 0 0 4.980309e-01
0 0 0 4.703710e-01
0 0 0 4.160225e-01
0 0 0 3.177943e-01
0 0 0 1.732134e-01
0 0 0 0.000000e+00
0 0 0 5.042163e-01
0 0 0 5.015445e-01
0 0 0 5.002830e-01
0 0 0 4.999825e-01
0 0 0 4.999903e-01
0 0 0 5.001213e-01
0 0 0 5.005079e-01
0 0 0 4.981380e-01
0 0 0 4.704909e-01
0 0 0 4.161543e-01
0 0 0 3.179299e-01
0 0 0 1.733021e-01
0 0 0 0.000000e+00
0 0 0 5.043616e-01
0 0 0 5.016046e-01
0 0 0 5.002899e-01
0 0 0 4.999782e-01
0 0 0 4.999883e-01
0 0 0 5.001200e-01
0 0 0 5.005163e-01
0 0 0 4.981704e-01
0 0 0 4.705320e-01
0 0 0 4.162004e-01
0 0 0 3.179775e-01
0 0 0 1.733332e-01
0 0 0 0.000000e+00
0 0 0 5.042163e-01
0 0 0 5.015445e-01
0 0 0 5.002830e-01
0 0 0 4.999825e-01
0 0 0 4.999903e-01
0 0 0 5.001213e-01
0 0 0 5.005079e-01
0 0 0 4.981380e-01
0 0 0 4.704909e-01
0 0 0 4.161543e-01
0 0 0 3.179300e-01
0 0 0 1.733021e-01
0 0 0 0.000000e+00
0 0 0 5.038177e-01
0 0 0 5.013834e-01
0 0 0 5.002640e-01
0 0 0 4.999925e-01
0 0 0 4.999952e-01
0 0 0 5.001259e-01
0 0 0 5.004883e-01
0 0 0 4.980309e-01
0 0 0 4.703710e-01
0 0 0 4.160226e-01
0 0 0 3.177944e-01
0 0 0 1.732135e-01
0 0 0 0.000000e+00
0 0 0 5.032369e-01
0 0 0 5.011520e-01
0 0 0 5.002268e-01
0 0 0 4.999999e-01
0 0 0 4.999999e-01
0 0 0 5.001347e-01
0 0 0 5.004898e-01
0 0 0 4.979220e-01
0 0 0 4.701919e-01
0 0 0 4.158255e-01
0 0 0 3.175907e-01
0 0 0 1.730802e-01
0 0 0 0.000000e+00
0 0 0 5.025637e-01
0 0 0 5.008905e-01
0 0 0 5.001761e-01
0 0 0 5.000022e-01
0 0 0 5.000035e-01
0 0 0 5.001422e-01
0 0 0 5.004954e-01
0 0 0 4.978585e-01
0 0 0 4.700322e-01
0 0 0 4.155945e-01
0 0 0 3.173487e-01
0 0 0 1.729217e-01
0 0 0 0.000000e+00
0 0 0 5.018691e-01
0 0 0 5.006294e-01
0 0 0 5.001221e-01
0 0 0 5.000018e-01
0 0 0 5.000063e-01
0 0 0 5.001442e-01
0 0 0 5.004849e-01
0 0 0 4.978028e-01
0 0 0 4.698911e-01
0 0 0 4.153622e-01
0 0 0 3.171033e-01
0 0 0 1.727611e-01
0 0 0 0.000000e+00
0 0 0 5.011985e-01
0 0 0 5.003950e-01
0 0 0 5.000741e-01
0 0 0 5.000019e-01
0 0 0 5.000090e-01
0 0 0 5.001349e-01
0 0 0 5.004415e-01
0 0 0 4.977464e-01
0 0 0 4.697473e-01
0 0 0 4.151619e-01
0 0 0 3.168914e-01
0 0 0 1.726222e-01
0 0 0 0.000000e+00
0 0 0 5.006122e-01
0 0 0 5.001840e-01
0 0 0 5.000382e-01
0 0 0 5.000037e-01
0 0 0 5.000114e-01
0 0 0 5.001200e-01
0 0 0 5.003905e-01
0 0 0 4.977023e-01
0 0 0 4.696542e-01
0 0 0 4.150286e-01
0 0 0 3.167529e-01
0 0 0 1.725334e-01
0 0 0 0.000000e+00
0 0 0 5.000064e-01
0 0 0 5.000949e-01
0 0 0 5.000231e-01
0 0 0 5.000047e-01
0 0 0 5.000124e-01
0 0 0 5.001147e-01
0 0 0 5.003811e-01
0 0 0 4.976902e-01
0 0 0 4.696184e-01
0 0 0 4.149695e-01
0 0 0 3.166844e-01
0 0 0 1.724834e-01
0 0 0 0.000000e+00
0 0 0 5.000956e-01
0 0 0 5.000420e-01
0 0 0 5.000164e-01
0 0 0 5.000054e-01
0 0 0 5.000129e-01
0 0 0 5.001123e-01
0 0 0 5.003795e-01
0 0 0 4.976827e-01
0 0 0 4.695926e-01
0 0 0 4.149287e-01
0 0 0 3.166404e-01
0 0 0 1.724545e-01
0 0 0 0.000000e+00
0 0 0 5.000120e-01
0 0 0 5.001014e-01
0 0 0 5.000235e-01
0 0 0 5.000046e-01
0 0 0 5.000123e-01
0 0 0 5.001165e-01
0 0 0 5.003840e-01
0 0 0 4.976911e-01
0 0 0 4.696239e-01
0 0 0 4.149826e-01
0 0 0 3.167041e-01
0 0 0 1.725016e-01
0 0 0 0.000000e+00
0 0 0 5.000098e-01
0 0 0 5.001846e-01
0 0 0 5.000401e-01
0 0 0 5.000027e-01
0 0 0 5.000106e-01
0 0 0 5.001308e-01
0 0 0 5.004287e-01
0 0 0 4.977213e-01
0 0 0 4.697000e-01
0 0 0 4.151004e-01
0 0 0 3.168287e-01
0 0 0 1.725818e-01
0 0 0 0.000000e+00
0 0 0 5.000124e-01
0 0 0 5.002573e-01
0 0 0 5.000586e-01
0 0 0 5.000016e-01
0 0 0 5.000089e-01
0 0 0 5.001410e-01
0 0 0 5.004679e-01
0 0 0 4.977573e-01
0 0 0 4.698202e-01
0 0 0 4.152769e-01
0 0 0 3.170200e-01
0 0 0 1.727083e-01
0 0 0 0.000000e+00
0 0 0 5.000146e-01
0 0 0 5.003257e-01
0 0 0 5.000772e-01
0 0 0 5.000014e-01
0 0 0 5.000073e-01
0 0 0 5.001392e-01
0 0 0 5.004688e-01
0 0 0 4.977814e-01
0 0 0 4.699268e-01
0 0 0 4.154814e-01
0 0 0 3.172417e-01
0 0 0 1.728546e-01
0 0 0 0.000000e+00
0 0 0 5.000174e-01
0 0 0 5.003920e-01
0 0 0 5.000942e-01
0 0 0 5.000014e-01
0 0 0 5.000059e-01
0 0 0 5.001301e-01
0 0 0 5.004402e-01
0 0 0 4.977893e-01
0 0 0 4.700391e-01
0 0 0 4.156839e-01
0 0 0 3.174605e-01
0 0 0 1.729991e-01
0 0 0 0.000000e+00
0 0 0 5.000207e-01
0 0 0 5.004553e-01
0 0 0 5.001063e-01
0 0 0 5.000004e-01
0 0 0 5.000047e-01
0 0 0 5.001176e-01
0 0 0 5.004007e-01
0 0 0 4.978281e-01
0 0 0 4.701688e-01
0 0 0 4.158556e-01
0 0 0 3.176441e-01
0 0 0 1.731204e-01
0 0 0 0.000000e+00
0 0 0 5.000227e-01
0 0 0 5.005011e-01
0 0 0 5.001115e-01
0 0 0 4.999981e-01
0 0 0 5.000035e-01
0 0 0 5.001101e-01
0 0 0 5.003920e-01
0 0 0 4.978792e-01
0 0 0 4.702465e-01
0 0 0 4.159700e-01
0 0 0 3.177663e-01
0 0 0 1.732011e-01
0 0 0 0.000000e+00
0 0 0 5.000226e-01
0 0 0 5.005169e-01
0 0 0 5.001133e-01
0 0 0 4.999972e-01
0 0 0 5.000030e-01
0 0 0 5.001081e-01
0 0 0 5.003922e-01
0 0 0 4.978898e-01
0 0 0 4.702723e-01
0 0 0 4.160100e-01
0 0 0 3.178090e-01
0 0 0 1.732293e-01
0 0 0 0.000000e+00
0 0 0 5.000228e-01
0 0 0 5.005011e-01
0 0 0 5.001115e-01
0 0 0 4.999981e-01
0 0 0 5.000035e-01
0 0 0 5.001101e-01
0 0 0 5.003920e-01
0 0 0 4.978792e-01
0 0 0 4.702465e-01
0 0 0 4.159700e-01
0 0 0 3.177663e-01
0 0 0 1.732011e-01
0 0 0 0.000000e+00
0 0 0 5.000208e-01
0 0 0 5.004553e-01
0 0 0 5.001063e-01
0 0 0 5.000004e-01
0 0 0 5.000047e-01
0 0 0 5.001176e-01
0 0 0 5.004007e-01
0 0 0 4.978281e-01
0 0 0 4.701689e-01
0 0 0 4.158557e-01
0 0 0 3.176442e-01
0 0 0 1.731205e-01
0 0 0 0.000000e+00
0 0 0 5.000175e-01
0 0 0 5.003921e-01
0 0 0 5.000942e-01
0 0 0 5.000014e-01
0 0 0 5.000059e-01
0 0 0 5.001301e-01
0 0 0 5.004402e-01
0 0 0 4.977893e-01
0 0 0 4.700392e-01
0 0 0 4.156840e-01
0 0 0 3.174606e-01
0 0 0 1.729991e-01
0 0 0 0.000000e+00
0 0 0 5.000146e-01
0 0 0 5.003258e-01
0 0 0 5.000772e-01
0 0 0 5.000014e-01
0 0 0 5.000073e-01
0 0 0 5.001392e-01
0 0 0 5.004687e-01
0 0 0 4.977814e-01
0 0 0 4.699269e-01
0 0 0 4.154815e-01
0 0 0 3.172419e-01
0 0 0 1.728547e-01
0 0 0 0.000000e+00
0 0 0 5.000124e-01
0 0 0 5.002573e-01
0 0 0 5.000586e-01
0 0 0 5.000016e-01
0 0 0 5.000089e-01
0 0 0 5.001410e-01
0 0 0 5.004679e-01
0 0 0 4.977573e-01
0 0 0 4.698203e-01
0 0 0 4.152770e-01
0 0 0 3.170202e-01
0 0 0 1.727084e-01
0 0 0 0.000000e+00
0 0 0 5.000098e-01
0 0 0 5.001846e-01
0 0 0 5.000401e-01
0 0 0 5.000027e-01
0 0 0 5.000106e-01
0 0 0 5.001308e-01
0 0 0 5.004287e-01
0 0 0 4.977213e-01
0 0 0 4.697001e-01
0 0 0 4.151005e-01
0 0 0 3.168289e-01
0 0 0 1.725819e-01
0 0 0 0.000000e+00
0 0 0 5.000120e-01
0 0 0 5.001014e-01
0 0 0 5.000235e-01
0 0 0 5.000046e-01
0 0 0 5.000123e-01
0 0 0 5.001165e-01
0 0 0 5.003840e-01
0 0 0 4.976911e-01
0 0 0 4.696239e-01
0 0 0 4.149827e-01
0 0 0 3.167043e-01
0 0 0 1.725017e-01
0 0 0 0.000000e+00
0 0 0 5.000956e-01
0 0 0 5.000420e-01
0 0 0 5.000164e-01
0 0 0 5.000054e-01
0 0 0 5.000129e-01
0 0 0 5.001123e-01
0 0 0 5.003795e-01
0 0 0 4.976827e-01
0 0 0 4.695926e-01
0 0 0 4.149288e-01
0 0 0 3.166406e-01
0 0 0 1.724546e-01
0 0 0 0.000000e+00
