0.000000e+00 0.000000e+00
-6.295756e+00 0.000000e+00
-6.211428e+00 0.000000e+00
-3.383292e+00 0.000000e+00
7.166611e-05 0.000000e+00
3.383348e+00 0.000000e+00
6.211498e+00 0.000000e+00
6.295780e+00 0.000000e+00
0.000000e+00 0.000000e+00
0.000000e+00 -7.686265e-07
-6.295755e+00 7.843024e-07
-6.211431e+00 -1.048495e-06
-3.383289e+00 -1.238131e-06
7.048984e-05 8.697468e-07
3.383350e+00 1.000310e-06
6.211495e+00 4.490398e-07
6.295781e+00 -2.720488e-07
0.000000e+00 1.022440e-06
0.000000e+00 1.868747e-06
-6.295756e+00 -9.835866e-07
-6.211430e+00 5.432409e-07
-3.383291e+00 -2.498843e-07
7.325928e-05 -2.696536e-07
3.383347e+00 -2.763299e-07
6.211497e+00 -1.033964e-06
6.295781e+00 1.230181e-06
0.000000e+00 -9.352951e-07
0.000000e+00 -1.583456e-06
-6.295756e+00 1.462106e-06
-6.211431e+00 -8.606750e-07
-3.383290e+00 2.967100e-07
7.161545e-05 -2.396121e-07
3.383348e+00 -6.142921e-07
6.211496e+00 9.591128e-07
6.295781e+00 -1.375047e-06
0.000000e+00 1.313900e-06
0.000000e+00 1.708370e-06
-6.295756e+00 -1.302818e-06
-6.211431e+00 9.752298e-07
-3.383291e+00 -5.121324e-07
7.185116e-05 -3.079680e-08
3.383348e+00 5.361435e-07
6.211497e+00 -9.851079e-07
6.295781e+00 1.321739e-06
0.000000e+00 -1.534740e-06
0.000000e+00 -1.283983e-06
-6.295756e+00 1.176253e-06
-6.211431e+00 -9.770247e-07
-3.383291e+00 5.883953e-07
7.260891e-05 2.843118e-07
3.383347e+00 -4.210175e-07
6.211497e+00 8.915293e-07
6.295781e+00 -1.033315e-06
0.000000e+00 1.489762e-06
0.000000e+00 5.998303e-07
-6.295755e+00 -8.341862e-07
-6.211432e+00 8.171930e-07
-3.383290e+00 -5.195850e-07
7.138414e-05 2.706079e-07
3.383349e+00 1.048921e-06
6.211496e+00 -3.794643e-07
6.295781e+00 6.537738e-07
0.000000e+00 -1.251289e-06
0.000000e+00 -4.245136e-07
-6.295756e+00 3.442304e-07
-6.211430e+00 2.679151e-07
-3.383292e+00 1.607098e-06
7.290163e-05 -8.534482e-07
3.383347e+00 -1.436992e-06
6.211497e+00 3.443997e-07
6.295780e+00 -7.297330e-07
0.000000e+00 1.538730e-07
0.000000e+00 0.000000e+00
-6.295755e+00 0.000000e+00
-6.211430e+00 0.000000e+00
-3.383290e+00 0.000000e+00
6.880283e-05 0.000000e+00
3.383350e+00 0.000000e+00
6.211496e+00 0.000000e+00
6.295781e+00 0.000000e+00
0.000000e+00 0.000000e+00
