> Andes
  -81.533011      -2.005589
  -77.609500      -5.396430
  -73.522300      -8.802500
  -70.493300      -11.033100
  -67.782700      -13.105400
  -64.763100      -14.960600
  -62.529400      -17.183900
  -61.994800      -19.142000
  -62.510900      -21.593800
  -63.802300      -24.338600
  -65.054100      -27.086400
  -66.507800      -29.546200
  -67.649800      -32.129600
  -67.839000      -34.390100
  -70.279000      -36.848100
  -74.871245      -38.981399
  -74.871245      -38.981399
  -74.861216      -38.964428
  -74.665982      -38.387837
  -74.665982      -38.387837
  -74.608314      -37.980470
  -74.486404      -37.469237
  -74.081128      -36.089493
  -73.537933      -33.960400
  -73.489119      -33.682463
  -73.489119      -33.682463
  -73.336070      -33.199409
  -72.407817      -29.608626
  -71.554108      -26.008878
  -71.529068      -25.447679
  -71.529068      -25.447679
  -71.189289      -22.334294
  -71.192503      -20.616682
  -71.348033      -19.939936
  -71.407636      -19.795965
  -71.419592      -19.568246
  -71.655130      -19.291502
  -71.867406      -19.028211
  -72.303195      -18.577912
  -72.885556      -18.014119
  -73.543216      -17.467764
  -75.451210      -15.941023
  -76.600537      -14.924072
  -76.823282      -14.686051
  -77.315808      -14.187608
  -80.326238      -9.861654
  -81.429040      -7.493327
  -81.625128      -2.767937
  -81.560991      -2.197280
  -81.533011      -2.005589
  -81.533011      -2.005589
>