> Deforming western interior NAM
  -109.177100      24.025020
  -106.977000      22.132010
  -106.702000      21.719900
  -106.428000      21.333280
  -106.101000      20.688650
  -105.912100      20.250000
  -105.599000      19.600010
  -105.200000      19.200030
  -104.800000      18.899900
  -104.300000      18.400020
  -103.599000      18.000000
  -102.900100      17.600010
  -102.099000      17.199900
  -101.400100      16.899900
  -100.700000      16.600010
  -99.900060      16.300010
  -99.400200      16.100010
  -98.799700      15.800010
  -98.300110      15.600000
  -97.599400      15.300020
  -97.000000      15.199900
  -96.400060      15.100000
  -95.799700      14.999800
  -95.204070      14.860310
  -95.000490      14.781493
  -95.000490      14.781493
  -94.900000      14.800000
  -94.686300      14.840500
  -94.189000      14.941100
  -93.755800      15.047000
  -93.391300      15.141400
  -92.986400      15.243700
  -92.829590      15.254898
  -92.829590      15.254898
  -93.167150      15.543580
  -94.517113      16.563810
  -94.965820      16.956300
  -95.793450      17.832400
  -96.302700      18.422820
  -96.553617      18.799200
  -96.626040      19.263050
  -96.523620      19.485200
  -97.866640      20.637400
  -98.748418      22.307900
  -99.384780      24.518700
  -99.885050      25.441810
  -99.598250      25.766600
  -99.742830      26.503920
  -100.636000      27.285100
  -101.175000      27.739010
  -101.133000      28.707530
  -101.613100      29.500680
  -102.190000      30.382340
  -102.316000      30.450200
  -102.363000      30.454700
  -102.407000      30.448000
  -102.434100      30.443830
  -102.473000      30.438180
  -102.497000      30.434460
  -102.520000      30.431340
  -102.551000      30.426910
  -102.586000      30.421710
  -102.656100      30.449310
  -102.793100      30.519210
  -102.873000      30.556280
  -102.935000      30.574310
  -102.997000      30.572940
  -103.048000      30.566900
  -103.102000      30.550800
  -103.126000      30.544920
  -103.135100      30.542410
  -103.260100      30.508440
  -103.331000      30.467840
  -103.367000      30.529350
  -103.390000      30.579400
  -103.418100      30.638600
  -103.459000      30.719700
  -103.464000      30.726120
  -103.509000      30.748400
  -103.561100      30.767060
  -103.605000      30.795600
  -103.602000      30.809730
  -103.587000      30.834300
  -103.581000      30.853860
  -103.587000      30.873110
  -103.605000      30.891900
  -103.635100      30.915490
  -103.681000      30.933520
  -103.727000      30.951520
  -103.773000      30.974530
  -103.789200      30.969210
  -103.803000      30.950030
  -103.805100      30.939680
  -103.809000      30.923900
  -103.810000      30.920150
  -103.843000      30.890100
  -103.849000      30.882600
  -103.871000      30.898910
  -104.000000      30.996800
  -104.033000      31.016250
  -104.046200      31.023812
  -104.052100      31.029100
  -104.069000      31.038400
  -104.185000      31.102300
  -104.260100      31.129110
  -104.340000      31.170020
  -104.474000      31.228410
  -104.525100      31.236400
  -104.589000      31.258280
  -104.657000      31.255940
  -104.652000      31.280340
  -104.660100      31.313970
  -104.727000      31.381200
  -104.761000      31.429300
  -104.811100      31.507860
  -104.816000      31.515600
  -104.825000      31.530700
  -104.891100      31.600340
  -104.958000      31.710830
  -105.005000      31.791100
  -105.053000      31.855530
  -105.069000      31.956620
  -105.095000      32.080900
  -105.125000      32.162580
  -105.154000      32.243670
  -105.191000      32.280900
  -105.203000      32.228930
  -105.205000      32.154400
  -105.212000      32.048410
  -105.212000      32.036400
  -105.292000      31.865770
  -105.293100      31.840100
  -105.288000      31.764550
  -105.277000      31.722600
  -105.258000      31.673510
  -105.206000      31.665870
  -105.183200      31.657200
  -105.130000      31.625430
  -105.089000      31.607710
  -105.048000      31.580180
  -105.007100      31.552810
  -104.989000      31.534120
  -104.956000      31.370730
  -104.954100      31.312700
  -104.892000      31.315050
  -104.882100      31.313810
  -104.801000      31.303920
  -104.846000      31.220000
  -104.846000      31.219860
  -104.864000      31.174490
  -104.887000      31.116620
  -104.899000      31.097240
  -104.940000      31.042050
  -104.943000      30.993580
  -104.932000      30.960010
  -104.930100      30.955250
  -104.935000      30.951400
  -104.997000      30.909710
  -105.002100      30.905930
  -105.003000      30.910600
  -105.016100      30.975370
  -105.051000      31.015430
  -105.095000      31.057310
  -105.153100      31.095490
  -105.200000      31.131400
  -105.242000      31.177100
  -105.259000      31.194050
  -105.307200      31.221950
  -105.316000      31.234700
  -105.368100      31.256000
  -105.419000      31.277170
  -105.450000      31.312600
  -105.486000      31.310800
  -105.560000      31.307610
  -105.661000      31.278800
  -105.703000      31.315700
  -105.757100      31.371390
  -105.864000      31.453620
  -105.918100      31.504400
  -105.949000      31.536800
  -105.997000      31.578210
  -106.039200      31.610000
  -106.063000      31.647570
  -106.099000      31.670110
  -106.159100      31.715580
  -106.208000      31.761710
  -106.221000      31.785230
  -106.233000      31.808820
  -106.242000      31.847110
  -106.241000      31.910170
  -106.250000      31.962780
  -106.248200      32.021010
  -106.227000      32.055910
  -106.206000      32.081000
  -106.180100      32.111410
  -106.163100      32.117180
  -106.153100      32.132110
  -106.143000      32.156770
  -106.123000      32.201330
  -106.091100      32.231930
  -106.059000      32.267200
  -106.027000      32.293060
  -105.994000      32.318810
  -105.965000      32.334620
  -105.944000      32.359800
  -105.930100      32.389480
  -105.931000      32.404030
  -105.916000      32.448200
  -105.901000      32.478020
  -105.886000      32.502870
  -105.876000      32.532430
  -105.883000      32.551470
  -105.879000      32.580700
  -105.876000      32.614600
  -105.878000      32.648560
  -105.891100      32.676930
  -105.921100      32.694940
  -105.940000      32.718230
  -105.947000      32.756530
  -105.934000      32.805650
  -105.932000      32.858880
  -105.930100      32.912390
  -105.938000      32.950610
  -105.952000      32.983880
  -105.959000      33.022180
  -105.974000      33.065110
  -106.001000      33.112210
  -106.016100      33.155070
  -106.032000      33.217180
  -106.078000      33.321370
  -106.119000      33.387330
  -106.138100      33.415320
  -106.162100      33.425820
  -106.168100      33.428360
  -106.167000      33.433330
  -106.160000      33.472400
  -106.155000      33.491910
  -106.146000      33.521460
  -106.129000      33.531600
  -106.111000      33.542470
  -106.084000      33.558300
  -106.051000      33.584230
  -106.013100      33.615080
  -105.974000      33.650770
  -105.941000      33.676610
  -105.920000      33.706680
  -105.899000      33.736620
  -105.901000      33.765720
  -105.902000      33.784890
  -105.915100      33.803600
  -105.928000      33.817720
  -105.912100      33.832800
  -105.908000      33.862210
  -105.916000      33.890920
  -105.929000      33.909580
  -105.947000      33.932870
  -105.961000      33.956480
  -105.980000      33.974880
  -106.015100      33.978080
  -106.044000      33.976510
  -106.072000      33.975140
  -106.102000      33.978600
  -106.125000      33.967770
  -106.147100      33.952180
  -106.164000      33.936780
  -106.168100      33.917270
  -106.161200      33.903120
  -106.132100      33.894900
  -106.114000      33.886160
  -106.095000      33.876110
  -106.089100      33.872780
  -106.089100      33.867820
  -106.089100      33.863130
  -106.081000      33.844000
  -106.080000      33.829500
  -106.077000      33.825030
  -106.074000      33.820330
  -106.080000      33.818370
  -106.091100      33.814660
  -106.108000      33.804010
  -106.117000      33.789010
  -106.128000      33.769180
  -106.133000      33.749610
  -106.131000      33.725470
  -106.130000      33.706150
  -106.129000      33.691670
  -106.156100      33.670900
  -106.172000      33.646010
  -106.187100      33.611430
  -106.208000      33.586120
  -106.227000      33.609410
  -106.246000      33.627810
  -106.265000      33.646200
  -106.290100      33.673930
  -106.316000      33.701650
  -106.328000      33.729700
  -106.354000      33.748110
  -106.373000      33.766510
  -106.395000      33.794430
  -106.399000      33.799130
  -106.398000      33.803800
  -106.388100      33.891570
  -106.384000      33.988580
  -106.364000      34.057280
  -106.358000      34.110910
  -106.354000      34.140200
  -106.361000      34.168700
  -106.380000      34.177520
  -106.404000      34.186000
  -106.427100      34.179940
  -106.449000      34.159380
  -106.459000      34.134720
  -106.474000      34.109670
  -106.485000      34.099430
  -106.499000      34.118080
  -106.511000      34.131800
  -106.528100      34.126170
  -106.539000      34.106270
  -106.537100      34.091930
  -106.547000      34.062300
  -106.568000      34.032230
  -106.572000      34.007830
  -106.558100      33.984280
  -106.539000      33.961120
  -106.538000      33.941810
  -106.542200      33.927130
  -106.554000      33.921580
  -106.572000      33.939800
  -106.590000      33.953480
  -106.610000      33.966200
  -106.629000      33.990220
  -106.647100      33.994130
  -106.669000      33.983170
  -106.709000      33.976100
  -106.709000      33.898810
  -106.706000      33.874600
  -106.697000      33.831620
  -106.703000      33.821630
  -106.721000      33.830370
  -106.746000      33.843400
  -106.764000      33.852230
  -106.777000      33.866000
  -106.787100      33.928430
  -106.786200      33.981660
  -106.783000      34.020410
  -106.785000      34.044630
  -106.792000      34.053800
  -106.806000      34.091700
  -106.815000      34.134850
  -106.816000      34.139680
  -106.818000      34.144450
  -106.796100      34.184300
  -106.776000      34.219270
  -106.744000      34.259780
  -106.705000      34.287320
  -106.699000      34.291230
  -106.694000      34.296320
  -106.682000      34.311520
  -106.678000      34.316610
  -106.678000      34.321500
  -106.662200      34.336770
  -106.651000      34.347080
  -106.628000      34.353210
  -106.617000      34.358630
  -106.593000      34.355100
  -106.575000      34.365610
  -106.554000      34.449110
  -106.524000      34.518510
  -106.504000      34.567920
  -106.483000      34.612530
  -106.459000      34.662320
  -106.422000      34.722340
  -106.447000      34.740410
  -106.449000      34.759500
  -106.456000      34.783400
  -106.453000      34.812620
  -106.444000      34.866330
  -106.452000      34.953000
  -106.465000      35.053500
  -106.459000      35.059500
  -106.422000      35.095380
  -106.351000      35.162380
  -106.265000      35.255540
  -106.165100      35.339770
  -106.032000      35.414270
  -105.889000      35.499800
  -105.811100      35.566480
  -105.804000      35.620110
  -105.803000      35.625070
  -105.802100      35.629800
  -105.795200      35.673800
  -105.788000      35.712200
  -105.787100      35.717770
  -105.786000      35.722730
  -105.746000      35.826330
  -105.717000      35.919600
  -105.688000      35.940370
  -105.666000      35.960920
  -105.655000      35.975930
  -105.644100      35.995760
  -105.647200      36.024730
  -105.637000      36.054280
  -105.638100      36.073660
  -105.662100      36.072480
  -105.659100      36.116100
  -105.646000      36.184630
  -105.644100      36.242810
  -105.647200      36.276620
  -105.638100      36.325410
  -105.627000      36.422880
  -105.605000      36.530540
  -105.602000      36.549700
  -105.601100      36.555910
  -105.596000      36.550300
  -105.588100      36.540700
  -105.581000      36.535200
  -105.561100      36.513110
  -105.547000      36.484740
  -105.535000      36.475600
  -105.512000      36.496080
  -105.489000      36.516510
  -105.459000      36.522700
  -105.442100      36.523560
  -105.411000      36.520030
  -105.381000      36.516510
  -105.375000      36.514870
  -105.349000      36.508220
  -105.319000      36.499870
  -105.300000      36.476510
  -105.298000      36.471820
  -105.296100      36.465820
  -105.287100      36.469700
  -105.270100      36.477880
  -105.247000      36.498300
  -105.217000      36.504440
  -105.187000      36.500910
  -105.188000      36.505610
  -105.191000      36.511610
  -105.181000      36.509000
  -105.138100      36.498110
  -105.113000      36.484600
  -105.083000      36.476320
  -105.090000      36.452440
  -105.086000      36.427790
  -105.065000      36.394570
  -105.046100      36.371280
  -105.048000      36.400180
  -105.037200      36.424910
  -105.008000      36.440630
  -104.985000      36.460900
  -104.986000      36.485130
  -104.970000      36.500320
  -104.941000      36.520950
  -104.936100      36.540590
  -104.950000      36.578750
  -104.933100      36.589120
  -104.903100      36.585510
  -104.891100      36.581230
  -104.874000      36.601100
  -104.874000      36.610910
  -104.851000      36.616720
  -104.815000      36.627810
  -104.798000      36.643070
  -104.788000      36.672630
  -104.783000      36.701700
  -104.772100      36.716700
  -104.760100      36.712420
  -104.736000      36.713400
  -104.700000      36.724400
  -104.670000      36.725730
  -104.658200      36.726120
  -104.647100      36.750780
  -104.630000      36.770810
  -104.619000      36.785820
  -104.589000      36.786900
  -104.571000      36.792540
  -104.560200      36.807470
  -104.543100      36.827510
  -104.508000      36.848100
  -104.496000      36.858300
  -104.492000      36.887500
  -104.475100      36.902700
  -104.456000      36.908270
  -104.438200      36.894510
  -104.419000      36.880610
  -104.394100      36.876700
  -104.340200      36.873830
  -104.298000      36.884800
  -104.242000      36.887000
  -104.188000      36.874410
  -104.145000      36.861300
  -104.114000      36.857590
  -104.084000      36.853730
  -104.066000      36.857700
  -104.059100      36.859670
  -104.066000      36.863700
  -104.049100      36.879170
  -104.043100      36.880280
  -104.044000      36.889030
  -104.044000      36.903570
  -104.057000      36.922400
  -104.058100      36.941800
  -104.045000      36.961780
  -104.042000      36.966730
  -104.048000      36.971200
  -104.054000      36.975930
  -104.043100      36.990911
  -104.034100      36.993410
  -104.013100      37.003500
  -104.069000      37.019120
  -104.125000      37.046260
  -104.175000      37.078420
  -104.209000      37.145000
  -104.242000      37.202120
  -104.295000      37.263180
  -104.351000      37.290320
  -104.422000      37.345970
  -104.467000      37.387700
  -104.494000      37.440110
  -104.522100      37.497100
  -104.568000      37.553630
  -104.602000      37.605630
  -104.640000      37.628300
  -104.659100      37.627610
  -104.686100      37.670210
  -104.712000      37.703000
  -104.757100      37.730430
  -104.802100      37.757700
  -104.846000      37.775180
  -104.883000      37.778570
  -104.901000      37.782550
  -104.925000      37.771800
  -104.936100      37.756800
  -104.947000      37.746800
  -104.953000      37.731900
  -104.965000      37.726710
  -104.989000      37.730400
  -105.002100      37.729700
  -105.034100      37.743220
  -105.059000      37.777600
  -105.074100      37.802300
  -105.057000      37.795870
  -105.040100      37.786860
  -105.021000      37.785210
  -105.012000      37.787700
  -105.000100      37.796000
  -104.988000      37.816300
  -104.977000      37.858600
  -104.970000      37.894120
  -104.971000      37.925100
  -104.973000      37.929860
  -104.974000      37.934600
  -104.980000      37.951800
  -104.992000      37.969600
  -104.979000      37.975010
  -104.944000      37.981270
  -104.907000      37.978150
  -104.935000      38.009500
  -104.973000      38.048020
  -105.025100      38.073070
  -105.015000      38.092970
  -105.009000      38.102880
  -105.016100      38.117110
  -105.035000      38.121220
  -105.066000      38.124600
  -105.086000      38.152920
  -105.101000      38.191030
  -105.156100      38.271010
  -105.209000      38.331620
  -105.238000      38.378920
  -105.264000      38.397120
  -105.304000      38.434180
  -105.319000      38.462400
  -105.315000      38.496610
  -105.308100      38.564780
  -105.291000      38.589770
  -105.273000      38.605100
  -105.255000      38.605880
  -105.229000      38.597400
  -105.202000      38.559830
  -105.182000      38.536470
  -105.163000      38.532400
  -105.126000      38.543710
  -105.086000      38.584200
  -105.021000      38.625910
  -104.947000      38.653180
  -104.851000      38.691000
  -104.866000      38.775510
  -104.864000      38.782610
  -104.880100      38.934170
  -104.896000      39.072220
  -104.900100      39.132310
  -104.899000      39.209880
  -104.913000      39.223900
  -104.980000      39.298670
  -105.029000      39.359670
  -105.044000      39.405270
  -105.045000      39.410100
  -105.047000      39.414930
  -105.069000      39.488980
  -105.105000      39.555250
  -105.143000      39.636000
  -105.183200      39.741130
  -105.221000      39.826700
  -105.236000      39.866700
  -105.264000      39.894900
  -105.278100      39.918380
  -105.292000      39.927520
  -105.298000      39.932080
  -105.301000      39.936780
  -105.313000      39.955770
  -105.339000      40.051410
  -105.346000      40.133480
  -105.346000      40.138310
  -105.346000      40.148030
  -105.355000      40.186300
  -105.346000      40.215880
  -105.328000      40.231270
  -105.316000      40.246410
  -105.318100      40.260830
  -105.319000      40.275310
  -105.307200      40.290450
  -105.303000      40.314920
  -105.292000      40.339640
  -105.288000      40.354320
  -105.287100      40.359210
  -105.284100      40.364170
  -105.265000      40.399010
  -105.242000      40.429080
  -105.224000      40.459030
  -105.227000      40.483100
  -105.233000      40.497330
  -105.196100      40.494100
  -105.177100      40.499940
  -105.185000      40.514000
  -105.191000      40.533000
  -105.196100      40.576500
  -105.185000      40.606210
  -105.206000      40.639000
  -105.230000      40.681760
  -105.247000      40.744000
  -105.253000      40.821380
  -105.263100      40.874220
  -105.264000      40.879050
  -105.267000      40.883670
  -105.272100      40.893270
  -105.241000      40.904360
  -105.223000      40.919760
  -105.206000      40.949500
  -105.197000      40.998300
  -105.188000      41.032680
  -105.187000      41.037580
  -105.181000      41.042470
  -105.163000      41.057220
  -105.153100      41.091600
  -105.161000      41.115470
  -105.138100      41.165910
  -105.133000      41.174910
  -105.130000      41.209000
  -105.131000      41.228410
  -105.148100      41.281120
  -105.168100      41.372300
  -105.200000      41.439510
  -105.215000      41.472210
  -105.253000      41.558310
  -105.255000      41.563020
  -105.257200      41.567780
  -105.278100      41.605610
  -105.197000      41.730560
  -105.155000      41.776100
  -105.173000      41.833370
  -105.200000      41.851580
  -105.191000      41.851700
  -105.154000      41.924980
  -105.098100      41.928800
  -105.036000      41.991720
  -105.041000      42.061300
  -105.114000      42.099400
  -105.155000      42.103210
  -105.148100      42.152600
  -105.135200      42.189920
  -105.117000      42.221400
  -105.107000      42.260180
  -105.138100      42.317130
  -105.143000      42.319220
  -105.141100      42.338070
  -105.166000      42.390470
  -105.194000      42.413100
  -105.199000      42.416600
  -105.218000      42.431300
  -105.239000      42.439300
  -105.222100      42.469330
  -105.235000      42.504700
  -105.238000      42.541040
  -105.281200      42.576510
  -105.337000      42.598650
  -105.330000      42.607320
  -105.289000      42.719010
  -105.340000      42.752280
  -105.363000      42.766510
  -105.370000      42.773880
  -105.371000      42.788100
  -105.438000      42.795900
  -105.444000      42.796390
  -105.577000      42.803830
  -105.630000      42.803430
  -105.629000      42.796380
  -105.629000      42.786870
  -105.633000      42.767000
  -105.653100      42.761200
  -105.699100      42.759140
  -105.751000      42.751630
  -105.790100      42.729650
  -105.798000      42.725090
  -105.807000      42.719660
  -105.890000      42.691220
  -106.020000      42.665110
  -106.116000      42.635830
  -106.180100      42.622660
  -106.218000      42.621740
  -106.256000      42.620830
  -106.230000      42.605300
  -106.202000      42.577811
  -106.155000      42.565810
  -106.110000      42.577900
  -106.089100      42.564510
  -106.053000      42.532430
  -106.008000      42.491100
  -106.003000      42.486630
  -106.007100      42.481470
  -106.020000      42.466270
  -106.041100      42.406600
  -106.037100      42.368340
  -106.009000      42.350470
  -106.001000      42.331480
  -106.025100      42.306040
  -106.029000      42.281570
  -105.971000      42.235700
  -105.928000      42.185020
  -105.899000      42.152530
  -105.864000      42.139680
  -105.849000      42.111360
  -105.825000      42.059300
  -105.834000      42.015270
  -105.958000      41.945780
  -105.917200      41.928560
  -105.864000      41.916600
  -105.771200      41.897180
  -105.724000      41.889810
  -105.657000      41.859210
  -105.627000      41.821970
  -105.631000      41.782880
  -105.614000      41.744910
  -105.617000      41.701200
  -105.608000      41.594930
  -105.614000      41.526680
  -105.632100      41.428800
  -105.611000      41.420210
  -105.584000      41.406900
  -105.581000      41.378000
  -105.593000      41.348310
  -105.604000      41.323500
  -105.621000      41.298600
  -105.645000      41.277900
  -105.681000      41.252100
  -105.712000      41.235980
  -105.730000      41.220580
  -105.755000      41.209480
  -105.785000      41.188610
  -105.822000      41.172170
  -105.854000      41.160880
  -105.878000      41.149900
  -105.911000      41.153250
  -105.937000      41.161470
  -105.956000      41.165390
  -105.977000      41.178830
  -105.998000      41.192330
  -106.025100      41.200540
  -106.053000      41.228140
  -106.027000      41.229580
  -106.008000      41.230550
  -106.003000      41.245370
  -105.998000      41.265010
  -106.007100      41.283900
  -106.021000      41.302650
  -106.024000      41.331480
  -106.021000      41.355880
  -106.020000      41.360780
  -106.021000      41.365670
  -106.022100      41.384920
  -106.023000      41.389810
  -106.023000      41.394570
  -106.025100      41.409120
  -106.052200      41.427000
  -106.105000      41.438880
  -106.144100      41.436790
  -106.187100      41.419880
  -106.205000      41.399530
  -106.215000      41.369910
  -106.246000      41.358560
  -106.266100      41.362350
  -106.272200      41.366130
  -106.278100      41.370389
  -106.284100      41.365020
  -106.434000      41.231910
  -106.512000      41.203360
  -106.514000      41.198330
  -106.520000      41.194480
  -106.575000      41.160880
  -106.605000      41.152511
  -106.614000      41.153770
  -106.644100      41.142420
  -106.657000      41.141770
  -106.663000      41.141380
  -106.720000      41.137800
  -106.792000      41.142680
  -106.798000      41.143070
  -106.805100      41.144110
  -106.864000      41.153770
  -106.936100      41.168850
  -107.026000      41.163430
  -107.116000      41.167470
  -107.161000      41.154400
  -107.157000      41.151230
  -107.110000      41.109870
  -107.087000      41.086900
  -107.072000      41.063610
  -107.056100      41.030730
  -107.047000      41.021500
  -107.042000      41.017030
  -107.042000      41.012200
  -107.039000      40.988130
  -107.023000      40.955180
  -107.007100      40.927130
  -106.992000      40.908600
  -106.950000      40.886810
  -106.938000      40.829400
  -106.940000      40.776100
  -106.947000      40.731910
  -106.964000      40.701920
  -106.953000      40.663820
  -106.938000      40.640470
  -106.923000      40.617110
  -106.908200      40.598770
  -107.666100      40.552520
  -107.666100      40.552520
  -107.669000      40.555590
  -107.690000      40.568630
  -107.717000      40.581420
  -107.768000      40.582700
  -107.819000      40.584230
  -107.903100      40.588210
  -107.992000      40.586900
  -108.087000      40.580310
  -108.175000      40.574180
  -108.241100      40.588720
  -108.447000      40.647640
  -108.440000      40.693560
  -108.444000      40.706480
  -108.399000      40.685480
  -108.378000      40.679940
  -108.381000      40.709490
  -108.383000      40.722210
  -108.397100      40.766900
  -108.444000      40.840420
  -108.507100      40.890010
  -108.624000      40.949830
  -108.754000      40.985650
  -108.839000      41.019050
  -108.873000      41.027920
  -109.004000      41.040520
  -109.224000      41.051610
  -109.397100      41.046110
  -109.590000      41.013050
  -109.669000      40.996010
  -109.685000      40.999280
  -109.724000      41.010500
  -109.771000      41.021070
  -109.822000      41.026200
  -109.848000      41.019900
  -109.932000      40.997580
  -109.940000      41.003270
  -109.985000      41.033470
  -109.998000      41.038100
  -110.057000      41.030080
  -110.105000      41.025770
  -110.114000      41.033670
  -110.172000      41.083180
  -110.203000      41.080510
  -110.230000      41.082720
  -110.260100      41.118280
  -110.277000      41.144580
  -110.287100      41.169880
  -110.313000      41.164210
  -110.416000      41.177650
  -110.462000      41.187620
  -110.470000      41.207010
  -110.408000      41.303750
  -110.306000      41.504110
  -110.270000      41.584360
  -110.271200      41.631920
  -110.274000      41.637200
  -110.301000      41.804090
  -110.304000      41.834490
  -110.308100      41.892620
  -110.302100      41.957530
  -110.288000      41.991580
  -110.271200      42.034580
  -110.248000      42.108820
  -110.241000      42.159180
  -110.244000      42.220570
  -110.249000      42.287320
  -110.249000      42.328480
  -110.250000      42.379170
  -110.279000      42.464440
  -110.315000      42.520160
  -110.381000      42.555780
  -110.388100      42.555100
  -110.391200      42.589770
  -110.392000      42.630280
  -110.390000      42.655730
  -110.388100      42.680720
  -110.378000      42.741720
  -110.378000      42.764030
  -110.361000      42.765500
  -110.499000      43.324900
  -110.617000      43.802780
  -110.899000      44.218040
  -111.511000      44.537100
  -112.160000      44.386350
  -112.611000      44.071830
  -112.953000      43.829070
  -113.408000      43.671130
  -114.232000      43.378130
  -115.127100      43.451200
  -115.909100      43.606870
  -116.121000      44.354520
  -115.799100      45.452570
  -115.816000      46.181685
  -116.141100      47.066480
  -116.231100      47.690300
  -116.571100      48.170080
  -117.208000      48.322810
  -118.447000      48.369320
  -119.778100      48.582730
  -121.262100      48.918320
  -125.004800      50.486430
  -126.819000      51.639940
  -128.631000      52.708500
  -130.430369      54.341113
  -130.430369      54.341113
  -130.389000      53.890585
  -130.265000      53.302720
  -130.221000      52.686320
  -130.221947      52.650350
  -130.221947      52.650350
  -129.598000      52.381100
  -128.509000      51.318400
  -127.628000      50.536300
  -127.166000      49.858000
  -126.273000      49.071600
  -125.515000      47.930400
  -124.034000      46.779500
  -123.528000      45.553700
  -122.695000      44.060300
  -122.892000      42.790200
  -122.736000      41.511800
  -131.414000      51.909770
  -130.548000      51.398000
  -130.211000      51.277660
  -129.982000      51.101250
  -129.738000      50.835990
  -129.460100      50.647180
  -129.009000      50.478730
  -128.718000      50.310280
  -128.413000      50.085520
  -128.282000      49.884650
  -128.029000      49.781310
  -127.852000      49.490530
  -127.818000      49.080110
  -127.608000      48.876830
  -127.378000      48.750200
  -127.017000      48.564584
  -126.733000      48.290000
  -126.486000      47.995560
  -126.370000      47.747000
  -126.084000      47.350270
  -125.998000      46.969660
  -125.876200      46.643311
  -125.773000      46.295020
  -125.655000      45.946040
  -125.517000      45.473770
  -125.435000      45.103600
  -125.437000      44.881310
  -125.434000      44.725480
  -125.375000      44.667400
  -125.372100      44.522700
  -125.372100      44.322610
  -125.362100      44.066280
  -125.429000      44.002280
  -125.450000      43.925410
  -125.480000      43.737400
  -125.473000      43.426020
  -125.394100      43.267000
  -125.342000      43.142620
  -125.289000      43.051410
  -125.289000      42.862480
  -125.268000      42.561300
  -125.198100      42.491720
  -125.209200      42.358820
  -125.290200      42.284510
  -125.331000      42.141900
  -125.313000      41.985580
  -125.281100      41.817500
  -125.309100      41.652210
  -125.181000      41.380000
  -125.168194      41.353512
  -125.168194      41.353512
  -125.252000      41.026100
  -124.959000      39.829500
  -124.051000      38.355100
  -123.468000      37.238580
  -122.578200      35.631000
  -122.035000      34.533400
  -121.410100      33.527530
  -120.559000      32.371280
  -119.482000      31.172960
  -119.071100      30.510050
  -118.658000      30.455600
  -118.200800      30.368220
  -117.619000      30.489400
  -117.310770      30.552415
  -117.310770      30.552415
  -117.261000      30.438380
  -117.034100      29.892810
  -116.902000      29.549030
  -116.806000      29.270910
  -116.352000      28.447380
  -114.994100      26.858720
  -113.428000      24.922500
  -112.199000      23.830210
  -110.587000      22.795210
  -109.858000      21.931700
  -108.424200      19.896500
  -107.907000      19.355240
  -106.697000      18.167020
  -105.522100      17.079650
  -104.452000      16.106080
  -109.177100      24.025020
>